[Header]
Application Name,LabSolutions
Version,5.97 SP1
Data File Name,C:\Users\cremerlab\Desktop\Richa\Sep_2nd_2022_scfa_rt50min_final\Sep 2nd yield expt_922022_001_003.lcd
Output Date,9/2/2022
Output Time,7:37:19 PM

[File Information]
Type,Data File
Generated,9/2/2022 6:47:00 PM
Generated by,System Administrator
Modified,9/2/2022 7:37:19 PM
Modified by,System Administrator

[Sample Information]
Operator Name,System Administrator
Acquired,9/2/2022 6:47:17 PM
Sample Type,0:Unknown
Level,0
Sample Name,090222_B.fragilis_2
Sample ID,001
ISTD Amount1,1
ISTD Amount2,1
ISTD Amount3,1
ISTD Amount4,1
ISTD Amount5,1
ISTD Amount6,1
ISTD Amount7,1
ISTD Amount8,1
ISTD Amount9,1
ISTD Amount10,1
ISTD Amount11,1
ISTD Amount12,1
ISTD Amount13,1
ISTD Amount14,1
ISTD Amount15,1
ISTD Amount16,1
ISTD Amount17,1
ISTD Amount18,1
ISTD Amount19,1
ISTD Amount20,1
ISTD Amount21,1
ISTD Amount22,1
ISTD Amount23,1
ISTD Amount24,1
ISTD Amount25,1
ISTD Amount26,1
ISTD Amount27,1
ISTD Amount28,1
ISTD Amount29,1
ISTD Amount30,1
ISTD Amount31,1
ISTD Amount32,1
Sample Amount,1
Dilution Factor,1
Vial#,2
Injection Volume,20

[Original Files]
Data File,C:\Users\cremerlab\Desktop\Richa\Sep_2nd_2022_scfa_rt50min_final\Sep 2nd yield expt_922022_001_003.lcd
Method File,C:\Users\cremerlab\Desktop\Richa\acetate_excretion.lcm
Batch File,C:\Users\cremerlab\Desktop\Richa\Sep_2nd_2022_scfa_rt50min_final\Sep 2nd yield expt.lcb
Report Format File,c:\LabSolutions\System\DEFAULT.lsr

[File Description]


[Configuration]
Instrument Name,HPLC-PC-Instrument1
Instrument #,1
Line #,1
# of Detectors,2
Detector ID,Detector A,Detector B
Detector Name,Detector A,Detector B
# of Channels,1,1

[Peak Table(Detector A)]
# of Peaks,0

[Peak Table(Detector B)]
# of Peaks,10
Peak#,R.Time,I.Time,F.Time,Area,Height,A/H,Conc.,Mark,ID#,Name,k',Plate #,Plate Ht.,Tailing,Resolution,Sep.Factor,Area Ratio,Height Ratio,Conc. %,Norm Conc.
1,11.018,10.183,12.675,2310481,116382,19.853,0.000,   ,,,0.000,7598,19.742,0.975,0.000,0.000,0,0,0.000,0.000
2,14.331,12.675,15.175,3631142,77110,47.090,0.000, V ,,,0.301,2478,60.523,0.660,3.998,0.000,0,0,0.000,0.000
3,15.760,15.175,22.592,1590833,50877,31.268,0.000,SV ,,,0.430,6840,21.931,1.145,1.493,1.431,0,0,0.000,0.000
4,17.859,17.425,18.383,7517,258,29.108,0.000,T  ,,,0.621,8076,18.573,1.100,2.696,1.443,0,0,0.000,0.000
5,19.141,18.425,19.750,14473,324,44.664,0.000,T  ,,,0.737,3718,40.341,0.000,1.251,1.187,0,0,0.000,0.000
6,20.309,19.750,20.683,22254,627,35.475,0.000,TV ,,,0.843,4683,32.027,0.000,0.956,1.144,0,0,0.000,0.000
7,21.733,20.683,22.558,54477,782,69.667,0.000,TV ,,,0.972,587,255.336,0.000,0.596,1.153,0,0,0.000,0.000
8,25.087,24.308,26.433,145427,3535,41.138,0.000,   ,,,1.277,9070,16.538,1.162,1.446,1.313,0,0,0.000,0.000
9,29.245,28.383,30.625,148007,2937,50.390,0.000,   ,,,1.654,8511,17.624,1.287,3.582,1.296,0,0,0.000,0.000
10,32.538,31.725,34.250,33077,457,72.403,0.000,   ,,,1.953,2312,64.879,1.496,1.657,1.181,0,0,0.000,0.000

[LC Chromatogram(Detector B-Ch1)]
Interval(msec),500
# of Points,6001
Start Time(min),0.000
End Time(min),50.000
Intensity Units,mV
Intensity Multiplier,0.001
R.Time (min),Intensity
0.00000,-16
0.00833,-16
0.01667,-0
0.02500,-1
0.03333,-2
0.04167,-3
0.05000,-4
0.05833,-4
0.06667,-5
0.07500,-6
0.08333,-7
0.09167,-8
0.10000,-8
0.10833,-9
0.11667,-9
0.12500,-10
0.13333,-11
0.14167,-11
0.15000,-12
0.15833,-13
0.16667,-13
0.17500,-14
0.18333,-15
0.19167,-15
0.20000,-16
0.20833,-16
0.21667,-17
0.22500,-17
0.23333,-18
0.24167,-18
0.25000,-19
0.25833,-20
0.26667,-20
0.27500,-21
0.28333,-22
0.29167,-22
0.30000,-23
0.30833,-23
0.31667,-24
0.32500,-24
0.33333,-24
0.34167,-25
0.35000,-25
0.35833,-25
0.36667,-26
0.37500,-26
0.38333,-26
0.39167,-27
0.40000,-27
0.40833,-27
0.41667,-27
0.42500,-28
0.43333,-29
0.44167,-29
0.45000,-30
0.45833,-30
0.46667,-30
0.47500,-31
0.48333,-31
0.49167,-32
0.50000,-32
0.50833,-32
0.51667,-33
0.52500,-33
0.53333,-33
0.54167,-33
0.55000,-33
0.55833,-33
0.56667,-33
0.57500,-34
0.58333,-34
0.59167,-34
0.60000,-34
0.60833,-34
0.61667,-34
0.62500,-34
0.63333,-35
0.64167,-35
0.65000,-35
0.65833,-35
0.66667,-36
0.67500,-36
0.68333,-36
0.69167,-37
0.70000,-37
0.70833,-37
0.71667,-37
0.72500,-37
0.73333,-37
0.74167,-37
0.75000,-37
0.75833,-38
0.76667,-37
0.77500,-37
0.78333,-37
0.79167,-38
0.80000,-38
0.80833,-39
0.81667,-39
0.82500,-39
0.83333,-39
0.84167,-39
0.85000,-39
0.85833,-39
0.86667,-39
0.87500,-39
0.88333,-39
0.89167,-40
0.90000,-40
0.90833,-40
0.91667,-40
0.92500,-40
0.93333,-40
0.94167,-40
0.95000,-40
0.95833,-40
0.96667,-39
0.97500,-39
0.98333,-39
0.99167,-39
1.00000,-39
1.00833,-40
1.01667,-40
1.02500,-40
1.03333,-40
1.04167,-40
1.05000,-40
1.05833,-40
1.06667,-39
1.07500,-39
1.08333,-39
1.09167,-39
1.10000,-39
1.10833,-38
1.11667,-38
1.12500,-37
1.13333,-37
1.14167,-37
1.15000,-37
1.15833,-38
1.16667,-38
1.17500,-38
1.18333,-38
1.19167,-38
1.20000,-38
1.20833,-38
1.21667,-38
1.22500,-38
1.23333,-38
1.24167,-38
1.25000,-39
1.25833,-39
1.26667,-38
1.27500,-38
1.28333,-37
1.29167,-37
1.30000,-37
1.30833,-37
1.31667,-37
1.32500,-37
1.33333,-37
1.34167,-37
1.35000,-36
1.35833,-36
1.36667,-37
1.37500,-37
1.38333,-37
1.39167,-36
1.40000,-36
1.40833,-35
1.41667,-35
1.42500,-36
1.43333,-36
1.44167,-36
1.45000,-35
1.45833,-35
1.46667,-35
1.47500,-35
1.48333,-35
1.49167,-34
1.50000,-34
1.50833,-33
1.51667,-33
1.52500,-34
1.53333,-33
1.54167,-33
1.55000,-33
1.55833,-34
1.56667,-34
1.57500,-34
1.58333,-33
1.59167,-33
1.60000,-33
1.60833,-33
1.61667,-33
1.62500,-33
1.63333,-32
1.64167,-32
1.65000,-32
1.65833,-32
1.66667,-32
1.67500,-32
1.68333,-32
1.69167,-32
1.70000,-32
1.70833,-32
1.71667,-32
1.72500,-32
1.73333,-32
1.74167,-31
1.75000,-31
1.75833,-31
1.76667,-31
1.77500,-31
1.78333,-32
1.79167,-32
1.80000,-32
1.80833,-32
1.81667,-32
1.82500,-32
1.83333,-32
1.84167,-32
1.85000,-32
1.85833,-31
1.86667,-31
1.87500,-31
1.88333,-31
1.89167,-30
1.90000,-30
1.90833,-31
1.91667,-31
1.92500,-31
1.93333,-31
1.94167,-31
1.95000,-31
1.95833,-31
1.96667,-31
1.97500,-31
1.98333,-31
1.99167,-31
2.00000,-31
2.00833,-31
2.01667,-31
2.02500,-31
2.03333,-31
2.04167,-31
2.05000,-31
2.05833,-31
2.06667,-32
2.07500,-32
2.08333,-31
2.09167,-31
2.10000,-31
2.10833,-31
2.11667,-31
2.12500,-31
2.13333,-31
2.14167,-31
2.15000,-31
2.15833,-31
2.16667,-31
2.17500,-31
2.18333,-31
2.19167,-31
2.20000,-31
2.20833,-31
2.21667,-31
2.22500,-32
2.23333,-32
2.24167,-32
2.25000,-32
2.25833,-32
2.26667,-32
2.27500,-32
2.28333,-32
2.29167,-32
2.30000,-32
2.30833,-32
2.31667,-32
2.32500,-32
2.33333,-32
2.34167,-32
2.35000,-32
2.35833,-32
2.36667,-32
2.37500,-33
2.38333,-33
2.39167,-33
2.40000,-34
2.40833,-34
2.41667,-33
2.42500,-33
2.43333,-34
2.44167,-34
2.45000,-34
2.45833,-34
2.46667,-35
2.47500,-35
2.48333,-35
2.49167,-35
2.50000,-34
2.50833,-34
2.51667,-34
2.52500,-34
2.53333,-35
2.54167,-35
2.55000,-35
2.55833,-36
2.56667,-36
2.57500,-36
2.58333,-36
2.59167,-36
2.60000,-36
2.60833,-36
2.61667,-36
2.62500,-36
2.63333,-36
2.64167,-37
2.65000,-37
2.65833,-37
2.66667,-38
2.67500,-38
2.68333,-38
2.69167,-38
2.70000,-38
2.70833,-38
2.71667,-37
2.72500,-38
2.73333,-38
2.74167,-38
2.75000,-39
2.75833,-39
2.76667,-40
2.77500,-40
2.78333,-40
2.79167,-40
2.80000,-40
2.80833,-40
2.81667,-40
2.82500,-40
2.83333,-40
2.84167,-40
2.85000,-40
2.85833,-41
2.86667,-41
2.87500,-41
2.88333,-41
2.89167,-40
2.90000,-41
2.90833,-41
2.91667,-41
2.92500,-42
2.93333,-42
2.94167,-42
2.95000,-42
2.95833,-42
2.96667,-42
2.97500,-42
2.98333,-42
2.99167,-43
3.00000,-43
3.00833,-43
3.01667,-43
3.02500,-44
3.03333,-44
3.04167,-44
3.05000,-44
3.05833,-44
3.06667,-44
3.07500,-44
3.08333,-44
3.09167,-44
3.10000,-43
3.10833,-43
3.11667,-43
3.12500,-43
3.13333,-43
3.14167,-43
3.15000,-44
3.15833,-44
3.16667,-45
3.17500,-45
3.18333,-45
3.19167,-45
3.20000,-45
3.20833,-45
3.21667,-45
3.22500,-45
3.23333,-45
3.24167,-45
3.25000,-45
3.25833,-44
3.26667,-44
3.27500,-45
3.28333,-45
3.29167,-45
3.30000,-45
3.30833,-45
3.31667,-45
3.32500,-45
3.33333,-45
3.34167,-45
3.35000,-45
3.35833,-45
3.36667,-45
3.37500,-45
3.38333,-45
3.39167,-45
3.40000,-45
3.40833,-45
3.41667,-45
3.42500,-45
3.43333,-45
3.44167,-45
3.45000,-45
3.45833,-45
3.46667,-45
3.47500,-45
3.48333,-45
3.49167,-45
3.50000,-45
3.50833,-45
3.51667,-44
3.52500,-44
3.53333,-44
3.54167,-44
3.55000,-44
3.55833,-45
3.56667,-45
3.57500,-45
3.58333,-45
3.59167,-45
3.60000,-45
3.60833,-45
3.61667,-44
3.62500,-44
3.63333,-44
3.64167,-43
3.65000,-43
3.65833,-43
3.66667,-42
3.67500,-42
3.68333,-42
3.69167,-42
3.70000,-41
3.70833,-41
3.71667,-41
3.72500,-41
3.73333,-41
3.74167,-41
3.75000,-41
3.75833,-41
3.76667,-41
3.77500,-41
3.78333,-40
3.79167,-40
3.80000,-40
3.80833,-39
3.81667,-39
3.82500,-39
3.83333,-39
3.84167,-39
3.85000,-39
3.85833,-38
3.86667,-38
3.87500,-38
3.88333,-37
3.89167,-37
3.90000,-36
3.90833,-36
3.91667,-36
3.92500,-35
3.93333,-35
3.94167,-35
3.95000,-35
3.95833,-34
3.96667,-34
3.97500,-33
3.98333,-33
3.99167,-33
4.00000,-32
4.00833,-32
4.01667,-32
4.02500,-31
4.03333,-31
4.04167,-31
4.05000,-30
4.05833,-30
4.06667,-30
4.07500,-29
4.08333,-29
4.09167,-29
4.10000,-29
4.10833,-28
4.11667,-28
4.12500,-27
4.13333,-27
4.14167,-26
4.15000,-25
4.15833,-25
4.16667,-25
4.17500,-24
4.18333,-24
4.19167,-24
4.20000,-23
4.20833,-23
4.21667,-22
4.22500,-22
4.23333,-21
4.24167,-21
4.25000,-21
4.25833,-20
4.26667,-20
4.27500,-19
4.28333,-18
4.29167,-18
4.30000,-17
4.30833,-16
4.31667,-16
4.32500,-15
4.33333,-14
4.34167,-14
4.35000,-14
4.35833,-13
4.36667,-13
4.37500,-12
4.38333,-11
4.39167,-11
4.40000,-10
4.40833,-9
4.41667,-8
4.42500,-8
4.43333,-7
4.44167,-6
4.45000,-5
4.45833,-4
4.46667,-3
4.47500,-3
4.48333,-2
4.49167,-1
4.50000,-0
4.50833,0
4.51667,1
4.52500,1
4.53333,2
4.54167,3
4.55000,4
4.55833,5
4.56667,6
4.57500,6
4.58333,7
4.59167,8
4.60000,8
4.60833,9
4.61667,9
4.62500,9
4.63333,10
4.64167,11
4.65000,11
4.65833,12
4.66667,13
4.67500,14
4.68333,15
4.69167,16
4.70000,16
4.70833,17
4.71667,18
4.72500,19
4.73333,19
4.74167,20
4.75000,20
4.75833,20
4.76667,20
4.77500,21
4.78333,21
4.79167,21
4.80000,22
4.80833,22
4.81667,23
4.82500,23
4.83333,24
4.84167,24
4.85000,24
4.85833,25
4.86667,25
4.87500,25
4.88333,26
4.89167,26
4.90000,26
4.90833,27
4.91667,27
4.92500,28
4.93333,29
4.94167,29
4.95000,29
4.95833,29
4.96667,29
4.97500,30
4.98333,30
4.99167,31
5.00000,31
5.00833,31
5.01667,31
5.02500,31
5.03333,31
5.04167,31
5.05000,31
5.05833,32
5.06667,32
5.07500,32
5.08333,33
5.09167,33
5.10000,33
5.10833,33
5.11667,33
5.12500,33
5.13333,33
5.14167,32
5.15000,32
5.15833,32
5.16667,32
5.17500,32
5.18333,32
5.19167,32
5.20000,32
5.20833,32
5.21667,32
5.22500,32
5.23333,32
5.24167,32
5.25000,31
5.25833,31
5.26667,31
5.27500,31
5.28333,31
5.29167,31
5.30000,31
5.30833,31
5.31667,31
5.32500,31
5.33333,30
5.34167,30
5.35000,30
5.35833,30
5.36667,30
5.37500,29
5.38333,29
5.39167,29
5.40000,28
5.40833,28
5.41667,28
5.42500,27
5.43333,27
5.44167,27
5.45000,27
5.45833,27
5.46667,27
5.47500,26
5.48333,26
5.49167,26
5.50000,25
5.50833,25
5.51667,24
5.52500,24
5.53333,23
5.54167,22
5.55000,21
5.55833,21
5.56667,21
5.57500,20
5.58333,20
5.59167,20
5.60000,19
5.60833,18
5.61667,18
5.62500,17
5.63333,16
5.64167,16
5.65000,15
5.65833,14
5.66667,14
5.67500,13
5.68333,12
5.69167,12
5.70000,12
5.70833,11
5.71667,11
5.72500,10
5.73333,10
5.74167,9
5.75000,9
5.75833,8
5.76667,7
5.77500,6
5.78333,6
5.79167,5
5.80000,4
5.80833,3
5.81667,3
5.82500,2
5.83333,1
5.84167,0
5.85000,-1
5.85833,-2
5.86667,-3
5.87500,-3
5.88333,-3
5.89167,-4
5.90000,-5
5.90833,-5
5.91667,-6
5.92500,-7
5.93333,-8
5.94167,-9
5.95000,-9
5.95833,-10
5.96667,-11
5.97500,-11
5.98333,-12
5.99167,-13
6.00000,-14
6.00833,-14
6.01667,-15
6.02500,-16
6.03333,-17
6.04167,-17
6.05000,-18
6.05833,-18
6.06667,-19
6.07500,-20
6.08333,-21
6.09167,-21
6.10000,-22
6.10833,-23
6.11667,-24
6.12500,-25
6.13333,-26
6.14167,-26
6.15000,-27
6.15833,-28
6.16667,-28
6.17500,-29
6.18333,-30
6.19167,-30
6.20000,-31
6.20833,-31
6.21667,-32
6.22500,-32
6.23333,-32
6.24167,-33
6.25000,-33
6.25833,-34
6.26667,-35
6.27500,-36
6.28333,-37
6.29167,-37
6.30000,-38
6.30833,-38
6.31667,-39
6.32500,-40
6.33333,-40
6.34167,-41
6.35000,-42
6.35833,-42
6.36667,-43
6.37500,-43
6.38333,-44
6.39167,-44
6.40000,-44
6.40833,-45
6.41667,-45
6.42500,-45
6.43333,-45
6.44167,-46
6.45000,-46
6.45833,-47
6.46667,-48
6.47500,-48
6.48333,-49
6.49167,-50
6.50000,-50
6.50833,-50
6.51667,-51
6.52500,-51
6.53333,-52
6.54167,-52
6.55000,-53
6.55833,-53
6.56667,-53
6.57500,-54
6.58333,-54
6.59167,-54
6.60000,-54
6.60833,-55
6.61667,-55
6.62500,-55
6.63333,-55
6.64167,-55
6.65000,-55
6.65833,-55
6.66667,-56
6.67500,-56
6.68333,-56
6.69167,-56
6.70000,-57
6.70833,-57
6.71667,-57
6.72500,-57
6.73333,-57
6.74167,-57
6.75000,-58
6.75833,-58
6.76667,-58
6.77500,-59
6.78333,-59
6.79167,-59
6.80000,-59
6.80833,-59
6.81667,-59
6.82500,-59
6.83333,-59
6.84167,-59
6.85000,-59
6.85833,-60
6.86667,-60
6.87500,-60
6.88333,-60
6.89167,-60
6.90000,-61
6.90833,-61
6.91667,-61
6.92500,-61
6.93333,-61
6.94167,-61
6.95000,-61
6.95833,-60
6.96667,-60
6.97500,-61
6.98333,-61
6.99167,-62
7.00000,-62
7.00833,-62
7.01667,-62
7.02500,-62
7.03333,-62
7.04167,-62
7.05000,-62
7.05833,-62
7.06667,-62
7.07500,-62
7.08333,-62
7.09167,-62
7.10000,-62
7.10833,-62
7.11667,-62
7.12500,-62
7.13333,-62
7.14167,-62
7.15000,-62
7.15833,-62
7.16667,-62
7.17500,-61
7.18333,-61
7.19167,-61
7.20000,-62
7.20833,-62
7.21667,-62
7.22500,-62
7.23333,-62
7.24167,-62
7.25000,-62
7.25833,-62
7.26667,-62
7.27500,-62
7.28333,-62
7.29167,-62
7.30000,-62
7.30833,-63
7.31667,-63
7.32500,-62
7.33333,-62
7.34167,-62
7.35000,-63
7.35833,-63
7.36667,-63
7.37500,-63
7.38333,-63
7.39167,-63
7.40000,-63
7.40833,-63
7.41667,-63
7.42500,-63
7.43333,-63
7.44167,-63
7.45000,-62
7.45833,-62
7.46667,-62
7.47500,-62
7.48333,-62
7.49167,-62
7.50000,-62
7.50833,-62
7.51667,-62
7.52500,-62
7.53333,-62
7.54167,-62
7.55000,-63
7.55833,-63
7.56667,-63
7.57500,-62
7.58333,-62
7.59167,-62
7.60000,-63
7.60833,-63
7.61667,-63
7.62500,-63
7.63333,-63
7.64167,-63
7.65000,-63
7.65833,-63
7.66667,-63
7.67500,-63
7.68333,-63
7.69167,-63
7.70000,-63
7.70833,-63
7.71667,-64
7.72500,-64
7.73333,-64
7.74167,-64
7.75000,-64
7.75833,-64
7.76667,-65
7.77500,-65
7.78333,-65
7.79167,-65
7.80000,-65
7.80833,-64
7.81667,-64
7.82500,-64
7.83333,-64
7.84167,-64
7.85000,-64
7.85833,-64
7.86667,-64
7.87500,-64
7.88333,-64
7.89167,-65
7.90000,-65
7.90833,-65
7.91667,-65
7.92500,-65
7.93333,-65
7.94167,-64
7.95000,-64
7.95833,-64
7.96667,-64
7.97500,-64
7.98333,-64
7.99167,-65
8.00000,-66
8.00833,-66
8.01667,-66
8.02500,-65
8.03333,-65
8.04167,-64
8.05000,-64
8.05833,-64
8.06667,-64
8.07500,-64
8.08333,-65
8.09167,-65
8.10000,-65
8.10833,-65
8.11667,-65
8.12500,-66
8.13333,-66
8.14167,-65
8.15000,-65
8.15833,-65
8.16667,-65
8.17500,-65
8.18333,-65
8.19167,-65
8.20000,-66
8.20833,-66
8.21667,-66
8.22500,-66
8.23333,-65
8.24167,-65
8.25000,-65
8.25833,-65
8.26667,-66
8.27500,-66
8.28333,-65
8.29167,-65
8.30000,-65
8.30833,-65
8.31667,-65
8.32500,-65
8.33333,-66
8.34167,-66
8.35000,-66
8.35833,-66
8.36667,-66
8.37500,-66
8.38333,-66
8.39167,-66
8.40000,-66
8.40833,-66
8.41667,-66
8.42500,-66
8.43333,-66
8.44167,-66
8.45000,-66
8.45833,-66
8.46667,-66
8.47500,-67
8.48333,-67
8.49167,-67
8.50000,-67
8.50833,-67
8.51667,-67
8.52500,-66
8.53333,-67
8.54167,-67
8.55000,-67
8.55833,-67
8.56667,-67
8.57500,-67
8.58333,-67
8.59167,-67
8.60000,-67
8.60833,-67
8.61667,-67
8.62500,-68
8.63333,-68
8.64167,-68
8.65000,-67
8.65833,-67
8.66667,-67
8.67500,-67
8.68333,-67
8.69167,-68
8.70000,-67
8.70833,-67
8.71667,-67
8.72500,-67
8.73333,-67
8.74167,-67
8.75000,-67
8.75833,-67
8.76667,-67
8.77500,-67
8.78333,-67
8.79167,-67
8.80000,-67
8.80833,-67
8.81667,-67
8.82500,-68
8.83333,-67
8.84167,-67
8.85000,-68
8.85833,-68
8.86667,-68
8.87500,-68
8.88333,-68
8.89167,-68
8.90000,-68
8.90833,-68
8.91667,-68
8.92500,-67
8.93333,-67
8.94167,-67
8.95000,-67
8.95833,-67
8.96667,-67
8.97500,-67
8.98333,-67
8.99167,-68
9.00000,-68
9.00833,-68
9.01667,-68
9.02500,-67
9.03333,-67
9.04167,-67
9.05000,-67
9.05833,-67
9.06667,-67
9.07500,-67
9.08333,-67
9.09167,-68
9.10000,-68
9.10833,-68
9.11667,-68
9.12500,-68
9.13333,-68
9.14167,-68
9.15000,-68
9.15833,-69
9.16667,-69
9.17500,-69
9.18333,-69
9.19167,-68
9.20000,-68
9.20833,-68
9.21667,-68
9.22500,-68
9.23333,-69
9.24167,-69
9.25000,-69
9.25833,-69
9.26667,-69
9.27500,-69
9.28333,-68
9.29167,-68
9.30000,-68
9.30833,-68
9.31667,-68
9.32500,-68
9.33333,-68
9.34167,-68
9.35000,-68
9.35833,-68
9.36667,-68
9.37500,-68
9.38333,-68
9.39167,-68
9.40000,-68
9.40833,-67
9.41667,-68
9.42500,-68
9.43333,-68
9.44167,-68
9.45000,-68
9.45833,-68
9.46667,-68
9.47500,-68
9.48333,-68
9.49167,-68
9.50000,-68
9.50833,-68
9.51667,-68
9.52500,-68
9.53333,-68
9.54167,-68
9.55000,-68
9.55833,-68
9.56667,-68
9.57500,-68
9.58333,-68
9.59167,-68
9.60000,-68
9.60833,-69
9.61667,-69
9.62500,-69
9.63333,-68
9.64167,-68
9.65000,-68
9.65833,-68
9.66667,-68
9.67500,-68
9.68333,-68
9.69167,-68
9.70000,-68
9.70833,-68
9.71667,-68
9.72500,-68
9.73333,-68
9.74167,-68
9.75000,-68
9.75833,-69
9.76667,-69
9.77500,-69
9.78333,-69
9.79167,-68
9.80000,-68
9.80833,-67
9.81667,-67
9.82500,-68
9.83333,-68
9.84167,-68
9.85000,-68
9.85833,-68
9.86667,-68
9.87500,-67
9.88333,-67
9.89167,-67
9.90000,-66
9.90833,-66
9.91667,-66
9.92500,-66
9.93333,-66
9.94167,-66
9.95000,-67
9.95833,-67
9.96667,-67
9.97500,-67
9.98333,-67
9.99167,-67
10.00000,-66
10.00833,-66
10.01667,-66
10.02500,-66
10.03333,-65
10.04167,-65
10.05000,-65
10.05833,-64
10.06667,-64
10.07500,-64
10.08333,-64
10.09167,-64
10.10000,-63
10.10833,-62
10.11667,-61
10.12500,-60
10.13333,-60
10.14167,-59
10.15000,-58
10.15833,-57
10.16667,-56
10.17500,-55
10.18333,-54
10.19167,-53
10.20000,-52
10.20833,-51
10.21667,-49
10.22500,-48
10.23333,-46
10.24167,-44
10.25000,-41
10.25833,-39
10.26667,-36
10.27500,-33
10.28333,-30
10.29167,-26
10.30000,-22
10.30833,-15
10.31667,-8
10.32500,0
10.33333,10
10.34167,21
10.35000,34
10.35833,49
10.36667,65
10.37500,83
10.38333,103
10.39167,124
10.40000,146
10.40833,169
10.41667,191
10.42500,213
10.43333,234
10.44167,252
10.45000,268
10.45833,281
10.46667,290
10.47500,296
10.48333,299
10.49167,300
10.50000,299
10.50833,300
10.51667,304
10.52500,314
10.53333,333
10.54167,366
10.55000,417
10.55833,492
10.56667,595
10.57500,732
10.58333,910
10.59167,1134
10.60000,1410
10.60833,1745
10.61667,2145
10.62500,2615
10.63333,3162
10.64167,3792
10.65000,4509
10.65833,5320
10.66667,6227
10.67500,7237
10.68333,8354
10.69167,9580
10.70000,10920
10.70833,12375
10.71667,13949
10.72500,15643
10.73333,17459
10.74167,19398
10.75000,21461
10.75833,23650
10.76667,25962
10.77500,28399
10.78333,30959
10.79167,33641
10.80000,36443
10.80833,39363
10.81667,42397
10.82500,45542
10.83333,48794
10.84167,52148
10.85000,55597
10.85833,59135
10.86667,62753
10.87500,66442
10.88333,70189
10.89167,73982
10.90000,77804
10.90833,81636
10.91667,85455
10.92500,89234
10.93333,92943
10.94167,96547
10.95000,100007
10.95833,103275
10.96667,106304
10.97500,109041
10.98333,111428
10.99167,113409
11.00000,114925
11.00833,115922
11.01667,116350
11.02500,116166
11.03333,115340
11.04167,113853
11.05000,111705
11.05833,108911
11.06667,105507
11.07500,101545
11.08333,97094
11.09167,92236
11.10000,87060
11.10833,81665
11.11667,76145
11.12500,70594
11.13333,65099
11.14167,59734
11.15000,54566
11.15833,49646
11.16667,45013
11.17500,40694
11.18333,36703
11.19167,33045
11.20000,29717
11.20833,26710
11.21667,24007
11.22500,21591
11.23333,19440
11.24167,17531
11.25000,15843
11.25833,14355
11.26667,13043
11.27500,11888
11.28333,10873
11.29167,9980
11.30000,9193
11.30833,8500
11.31667,7889
11.32500,7347
11.33333,6867
11.34167,6440
11.35000,6058
11.35833,5717
11.36667,5409
11.37500,5131
11.38333,4879
11.39167,4649
11.40000,4439
11.40833,4245
11.41667,4067
11.42500,3902
11.43333,3748
11.44167,3604
11.45000,3470
11.45833,3343
11.46667,3224
11.47500,3111
11.48333,3004
11.49167,2903
11.50000,2807
11.50833,2715
11.51667,2627
11.52500,2543
11.53333,2464
11.54167,2387
11.55000,2314
11.55833,2244
11.56667,2177
11.57500,2112
11.58333,2051
11.59167,1991
11.60000,1934
11.60833,1879
11.61667,1827
11.62500,1776
11.63333,1728
11.64167,1681
11.65000,1636
11.65833,1592
11.66667,1551
11.67500,1510
11.68333,1471
11.69167,1434
11.70000,1399
11.70833,1364
11.71667,1331
11.72500,1299
11.73333,1267
11.74167,1238
11.75000,1209
11.75833,1181
11.76667,1155
11.77500,1129
11.78333,1104
11.79167,1080
11.80000,1058
11.80833,1036
11.81667,1015
11.82500,995
11.83333,975
11.84167,956
11.85000,938
11.85833,920
11.86667,904
11.87500,888
11.88333,873
11.89167,858
11.90000,844
11.90833,830
11.91667,817
11.92500,804
11.93333,792
11.94167,781
11.95000,770
11.95833,759
11.96667,748
11.97500,738
11.98333,728
11.99167,719
12.00000,710
12.00833,702
12.01667,694
12.02500,686
12.03333,678
12.04167,670
12.05000,663
12.05833,656
12.06667,650
12.07500,644
12.08333,638
12.09167,632
12.10000,627
12.10833,621
12.11667,616
12.12500,611
12.13333,606
12.14167,602
12.15000,598
12.15833,593
12.16667,590
12.17500,586
12.18333,583
12.19167,580
12.20000,577
12.20833,574
12.21667,571
12.22500,569
12.23333,567
12.24167,565
12.25000,563
12.25833,562
12.26667,560
12.27500,559
12.28333,558
12.29167,557
12.30000,556
12.30833,556
12.31667,556
12.32500,555
12.33333,554
12.34167,553
12.35000,553
12.35833,552
12.36667,551
12.37500,550
12.38333,549
12.39167,547
12.40000,546
12.40833,546
12.41667,545
12.42500,544
12.43333,543
12.44167,542
12.45000,540
12.45833,539
12.46667,538
12.47500,537
12.48333,536
12.49167,534
12.50000,532
12.50833,530
12.51667,528
12.52500,525
12.53333,523
12.54167,520
12.55000,518
12.55833,516
12.56667,513
12.57500,511
12.58333,509
12.59167,507
12.60000,505
12.60833,502
12.61667,500
12.62500,498
12.63333,496
12.64167,494
12.65000,492
12.65833,491
12.66667,490
12.67500,490
12.68333,490
12.69167,491
12.70000,493
12.70833,496
12.71667,500
12.72500,506
12.73333,512
12.74167,521
12.75000,532
12.75833,545
12.76667,560
12.77500,579
12.78333,600
12.79167,625
12.80000,652
12.80833,684
12.81667,719
12.82500,759
12.83333,804
12.84167,853
12.85000,907
12.85833,966
12.86667,1030
12.87500,1099
12.88333,1173
12.89167,1253
12.90000,1339
12.90833,1430
12.91667,1528
12.92500,1632
12.93333,1742
12.94167,1857
12.95000,1979
12.95833,2106
12.96667,2239
12.97500,2379
12.98333,2524
12.99167,2675
13.00000,2832
13.00833,2995
13.01667,3165
13.02500,3340
13.03333,3521
13.04167,3708
13.05000,3900
13.05833,4098
13.06667,4302
13.07500,4511
13.08333,4725
13.09167,4944
13.10000,5169
13.10833,5399
13.11667,5634
13.12500,5874
13.13333,6118
13.14167,6367
13.15000,6620
13.15833,6877
13.16667,7139
13.17500,7406
13.18333,7676
13.19167,7951
13.20000,8229
13.20833,8511
13.21667,8798
13.22500,9087
13.23333,9380
13.24167,9677
13.25000,9977
13.25833,10281
13.26667,10587
13.27500,10898
13.28333,11211
13.29167,11527
13.30000,11846
13.30833,12169
13.31667,12494
13.32500,12823
13.33333,13154
13.34167,13489
13.35000,13826
13.35833,14167
13.36667,14510
13.37500,14856
13.38333,15204
13.39167,15555
13.40000,15910
13.40833,16267
13.41667,16628
13.42500,16991
13.43333,17357
13.44167,17726
13.45000,18098
13.45833,18473
13.46667,18850
13.47500,19231
13.48333,19614
13.49167,20001
13.50000,20391
13.50833,20784
13.51667,21180
13.52500,21580
13.53333,21982
13.54167,22387
13.55000,22796
13.55833,23208
13.56667,23623
13.57500,24041
13.58333,24463
13.59167,24888
13.60000,25317
13.60833,25749
13.61667,26185
13.62500,26624
13.63333,27067
13.64167,27513
13.65000,27963
13.65833,28417
13.66667,28874
13.67500,29335
13.68333,29799
13.69167,30267
13.70000,30740
13.70833,31216
13.71667,31696
13.72500,32180
13.73333,32668
13.74167,33160
13.75000,33655
13.75833,34155
13.76667,34659
13.77500,35168
13.78333,35680
13.79167,36196
13.80000,36717
13.80833,37242
13.81667,37772
13.82500,38306
13.83333,38844
13.84167,39387
13.85000,39934
13.85833,40486
13.86667,41043
13.87500,41605
13.88333,42171
13.89167,42742
13.90000,43318
13.90833,43899
13.91667,44485
13.92500,45076
13.93333,45672
13.94167,46273
13.95000,46880
13.95833,47492
13.96667,48109
13.97500,48732
13.98333,49360
13.99167,49993
14.00000,50632
14.00833,51276
14.01667,51926
14.02500,52582
14.03333,53244
14.04167,53912
14.05000,54586
14.05833,55265
14.06667,55951
14.07500,56643
14.08333,57342
14.09167,58047
14.10000,58758
14.10833,59475
14.11667,60199
14.12500,60930
14.13333,61667
14.14167,62411
14.15000,63162
14.15833,63920
14.16667,64685
14.17500,65458
14.18333,66237
14.19167,67023
14.20000,67816
14.20833,68614
14.21667,69414
14.22500,70216
14.23333,71015
14.24167,71805
14.25000,72580
14.25833,73331
14.26667,74048
14.27500,74722
14.28333,75339
14.29167,75886
14.30000,76352
14.30833,76724
14.31667,76990
14.32500,77141
14.33333,77167
14.34167,77060
14.35000,76816
14.35833,76429
14.36667,75896
14.37500,75215
14.38333,74383
14.39167,73399
14.40000,72259
14.40833,70963
14.41667,69508
14.42500,67894
14.43333,66119
14.44167,64185
14.45000,62097
14.45833,59860
14.46667,57485
14.47500,54984
14.48333,52375
14.49167,49677
14.50000,46914
14.50833,44111
14.51667,41294
14.52500,38490
14.53333,35725
14.54167,33024
14.55000,30411
14.55833,27903
14.56667,25519
14.57500,23271
14.58333,21167
14.59167,19213
14.60000,17410
14.60833,15759
14.61667,14255
14.62500,12892
14.63333,11663
14.64167,10561
14.65000,9575
14.65833,8697
14.66667,7917
14.67500,7226
14.68333,6614
14.69167,6073
14.70000,5595
14.70833,5173
14.71667,4800
14.72500,4471
14.73333,4180
14.74167,3922
14.75000,3692
14.75833,3488
14.76667,3306
14.77500,3144
14.78333,2998
14.79167,2866
14.80000,2747
14.80833,2639
14.81667,2541
14.82500,2452
14.83333,2369
14.84167,2293
14.85000,2223
14.85833,2158
14.86667,2098
14.87500,2042
14.88333,1989
14.89167,1940
14.90000,1894
14.90833,1850
14.91667,1809
14.92500,1770
14.93333,1733
14.94167,1698
14.95000,1665
14.95833,1634
14.96667,1604
14.97500,1576
14.98333,1549
14.99167,1523
15.00000,1499
15.00833,1476
15.01667,1455
15.02500,1434
15.03333,1414
15.04167,1395
15.05000,1378
15.05833,1362
15.06667,1346
15.07500,1331
15.08333,1318
15.09167,1304
15.10000,1292
15.10833,1281
15.11667,1270
15.12500,1260
15.13333,1252
15.14167,1244
15.15000,1237
15.15833,1232
15.16667,1228
15.17500,1227
15.18333,1227
15.19167,1229
15.20000,1234
15.20833,1243
15.21667,1256
15.22500,1273
15.23333,1297
15.24167,1327
15.25000,1366
15.25833,1414
15.26667,1474
15.27500,1547
15.28333,1636
15.29167,1742
15.30000,1869
15.30833,2018
15.31667,2192
15.32500,2395
15.33333,2631
15.34167,2901
15.35000,3210
15.35833,3561
15.36667,3957
15.37500,4401
15.38333,4897
15.39167,5449
15.40000,6057
15.40833,6726
15.41667,7456
15.42500,8250
15.43333,9109
15.44167,10032
15.45000,11021
15.45833,12075
15.46667,13191
15.47500,14368
15.48333,15602
15.49167,16891
15.50000,18230
15.50833,19614
15.51667,21037
15.52500,22494
15.53333,23978
15.54167,25483
15.55000,27001
15.55833,28524
15.56667,30046
15.57500,31558
15.58333,33053
15.59167,34524
15.60000,35964
15.60833,37365
15.61667,38722
15.62500,40028
15.63333,41278
15.64167,42468
15.65000,43591
15.65833,44645
15.66667,45625
15.67500,46528
15.68333,47352
15.69167,48095
15.70000,48756
15.70833,49331
15.71667,49821
15.72500,50225
15.73333,50543
15.74167,50773
15.75000,50916
15.75833,50972
15.76667,50942
15.77500,50828
15.78333,50628
15.79167,50346
15.80000,49983
15.80833,49540
15.81667,49018
15.82500,48421
15.83333,47750
15.84167,47010
15.85000,46202
15.85833,45331
15.86667,44400
15.87500,43413
15.88333,42374
15.89167,41287
15.90000,40158
15.90833,38992
15.91667,37793
15.92500,36567
15.93333,35318
15.94167,34053
15.95000,32776
15.95833,31493
15.96667,30207
15.97500,28925
15.98333,27652
15.99167,26390
16.00000,25146
16.00833,23922
16.01667,22723
16.02500,21552
16.03333,20411
16.04167,19303
16.05000,18231
16.05833,17195
16.06667,16199
16.07500,15243
16.08333,14327
16.09167,13454
16.10000,12622
16.10833,11831
16.11667,11083
16.12500,10375
16.13333,9707
16.14167,9078
16.15000,8488
16.15833,7934
16.16667,7417
16.17500,6935
16.18333,6486
16.19167,6067
16.20000,5679
16.20833,5320
16.21667,4987
16.22500,4679
16.23333,4395
16.24167,4134
16.25000,3893
16.25833,3671
16.26667,3467
16.27500,3280
16.28333,3109
16.29167,2952
16.30000,2807
16.30833,2675
16.31667,2554
16.32500,2442
16.33333,2340
16.34167,2247
16.35000,2161
16.35833,2082
16.36667,2010
16.37500,1944
16.38333,1883
16.39167,1827
16.40000,1775
16.40833,1727
16.41667,1683
16.42500,1642
16.43333,1604
16.44167,1568
16.45000,1535
16.45833,1503
16.46667,1474
16.47500,1446
16.48333,1420
16.49167,1395
16.50000,1371
16.50833,1349
16.51667,1327
16.52500,1306
16.53333,1285
16.54167,1265
16.55000,1246
16.55833,1228
16.56667,1210
16.57500,1192
16.58333,1175
16.59167,1159
16.60000,1142
16.60833,1126
16.61667,1110
16.62500,1094
16.63333,1079
16.64167,1064
16.65000,1049
16.65833,1034
16.66667,1020
16.67500,1006
16.68333,993
16.69167,979
16.70000,967
16.70833,954
16.71667,942
16.72500,930
16.73333,918
16.74167,907
16.75000,896
16.75833,886
16.76667,875
16.77500,866
16.78333,857
16.79167,848
16.80000,840
16.80833,832
16.81667,824
16.82500,817
16.83333,809
16.84167,802
16.85000,796
16.85833,790
16.86667,783
16.87500,777
16.88333,772
16.89167,766
16.90000,760
16.90833,755
16.91667,750
16.92500,746
16.93333,741
16.94167,737
16.95000,733
16.95833,728
16.96667,724
16.97500,720
16.98333,716
16.99167,712
17.00000,707
17.00833,704
17.01667,700
17.02500,696
17.03333,693
17.04167,690
17.05000,687
17.05833,684
17.06667,681
17.07500,677
17.08333,674
17.09167,671
17.10000,668
17.10833,666
17.11667,663
17.12500,660
17.13333,657
17.14167,655
17.15000,652
17.15833,649
17.16667,647
17.17500,644
17.18333,642
17.19167,640
17.20000,637
17.20833,635
17.21667,633
17.22500,631
17.23333,629
17.24167,626
17.25000,623
17.25833,621
17.26667,618
17.27500,616
17.28333,614
17.29167,611
17.30000,609
17.30833,606
17.31667,604
17.32500,602
17.33333,600
17.34167,597
17.35000,595
17.35833,593
17.36667,591
17.37500,590
17.38333,589
17.39167,588
17.40000,587
17.40833,586
17.41667,585
17.42500,585
17.43333,585
17.44167,586
17.45000,587
17.45833,588
17.46667,589
17.47500,590
17.48333,592
17.49167,594
17.50000,596
17.50833,599
17.51667,602
17.52500,606
17.53333,609
17.54167,614
17.55000,618
17.55833,623
17.56667,628
17.57500,633
17.58333,638
17.59167,643
17.60000,648
17.60833,654
17.61667,660
17.62500,665
17.63333,671
17.64167,677
17.65000,683
17.65833,689
17.66667,695
17.67500,700
17.68333,706
17.69167,712
17.70000,717
17.70833,722
17.71667,727
17.72500,733
17.73333,738
17.74167,743
17.75000,747
17.75833,752
17.76667,756
17.77500,760
17.78333,764
17.79167,767
17.80000,770
17.80833,773
17.81667,776
17.82500,778
17.83333,780
17.84167,782
17.85000,782
17.85833,783
17.86667,783
17.87500,782
17.88333,781
17.89167,780
17.90000,779
17.90833,777
17.91667,775
17.92500,772
17.93333,769
17.94167,766
17.95000,763
17.95833,759
17.96667,754
17.97500,750
17.98333,745
17.99167,739
18.00000,734
18.00833,728
18.01667,721
18.02500,714
18.03333,707
18.04167,700
18.05000,692
18.05833,685
18.06667,678
18.07500,671
18.08333,663
18.09167,655
18.10000,648
18.10833,640
18.11667,632
18.12500,623
18.13333,615
18.14167,607
18.15000,599
18.15833,592
18.16667,584
18.17500,577
18.18333,569
18.19167,562
18.20000,555
18.20833,547
18.21667,540
18.22500,533
18.23333,527
18.24167,520
18.25000,515
18.25833,509
18.26667,503
18.27500,498
18.28333,492
18.29167,487
18.30000,482
18.30833,478
18.31667,474
18.32500,470
18.33333,466
18.34167,463
18.35000,460
18.35833,457
18.36667,455
18.37500,453
18.38333,451
18.39167,450
18.40000,449
18.40833,449
18.41667,448
18.42500,448
18.43333,448
18.44167,448
18.45000,449
18.45833,450
18.46667,451
18.47500,453
18.48333,454
18.49167,456
18.50000,458
18.50833,461
18.51667,463
18.52500,467
18.53333,470
18.54167,473
18.55000,476
18.55833,480
18.56667,484
18.57500,487
18.58333,491
18.59167,496
18.60000,500
18.60833,504
18.61667,509
18.62500,513
18.63333,518
18.64167,523
18.65000,528
18.65833,533
18.66667,537
18.67500,542
18.68333,547
18.69167,551
18.70000,556
18.70833,561
18.71667,566
18.72500,571
18.73333,576
18.74167,581
18.75000,587
18.75833,592
18.76667,597
18.77500,602
18.78333,606
18.79167,612
18.80000,617
18.80833,622
18.81667,627
18.82500,632
18.83333,636
18.84167,641
18.85000,646
18.85833,651
18.86667,655
18.87500,660
18.88333,664
18.89167,669
18.90000,673
18.90833,677
18.91667,681
18.92500,685
18.93333,689
18.94167,694
18.95000,698
18.95833,702
18.96667,705
18.97500,709
18.98333,712
18.99167,715
19.00000,718
19.00833,721
19.01667,724
19.02500,726
19.03333,729
19.04167,731
19.05000,733
19.05833,735
19.06667,736
19.07500,738
19.08333,739
19.09167,740
19.10000,741
19.10833,742
19.11667,742
19.12500,742
19.13333,743
19.14167,743
19.15000,743
19.15833,742
19.16667,741
19.17500,740
19.18333,739
19.19167,737
19.20000,735
19.20833,733
19.21667,730
19.22500,728
19.23333,725
19.24167,723
19.25000,720
19.25833,716
19.26667,713
19.27500,710
19.28333,706
19.29167,702
19.30000,698
19.30833,694
19.31667,690
19.32500,686
19.33333,681
19.34167,677
19.35000,672
19.35833,667
19.36667,663
19.37500,658
19.38333,653
19.39167,647
19.40000,642
19.40833,636
19.41667,631
19.42500,625
19.43333,619
19.44167,614
19.45000,608
19.45833,603
19.46667,597
19.47500,591
19.48333,585
19.49167,580
19.50000,574
19.50833,567
19.51667,561
19.52500,555
19.53333,549
19.54167,544
19.55000,538
19.55833,533
19.56667,528
19.57500,522
19.58333,518
19.59167,513
19.60000,508
19.60833,503
19.61667,498
19.62500,494
19.63333,489
19.64167,484
19.65000,480
19.65833,476
19.66667,472
19.67500,468
19.68333,464
19.69167,461
19.70000,458
19.70833,455
19.71667,453
19.72500,451
19.73333,449
19.74167,447
19.75000,446
19.75833,445
19.76667,444
19.77500,444
19.78333,444
19.79167,445
19.80000,446
19.80833,447
19.81667,449
19.82500,451
19.83333,454
19.84167,457
19.85000,461
19.85833,465
19.86667,471
19.87500,476
19.88333,482
19.89167,489
19.90000,497
19.90833,505
19.91667,514
19.92500,524
19.93333,534
19.94167,544
19.95000,555
19.95833,566
19.96667,578
19.97500,590
19.98333,603
19.99167,617
20.00000,630
20.00833,644
20.01667,657
20.02500,672
20.03333,687
20.04167,701
20.05000,716
20.05833,730
20.06667,745
20.07500,760
20.08333,774
20.09167,789
20.10000,803
20.10833,816
20.11667,829
20.12500,842
20.13333,855
20.14167,868
20.15000,880
20.15833,892
20.16667,903
20.17500,914
20.18333,924
20.19167,933
20.20000,942
20.20833,950
20.21667,958
20.22500,966
20.23333,972
20.24167,977
20.25000,982
20.25833,986
20.26667,990
20.27500,993
20.28333,995
20.29167,997
20.30000,998
20.30833,998
20.31667,998
20.32500,997
20.33333,996
20.34167,993
20.35000,991
20.35833,988
20.36667,984
20.37500,979
20.38333,974
20.39167,969
20.40000,963
20.40833,957
20.41667,951
20.42500,944
20.43333,937
20.44167,930
20.45000,922
20.45833,914
20.46667,906
20.47500,898
20.48333,890
20.49167,882
20.50000,874
20.50833,866
20.51667,858
20.52500,849
20.53333,842
20.54167,834
20.55000,827
20.55833,819
20.56667,813
20.57500,806
20.58333,800
20.59167,795
20.60000,789
20.60833,784
20.61667,780
20.62500,776
20.63333,772
20.64167,769
20.65000,766
20.65833,763
20.66667,761
20.67500,759
20.68333,758
20.69167,757
20.70000,757
20.70833,757
20.71667,757
20.72500,757
20.73333,758
20.74167,758
20.75000,760
20.75833,761
20.76667,762
20.77500,763
20.78333,764
20.79167,765
20.80000,766
20.80833,768
20.81667,770
20.82500,772
20.83333,774
20.84167,776
20.85000,778
20.85833,779
20.86667,781
20.87500,783
20.88333,785
20.89167,787
20.90000,788
20.90833,790
20.91667,792
20.92500,794
20.93333,796
20.94167,797
20.95000,799
20.95833,800
20.96667,801
20.97500,803
20.98333,804
20.99167,806
21.00000,807
21.00833,808
21.01667,810
21.02500,811
21.03333,812
21.04167,813
21.05000,814
21.05833,815
21.06667,816
21.07500,817
21.08333,819
21.09167,820
21.10000,822
21.10833,824
21.11667,826
21.12500,829
21.13333,831
21.14167,834
21.15000,836
21.15833,839
21.16667,841
21.17500,845
21.18333,848
21.19167,852
21.20000,855
21.20833,859
21.21667,863
21.22500,866
21.23333,871
21.24167,875
21.25000,879
21.25833,883
21.26667,888
21.27500,892
21.28333,896
21.29167,900
21.30000,904
21.30833,908
21.31667,912
21.32500,916
21.33333,919
21.34167,923
21.35000,927
21.35833,930
21.36667,934
21.37500,937
21.38333,941
21.39167,944
21.40000,947
21.40833,950
21.41667,953
21.42500,956
21.43333,959
21.44167,963
21.45000,966
21.45833,970
21.46667,973
21.47500,977
21.48333,980
21.49167,984
21.50000,988
21.50833,993
21.51667,997
21.52500,1002
21.53333,1007
21.54167,1012
21.55000,1017
21.55833,1022
21.56667,1027
21.57500,1032
21.58333,1037
21.59167,1042
21.60000,1047
21.60833,1052
21.61667,1057
21.62500,1062
21.63333,1066
21.64167,1071
21.65000,1075
21.65833,1078
21.66667,1081
21.67500,1085
21.68333,1087
21.69167,1089
21.70000,1091
21.70833,1093
21.71667,1094
21.72500,1095
21.73333,1095
21.74167,1095
21.75000,1094
21.75833,1093
21.76667,1091
21.77500,1088
21.78333,1086
21.79167,1082
21.80000,1079
21.80833,1076
21.81667,1072
21.82500,1068
21.83333,1064
21.84167,1059
21.85000,1053
21.85833,1048
21.86667,1042
21.87500,1036
21.88333,1030
21.89167,1024
21.90000,1018
21.90833,1012
21.91667,1005
21.92500,998
21.93333,991
21.94167,984
21.95000,976
21.95833,968
21.96667,960
21.97500,952
21.98333,944
21.99167,935
22.00000,926
22.00833,916
22.01667,906
22.02500,896
22.03333,885
22.04167,874
22.05000,863
22.05833,851
22.06667,839
22.07500,826
22.08333,814
22.09167,801
22.10000,787
22.10833,774
22.11667,760
22.12500,745
22.13333,731
22.14167,716
22.15000,702
22.15833,687
22.16667,673
22.17500,658
22.18333,643
22.19167,628
22.20000,613
22.20833,598
22.21667,584
22.22500,569
22.23333,555
22.24167,541
22.25000,527
22.25833,513
22.26667,500
22.27500,488
22.28333,475
22.29167,463
22.30000,451
22.30833,440
22.31667,429
22.32500,419
22.33333,409
22.34167,399
22.35000,389
22.35833,380
22.36667,372
22.37500,364
22.38333,356
22.39167,349
22.40000,343
22.40833,337
22.41667,331
22.42500,325
22.43333,320
22.44167,315
22.45000,311
22.45833,306
22.46667,302
22.47500,299
22.48333,296
22.49167,293
22.50000,290
22.50833,288
22.51667,286
22.52500,284
22.53333,283
22.54167,281
22.55000,280
22.55833,279
22.56667,279
22.57500,278
22.58333,278
22.59167,277
22.60000,277
22.60833,278
22.61667,278
22.62500,278
22.63333,279
22.64167,280
22.65000,281
22.65833,283
22.66667,284
22.67500,285
22.68333,287
22.69167,288
22.70000,290
22.70833,292
22.71667,294
22.72500,296
22.73333,298
22.74167,301
22.75000,303
22.75833,305
22.76667,308
22.77500,310
22.78333,313
22.79167,315
22.80000,318
22.80833,320
22.81667,323
22.82500,326
22.83333,329
22.84167,332
22.85000,335
22.85833,338
22.86667,341
22.87500,344
22.88333,348
22.89167,351
22.90000,354
22.90833,357
22.91667,360
22.92500,362
22.93333,365
22.94167,367
22.95000,370
22.95833,372
22.96667,375
22.97500,377
22.98333,380
22.99167,382
23.00000,384
23.00833,387
23.01667,389
23.02500,391
23.03333,393
23.04167,395
23.05000,397
23.05833,398
23.06667,399
23.07500,401
23.08333,402
23.09167,404
23.10000,405
23.10833,406
23.11667,407
23.12500,408
23.13333,409
23.14167,410
23.15000,411
23.15833,411
23.16667,412
23.17500,412
23.18333,412
23.19167,412
23.20000,411
23.20833,411
23.21667,411
23.22500,411
23.23333,411
23.24167,410
23.25000,410
23.25833,410
23.26667,409
23.27500,408
23.28333,407
23.29167,406
23.30000,405
23.30833,404
23.31667,402
23.32500,401
23.33333,400
23.34167,399
23.35000,398
23.35833,397
23.36667,395
23.37500,394
23.38333,392
23.39167,391
23.40000,390
23.40833,389
23.41667,387
23.42500,386
23.43333,385
23.44167,384
23.45000,383
23.45833,383
23.46667,382
23.47500,381
23.48333,380
23.49167,379
23.50000,378
23.50833,377
23.51667,376
23.52500,376
23.53333,375
23.54167,374
23.55000,374
23.55833,373
23.56667,373
23.57500,372
23.58333,372
23.59167,372
23.60000,371
23.60833,371
23.61667,371
23.62500,370
23.63333,370
23.64167,369
23.65000,369
23.65833,369
23.66667,368
23.67500,368
23.68333,368
23.69167,368
23.70000,367
23.70833,367
23.71667,367
23.72500,367
23.73333,367
23.74167,366
23.75000,366
23.75833,366
23.76667,366
23.77500,365
23.78333,365
23.79167,364
23.80000,363
23.80833,363
23.81667,362
23.82500,362
23.83333,362
23.84167,361
23.85000,360
23.85833,359
23.86667,358
23.87500,358
23.88333,357
23.89167,357
23.90000,357
23.90833,356
23.91667,355
23.92500,354
23.93333,353
23.94167,353
23.95000,352
23.95833,351
23.96667,351
23.97500,350
23.98333,349
23.99167,349
24.00000,348
24.00833,347
24.01667,346
24.02500,345
24.03333,344
24.04167,344
24.05000,343
24.05833,342
24.06667,341
24.07500,341
24.08333,340
24.09167,340
24.10000,339
24.10833,338
24.11667,337
24.12500,336
24.13333,336
24.14167,334
24.15000,334
24.15833,333
24.16667,333
24.17500,332
24.18333,332
24.19167,332
24.20000,331
24.20833,331
24.21667,331
24.22500,331
24.23333,330
24.24167,330
24.25000,329
24.25833,329
24.26667,329
24.27500,329
24.28333,330
24.29167,330
24.30000,331
24.30833,332
24.31667,333
24.32500,334
24.33333,335
24.34167,337
24.35000,338
24.35833,341
24.36667,343
24.37500,347
24.38333,350
24.39167,354
24.40000,359
24.40833,364
24.41667,370
24.42500,377
24.43333,384
24.44167,392
24.45000,402
24.45833,412
24.46667,424
24.47500,438
24.48333,452
24.49167,469
24.50000,486
24.50833,505
24.51667,526
24.52500,549
24.53333,574
24.54167,601
24.55000,629
24.55833,660
24.56667,693
24.57500,729
24.58333,766
24.59167,806
24.60000,849
24.60833,893
24.61667,940
24.62500,989
24.63333,1041
24.64167,1096
24.65000,1152
24.65833,1210
24.66667,1269
24.67500,1332
24.68333,1396
24.69167,1462
24.70000,1529
24.70833,1597
24.71667,1667
24.72500,1738
24.73333,1809
24.74167,1882
24.75000,1954
24.75833,2028
24.76667,2101
24.77500,2174
24.78333,2248
24.79167,2320
24.80000,2392
24.80833,2464
24.81667,2534
24.82500,2604
24.83333,2672
24.84167,2739
24.85000,2804
24.85833,2868
24.86667,2930
24.87500,2991
24.88333,3049
24.89167,3106
24.90000,3161
24.90833,3213
24.91667,3263
24.92500,3312
24.93333,3358
24.94167,3402
24.95000,3444
24.95833,3484
24.96667,3521
24.97500,3556
24.98333,3589
24.99167,3619
25.00000,3647
25.00833,3672
25.01667,3696
25.02500,3716
25.03333,3735
25.04167,3751
25.05000,3764
25.05833,3774
25.06667,3783
25.07500,3788
25.08333,3792
25.09167,3792
25.10000,3789
25.10833,3783
25.11667,3775
25.12500,3764
25.13333,3749
25.14167,3732
25.15000,3711
25.15833,3688
25.16667,3662
25.17500,3633
25.18333,3601
25.19167,3566
25.20000,3528
25.20833,3487
25.21667,3443
25.22500,3396
25.23333,3347
25.24167,3295
25.25000,3242
25.25833,3185
25.26667,3127
25.27500,3066
25.28333,3004
25.29167,2941
25.30000,2875
25.30833,2809
25.31667,2742
25.32500,2673
25.33333,2603
25.34167,2533
25.35000,2462
25.35833,2391
25.36667,2320
25.37500,2249
25.38333,2178
25.39167,2108
25.40000,2038
25.40833,1968
25.41667,1900
25.42500,1833
25.43333,1768
25.44167,1703
25.45000,1640
25.45833,1578
25.46667,1519
25.47500,1461
25.48333,1404
25.49167,1349
25.50000,1296
25.50833,1244
25.51667,1195
25.52500,1147
25.53333,1102
25.54167,1058
25.55000,1016
25.55833,976
25.56667,938
25.57500,902
25.58333,867
25.59167,835
25.60000,803
25.60833,773
25.61667,744
25.62500,717
25.63333,692
25.64167,668
25.65000,646
25.65833,625
25.66667,605
25.67500,586
25.68333,568
25.69167,552
25.70000,536
25.70833,521
25.71667,507
25.72500,494
25.73333,482
25.74167,471
25.75000,460
25.75833,450
25.76667,440
25.77500,431
25.78333,422
25.79167,414
25.80000,407
25.80833,400
25.81667,393
25.82500,386
25.83333,380
25.84167,374
25.85000,368
25.85833,362
25.86667,356
25.87500,351
25.88333,345
25.89167,340
25.90000,335
25.90833,329
25.91667,324
25.92500,319
25.93333,314
25.94167,310
25.95000,305
25.95833,301
25.96667,297
25.97500,292
25.98333,287
25.99167,283
26.00000,279
26.00833,274
26.01667,270
26.02500,266
26.03333,261
26.04167,257
26.05000,253
26.05833,248
26.06667,244
26.07500,239
26.08333,235
26.09167,231
26.10000,228
26.10833,224
26.11667,220
26.12500,216
26.13333,212
26.14167,208
26.15000,204
26.15833,201
26.16667,197
26.17500,193
26.18333,190
26.19167,186
26.20000,183
26.20833,180
26.21667,176
26.22500,173
26.23333,170
26.24167,167
26.25000,164
26.25833,161
26.26667,159
26.27500,156
26.28333,154
26.29167,152
26.30000,150
26.30833,148
26.31667,146
26.32500,144
26.33333,142
26.34167,141
26.35000,139
26.35833,137
26.36667,136
26.37500,134
26.38333,133
26.39167,131
26.40000,130
26.40833,129
26.41667,128
26.42500,127
26.43333,126
26.44167,125
26.45000,125
26.45833,124
26.46667,124
26.47500,123
26.48333,123
26.49167,122
26.50000,122
26.50833,122
26.51667,122
26.52500,121
26.53333,121
26.54167,121
26.55000,120
26.55833,119
26.56667,119
26.57500,119
26.58333,119
26.59167,119
26.60000,119
26.60833,119
26.61667,119
26.62500,118
26.63333,118
26.64167,118
26.65000,118
26.65833,118
26.66667,118
26.67500,118
26.68333,118
26.69167,118
26.70000,118
26.70833,118
26.71667,118
26.72500,118
26.73333,118
26.74167,118
26.75000,118
26.75833,118
26.76667,118
26.77500,119
26.78333,119
26.79167,119
26.80000,119
26.80833,119
26.81667,119
26.82500,119
26.83333,120
26.84167,120
26.85000,120
26.85833,120
26.86667,120
26.87500,120
26.88333,120
26.89167,120
26.90000,120
26.90833,120
26.91667,120
26.92500,120
26.93333,120
26.94167,120
26.95000,120
26.95833,120
26.96667,120
26.97500,120
26.98333,120
26.99167,120
27.00000,120
27.00833,120
27.01667,119
27.02500,119
27.03333,120
27.04167,120
27.05000,120
27.05833,120
27.06667,120
27.07500,120
27.08333,121
27.09167,121
27.10000,121
27.10833,121
27.11667,122
27.12500,122
27.13333,122
27.14167,122
27.15000,122
27.15833,122
27.16667,121
27.17500,121
27.18333,121
27.19167,121
27.20000,121
27.20833,121
27.21667,121
27.22500,121
27.23333,121
27.24167,121
27.25000,122
27.25833,122
27.26667,122
27.27500,122
27.28333,122
27.29167,122
27.30000,122
27.30833,122
27.31667,122
27.32500,121
27.33333,121
27.34167,121
27.35000,121
27.35833,121
27.36667,121
27.37500,121
27.38333,121
27.39167,121
27.40000,121
27.40833,120
27.41667,120
27.42500,120
27.43333,120
27.44167,119
27.45000,120
27.45833,120
27.46667,119
27.47500,119
27.48333,119
27.49167,119
27.50000,119
27.50833,119
27.51667,119
27.52500,119
27.53333,119
27.54167,118
27.55000,118
27.55833,118
27.56667,117
27.57500,117
27.58333,116
27.59167,116
27.60000,115
27.60833,116
27.61667,115
27.62500,115
27.63333,115
27.64167,114
27.65000,114
27.65833,113
27.66667,113
27.67500,113
27.68333,112
27.69167,112
27.70000,111
27.70833,111
27.71667,111
27.72500,110
27.73333,109
27.74167,109
27.75000,108
27.75833,108
27.76667,107
27.77500,107
27.78333,107
27.79167,106
27.80000,106
27.80833,106
27.81667,105
27.82500,105
27.83333,105
27.84167,104
27.85000,104
27.85833,103
27.86667,102
27.87500,102
27.88333,101
27.89167,101
27.90000,100
27.90833,100
27.91667,100
27.92500,100
27.93333,100
27.94167,99
27.95000,99
27.95833,99
27.96667,98
27.97500,98
27.98333,98
27.99167,98
28.00000,98
28.00833,98
28.01667,99
28.02500,99
28.03333,99
28.04167,99
28.05000,99
28.05833,99
28.06667,99
28.07500,99
28.08333,99
28.09167,99
28.10000,99
28.10833,99
28.11667,100
28.12500,100
28.13333,100
28.14167,101
28.15000,101
28.15833,101
28.16667,101
28.17500,101
28.18333,101
28.19167,101
28.20000,101
28.20833,101
28.21667,100
28.22500,101
28.23333,101
28.24167,101
28.25000,102
28.25833,102
28.26667,102
28.27500,103
28.28333,103
28.29167,103
28.30000,103
28.30833,103
28.31667,103
28.32500,103
28.33333,103
28.34167,103
28.35000,104
28.35833,104
28.36667,105
28.37500,106
28.38333,107
28.39167,109
28.40000,110
28.40833,112
28.41667,113
28.42500,115
28.43333,117
28.44167,119
28.45000,122
28.45833,125
28.46667,128
28.47500,132
28.48333,136
28.49167,140
28.50000,146
28.50833,151
28.51667,158
28.52500,165
28.53333,172
28.54167,181
28.55000,190
28.55833,200
28.56667,210
28.57500,222
28.58333,235
28.59167,248
28.60000,264
28.60833,280
28.61667,297
28.62500,315
28.63333,335
28.64167,355
28.65000,377
28.65833,401
28.66667,426
28.67500,452
28.68333,480
28.69167,509
28.70000,539
28.70833,571
28.71667,605
28.72500,641
28.73333,677
28.74167,715
28.75000,754
28.75833,795
28.76667,837
28.77500,880
28.78333,925
28.79167,970
28.80000,1017
28.80833,1064
28.81667,1113
28.82500,1163
28.83333,1214
28.84167,1265
28.85000,1317
28.85833,1370
28.86667,1422
28.87500,1475
28.88333,1529
28.89167,1582
28.90000,1636
28.90833,1690
28.91667,1743
28.92500,1795
28.93333,1848
28.94167,1900
28.95000,1951
28.95833,2001
28.96667,2051
28.97500,2099
28.98333,2147
28.99167,2193
29.00000,2238
29.00833,2282
29.01667,2325
29.02500,2366
29.03333,2405
29.04167,2444
29.05000,2481
29.05833,2516
29.06667,2550
29.07500,2582
29.08333,2613
29.09167,2642
29.10000,2669
29.10833,2694
29.11667,2718
29.12500,2741
29.13333,2762
29.14167,2781
29.15000,2798
29.15833,2814
29.16667,2829
29.17500,2842
29.18333,2854
29.19167,2864
29.20000,2873
29.20833,2879
29.21667,2885
29.22500,2889
29.23333,2892
29.24167,2893
29.25000,2893
29.25833,2892
29.26667,2889
29.27500,2885
29.28333,2879
29.29167,2872
29.30000,2863
29.30833,2853
29.31667,2842
29.32500,2829
29.33333,2815
29.34167,2799
29.35000,2782
29.35833,2764
29.36667,2743
29.37500,2722
29.38333,2698
29.39167,2674
29.40000,2648
29.40833,2621
29.41667,2592
29.42500,2562
29.43333,2530
29.44167,2498
29.45000,2463
29.45833,2428
29.46667,2391
29.47500,2353
29.48333,2314
29.49167,2275
29.50000,2234
29.50833,2192
29.51667,2148
29.52500,2104
29.53333,2059
29.54167,2014
29.55000,1967
29.55833,1921
29.56667,1874
29.57500,1827
29.58333,1780
29.59167,1732
29.60000,1683
29.60833,1635
29.61667,1587
29.62500,1540
29.63333,1492
29.64167,1445
29.65000,1398
29.65833,1352
29.66667,1306
29.67500,1260
29.68333,1216
29.69167,1172
29.70000,1128
29.70833,1086
29.71667,1044
29.72500,1004
29.73333,964
29.74167,925
29.75000,886
29.75833,849
29.76667,813
29.77500,778
29.78333,745
29.79167,712
29.80000,681
29.80833,650
29.81667,621
29.82500,592
29.83333,565
29.84167,538
29.85000,513
29.85833,488
29.86667,465
29.87500,443
29.88333,421
29.89167,401
29.90000,381
29.90833,362
29.91667,344
29.92500,327
29.93333,311
29.94167,296
29.95000,281
29.95833,266
29.96667,252
29.97500,239
29.98333,227
29.99167,215
30.00000,203
30.00833,192
30.01667,181
30.02500,171
30.03333,161
30.04167,151
30.05000,142
30.05833,133
30.06667,125
30.07500,116
30.08333,108
30.09167,99
30.10000,92
30.10833,84
30.11667,76
30.12500,69
30.13333,62
30.14167,55
30.15000,47
30.15833,40
30.16667,32
30.17500,25
30.18333,18
30.19167,11
30.20000,3
30.20833,-4
30.21667,-11
30.22500,-17
30.23333,-24
30.24167,-31
30.25000,-39
30.25833,-46
30.26667,-53
30.27500,-60
30.28333,-67
30.29167,-74
30.30000,-82
30.30833,-89
30.31667,-96
30.32500,-104
30.33333,-111
30.34167,-118
30.35000,-125
30.35833,-132
30.36667,-139
30.37500,-146
30.38333,-152
30.39167,-159
30.40000,-166
30.40833,-172
30.41667,-179
30.42500,-186
30.43333,-192
30.44167,-198
30.45000,-204
30.45833,-210
30.46667,-215
30.47500,-221
30.48333,-226
30.49167,-232
30.50000,-237
30.50833,-242
30.51667,-247
30.52500,-251
30.53333,-255
30.54167,-259
30.55000,-263
30.55833,-266
30.56667,-270
30.57500,-273
30.58333,-275
30.59167,-278
30.60000,-280
30.60833,-283
30.61667,-284
30.62500,-286
30.63333,-288
30.64167,-289
30.65000,-289
30.65833,-290
30.66667,-290
30.67500,-290
30.68333,-289
30.69167,-289
30.70000,-288
30.70833,-286
30.71667,-285
30.72500,-283
30.73333,-281
30.74167,-279
30.75000,-276
30.75833,-273
30.76667,-269
30.77500,-266
30.78333,-262
30.79167,-258
30.80000,-254
30.80833,-249
30.81667,-244
30.82500,-239
30.83333,-234
30.84167,-228
30.85000,-222
30.85833,-216
30.86667,-210
30.87500,-203
30.88333,-197
30.89167,-190
30.90000,-183
30.90833,-176
30.91667,-169
30.92500,-162
30.93333,-155
30.94167,-147
30.95000,-139
30.95833,-131
30.96667,-123
30.97500,-116
30.98333,-108
30.99167,-101
31.00000,-93
31.00833,-86
31.01667,-78
31.02500,-70
31.03333,-62
31.04167,-55
31.05000,-47
31.05833,-39
31.06667,-32
31.07500,-24
31.08333,-17
31.09167,-9
31.10000,-2
31.10833,5
31.11667,12
31.12500,18
31.13333,25
31.14167,31
31.15000,37
31.15833,42
31.16667,48
31.17500,54
31.18333,59
31.19167,65
31.20000,70
31.20833,76
31.21667,81
31.22500,85
31.23333,89
31.24167,93
31.25000,97
31.25833,101
31.26667,105
31.27500,109
31.28333,112
31.29167,115
31.30000,118
31.30833,120
31.31667,123
31.32500,125
31.33333,128
31.34167,130
31.35000,132
31.35833,133
31.36667,135
31.37500,137
31.38333,138
31.39167,139
31.40000,140
31.40833,141
31.41667,142
31.42500,142
31.43333,143
31.44167,143
31.45000,143
31.45833,144
31.46667,144
31.47500,144
31.48333,144
31.49167,144
31.50000,144
31.50833,144
31.51667,143
31.52500,143
31.53333,142
31.54167,142
31.55000,141
31.55833,141
31.56667,140
31.57500,140
31.58333,140
31.59167,139
31.60000,139
31.60833,139
31.61667,139
31.62500,139
31.63333,139
31.64167,138
31.65000,139
31.65833,139
31.66667,139
31.67500,139
31.68333,140
31.69167,140
31.70000,141
31.70833,141
31.71667,142
31.72500,143
31.73333,144
31.74167,145
31.75000,146
31.75833,148
31.76667,149
31.77500,151
31.78333,153
31.79167,156
31.80000,158
31.80833,161
31.81667,163
31.82500,166
31.83333,169
31.84167,173
31.85000,177
31.85833,181
31.86667,186
31.87500,190
31.88333,195
31.89167,199
31.90000,204
31.90833,209
31.91667,214
31.92500,220
31.93333,225
31.94167,231
31.95000,237
31.95833,243
31.96667,249
31.97500,255
31.98333,262
31.99167,269
32.00000,275
32.00833,282
32.01667,289
32.02500,296
32.03333,303
32.04167,310
32.05000,317
32.05833,324
32.06667,331
32.07500,338
32.08333,345
32.09167,352
32.10000,359
32.10833,366
32.11667,373
32.12500,380
32.13333,387
32.14167,394
32.15000,400
32.15833,406
32.16667,413
32.17500,419
32.18333,425
32.19167,431
32.20000,437
32.20833,443
32.21667,449
32.22500,454
32.23333,459
32.24167,465
32.25000,470
32.25833,476
32.26667,481
32.27500,486
32.28333,490
32.29167,495
32.30000,499
32.30833,504
32.31667,508
32.32500,513
32.33333,516
32.34167,520
32.35000,523
32.35833,527
32.36667,530
32.37500,533
32.38333,537
32.39167,540
32.40000,543
32.40833,546
32.41667,548
32.42500,551
32.43333,553
32.44167,555
32.45000,557
32.45833,558
32.46667,559
32.47500,560
32.48333,561
32.49167,563
32.50000,564
32.50833,565
32.51667,565
32.52500,565
32.53333,566
32.54167,566
32.55000,565
32.55833,564
32.56667,563
32.57500,562
32.58333,560
32.59167,559
32.60000,557
32.60833,556
32.61667,554
32.62500,552
32.63333,550
32.64167,547
32.65000,545
32.65833,542
32.66667,539
32.67500,537
32.68333,533
32.69167,530
32.70000,527
32.70833,523
32.71667,519
32.72500,515
32.73333,511
32.74167,507
32.75000,503
32.75833,499
32.76667,495
32.77500,491
32.78333,487
32.79167,482
32.80000,478
32.80833,474
32.81667,470
32.82500,465
32.83333,461
32.84167,457
32.85000,452
32.85833,448
32.86667,444
32.87500,440
32.88333,436
32.89167,432
32.90000,428
32.90833,424
32.91667,421
32.92500,417
32.93333,414
32.94167,410
32.95000,407
32.95833,404
32.96667,401
32.97500,398
32.98333,394
32.99167,391
33.00000,389
33.00833,386
33.01667,383
33.02500,381
33.03333,379
33.04167,377
33.05000,375
33.05833,373
33.06667,371
33.07500,369
33.08333,367
33.09167,365
33.10000,363
33.10833,361
33.11667,359
33.12500,357
33.13333,356
33.14167,354
33.15000,352
33.15833,351
33.16667,349
33.17500,348
33.18333,346
33.19167,344
33.20000,342
33.20833,341
33.21667,339
33.22500,337
33.23333,335
33.24167,334
33.25000,332
33.25833,330
33.26667,328
33.27500,326
33.28333,324
33.29167,322
33.30000,320
33.30833,318
33.31667,315
33.32500,314
33.33333,312
33.34167,310
33.35000,308
33.35833,306
33.36667,303
33.37500,300
33.38333,297
33.39167,295
33.40000,292
33.40833,290
33.41667,287
33.42500,284
33.43333,281
33.44167,278
33.45000,275
33.45833,271
33.46667,268
33.47500,265
33.48333,262
33.49167,259
33.50000,255
33.50833,252
33.51667,249
33.52500,245
33.53333,242
33.54167,239
33.55000,235
33.55833,231
33.56667,228
33.57500,224
33.58333,221
33.59167,217
33.60000,214
33.60833,210
33.61667,207
33.62500,203
33.63333,200
33.64167,196
33.65000,193
33.65833,189
33.66667,185
33.67500,181
33.68333,178
33.69167,174
33.70000,170
33.70833,167
33.71667,164
33.72500,160
33.73333,156
33.74167,153
33.75000,150
33.75833,146
33.76667,143
33.77500,140
33.78333,137
33.79167,133
33.80000,130
33.80833,126
33.81667,123
33.82500,120
33.83333,117
33.84167,114
33.85000,111
33.85833,108
33.86667,105
33.87500,102
33.88333,100
33.89167,97
33.90000,94
33.90833,91
33.91667,89
33.92500,86
33.93333,84
33.94167,82
33.95000,80
33.95833,78
33.96667,76
33.97500,74
33.98333,72
33.99167,70
34.00000,68
34.00833,66
34.01667,64
34.02500,63
34.03333,61
34.04167,60
34.05000,58
34.05833,56
34.06667,55
34.07500,53
34.08333,52
34.09167,51
34.10000,50
34.10833,49
34.11667,48
34.12500,47
34.13333,47
34.14167,46
34.15000,45
34.15833,44
34.16667,44
34.17500,43
34.18333,43
34.19167,42
34.20000,41
34.20833,40
34.21667,40
34.22500,39
34.23333,39
34.24167,38
34.25000,38
34.25833,38
34.26667,38
34.27500,37
34.28333,37
34.29167,37
34.30000,36
34.30833,35
34.31667,35
34.32500,34
34.33333,34
34.34167,34
34.35000,34
34.35833,34
34.36667,34
34.37500,33
34.38333,33
34.39167,32
34.40000,32
34.40833,32
34.41667,32
34.42500,31
34.43333,31
34.44167,31
34.45000,31
34.45833,30
34.46667,30
34.47500,30
34.48333,30
34.49167,30
34.50000,30
34.50833,29
34.51667,29
34.52500,29
34.53333,29
34.54167,29
34.55000,29
34.55833,28
34.56667,28
34.57500,28
34.58333,28
34.59167,28
34.60000,27
34.60833,27
34.61667,27
34.62500,26
34.63333,26
34.64167,26
34.65000,26
34.65833,26
34.66667,25
34.67500,25
34.68333,25
34.69167,24
34.70000,24
34.70833,23
34.71667,23
34.72500,23
34.73333,23
34.74167,22
34.75000,22
34.75833,22
34.76667,22
34.77500,22
34.78333,22
34.79167,22
34.80000,22
34.80833,22
34.81667,22
34.82500,22
34.83333,22
34.84167,21
34.85000,21
34.85833,21
34.86667,21
34.87500,21
34.88333,20
34.89167,20
34.90000,19
34.90833,19
34.91667,19
34.92500,19
34.93333,19
34.94167,19
34.95000,19
34.95833,20
34.96667,20
34.97500,20
34.98333,20
34.99167,21
35.00000,21
35.00833,21
35.01667,21
35.02500,21
35.03333,20
35.04167,21
35.05000,21
35.05833,22
35.06667,22
35.07500,23
35.08333,23
35.09167,23
35.10000,24
35.10833,24
35.11667,25
35.12500,25
35.13333,26
35.14167,27
35.15000,28
35.15833,29
35.16667,29
35.17500,30
35.18333,31
35.19167,32
35.20000,33
35.20833,34
35.21667,35
35.22500,36
35.23333,36
35.24167,37
35.25000,38
35.25833,39
35.26667,40
35.27500,41
35.28333,43
35.29167,44
35.30000,45
35.30833,47
35.31667,48
35.32500,50
35.33333,51
35.34167,52
35.35000,54
35.35833,56
35.36667,57
35.37500,59
35.38333,61
35.39167,62
35.40000,64
35.40833,65
35.41667,66
35.42500,68
35.43333,69
35.44167,70
35.45000,72
35.45833,74
35.46667,75
35.47500,76
35.48333,78
35.49167,79
35.50000,81
35.50833,82
35.51667,83
35.52500,85
35.53333,86
35.54167,87
35.55000,88
35.55833,89
35.56667,90
35.57500,91
35.58333,92
35.59167,93
35.60000,95
35.60833,96
35.61667,97
35.62500,99
35.63333,100
35.64167,101
35.65000,102
35.65833,104
35.66667,105
35.67500,106
35.68333,107
35.69167,107
35.70000,108
35.70833,109
35.71667,109
35.72500,110
35.73333,111
35.74167,112
35.75000,112
35.75833,113
35.76667,114
35.77500,114
35.78333,115
35.79167,116
35.80000,116
35.80833,117
35.81667,118
35.82500,118
35.83333,118
35.84167,118
35.85000,118
35.85833,119
35.86667,120
35.87500,120
35.88333,120
35.89167,120
35.90000,120
35.90833,120
35.91667,120
35.92500,121
35.93333,121
35.94167,121
35.95000,122
35.95833,122
35.96667,122
35.97500,122
35.98333,122
35.99167,122
36.00000,122
36.00833,121
36.01667,121
36.02500,121
36.03333,121
36.04167,121
36.05000,120
36.05833,120
36.06667,119
36.07500,119
36.08333,118
36.09167,117
36.10000,117
36.10833,116
36.11667,116
36.12500,115
36.13333,114
36.14167,114
36.15000,113
36.15833,112
36.16667,112
36.17500,111
36.18333,110
36.19167,109
36.20000,108
36.20833,107
36.21667,106
36.22500,105
36.23333,104
36.24167,103
36.25000,102
36.25833,101
36.26667,100
36.27500,99
36.28333,99
36.29167,98
36.30000,97
36.30833,96
36.31667,95
36.32500,94
36.33333,93
36.34167,92
36.35000,92
36.35833,91
36.36667,90
36.37500,89
36.38333,88
36.39167,87
36.40000,86
36.40833,85
36.41667,84
36.42500,84
36.43333,82
36.44167,81
36.45000,81
36.45833,80
36.46667,79
36.47500,78
36.48333,77
36.49167,76
36.50000,75
36.50833,75
36.51667,74
36.52500,74
36.53333,73
36.54167,73
36.55000,73
36.55833,72
36.56667,72
36.57500,72
36.58333,71
36.59167,70
36.60000,70
36.60833,69
36.61667,69
36.62500,69
36.63333,69
36.64167,69
36.65000,68
36.65833,68
36.66667,69
36.67500,69
36.68333,69
36.69167,69
36.70000,69
36.70833,68
36.71667,69
36.72500,69
36.73333,69
36.74167,69
36.75000,69
36.75833,69
36.76667,69
36.77500,69
36.78333,69
36.79167,69
36.80000,69
36.80833,69
36.81667,69
36.82500,69
36.83333,70
36.84167,70
36.85000,71
36.85833,72
36.86667,72
36.87500,73
36.88333,73
36.89167,73
36.90000,74
36.90833,74
36.91667,74
36.92500,75
36.93333,75
36.94167,76
36.95000,76
36.95833,76
36.96667,77
36.97500,77
36.98333,78
36.99167,78
37.00000,79
37.00833,80
37.01667,81
37.02500,82
37.03333,83
37.04167,83
37.05000,84
37.05833,85
37.06667,86
37.07500,87
37.08333,89
37.09167,89
37.10000,90
37.10833,90
37.11667,91
37.12500,91
37.13333,92
37.14167,93
37.15000,94
37.15833,95
37.16667,96
37.17500,96
37.18333,97
37.19167,98
37.20000,99
37.20833,100
37.21667,101
37.22500,102
37.23333,103
37.24167,104
37.25000,105
37.25833,106
37.26667,107
37.27500,108
37.28333,109
37.29167,110
37.30000,111
37.30833,112
37.31667,114
37.32500,115
37.33333,115
37.34167,116
37.35000,117
37.35833,118
37.36667,120
37.37500,121
37.38333,122
37.39167,123
37.40000,125
37.40833,126
37.41667,128
37.42500,129
37.43333,130
37.44167,131
37.45000,132
37.45833,133
37.46667,134
37.47500,135
37.48333,136
37.49167,137
37.50000,138
37.50833,139
37.51667,140
37.52500,141
37.53333,142
37.54167,144
37.55000,145
37.55833,146
37.56667,147
37.57500,148
37.58333,149
37.59167,150
37.60000,151
37.60833,152
37.61667,153
37.62500,154
37.63333,155
37.64167,155
37.65000,156
37.65833,157
37.66667,158
37.67500,159
37.68333,159
37.69167,160
37.70000,160
37.70833,161
37.71667,162
37.72500,163
37.73333,163
37.74167,164
37.75000,164
37.75833,165
37.76667,165
37.77500,165
37.78333,166
37.79167,166
37.80000,166
37.80833,167
37.81667,167
37.82500,167
37.83333,168
37.84167,168
37.85000,168
37.85833,168
37.86667,168
37.87500,167
37.88333,167
37.89167,167
37.90000,168
37.90833,168
37.91667,168
37.92500,168
37.93333,168
37.94167,168
37.95000,167
37.95833,167
37.96667,167
37.97500,167
37.98333,166
37.99167,166
38.00000,166
38.00833,165
38.01667,165
38.02500,164
38.03333,163
38.04167,162
38.05000,162
38.05833,161
38.06667,161
38.07500,160
38.08333,159
38.09167,159
38.10000,157
38.10833,156
38.11667,155
38.12500,154
38.13333,153
38.14167,153
38.15000,152
38.15833,151
38.16667,150
38.17500,149
38.18333,147
38.19167,146
38.20000,146
38.20833,145
38.21667,144
38.22500,143
38.23333,141
38.24167,140
38.25000,139
38.25833,138
38.26667,136
38.27500,135
38.28333,134
38.29167,132
38.30000,131
38.30833,130
38.31667,128
38.32500,127
38.33333,126
38.34167,124
38.35000,123
38.35833,122
38.36667,121
38.37500,119
38.38333,118
38.39167,116
38.40000,114
38.40833,113
38.41667,112
38.42500,111
38.43333,109
38.44167,108
38.45000,107
38.45833,105
38.46667,103
38.47500,102
38.48333,100
38.49167,98
38.50000,97
38.50833,95
38.51667,94
38.52500,93
38.53333,91
38.54167,90
38.55000,88
38.55833,87
38.56667,85
38.57500,83
38.58333,82
38.59167,81
38.60000,80
38.60833,79
38.61667,77
38.62500,76
38.63333,74
38.64167,72
38.65000,71
38.65833,70
38.66667,68
38.67500,67
38.68333,66
38.69167,64
38.70000,63
38.70833,61
38.71667,60
38.72500,58
38.73333,57
38.74167,55
38.75000,54
38.75833,53
38.76667,51
38.77500,50
38.78333,49
38.79167,48
38.80000,47
38.80833,46
38.81667,45
38.82500,44
38.83333,43
38.84167,42
38.85000,41
38.85833,40
38.86667,40
38.87500,39
38.88333,38
38.89167,38
38.90000,37
38.90833,36
38.91667,35
38.92500,34
38.93333,34
38.94167,33
38.95000,32
38.95833,31
38.96667,30
38.97500,30
38.98333,29
38.99167,28
39.00000,27
39.00833,27
39.01667,26
39.02500,26
39.03333,26
39.04167,25
39.05000,24
39.05833,24
39.06667,23
39.07500,23
39.08333,23
39.09167,22
39.10000,22
39.10833,21
39.11667,21
39.12500,20
39.13333,20
39.14167,19
39.15000,19
39.15833,19
39.16667,19
39.17500,19
39.18333,18
39.19167,18
39.20000,18
39.20833,18
39.21667,17
39.22500,17
39.23333,16
39.24167,16
39.25000,16
39.25833,16
39.26667,15
39.27500,15
39.28333,15
39.29167,14
39.30000,14
39.30833,13
39.31667,13
39.32500,13
39.33333,13
39.34167,14
39.35000,13
39.35833,13
39.36667,13
39.37500,13
39.38333,13
39.39167,12
39.40000,12
39.40833,12
39.41667,11
39.42500,11
39.43333,11
39.44167,11
39.45000,11
39.45833,11
39.46667,11
39.47500,11
39.48333,11
39.49167,11
39.50000,11
39.50833,10
39.51667,10
39.52500,10
39.53333,10
39.54167,9
39.55000,9
39.55833,9
39.56667,10
39.57500,10
39.58333,9
39.59167,9
39.60000,9
39.60833,9
39.61667,9
39.62500,9
39.63333,9
39.64167,9
39.65000,9
39.65833,9
39.66667,8
39.67500,8
39.68333,8
39.69167,9
39.70000,9
39.70833,9
39.71667,8
39.72500,8
39.73333,8
39.74167,8
39.75000,8
39.75833,8
39.76667,8
39.77500,8
39.78333,8
39.79167,8
39.80000,8
39.80833,8
39.81667,8
39.82500,8
39.83333,8
39.84167,8
39.85000,7
39.85833,7
39.86667,7
39.87500,8
39.88333,8
39.89167,8
39.90000,8
39.90833,7
39.91667,7
39.92500,7
39.93333,7
39.94167,7
39.95000,7
39.95833,7
39.96667,8
39.97500,7
39.98333,7
39.99167,7
40.00000,7
40.00833,7
40.01667,7
40.02500,7
40.03333,7
40.04167,6
40.05000,6
40.05833,6
40.06667,6
40.07500,6
40.08333,6
40.09167,6
40.10000,6
40.10833,6
40.11667,6
40.12500,6
40.13333,6
40.14167,6
40.15000,6
40.15833,5
40.16667,5
40.17500,5
40.18333,5
40.19167,5
40.20000,5
40.20833,5
40.21667,6
40.22500,6
40.23333,6
40.24167,6
40.25000,6
40.25833,6
40.26667,6
40.27500,6
40.28333,6
40.29167,6
40.30000,6
40.30833,6
40.31667,6
40.32500,6
40.33333,7
40.34167,7
40.35000,7
40.35833,8
40.36667,8
40.37500,8
40.38333,7
40.39167,7
40.40000,7
40.40833,7
40.41667,7
40.42500,7
40.43333,8
40.44167,9
40.45000,9
40.45833,9
40.46667,9
40.47500,9
40.48333,9
40.49167,9
40.50000,10
40.50833,10
40.51667,11
40.52500,11
40.53333,11
40.54167,12
40.55000,12
40.55833,12
40.56667,13
40.57500,13
40.58333,14
40.59167,14
40.60000,15
40.60833,15
40.61667,15
40.62500,16
40.63333,16
40.64167,17
40.65000,17
40.65833,18
40.66667,18
40.67500,19
40.68333,19
40.69167,20
40.70000,21
40.70833,22
40.71667,23
40.72500,23
40.73333,24
40.74167,25
40.75000,25
40.75833,26
40.76667,27
40.77500,27
40.78333,28
40.79167,30
40.80000,31
40.80833,32
40.81667,33
40.82500,34
40.83333,34
40.84167,35
40.85000,36
40.85833,37
40.86667,38
40.87500,39
40.88333,40
40.89167,41
40.90000,42
40.90833,43
40.91667,44
40.92500,45
40.93333,46
40.94167,47
40.95000,49
40.95833,50
40.96667,51
40.97500,51
40.98333,52
40.99167,53
41.00000,54
41.00833,55
41.01667,56
41.02500,58
41.03333,59
41.04167,60
41.05000,62
41.05833,63
41.06667,64
41.07500,65
41.08333,67
41.09167,68
41.10000,69
41.10833,70
41.11667,72
41.12500,73
41.13333,74
41.14167,76
41.15000,77
41.15833,79
41.16667,80
41.17500,81
41.18333,82
41.19167,83
41.20000,85
41.20833,87
41.21667,88
41.22500,89
41.23333,90
41.24167,91
41.25000,93
41.25833,94
41.26667,95
41.27500,97
41.28333,98
41.29167,99
41.30000,100
41.30833,102
41.31667,103
41.32500,105
41.33333,106
41.34167,108
41.35000,109
41.35833,110
41.36667,111
41.37500,113
41.38333,114
41.39167,115
41.40000,116
41.40833,118
41.41667,119
41.42500,121
41.43333,122
41.44167,123
41.45000,125
41.45833,126
41.46667,128
41.47500,129
41.48333,131
41.49167,132
41.50000,133
41.50833,134
41.51667,135
41.52500,136
41.53333,137
41.54167,138
41.55000,139
41.55833,140
41.56667,141
41.57500,143
41.58333,144
41.59167,146
41.60000,147
41.60833,149
41.61667,150
41.62500,151
41.63333,152
41.64167,153
41.65000,154
41.65833,155
41.66667,156
41.67500,158
41.68333,159
41.69167,160
41.70000,161
41.70833,162
41.71667,163
41.72500,164
41.73333,165
41.74167,166
41.75000,167
41.75833,168
41.76667,168
41.77500,169
41.78333,170
41.79167,171
41.80000,172
41.80833,172
41.81667,173
41.82500,174
41.83333,174
41.84167,175
41.85000,175
41.85833,176
41.86667,177
41.87500,177
41.88333,178
41.89167,179
41.90000,180
41.90833,180
41.91667,180
41.92500,181
41.93333,182
41.94167,182
41.95000,183
41.95833,184
41.96667,184
41.97500,185
41.98333,185
41.99167,185
42.00000,185
42.00833,186
42.01667,186
42.02500,187
42.03333,187
42.04167,187
42.05000,187
42.05833,187
42.06667,187
42.07500,187
42.08333,188
42.09167,188
42.10000,188
42.10833,188
42.11667,188
42.12500,188
42.13333,188
42.14167,188
42.15000,188
42.15833,188
42.16667,188
42.17500,188
42.18333,188
42.19167,188
42.20000,189
42.20833,189
42.21667,189
42.22500,189
42.23333,189
42.24167,189
42.25000,188
42.25833,188
42.26667,187
42.27500,187
42.28333,187
42.29167,186
42.30000,186
42.30833,186
42.31667,185
42.32500,185
42.33333,185
42.34167,185
42.35000,185
42.35833,184
42.36667,184
42.37500,184
42.38333,183
42.39167,183
42.40000,182
42.40833,182
42.41667,181
42.42500,181
42.43333,181
42.44167,181
42.45000,180
42.45833,180
42.46667,179
42.47500,179
42.48333,179
42.49167,178
42.50000,178
42.50833,177
42.51667,177
42.52500,176
42.53333,176
42.54167,175
42.55000,174
42.55833,174
42.56667,173
42.57500,172
42.58333,172
42.59167,171
42.60000,171
42.60833,170
42.61667,170
42.62500,169
42.63333,168
42.64167,167
42.65000,166
42.65833,165
42.66667,165
42.67500,164
42.68333,164
42.69167,163
42.70000,162
42.70833,162
42.71667,161
42.72500,160
42.73333,159
42.74167,158
42.75000,157
42.75833,156
42.76667,156
42.77500,155
42.78333,154
42.79167,154
42.80000,153
42.80833,152
42.81667,152
42.82500,151
42.83333,151
42.84167,150
42.85000,150
42.85833,149
42.86667,148
42.87500,147
42.88333,146
42.89167,145
42.90000,144
42.90833,144
42.91667,143
42.92500,142
42.93333,141
42.94167,140
42.95000,139
42.95833,138
42.96667,137
42.97500,136
42.98333,136
42.99167,135
43.00000,134
43.00833,134
43.01667,133
43.02500,132
43.03333,131
43.04167,130
43.05000,129
43.05833,128
43.06667,127
43.07500,126
43.08333,125
43.09167,125
43.10000,124
43.10833,124
43.11667,123
43.12500,122
43.13333,121
43.14167,121
43.15000,120
43.15833,119
43.16667,118
43.17500,118
43.18333,117
43.19167,116
43.20000,116
43.20833,115
43.21667,114
43.22500,113
43.23333,112
43.24167,111
43.25000,110
43.25833,109
43.26667,109
43.27500,108
43.28333,108
43.29167,108
43.30000,107
43.30833,106
43.31667,106
43.32500,105
43.33333,105
43.34167,104
43.35000,103
43.35833,102
43.36667,100
43.37500,100
43.38333,99
43.39167,98
43.40000,97
43.40833,96
43.41667,96
43.42500,95
43.43333,95
43.44167,95
43.45000,94
43.45833,94
43.46667,93
43.47500,93
43.48333,92
43.49167,91
43.50000,91
43.50833,90
43.51667,90
43.52500,89
43.53333,88
43.54167,87
43.55000,86
43.55833,86
43.56667,85
43.57500,84
43.58333,84
43.59167,84
43.60000,83
43.60833,82
43.61667,81
43.62500,81
43.63333,80
43.64167,80
43.65000,79
43.65833,79
43.66667,78
43.67500,78
43.68333,77
43.69167,76
43.70000,76
43.70833,75
43.71667,74
43.72500,74
43.73333,73
43.74167,73
43.75000,72
43.75833,71
43.76667,71
43.77500,70
43.78333,70
43.79167,69
43.80000,68
43.80833,67
43.81667,67
43.82500,66
43.83333,66
43.84167,66
43.85000,65
43.85833,65
43.86667,64
43.87500,64
43.88333,63
43.89167,63
43.90000,62
43.90833,61
43.91667,61
43.92500,60
43.93333,59
43.94167,58
43.95000,58
43.95833,57
43.96667,57
43.97500,56
43.98333,56
43.99167,55
44.00000,55
44.00833,55
44.01667,55
44.02500,54
44.03333,53
44.04167,53
44.05000,52
44.05833,51
44.06667,51
44.07500,51
44.08333,50
44.09167,50
44.10000,49
44.10833,49
44.11667,48
44.12500,47
44.13333,47
44.14167,46
44.15000,45
44.15833,45
44.16667,45
44.17500,44
44.18333,44
44.19167,43
44.20000,43
44.20833,42
44.21667,42
44.22500,41
44.23333,40
44.24167,40
44.25000,39
44.25833,39
44.26667,39
44.27500,38
44.28333,38
44.29167,37
44.30000,37
44.30833,37
44.31667,36
44.32500,36
44.33333,35
44.34167,35
44.35000,34
44.35833,33
44.36667,33
44.37500,32
44.38333,32
44.39167,32
44.40000,31
44.40833,31
44.41667,31
44.42500,30
44.43333,30
44.44167,30
44.45000,30
44.45833,29
44.46667,28
44.47500,28
44.48333,28
44.49167,28
44.50000,27
44.50833,27
44.51667,27
44.52500,27
44.53333,27
44.54167,26
44.55000,25
44.55833,24
44.56667,24
44.57500,23
44.58333,23
44.59167,22
44.60000,22
44.60833,22
44.61667,22
44.62500,22
44.63333,21
44.64167,21
44.65000,21
44.65833,20
44.66667,20
44.67500,19
44.68333,19
44.69167,18
44.70000,18
44.70833,18
44.71667,18
44.72500,18
44.73333,17
44.74167,17
44.75000,17
44.75833,16
44.76667,16
44.77500,16
44.78333,16
44.79167,16
44.80000,15
44.80833,15
44.81667,14
44.82500,14
44.83333,14
44.84167,13
44.85000,13
44.85833,13
44.86667,13
44.87500,13
44.88333,13
44.89167,13
44.90000,13
44.90833,12
44.91667,12
44.92500,12
44.93333,12
44.94167,11
44.95000,11
44.95833,10
44.96667,10
44.97500,9
44.98333,9
44.99167,9
45.00000,9
45.00833,9
45.01667,9
45.02500,9
45.03333,8
45.04167,9
45.05000,9
45.05833,9
45.06667,10
45.07500,10
45.08333,10
45.09167,10
45.10000,10
45.10833,9
45.11667,8
45.12500,8
45.13333,7
45.14167,7
45.15000,7
45.15833,7
45.16667,7
45.17500,7
45.18333,7
45.19167,7
45.20000,6
45.20833,6
45.21667,6
45.22500,6
45.23333,6
45.24167,6
45.25000,6
45.25833,6
45.26667,6
45.27500,6
45.28333,6
45.29167,6
45.30000,6
45.30833,6
45.31667,6
45.32500,6
45.33333,6
45.34167,6
45.35000,6
45.35833,6
45.36667,6
45.37500,6
45.38333,6
45.39167,6
45.40000,6
45.40833,6
45.41667,6
45.42500,5
45.43333,5
45.44167,5
45.45000,5
45.45833,5
45.46667,5
45.47500,4
45.48333,4
45.49167,4
45.50000,4
45.50833,5
45.51667,5
45.52500,4
45.53333,4
45.54167,5
45.55000,5
45.55833,5
45.56667,4
45.57500,4
45.58333,5
45.59167,4
45.60000,5
45.60833,5
45.61667,5
45.62500,4
45.63333,4
45.64167,4
45.65000,4
45.65833,4
45.66667,3
45.67500,3
45.68333,4
45.69167,3
45.70000,3
45.70833,3
45.71667,3
45.72500,4
45.73333,4
45.74167,4
45.75000,4
45.75833,3
45.76667,3
45.77500,3
45.78333,3
45.79167,3
45.80000,3
45.80833,3
45.81667,3
45.82500,3
45.83333,3
45.84167,3
45.85000,2
45.85833,2
45.86667,2
45.87500,2
45.88333,2
45.89167,2
45.90000,2
45.90833,2
45.91667,2
45.92500,1
45.93333,1
45.94167,1
45.95000,1
45.95833,1
45.96667,1
45.97500,1
45.98333,0
45.99167,0
46.00000,0
46.00833,-0
46.01667,-0
46.02500,-0
46.03333,-1
46.04167,-1
46.05000,-1
46.05833,-2
46.06667,-2
46.07500,-2
46.08333,-2
46.09167,-3
46.10000,-3
46.10833,-3
46.11667,-3
46.12500,-3
46.13333,-3
46.14167,-3
46.15000,-3
46.15833,-3
46.16667,-3
46.17500,-3
46.18333,-3
46.19167,-3
46.20000,-3
46.20833,-4
46.21667,-4
46.22500,-5
46.23333,-5
46.24167,-5
46.25000,-5
46.25833,-5
46.26667,-5
46.27500,-6
46.28333,-6
46.29167,-7
46.30000,-7
46.30833,-7
46.31667,-8
46.32500,-8
46.33333,-8
46.34167,-9
46.35000,-9
46.35833,-9
46.36667,-9
46.37500,-9
46.38333,-9
46.39167,-9
46.40000,-9
46.40833,-9
46.41667,-9
46.42500,-9
46.43333,-10
46.44167,-10
46.45000,-10
46.45833,-11
46.46667,-11
46.47500,-12
46.48333,-12
46.49167,-12
46.50000,-13
46.50833,-13
46.51667,-13
46.52500,-13
46.53333,-13
46.54167,-13
46.55000,-13
46.55833,-13
46.56667,-14
46.57500,-14
46.58333,-15
46.59167,-15
46.60000,-15
46.60833,-15
46.61667,-15
46.62500,-16
46.63333,-16
46.64167,-16
46.65000,-16
46.65833,-17
46.66667,-17
46.67500,-17
46.68333,-18
46.69167,-18
46.70000,-18
46.70833,-18
46.71667,-18
46.72500,-19
46.73333,-19
46.74167,-19
46.75000,-19
46.75833,-19
46.76667,-19
46.77500,-19
46.78333,-19
46.79167,-19
46.80000,-19
46.80833,-19
46.81667,-20
46.82500,-20
46.83333,-20
46.84167,-21
46.85000,-21
46.85833,-21
46.86667,-21
46.87500,-21
46.88333,-21
46.89167,-21
46.90000,-21
46.90833,-21
46.91667,-21
46.92500,-21
46.93333,-21
46.94167,-21
46.95000,-22
46.95833,-22
46.96667,-22
46.97500,-22
46.98333,-22
46.99167,-22
47.00000,-22
47.00833,-22
47.01667,-22
47.02500,-22
47.03333,-21
47.04167,-21
47.05000,-22
47.05833,-22
47.06667,-22
47.07500,-22
47.08333,-22
47.09167,-22
47.10000,-22
47.10833,-22
47.11667,-21
47.12500,-21
47.13333,-21
47.14167,-21
47.15000,-20
47.15833,-21
47.16667,-20
47.17500,-20
47.18333,-20
47.19167,-20
47.20000,-19
47.20833,-19
47.21667,-19
47.22500,-19
47.23333,-19
47.24167,-19
47.25000,-19
47.25833,-18
47.26667,-18
47.27500,-17
47.28333,-17
47.29167,-16
47.30000,-16
47.30833,-15
47.31667,-15
47.32500,-14
47.33333,-14
47.34167,-14
47.35000,-14
47.35833,-14
47.36667,-14
47.37500,-14
47.38333,-13
47.39167,-13
47.40000,-12
47.40833,-11
47.41667,-11
47.42500,-10
47.43333,-10
47.44167,-9
47.45000,-9
47.45833,-8
47.46667,-8
47.47500,-7
47.48333,-6
47.49167,-5
47.50000,-5
47.50833,-4
47.51667,-3
47.52500,-2
47.53333,-1
47.54167,-1
47.55000,0
47.55833,1
47.56667,2
47.57500,3
47.58333,3
47.59167,4
47.60000,4
47.60833,5
47.61667,6
47.62500,7
47.63333,7
47.64167,8
47.65000,9
47.65833,10
47.66667,11
47.67500,12
47.68333,13
47.69167,14
47.70000,15
47.70833,16
47.71667,17
47.72500,17
47.73333,18
47.74167,19
47.75000,20
47.75833,20
47.76667,21
47.77500,22
47.78333,23
47.79167,24
47.80000,25
47.80833,26
47.81667,26
47.82500,27
47.83333,27
47.84167,28
47.85000,29
47.85833,30
47.86667,31
47.87500,32
47.88333,32
47.89167,33
47.90000,34
47.90833,34
47.91667,35
47.92500,35
47.93333,36
47.94167,36
47.95000,37
47.95833,38
47.96667,38
47.97500,39
47.98333,40
47.99167,40
48.00000,41
48.00833,42
48.01667,42
48.02500,43
48.03333,44
48.04167,45
48.05000,45
48.05833,46
48.06667,47
48.07500,47
48.08333,47
48.09167,48
48.10000,49
48.10833,49
48.11667,49
48.12500,49
48.13333,50
48.14167,50
48.15000,50
48.15833,51
48.16667,51
48.17500,52
48.18333,52
48.19167,53
48.20000,53
48.20833,53
48.21667,54
48.22500,54
48.23333,55
48.24167,55
48.25000,55
48.25833,55
48.26667,56
48.27500,56
48.28333,56
48.29167,56
48.30000,57
48.30833,57
48.31667,57
48.32500,57
48.33333,58
48.34167,58
48.35000,58
48.35833,58
48.36667,58
48.37500,58
48.38333,58
48.39167,59
48.40000,59
48.40833,59
48.41667,60
48.42500,60
48.43333,60
48.44167,60
48.45000,60
48.45833,60
48.46667,60
48.47500,61
48.48333,61
48.49167,61
48.50000,61
48.50833,62
48.51667,62
48.52500,62
48.53333,62
48.54167,62
48.55000,62
48.55833,61
48.56667,61
48.57500,61
48.58333,61
48.59167,61
48.60000,62
48.60833,62
48.61667,62
48.62500,62
48.63333,62
48.64167,62
48.65000,62
48.65833,62
48.66667,62
48.67500,63
48.68333,63
48.69167,63
48.70000,62
48.70833,62
48.71667,62
48.72500,62
48.73333,63
48.74167,63
48.75000,63
48.75833,63
48.76667,63
48.77500,63
48.78333,63
48.79167,63
48.80000,63
48.80833,63
48.81667,63
48.82500,63
48.83333,64
48.84167,64
48.85000,64
48.85833,64
48.86667,64
48.87500,64
48.88333,64
48.89167,64
48.90000,64
48.90833,64
48.91667,64
48.92500,64
48.93333,64
48.94167,64
48.95000,64
48.95833,64
48.96667,64
48.97500,64
48.98333,64
48.99167,64
49.00000,64
49.00833,65
49.01667,65
49.02500,64
49.03333,64
49.04167,65
49.05000,65
49.05833,65
49.06667,65
49.07500,65
49.08333,64
49.09167,64
49.10000,64
49.10833,65
49.11667,65
49.12500,64
49.13333,64
49.14167,64
49.15000,65
49.15833,65
49.16667,65
49.17500,65
49.18333,65
49.19167,65
49.20000,65
49.20833,64
49.21667,64
49.22500,64
49.23333,64
49.24167,64
49.25000,64
49.25833,64
49.26667,63
49.27500,63
49.28333,63
49.29167,63
49.30000,63
49.30833,64
49.31667,64
49.32500,64
49.33333,64
49.34167,64
49.35000,64
49.35833,65
49.36667,64
49.37500,64
49.38333,64
49.39167,63
49.40000,63
49.40833,63
49.41667,63
49.42500,63
49.43333,63
49.44167,63
49.45000,63
49.45833,63
49.46667,62
49.47500,62
49.48333,62
49.49167,61
49.50000,61
49.50833,61
49.51667,61
49.52500,61
49.53333,60
49.54167,60
49.55000,60
49.55833,60
49.56667,60
49.57500,60
49.58333,59
49.59167,59
49.60000,59
49.60833,59
49.61667,58
49.62500,58
49.63333,58
49.64167,57
49.65000,57
49.65833,56
49.66667,56
49.67500,56
49.68333,56
49.69167,56
49.70000,55
49.70833,55
49.71667,54
49.72500,54
49.73333,53
49.74167,53
49.75000,52
49.75833,52
49.76667,52
49.77500,51
49.78333,51
49.79167,50
49.80000,50
49.80833,49
49.81667,49
49.82500,48
49.83333,48
49.84167,47
49.85000,47
49.85833,47
49.86667,46
49.87500,46
49.88333,45
49.89167,45
49.90000,44
49.90833,44
49.91667,43
49.92500,43
49.93333,42
49.94167,41
49.95000,40
49.95833,40
49.96667,39
49.97500,38
49.98333,38
49.99167,37
50.00000,37

