[Header]
Application Name,LabSolutions
Version,5.97 SP1
Data File Name,C:\Users\cremerlab\Desktop\Richa\Sep_2nd_2022_scfa_rt50min_final\Sep 2nd yield expt_922022_001_010.lcd
Output Date,9/3/2022
Output Time,1:29:41 AM

[File Information]
Type,Data File
Generated,9/3/2022 12:39:21 AM
Generated by,System Administrator
Modified,9/3/2022 1:29:41 AM
Modified by,System Administrator

[Sample Information]
Operator Name,System Administrator
Acquired,9/3/2022 12:39:40 AM
Sample Type,0:Unknown
Level,0
Sample Name,090222_B.theta_1
Sample ID,001
ISTD Amount1,1
ISTD Amount2,1
ISTD Amount3,1
ISTD Amount4,1
ISTD Amount5,1
ISTD Amount6,1
ISTD Amount7,1
ISTD Amount8,1
ISTD Amount9,1
ISTD Amount10,1
ISTD Amount11,1
ISTD Amount12,1
ISTD Amount13,1
ISTD Amount14,1
ISTD Amount15,1
ISTD Amount16,1
ISTD Amount17,1
ISTD Amount18,1
ISTD Amount19,1
ISTD Amount20,1
ISTD Amount21,1
ISTD Amount22,1
ISTD Amount23,1
ISTD Amount24,1
ISTD Amount25,1
ISTD Amount26,1
ISTD Amount27,1
ISTD Amount28,1
ISTD Amount29,1
ISTD Amount30,1
ISTD Amount31,1
ISTD Amount32,1
Sample Amount,1
Dilution Factor,1
Vial#,9
Injection Volume,20

[Original Files]
Data File,C:\Users\cremerlab\Desktop\Richa\Sep_2nd_2022_scfa_rt50min_final\Sep 2nd yield expt_922022_001_010.lcd
Method File,C:\Users\cremerlab\Desktop\Richa\acetate_excretion.lcm
Batch File,C:\Users\cremerlab\Desktop\Richa\Sep_2nd_2022_scfa_rt50min_final\Sep 2nd yield expt.lcb
Report Format File,c:\LabSolutions\System\DEFAULT.lsr

[File Description]


[Configuration]
Instrument Name,HPLC-PC-Instrument1
Instrument #,1
Line #,1
# of Detectors,2
Detector ID,Detector A,Detector B
Detector Name,Detector A,Detector B
# of Channels,1,1

[Peak Table(Detector A)]
# of Peaks,0

[Peak Table(Detector B)]
# of Peaks,10
Peak#,R.Time,I.Time,F.Time,Area,Height,A/H,Conc.,Mark,ID#,Name,k',Plate #,Plate Ht.,Tailing,Resolution,Sep.Factor,Area Ratio,Height Ratio,Conc. %,Norm Conc.
1,11.016,10.258,12.300,2265413,115975,19.534,0.000,   ,,,0.000,7566,19.825,0.969,0.000,0.000,0,0,0.000,0.000
2,14.329,12.667,15.183,3568217,76782,46.472,0.000,   ,,,0.301,2508,59.812,0.657,4.013,0.000,0,0,0.000,0.000
3,15.756,15.183,18.408,1521556,51945,29.292,0.000,SV ,,,0.430,6941,21.611,1.142,1.502,1.431,0,0,0.000,0.000
4,17.867,17.417,18.383,7381,256,28.819,0.000,T  ,,,0.622,8310,18.051,1.062,2.740,1.445,0,0,0.000,0.000
5,19.097,18.442,19.767,13050,310,42.139,0.000,   ,,,0.734,4285,35.005,0.981,1.261,1.180,0,0,0.000,0.000
6,20.308,19.800,20.908,15232,488,31.182,0.000,   ,,,0.843,9509,15.774,1.096,1.210,1.150,0,0,0.000,0.000
7,21.855,21.367,22.483,16300,470,34.680,0.000,   ,,,0.984,9401,15.956,1.110,1.784,1.167,0,0,0.000,0.000
8,25.083,24.308,26.417,139280,3387,41.127,0.000,   ,,,1.277,9067,16.544,1.167,3.301,1.298,0,0,0.000,0.000
9,29.240,28.375,30.650,142784,2880,49.585,0.000,   ,,,1.654,8660,17.321,1.250,3.598,1.296,0,0,0.000,0.000
10,32.532,31.725,34.392,34700,450,77.037,0.000,   ,,,1.953,807,185.782,1.573,1.128,1.181,0,0,0.000,0.000

[LC Chromatogram(Detector B-Ch1)]
Interval(msec),500
# of Points,6001
Start Time(min),0.000
End Time(min),50.000
Intensity Units,mV
Intensity Multiplier,0.001
R.Time (min),Intensity
0.00000,-12
0.00833,-12
0.01667,-1
0.02500,-1
0.03333,-2
0.04167,-3
0.05000,-4
0.05833,-5
0.06667,-6
0.07500,-7
0.08333,-7
0.09167,-8
0.10000,-9
0.10833,-9
0.11667,-10
0.12500,-10
0.13333,-10
0.14167,-11
0.15000,-12
0.15833,-12
0.16667,-13
0.17500,-14
0.18333,-14
0.19167,-15
0.20000,-15
0.20833,-16
0.21667,-16
0.22500,-17
0.23333,-18
0.24167,-18
0.25000,-19
0.25833,-19
0.26667,-20
0.27500,-20
0.28333,-20
0.29167,-21
0.30000,-21
0.30833,-22
0.31667,-22
0.32500,-22
0.33333,-22
0.34167,-22
0.35000,-23
0.35833,-23
0.36667,-23
0.37500,-23
0.38333,-23
0.39167,-24
0.40000,-24
0.40833,-25
0.41667,-25
0.42500,-26
0.43333,-26
0.44167,-27
0.45000,-27
0.45833,-27
0.46667,-27
0.47500,-27
0.48333,-27
0.49167,-28
0.50000,-29
0.50833,-29
0.51667,-29
0.52500,-29
0.53333,-30
0.54167,-30
0.55000,-30
0.55833,-29
0.56667,-29
0.57500,-29
0.58333,-29
0.59167,-30
0.60000,-30
0.60833,-30
0.61667,-30
0.62500,-30
0.63333,-30
0.64167,-30
0.65000,-31
0.65833,-31
0.66667,-31
0.67500,-31
0.68333,-31
0.69167,-31
0.70000,-31
0.70833,-31
0.71667,-31
0.72500,-31
0.73333,-31
0.74167,-31
0.75000,-32
0.75833,-32
0.76667,-32
0.77500,-32
0.78333,-32
0.79167,-32
0.80000,-32
0.80833,-31
0.81667,-31
0.82500,-31
0.83333,-31
0.84167,-31
0.85000,-31
0.85833,-31
0.86667,-31
0.87500,-31
0.88333,-31
0.89167,-31
0.90000,-31
0.90833,-31
0.91667,-31
0.92500,-30
0.93333,-30
0.94167,-30
0.95000,-30
0.95833,-30
0.96667,-30
0.97500,-30
0.98333,-30
0.99167,-29
1.00000,-29
1.00833,-29
1.01667,-29
1.02500,-28
1.03333,-28
1.04167,-28
1.05000,-28
1.05833,-28
1.06667,-28
1.07500,-28
1.08333,-28
1.09167,-28
1.10000,-28
1.10833,-27
1.11667,-27
1.12500,-27
1.13333,-27
1.14167,-27
1.15000,-27
1.15833,-27
1.16667,-27
1.17500,-27
1.18333,-27
1.19167,-27
1.20000,-27
1.20833,-27
1.21667,-26
1.22500,-26
1.23333,-26
1.24167,-26
1.25000,-26
1.25833,-25
1.26667,-25
1.27500,-25
1.28333,-25
1.29167,-25
1.30000,-25
1.30833,-24
1.31667,-24
1.32500,-24
1.33333,-24
1.34167,-24
1.35000,-24
1.35833,-24
1.36667,-24
1.37500,-23
1.38333,-23
1.39167,-23
1.40000,-23
1.40833,-22
1.41667,-22
1.42500,-22
1.43333,-21
1.44167,-21
1.45000,-21
1.45833,-21
1.46667,-21
1.47500,-20
1.48333,-20
1.49167,-20
1.50000,-20
1.50833,-20
1.51667,-20
1.52500,-20
1.53333,-20
1.54167,-19
1.55000,-19
1.55833,-19
1.56667,-19
1.57500,-18
1.58333,-18
1.59167,-18
1.60000,-18
1.60833,-17
1.61667,-17
1.62500,-17
1.63333,-17
1.64167,-17
1.65000,-17
1.65833,-16
1.66667,-16
1.67500,-16
1.68333,-16
1.69167,-15
1.70000,-15
1.70833,-15
1.71667,-15
1.72500,-14
1.73333,-15
1.74167,-15
1.75000,-14
1.75833,-14
1.76667,-14
1.77500,-14
1.78333,-14
1.79167,-13
1.80000,-13
1.80833,-13
1.81667,-12
1.82500,-12
1.83333,-12
1.84167,-13
1.85000,-12
1.85833,-12
1.86667,-12
1.87500,-12
1.88333,-12
1.89167,-12
1.90000,-12
1.90833,-12
1.91667,-12
1.92500,-12
1.93333,-12
1.94167,-12
1.95000,-12
1.95833,-12
1.96667,-11
1.97500,-11
1.98333,-11
1.99167,-11
2.00000,-11
2.00833,-11
2.01667,-11
2.02500,-10
2.03333,-10
2.04167,-10
2.05000,-9
2.05833,-9
2.06667,-10
2.07500,-10
2.08333,-10
2.09167,-10
2.10000,-10
2.10833,-10
2.11667,-10
2.12500,-10
2.13333,-10
2.14167,-10
2.15000,-10
2.15833,-10
2.16667,-10
2.17500,-10
2.18333,-10
2.19167,-10
2.20000,-10
2.20833,-10
2.21667,-10
2.22500,-10
2.23333,-10
2.24167,-10
2.25000,-10
2.25833,-10
2.26667,-10
2.27500,-10
2.28333,-10
2.29167,-10
2.30000,-10
2.30833,-10
2.31667,-10
2.32500,-10
2.33333,-10
2.34167,-10
2.35000,-10
2.35833,-10
2.36667,-10
2.37500,-10
2.38333,-10
2.39167,-9
2.40000,-9
2.40833,-9
2.41667,-9
2.42500,-9
2.43333,-9
2.44167,-9
2.45000,-9
2.45833,-9
2.46667,-10
2.47500,-10
2.48333,-10
2.49167,-10
2.50000,-10
2.50833,-10
2.51667,-10
2.52500,-10
2.53333,-10
2.54167,-11
2.55000,-11
2.55833,-11
2.56667,-11
2.57500,-11
2.58333,-11
2.59167,-11
2.60000,-12
2.60833,-12
2.61667,-12
2.62500,-12
2.63333,-12
2.64167,-12
2.65000,-12
2.65833,-13
2.66667,-13
2.67500,-13
2.68333,-13
2.69167,-13
2.70000,-12
2.70833,-12
2.71667,-12
2.72500,-12
2.73333,-13
2.74167,-13
2.75000,-13
2.75833,-13
2.76667,-13
2.77500,-14
2.78333,-14
2.79167,-14
2.80000,-14
2.80833,-14
2.81667,-14
2.82500,-14
2.83333,-14
2.84167,-15
2.85000,-15
2.85833,-15
2.86667,-14
2.87500,-14
2.88333,-14
2.89167,-14
2.90000,-14
2.90833,-14
2.91667,-14
2.92500,-15
2.93333,-15
2.94167,-15
2.95000,-15
2.95833,-15
2.96667,-15
2.97500,-15
2.98333,-15
2.99167,-15
3.00000,-15
3.00833,-15
3.01667,-15
3.02500,-15
3.03333,-15
3.04167,-15
3.05000,-15
3.05833,-15
3.06667,-15
3.07500,-15
3.08333,-15
3.09167,-15
3.10000,-15
3.10833,-15
3.11667,-15
3.12500,-15
3.13333,-15
3.14167,-15
3.15000,-15
3.15833,-15
3.16667,-16
3.17500,-16
3.18333,-16
3.19167,-16
3.20000,-16
3.20833,-16
3.21667,-15
3.22500,-16
3.23333,-16
3.24167,-16
3.25000,-17
3.25833,-16
3.26667,-16
3.27500,-16
3.28333,-16
3.29167,-16
3.30000,-16
3.30833,-16
3.31667,-16
3.32500,-16
3.33333,-15
3.34167,-15
3.35000,-16
3.35833,-16
3.36667,-16
3.37500,-15
3.38333,-15
3.39167,-15
3.40000,-15
3.40833,-15
3.41667,-15
3.42500,-14
3.43333,-14
3.44167,-14
3.45000,-14
3.45833,-14
3.46667,-14
3.47500,-14
3.48333,-14
3.49167,-14
3.50000,-14
3.50833,-14
3.51667,-14
3.52500,-14
3.53333,-13
3.54167,-13
3.55000,-13
3.55833,-13
3.56667,-12
3.57500,-12
3.58333,-12
3.59167,-12
3.60000,-12
3.60833,-12
3.61667,-12
3.62500,-12
3.63333,-12
3.64167,-12
3.65000,-12
3.65833,-11
3.66667,-11
3.67500,-10
3.68333,-10
3.69167,-10
3.70000,-9
3.70833,-9
3.71667,-8
3.72500,-8
3.73333,-8
3.74167,-8
3.75000,-8
3.75833,-8
3.76667,-7
3.77500,-7
3.78333,-6
3.79167,-6
3.80000,-6
3.80833,-6
3.81667,-6
3.82500,-5
3.83333,-5
3.84167,-5
3.85000,-5
3.85833,-5
3.86667,-4
3.87500,-4
3.88333,-4
3.89167,-4
3.90000,-3
3.90833,-3
3.91667,-3
3.92500,-3
3.93333,-2
3.94167,-2
3.95000,-1
3.95833,-0
3.96667,0
3.97500,0
3.98333,0
3.99167,1
4.00000,1
4.00833,1
4.01667,1
4.02500,2
4.03333,2
4.04167,2
4.05000,3
4.05833,4
4.06667,4
4.07500,5
4.08333,6
4.09167,7
4.10000,7
4.10833,8
4.11667,8
4.12500,8
4.13333,8
4.14167,9
4.15000,9
4.15833,9
4.16667,10
4.17500,11
4.18333,11
4.19167,12
4.20000,12
4.20833,13
4.21667,13
4.22500,14
4.23333,14
4.24167,14
4.25000,15
4.25833,15
4.26667,16
4.27500,16
4.28333,17
4.29167,18
4.30000,19
4.30833,20
4.31667,20
4.32500,21
4.33333,22
4.34167,22
4.35000,23
4.35833,24
4.36667,25
4.37500,25
4.38333,26
4.39167,27
4.40000,27
4.40833,28
4.41667,28
4.42500,29
4.43333,29
4.44167,30
4.45000,31
4.45833,31
4.46667,32
4.47500,33
4.48333,34
4.49167,35
4.50000,35
4.50833,36
4.51667,37
4.52500,38
4.53333,38
4.54167,39
4.55000,40
4.55833,40
4.56667,41
4.57500,41
4.58333,42
4.59167,42
4.60000,43
4.60833,44
4.61667,45
4.62500,45
4.63333,45
4.64167,46
4.65000,46
4.65833,47
4.66667,47
4.67500,48
4.68333,49
4.69167,50
4.70000,51
4.70833,52
4.71667,53
4.72500,53
4.73333,53
4.74167,53
4.75000,54
4.75833,54
4.76667,54
4.77500,55
4.78333,55
4.79167,56
4.80000,56
4.80833,56
4.81667,56
4.82500,57
4.83333,57
4.84167,58
4.85000,58
4.85833,58
4.86667,59
4.87500,60
4.88333,60
4.89167,61
4.90000,61
4.90833,62
4.91667,62
4.92500,62
4.93333,62
4.94167,62
4.95000,62
4.95833,63
4.96667,63
4.97500,63
4.98333,63
4.99167,63
5.00000,63
5.00833,63
5.01667,63
5.02500,63
5.03333,63
5.04167,63
5.05000,63
5.05833,63
5.06667,63
5.07500,63
5.08333,63
5.09167,62
5.10000,62
5.10833,62
5.11667,62
5.12500,63
5.13333,63
5.14167,63
5.15000,63
5.15833,63
5.16667,63
5.17500,62
5.18333,62
5.19167,62
5.20000,62
5.20833,62
5.21667,61
5.22500,61
5.23333,61
5.24167,61
5.25000,61
5.25833,61
5.26667,60
5.27500,60
5.28333,60
5.29167,60
5.30000,60
5.30833,59
5.31667,59
5.32500,59
5.33333,58
5.34167,58
5.35000,58
5.35833,57
5.36667,57
5.37500,56
5.38333,55
5.39167,55
5.40000,54
5.40833,54
5.41667,54
5.42500,53
5.43333,53
5.44167,52
5.45000,52
5.45833,51
5.46667,51
5.47500,51
5.48333,50
5.49167,50
5.50000,49
5.50833,48
5.51667,48
5.52500,47
5.53333,47
5.54167,46
5.55000,46
5.55833,46
5.56667,46
5.57500,45
5.58333,44
5.59167,44
5.60000,43
5.60833,43
5.61667,42
5.62500,41
5.63333,41
5.64167,40
5.65000,39
5.65833,39
5.66667,38
5.67500,37
5.68333,36
5.69167,36
5.70000,35
5.70833,34
5.71667,33
5.72500,32
5.73333,31
5.74167,31
5.75000,30
5.75833,30
5.76667,29
5.77500,29
5.78333,28
5.79167,27
5.80000,27
5.80833,26
5.81667,25
5.82500,24
5.83333,23
5.84167,23
5.85000,22
5.85833,21
5.86667,20
5.87500,20
5.88333,19
5.89167,18
5.90000,17
5.90833,16
5.91667,15
5.92500,15
5.93333,14
5.94167,13
5.95000,12
5.95833,11
5.96667,10
5.97500,10
5.98333,9
5.99167,8
6.00000,7
6.00833,6
6.01667,5
6.02500,5
6.03333,4
6.04167,3
6.05000,3
6.05833,1
6.06667,0
6.07500,-0
6.08333,-1
6.09167,-2
6.10000,-2
6.10833,-3
6.11667,-4
6.12500,-5
6.13333,-6
6.14167,-6
6.15000,-7
6.15833,-7
6.16667,-8
6.17500,-9
6.18333,-10
6.19167,-11
6.20000,-12
6.20833,-12
6.21667,-13
6.22500,-13
6.23333,-14
6.24167,-15
6.25000,-15
6.25833,-16
6.26667,-16
6.27500,-17
6.28333,-17
6.29167,-18
6.30000,-19
6.30833,-20
6.31667,-21
6.32500,-21
6.33333,-22
6.34167,-22
6.35000,-23
6.35833,-24
6.36667,-24
6.37500,-25
6.38333,-26
6.39167,-26
6.40000,-27
6.40833,-27
6.41667,-28
6.42500,-28
6.43333,-28
6.44167,-29
6.45000,-30
6.45833,-30
6.46667,-31
6.47500,-31
6.48333,-31
6.49167,-31
6.50000,-32
6.50833,-32
6.51667,-32
6.52500,-33
6.53333,-33
6.54167,-34
6.55000,-34
6.55833,-34
6.56667,-35
6.57500,-35
6.58333,-36
6.59167,-36
6.60000,-37
6.60833,-38
6.61667,-38
6.62500,-38
6.63333,-38
6.64167,-38
6.65000,-38
6.65833,-39
6.66667,-39
6.67500,-39
6.68333,-39
6.69167,-39
6.70000,-39
6.70833,-40
6.71667,-40
6.72500,-40
6.73333,-40
6.74167,-40
6.75000,-40
6.75833,-41
6.76667,-41
6.77500,-41
6.78333,-41
6.79167,-41
6.80000,-42
6.80833,-42
6.81667,-42
6.82500,-42
6.83333,-43
6.84167,-43
6.85000,-43
6.85833,-44
6.86667,-44
6.87500,-44
6.88333,-44
6.89167,-44
6.90000,-44
6.90833,-44
6.91667,-44
6.92500,-44
6.93333,-44
6.94167,-44
6.95000,-44
6.95833,-45
6.96667,-45
6.97500,-45
6.98333,-45
6.99167,-45
7.00000,-45
7.00833,-45
7.01667,-45
7.02500,-45
7.03333,-45
7.04167,-45
7.05000,-45
7.05833,-45
7.06667,-46
7.07500,-46
7.08333,-46
7.09167,-46
7.10000,-46
7.10833,-46
7.11667,-45
7.12500,-45
7.13333,-45
7.14167,-46
7.15000,-46
7.15833,-46
7.16667,-46
7.17500,-46
7.18333,-46
7.19167,-46
7.20000,-46
7.20833,-45
7.21667,-45
7.22500,-46
7.23333,-46
7.24167,-46
7.25000,-46
7.25833,-46
7.26667,-47
7.27500,-47
7.28333,-47
7.29167,-47
7.30000,-47
7.30833,-47
7.31667,-47
7.32500,-47
7.33333,-47
7.34167,-47
7.35000,-47
7.35833,-47
7.36667,-47
7.37500,-47
7.38333,-47
7.39167,-47
7.40000,-48
7.40833,-47
7.41667,-47
7.42500,-47
7.43333,-47
7.44167,-47
7.45000,-47
7.45833,-47
7.46667,-47
7.47500,-47
7.48333,-47
7.49167,-47
7.50000,-47
7.50833,-47
7.51667,-47
7.52500,-47
7.53333,-47
7.54167,-47
7.55000,-47
7.55833,-47
7.56667,-47
7.57500,-47
7.58333,-48
7.59167,-48
7.60000,-47
7.60833,-47
7.61667,-47
7.62500,-47
7.63333,-48
7.64167,-48
7.65000,-48
7.65833,-48
7.66667,-48
7.67500,-49
7.68333,-49
7.69167,-49
7.70000,-49
7.70833,-48
7.71667,-48
7.72500,-48
7.73333,-48
7.74167,-48
7.75000,-49
7.75833,-49
7.76667,-49
7.77500,-49
7.78333,-49
7.79167,-49
7.80000,-49
7.80833,-49
7.81667,-49
7.82500,-49
7.83333,-49
7.84167,-49
7.85000,-49
7.85833,-49
7.86667,-49
7.87500,-49
7.88333,-50
7.89167,-50
7.90000,-49
7.90833,-49
7.91667,-49
7.92500,-49
7.93333,-50
7.94167,-50
7.95000,-50
7.95833,-50
7.96667,-50
7.97500,-50
7.98333,-50
7.99167,-49
8.00000,-49
8.00833,-50
8.01667,-50
8.02500,-50
8.03333,-50
8.04167,-50
8.05000,-50
8.05833,-50
8.06667,-50
8.07500,-51
8.08333,-51
8.09167,-51
8.10000,-51
8.10833,-51
8.11667,-51
8.12500,-51
8.13333,-51
8.14167,-51
8.15000,-51
8.15833,-51
8.16667,-51
8.17500,-51
8.18333,-51
8.19167,-51
8.20000,-51
8.20833,-51
8.21667,-51
8.22500,-51
8.23333,-50
8.24167,-50
8.25000,-50
8.25833,-50
8.26667,-50
8.27500,-50
8.28333,-50
8.29167,-50
8.30000,-50
8.30833,-50
8.31667,-50
8.32500,-50
8.33333,-50
8.34167,-51
8.35000,-51
8.35833,-51
8.36667,-51
8.37500,-51
8.38333,-51
8.39167,-51
8.40000,-51
8.40833,-51
8.41667,-51
8.42500,-51
8.43333,-51
8.44167,-51
8.45000,-51
8.45833,-51
8.46667,-51
8.47500,-51
8.48333,-52
8.49167,-52
8.50000,-51
8.50833,-51
8.51667,-51
8.52500,-51
8.53333,-51
8.54167,-51
8.55000,-51
8.55833,-51
8.56667,-51
8.57500,-51
8.58333,-51
8.59167,-51
8.60000,-51
8.60833,-51
8.61667,-51
8.62500,-51
8.63333,-52
8.64167,-52
8.65000,-52
8.65833,-52
8.66667,-53
8.67500,-53
8.68333,-53
8.69167,-53
8.70000,-53
8.70833,-52
8.71667,-52
8.72500,-52
8.73333,-52
8.74167,-52
8.75000,-52
8.75833,-52
8.76667,-52
8.77500,-52
8.78333,-52
8.79167,-52
8.80000,-52
8.80833,-52
8.81667,-52
8.82500,-52
8.83333,-52
8.84167,-52
8.85000,-53
8.85833,-53
8.86667,-53
8.87500,-53
8.88333,-53
8.89167,-53
8.90000,-52
8.90833,-52
8.91667,-52
8.92500,-53
8.93333,-53
8.94167,-53
8.95000,-53
8.95833,-53
8.96667,-53
8.97500,-53
8.98333,-53
8.99167,-53
9.00000,-52
9.00833,-52
9.01667,-52
9.02500,-52
9.03333,-52
9.04167,-52
9.05000,-52
9.05833,-52
9.06667,-51
9.07500,-51
9.08333,-51
9.09167,-52
9.10000,-52
9.10833,-52
9.11667,-52
9.12500,-52
9.13333,-52
9.14167,-52
9.15000,-52
9.15833,-52
9.16667,-52
9.17500,-52
9.18333,-52
9.19167,-52
9.20000,-51
9.20833,-52
9.21667,-52
9.22500,-52
9.23333,-52
9.24167,-53
9.25000,-53
9.25833,-53
9.26667,-53
9.27500,-53
9.28333,-52
9.29167,-52
9.30000,-52
9.30833,-52
9.31667,-53
9.32500,-53
9.33333,-53
9.34167,-53
9.35000,-53
9.35833,-53
9.36667,-53
9.37500,-53
9.38333,-53
9.39167,-53
9.40000,-53
9.40833,-53
9.41667,-52
9.42500,-52
9.43333,-52
9.44167,-52
9.45000,-52
9.45833,-52
9.46667,-52
9.47500,-52
9.48333,-53
9.49167,-53
9.50000,-53
9.50833,-53
9.51667,-52
9.52500,-52
9.53333,-52
9.54167,-52
9.55000,-52
9.55833,-52
9.56667,-52
9.57500,-52
9.58333,-52
9.59167,-52
9.60000,-52
9.60833,-52
9.61667,-52
9.62500,-51
9.63333,-51
9.64167,-51
9.65000,-51
9.65833,-51
9.66667,-51
9.67500,-52
9.68333,-52
9.69167,-52
9.70000,-52
9.70833,-52
9.71667,-53
9.72500,-53
9.73333,-53
9.74167,-52
9.75000,-52
9.75833,-52
9.76667,-52
9.77500,-52
9.78333,-52
9.79167,-52
9.80000,-52
9.80833,-52
9.81667,-52
9.82500,-51
9.83333,-51
9.84167,-51
9.85000,-51
9.85833,-51
9.86667,-52
9.87500,-52
9.88333,-52
9.89167,-52
9.90000,-51
9.90833,-51
9.91667,-50
9.92500,-50
9.93333,-50
9.94167,-50
9.95000,-50
9.95833,-50
9.96667,-50
9.97500,-50
9.98333,-50
9.99167,-50
10.00000,-50
10.00833,-49
10.01667,-49
10.02500,-49
10.03333,-49
10.04167,-49
10.05000,-49
10.05833,-49
10.06667,-49
10.07500,-48
10.08333,-48
10.09167,-47
10.10000,-46
10.10833,-45
10.11667,-45
10.12500,-44
10.13333,-43
10.14167,-42
10.15000,-42
10.15833,-41
10.16667,-40
10.17500,-39
10.18333,-38
10.19167,-37
10.20000,-35
10.20833,-34
10.21667,-33
10.22500,-31
10.23333,-30
10.24167,-28
10.25000,-26
10.25833,-24
10.26667,-21
10.27500,-18
10.28333,-15
10.29167,-10
10.30000,-5
10.30833,1
10.31667,8
10.32500,16
10.33333,26
10.34167,36
10.35000,49
10.35833,63
10.36667,79
10.37500,97
10.38333,115
10.39167,136
10.40000,157
10.40833,178
10.41667,199
10.42500,219
10.43333,237
10.44167,253
10.45000,267
10.45833,276
10.46667,283
10.47500,287
10.48333,288
10.49167,287
10.50000,286
10.50833,286
10.51667,291
10.52500,303
10.53333,326
10.54167,364
10.55000,421
10.55833,504
10.56667,618
10.57500,767
10.58333,958
10.59167,1198
10.60000,1493
10.60833,1849
10.61667,2271
10.62500,2766
10.63333,3340
10.64167,3998
10.65000,4746
10.65833,5588
10.66667,6530
10.67500,7574
10.68333,8726
10.69167,9989
10.70000,11366
10.70833,12860
10.71667,14473
10.72500,16207
10.73333,18064
10.74167,20043
10.75000,22147
10.75833,24375
10.76667,26728
10.77500,29204
10.78333,31802
10.79167,34520
10.80000,37357
10.80833,40310
10.81667,43375
10.82500,46549
10.83333,49828
10.84167,53205
10.85000,56675
10.85833,60231
10.86667,63862
10.87500,67559
10.88333,71310
10.89167,75100
10.90000,78912
10.90833,82727
10.91667,86519
10.92500,90263
10.93333,93927
10.94167,97473
10.95000,100862
10.95833,104048
10.96667,106980
10.97500,109606
10.98333,111870
10.99167,113714
11.00000,115083
11.00833,115922
11.01667,116185
11.02500,115831
11.03333,114834
11.04167,113180
11.05000,110871
11.05833,107929
11.06667,104393
11.07500,100319
11.08333,95778
11.09167,90854
11.10000,85638
11.10833,80225
11.11667,74712
11.12500,69189
11.13333,63740
11.14167,58438
11.15000,53345
11.15833,48509
11.16667,43966
11.17500,39740
11.18333,35842
11.19167,32276
11.20000,29037
11.20833,26113
11.21667,23488
11.22500,21144
11.23333,19058
11.24167,17209
11.25000,15575
11.25833,14133
11.26667,12862
11.27500,11744
11.28333,10760
11.29167,9894
11.30000,9131
11.30833,8457
11.31667,7862
11.32500,7335
11.33333,6866
11.34167,6449
11.35000,6075
11.35833,5740
11.36667,5439
11.37500,5165
11.38333,4917
11.39167,4690
11.40000,4482
11.40833,4290
11.41667,4112
11.42500,3947
11.43333,3794
11.44167,3650
11.45000,3516
11.45833,3390
11.46667,3270
11.47500,3157
11.48333,3050
11.49167,2948
11.50000,2851
11.50833,2758
11.51667,2670
11.52500,2585
11.53333,2505
11.54167,2427
11.55000,2353
11.55833,2282
11.56667,2214
11.57500,2149
11.58333,2087
11.59167,2027
11.60000,1969
11.60833,1913
11.61667,1860
11.62500,1809
11.63333,1759
11.64167,1712
11.65000,1666
11.65833,1622
11.66667,1579
11.67500,1539
11.68333,1500
11.69167,1462
11.70000,1425
11.70833,1390
11.71667,1356
11.72500,1324
11.73333,1293
11.74167,1263
11.75000,1234
11.75833,1206
11.76667,1179
11.77500,1154
11.78333,1129
11.79167,1106
11.80000,1083
11.80833,1062
11.81667,1041
11.82500,1021
11.83333,1001
11.84167,983
11.85000,965
11.85833,948
11.86667,931
11.87500,915
11.88333,899
11.89167,885
11.90000,872
11.90833,859
11.91667,846
11.92500,833
11.93333,822
11.94167,811
11.95000,800
11.95833,790
11.96667,780
11.97500,770
11.98333,761
11.99167,752
12.00000,743
12.00833,735
12.01667,727
12.02500,719
12.03333,712
12.04167,705
12.05000,699
12.05833,692
12.06667,686
12.07500,680
12.08333,675
12.09167,669
12.10000,664
12.10833,660
12.11667,655
12.12500,650
12.13333,646
12.14167,642
12.15000,638
12.15833,634
12.16667,631
12.17500,628
12.18333,625
12.19167,622
12.20000,620
12.20833,618
12.21667,616
12.22500,614
12.23333,612
12.24167,611
12.25000,610
12.25833,609
12.26667,608
12.27500,607
12.28333,607
12.29167,606
12.30000,606
12.30833,606
12.31667,606
12.32500,605
12.33333,605
12.34167,604
12.35000,604
12.35833,604
12.36667,604
12.37500,603
12.38333,603
12.39167,603
12.40000,603
12.40833,602
12.41667,602
12.42500,601
12.43333,600
12.44167,600
12.45000,599
12.45833,598
12.46667,597
12.47500,596
12.48333,594
12.49167,593
12.50000,592
12.50833,590
12.51667,588
12.52500,587
12.53333,585
12.54167,583
12.55000,581
12.55833,579
12.56667,577
12.57500,575
12.58333,573
12.59167,571
12.60000,569
12.60833,567
12.61667,565
12.62500,563
12.63333,562
12.64167,560
12.65000,559
12.65833,558
12.66667,557
12.67500,557
12.68333,558
12.69167,560
12.70000,562
12.70833,566
12.71667,571
12.72500,577
12.73333,586
12.74167,596
12.75000,609
12.75833,624
12.76667,641
12.77500,661
12.78333,684
12.79167,711
12.80000,741
12.80833,774
12.81667,812
12.82500,854
12.83333,900
12.84167,952
12.85000,1008
12.85833,1069
12.86667,1135
12.87500,1207
12.88333,1284
12.89167,1366
12.90000,1454
12.90833,1548
12.91667,1647
12.92500,1753
12.93333,1864
12.94167,1981
12.95000,2104
12.95833,2233
12.96667,2368
12.97500,2509
12.98333,2656
12.99167,2809
13.00000,2968
13.00833,3132
13.01667,3302
13.02500,3478
13.03333,3660
13.04167,3848
13.05000,4042
13.05833,4241
13.06667,4445
13.07500,4655
13.08333,4870
13.09167,5090
13.10000,5316
13.10833,5546
13.11667,5781
13.12500,6021
13.13333,6266
13.14167,6515
13.15000,6770
13.15833,7028
13.16667,7291
13.17500,7559
13.18333,7830
13.19167,8105
13.20000,8384
13.20833,8666
13.21667,8953
13.22500,9242
13.23333,9535
13.24167,9832
13.25000,10133
13.25833,10437
13.26667,10744
13.27500,11055
13.28333,11369
13.29167,11685
13.30000,12005
13.30833,12328
13.31667,12654
13.32500,12982
13.33333,13314
13.34167,13649
13.35000,13986
13.35833,14327
13.36667,14670
13.37500,15017
13.38333,15367
13.39167,15719
13.40000,16074
13.40833,16433
13.41667,16794
13.42500,17158
13.43333,17525
13.44167,17895
13.45000,18267
13.45833,18643
13.46667,19022
13.47500,19404
13.48333,19789
13.49167,20177
13.50000,20568
13.50833,20962
13.51667,21359
13.52500,21760
13.53333,22163
13.54167,22570
13.55000,22980
13.55833,23393
13.56667,23810
13.57500,24229
13.58333,24653
13.59167,25079
13.60000,25509
13.60833,25942
13.61667,26379
13.62500,26819
13.63333,27262
13.64167,27710
13.65000,28161
13.65833,28616
13.66667,29074
13.67500,29536
13.68333,30002
13.69167,30472
13.70000,30946
13.70833,31423
13.71667,31904
13.72500,32390
13.73333,32879
13.74167,33372
13.75000,33869
13.75833,34371
13.76667,34876
13.77500,35386
13.78333,35900
13.79167,36418
13.80000,36941
13.80833,37467
13.81667,37998
13.82500,38534
13.83333,39074
13.84167,39619
13.85000,40168
13.85833,40722
13.86667,41280
13.87500,41843
13.88333,42411
13.89167,42984
13.90000,43562
13.90833,44145
13.91667,44733
13.92500,45326
13.93333,45924
13.94167,46527
13.95000,47135
13.95833,47749
13.96667,48368
13.97500,48992
13.98333,49622
13.99167,50257
14.00000,50897
14.00833,51543
14.01667,52195
14.02500,52853
14.03333,53516
14.04167,54186
14.05000,54862
14.05833,55543
14.06667,56230
14.07500,56924
14.08333,57624
14.09167,58330
14.10000,59043
14.10833,59762
14.11667,60488
14.12500,61221
14.13333,61961
14.14167,62707
14.15000,63460
14.15833,64221
14.16667,64988
14.17500,65763
14.18333,66545
14.19167,67333
14.20000,68128
14.20833,68928
14.21667,69730
14.22500,70532
14.23333,71330
14.24167,72118
14.25000,72890
14.25833,73636
14.26667,74346
14.27500,75011
14.28333,75616
14.29167,76149
14.30000,76598
14.30833,76950
14.31667,77193
14.32500,77319
14.33333,77318
14.34167,77184
14.35000,76910
14.35833,76493
14.36667,75929
14.37500,75217
14.38333,74353
14.39167,73335
14.40000,72161
14.40833,70830
14.41667,69339
14.42500,67686
14.43333,65873
14.44167,63899
14.45000,61770
14.45833,59493
14.46667,57077
14.47500,54538
14.48333,51893
14.49167,49163
14.50000,46371
14.50833,43545
14.51667,40710
14.52500,37894
14.53333,35125
14.54167,32427
14.55000,29823
14.55833,27332
14.56667,24969
14.57500,22747
14.58333,20673
14.59167,18752
14.60000,16985
14.60833,15369
14.61667,13901
14.62500,12574
14.63333,11379
14.64167,10309
14.65000,9353
14.65833,8503
14.66667,7749
14.67500,7080
14.68333,6489
14.69167,5967
14.70000,5505
14.70833,5097
14.71667,4737
14.72500,4418
14.73333,4136
14.74167,3885
14.75000,3662
14.75833,3463
14.76667,3285
14.77500,3126
14.78333,2982
14.79167,2853
14.80000,2736
14.80833,2629
14.81667,2531
14.82500,2441
14.83333,2359
14.84167,2282
14.85000,2211
14.85833,2146
14.86667,2085
14.87500,2028
14.88333,1974
14.89167,1924
14.90000,1876
14.90833,1831
14.91667,1788
14.92500,1748
14.93333,1709
14.94167,1673
14.95000,1639
14.95833,1606
14.96667,1574
14.97500,1544
14.98333,1516
14.99167,1489
15.00000,1463
15.00833,1438
15.01667,1414
15.02500,1392
15.03333,1371
15.04167,1351
15.05000,1331
15.05833,1313
15.06667,1295
15.07500,1279
15.08333,1263
15.09167,1249
15.10000,1235
15.10833,1222
15.11667,1211
15.12500,1200
15.13333,1190
15.14167,1180
15.15000,1173
15.15833,1166
15.16667,1161
15.17500,1158
15.18333,1157
15.19167,1159
15.20000,1164
15.20833,1173
15.21667,1186
15.22500,1205
15.23333,1231
15.24167,1265
15.25000,1308
15.25833,1362
15.26667,1428
15.27500,1509
15.28333,1606
15.29167,1723
15.30000,1861
15.30833,2024
15.31667,2215
15.32500,2437
15.33333,2694
15.34167,2987
15.35000,3322
15.35833,3701
15.36667,4129
15.37500,4607
15.38333,5141
15.39167,5732
15.40000,6384
15.40833,7098
15.41667,7877
15.42500,8721
15.43333,9633
15.44167,10612
15.45000,11658
15.45833,12769
15.46667,13945
15.47500,15182
15.48333,16478
15.49167,17828
15.50000,19228
15.50833,20673
15.51667,22156
15.52500,23671
15.53333,25212
15.54167,26771
15.55000,28340
15.55833,29913
15.56667,31480
15.57500,33035
15.58333,34570
15.59167,36077
15.60000,37548
15.60833,38978
15.61667,40358
15.62500,41684
15.63333,42951
15.64167,44152
15.65000,45284
15.65833,46342
15.66667,47323
15.67500,48224
15.68333,49042
15.69167,49776
15.70000,50423
15.70833,50983
15.71667,51453
15.72500,51834
15.73333,52126
15.74167,52328
15.75000,52441
15.75833,52464
15.76667,52400
15.77500,52247
15.78333,52008
15.79167,51684
15.80000,51276
15.80833,50787
15.81667,50220
15.82500,49575
15.83333,48856
15.84167,48066
15.85000,47209
15.85833,46288
15.86667,45306
15.87500,44269
15.88333,43181
15.89167,42047
15.90000,40870
15.90833,39656
15.91667,38411
15.92500,37140
15.93333,35848
15.94167,34541
15.95000,33224
15.95833,31902
15.96667,30581
15.97500,29265
15.98333,27960
15.99167,26669
16.00000,25397
16.00833,24147
16.01667,22924
16.02500,21731
16.03333,20570
16.04167,19444
16.05000,18355
16.05833,17305
16.06667,16296
16.07500,15328
16.08333,14403
16.09167,13520
16.10000,12680
16.10833,11883
16.11667,11128
16.12500,10415
16.13333,9743
16.14167,9111
16.15000,8518
16.15833,7962
16.16667,7443
16.17500,6959
16.18333,6508
16.19167,6089
16.20000,5701
16.20833,5340
16.21667,5007
16.22500,4699
16.23333,4415
16.24167,4153
16.25000,3912
16.25833,3690
16.26667,3486
16.27500,3299
16.28333,3127
16.29167,2969
16.30000,2824
16.30833,2691
16.31667,2570
16.32500,2459
16.33333,2356
16.34167,2263
16.35000,2176
16.35833,2097
16.36667,2024
16.37500,1957
16.38333,1894
16.39167,1837
16.40000,1783
16.40833,1734
16.41667,1688
16.42500,1645
16.43333,1605
16.44167,1567
16.45000,1531
16.45833,1498
16.46667,1466
16.47500,1435
16.48333,1407
16.49167,1379
16.50000,1352
16.50833,1326
16.51667,1302
16.52500,1278
16.53333,1255
16.54167,1232
16.55000,1210
16.55833,1189
16.56667,1168
16.57500,1147
16.58333,1126
16.59167,1106
16.60000,1086
16.60833,1067
16.61667,1049
16.62500,1030
16.63333,1012
16.64167,995
16.65000,978
16.65833,962
16.66667,946
16.67500,930
16.68333,915
16.69167,900
16.70000,885
16.70833,871
16.71667,857
16.72500,844
16.73333,832
16.74167,821
16.75000,810
16.75833,799
16.76667,789
16.77500,779
16.78333,770
16.79167,762
16.80000,754
16.80833,747
16.81667,740
16.82500,733
16.83333,727
16.84167,721
16.85000,716
16.85833,712
16.86667,708
16.87500,704
16.88333,700
16.89167,696
16.90000,693
16.90833,690
16.91667,688
16.92500,686
16.93333,684
16.94167,682
16.95000,680
16.95833,678
16.96667,677
16.97500,675
16.98333,674
16.99167,673
17.00000,672
17.00833,671
17.01667,670
17.02500,669
17.03333,668
17.04167,667
17.05000,666
17.05833,665
17.06667,664
17.07500,663
17.08333,662
17.09167,661
17.10000,660
17.10833,659
17.11667,659
17.12500,658
17.13333,656
17.14167,655
17.15000,654
17.15833,652
17.16667,651
17.17500,649
17.18333,648
17.19167,647
17.20000,645
17.20833,644
17.21667,642
17.22500,641
17.23333,639
17.24167,638
17.25000,636
17.25833,634
17.26667,632
17.27500,630
17.28333,629
17.29167,627
17.30000,625
17.30833,623
17.31667,621
17.32500,619
17.33333,617
17.34167,615
17.35000,613
17.35833,612
17.36667,610
17.37500,610
17.38333,609
17.39167,608
17.40000,608
17.40833,607
17.41667,606
17.42500,606
17.43333,607
17.44167,607
17.45000,608
17.45833,610
17.46667,611
17.47500,613
17.48333,615
17.49167,617
17.50000,620
17.50833,623
17.51667,626
17.52500,629
17.53333,633
17.54167,637
17.55000,642
17.55833,646
17.56667,651
17.57500,656
17.58333,661
17.59167,667
17.60000,673
17.60833,678
17.61667,684
17.62500,690
17.63333,695
17.64167,701
17.65000,707
17.65833,713
17.66667,720
17.67500,726
17.68333,732
17.69167,737
17.70000,743
17.70833,749
17.71667,754
17.72500,759
17.73333,764
17.74167,769
17.75000,773
17.75833,778
17.76667,782
17.77500,786
17.78333,789
17.79167,793
17.80000,796
17.80833,799
17.81667,801
17.82500,803
17.83333,805
17.84167,806
17.85000,807
17.85833,807
17.86667,807
17.87500,807
17.88333,807
17.89167,806
17.90000,804
17.90833,803
17.91667,800
17.92500,798
17.93333,794
17.94167,791
17.95000,788
17.95833,784
17.96667,780
17.97500,775
17.98333,769
17.99167,764
18.00000,758
18.00833,751
18.01667,745
18.02500,738
18.03333,732
18.04167,725
18.05000,718
18.05833,711
18.06667,703
18.07500,695
18.08333,688
18.09167,680
18.10000,672
18.10833,664
18.11667,656
18.12500,648
18.13333,640
18.14167,633
18.15000,625
18.15833,618
18.16667,611
18.17500,603
18.18333,596
18.19167,589
18.20000,582
18.20833,575
18.21667,568
18.22500,562
18.23333,555
18.24167,549
18.25000,544
18.25833,539
18.26667,534
18.27500,529
18.28333,524
18.29167,520
18.30000,516
18.30833,511
18.31667,508
18.32500,504
18.33333,501
18.34167,498
18.35000,495
18.35833,493
18.36667,491
18.37500,490
18.38333,488
18.39167,487
18.40000,487
18.40833,486
18.41667,486
18.42500,487
18.43333,488
18.44167,489
18.45000,490
18.45833,491
18.46667,493
18.47500,494
18.48333,496
18.49167,498
18.50000,501
18.50833,503
18.51667,506
18.52500,509
18.53333,512
18.54167,516
18.55000,519
18.55833,523
18.56667,528
18.57500,532
18.58333,536
18.59167,540
18.60000,544
18.60833,549
18.61667,553
18.62500,558
18.63333,562
18.64167,567
18.65000,571
18.65833,576
18.66667,581
18.67500,586
18.68333,591
18.69167,596
18.70000,600
18.70833,605
18.71667,610
18.72500,615
18.73333,620
18.74167,625
18.75000,630
18.75833,634
18.76667,639
18.77500,644
18.78333,648
18.79167,653
18.80000,657
18.80833,662
18.81667,666
18.82500,671
18.83333,676
18.84167,680
18.85000,685
18.85833,689
18.86667,693
18.87500,697
18.88333,701
18.89167,704
18.90000,708
18.90833,711
18.91667,715
18.92500,719
18.93333,722
18.94167,725
18.95000,728
18.95833,731
18.96667,734
18.97500,737
18.98333,740
18.99167,742
19.00000,744
19.00833,746
19.01667,747
19.02500,749
19.03333,750
19.04167,752
19.05000,753
19.05833,754
19.06667,755
19.07500,756
19.08333,756
19.09167,757
19.10000,757
19.10833,757
19.11667,756
19.12500,756
19.13333,755
19.14167,754
19.15000,752
19.15833,751
19.16667,749
19.17500,747
19.18333,745
19.19167,742
19.20000,740
19.20833,737
19.21667,734
19.22500,730
19.23333,727
19.24167,724
19.25000,720
19.25833,716
19.26667,712
19.27500,708
19.28333,703
19.29167,698
19.30000,692
19.30833,687
19.31667,682
19.32500,677
19.33333,671
19.34167,665
19.35000,660
19.35833,653
19.36667,647
19.37500,641
19.38333,635
19.39167,629
19.40000,622
19.40833,615
19.41667,609
19.42500,602
19.43333,595
19.44167,588
19.45000,581
19.45833,574
19.46667,567
19.47500,561
19.48333,554
19.49167,548
19.50000,541
19.50833,535
19.51667,528
19.52500,521
19.53333,515
19.54167,508
19.55000,502
19.55833,495
19.56667,489
19.57500,483
19.58333,477
19.59167,471
19.60000,466
19.60833,461
19.61667,456
19.62500,451
19.63333,446
19.64167,442
19.65000,437
19.65833,433
19.66667,429
19.67500,425
19.68333,421
19.69167,418
19.70000,415
19.70833,413
19.71667,411
19.72500,409
19.73333,408
19.74167,407
19.75000,406
19.75833,405
19.76667,405
19.77500,405
19.78333,406
19.79167,407
19.80000,409
19.80833,411
19.81667,414
19.82500,417
19.83333,421
19.84167,425
19.85000,431
19.85833,436
19.86667,443
19.87500,449
19.88333,456
19.89167,465
19.90000,474
19.90833,483
19.91667,493
19.92500,503
19.93333,514
19.94167,526
19.95000,538
19.95833,550
19.96667,563
19.97500,577
19.98333,591
19.99167,605
20.00000,620
20.00833,634
20.01667,649
20.02500,665
20.03333,680
20.04167,695
20.05000,711
20.05833,726
20.06667,742
20.07500,757
20.08333,772
20.09167,787
20.10000,802
20.10833,816
20.11667,830
20.12500,843
20.13333,857
20.14167,870
20.15000,882
20.15833,894
20.16667,905
20.17500,916
20.18333,926
20.19167,935
20.20000,945
20.20833,953
20.21667,961
20.22500,968
20.23333,975
20.24167,981
20.25000,986
20.25833,990
20.26667,994
20.27500,997
20.28333,1000
20.29167,1001
20.30000,1002
20.30833,1002
20.31667,1002
20.32500,1001
20.33333,999
20.34167,997
20.35000,994
20.35833,991
20.36667,987
20.37500,982
20.38333,977
20.39167,971
20.40000,965
20.40833,958
20.41667,951
20.42500,943
20.43333,935
20.44167,926
20.45000,918
20.45833,909
20.46667,900
20.47500,891
20.48333,881
20.49167,872
20.50000,863
20.50833,853
20.51667,843
20.52500,834
20.53333,825
20.54167,815
20.55000,806
20.55833,797
20.56667,788
20.57500,779
20.58333,770
20.59167,762
20.60000,754
20.60833,746
20.61667,738
20.62500,730
20.63333,723
20.64167,716
20.65000,710
20.65833,704
20.66667,698
20.67500,693
20.68333,688
20.69167,683
20.70000,679
20.70833,675
20.71667,671
20.72500,668
20.73333,665
20.74167,662
20.75000,660
20.75833,657
20.76667,655
20.77500,653
20.78333,651
20.79167,650
20.80000,648
20.80833,647
20.81667,646
20.82500,645
20.83333,644
20.84167,642
20.85000,641
20.85833,641
20.86667,640
20.87500,639
20.88333,639
20.89167,639
20.90000,638
20.90833,638
20.91667,637
20.92500,637
20.93333,637
20.94167,636
20.95000,636
20.95833,635
20.96667,635
20.97500,634
20.98333,634
20.99167,633
21.00000,632
21.00833,631
21.01667,630
21.02500,630
21.03333,629
21.04167,629
21.05000,628
21.05833,627
21.06667,626
21.07500,626
21.08333,625
21.09167,624
21.10000,623
21.10833,623
21.11667,622
21.12500,621
21.13333,620
21.14167,620
21.15000,620
21.15833,619
21.16667,619
21.17500,620
21.18333,620
21.19167,620
21.20000,620
21.20833,620
21.21667,620
21.22500,620
21.23333,620
21.24167,620
21.25000,621
21.25833,621
21.26667,621
21.27500,621
21.28333,621
21.29167,622
21.30000,623
21.30833,623
21.31667,624
21.32500,625
21.33333,626
21.34167,627
21.35000,627
21.35833,628
21.36667,630
21.37500,631
21.38333,632
21.39167,633
21.40000,634
21.40833,636
21.41667,638
21.42500,641
21.43333,643
21.44167,646
21.45000,650
21.45833,653
21.46667,657
21.47500,661
21.48333,666
21.49167,671
21.50000,676
21.50833,682
21.51667,688
21.52500,695
21.53333,702
21.54167,709
21.55000,717
21.55833,725
21.56667,734
21.57500,742
21.58333,751
21.59167,760
21.60000,769
21.60833,778
21.61667,787
21.62500,797
21.63333,806
21.64167,816
21.65000,825
21.65833,834
21.66667,843
21.67500,852
21.68333,861
21.69167,869
21.70000,876
21.70833,884
21.71667,891
21.72500,898
21.73333,905
21.74167,912
21.75000,918
21.75833,923
21.76667,928
21.77500,932
21.78333,936
21.79167,939
21.80000,942
21.80833,945
21.81667,947
21.82500,949
21.83333,950
21.84167,951
21.85000,952
21.85833,952
21.86667,951
21.87500,951
21.88333,950
21.89167,948
21.90000,946
21.90833,944
21.91667,942
21.92500,939
21.93333,935
21.94167,931
21.95000,927
21.95833,922
21.96667,917
21.97500,912
21.98333,905
21.99167,899
22.00000,891
22.00833,884
22.01667,876
22.02500,867
22.03333,859
22.04167,849
22.05000,839
22.05833,829
22.06667,817
22.07500,806
22.08333,793
22.09167,781
22.10000,768
22.10833,755
22.11667,741
22.12500,728
22.13333,714
22.14167,700
22.15000,686
22.15833,672
22.16667,657
22.17500,643
22.18333,628
22.19167,613
22.20000,599
22.20833,584
22.21667,570
22.22500,556
22.23333,542
22.24167,529
22.25000,515
22.25833,502
22.26667,489
22.27500,476
22.28333,463
22.29167,451
22.30000,440
22.30833,430
22.31667,419
22.32500,409
22.33333,399
22.34167,390
22.35000,381
22.35833,372
22.36667,364
22.37500,357
22.38333,349
22.39167,342
22.40000,335
22.40833,329
22.41667,324
22.42500,319
22.43333,314
22.44167,309
22.45000,305
22.45833,301
22.46667,298
22.47500,294
22.48333,291
22.49167,289
22.50000,287
22.50833,285
22.51667,283
22.52500,280
22.53333,278
22.54167,276
22.55000,275
22.55833,274
22.56667,273
22.57500,272
22.58333,272
22.59167,271
22.60000,271
22.60833,271
22.61667,270
22.62500,270
22.63333,270
22.64167,270
22.65000,271
22.65833,271
22.66667,271
22.67500,271
22.68333,271
22.69167,271
22.70000,272
22.70833,272
22.71667,273
22.72500,274
22.73333,274
22.74167,275
22.75000,276
22.75833,276
22.76667,277
22.77500,278
22.78333,279
22.79167,280
22.80000,281
22.80833,282
22.81667,282
22.82500,283
22.83333,284
22.84167,285
22.85000,286
22.85833,287
22.86667,288
22.87500,289
22.88333,290
22.89167,291
22.90000,291
22.90833,292
22.91667,293
22.92500,295
22.93333,295
22.94167,296
22.95000,297
22.95833,299
22.96667,300
22.97500,301
22.98333,303
22.99167,304
23.00000,305
23.00833,306
23.01667,307
23.02500,308
23.03333,309
23.04167,310
23.05000,311
23.05833,312
23.06667,313
23.07500,314
23.08333,315
23.09167,316
23.10000,316
23.10833,317
23.11667,318
23.12500,319
23.13333,320
23.14167,320
23.15000,321
23.15833,322
23.16667,323
23.17500,324
23.18333,325
23.19167,326
23.20000,326
23.20833,327
23.21667,327
23.22500,328
23.23333,329
23.24167,330
23.25000,331
23.25833,331
23.26667,332
23.27500,333
23.28333,334
23.29167,335
23.30000,335
23.30833,336
23.31667,337
23.32500,338
23.33333,339
23.34167,339
23.35000,340
23.35833,340
23.36667,340
23.37500,341
23.38333,342
23.39167,343
23.40000,344
23.40833,345
23.41667,345
23.42500,346
23.43333,347
23.44167,348
23.45000,348
23.45833,349
23.46667,349
23.47500,350
23.48333,351
23.49167,352
23.50000,353
23.50833,354
23.51667,354
23.52500,355
23.53333,355
23.54167,356
23.55000,356
23.55833,357
23.56667,357
23.57500,358
23.58333,358
23.59167,359
23.60000,360
23.60833,360
23.61667,361
23.62500,361
23.63333,361
23.64167,361
23.65000,361
23.65833,361
23.66667,361
23.67500,361
23.68333,362
23.69167,362
23.70000,362
23.70833,362
23.71667,362
23.72500,362
23.73333,362
23.74167,362
23.75000,362
23.75833,362
23.76667,362
23.77500,361
23.78333,361
23.79167,361
23.80000,360
23.80833,360
23.81667,360
23.82500,360
23.83333,359
23.84167,359
23.85000,359
23.85833,358
23.86667,357
23.87500,356
23.88333,355
23.89167,354
23.90000,353
23.90833,353
23.91667,353
23.92500,352
23.93333,352
23.94167,351
23.95000,351
23.95833,350
23.96667,349
23.97500,349
23.98333,348
23.99167,347
24.00000,346
24.00833,345
24.01667,345
24.02500,344
24.03333,344
24.04167,343
24.05000,342
24.05833,342
24.06667,341
24.07500,341
24.08333,340
24.09167,339
24.10000,339
24.10833,338
24.11667,337
24.12500,336
24.13333,336
24.14167,335
24.15000,335
24.15833,334
24.16667,334
24.17500,333
24.18333,333
24.19167,332
24.20000,332
24.20833,332
24.21667,331
24.22500,331
24.23333,331
24.24167,331
24.25000,330
24.25833,331
24.26667,330
24.27500,330
24.28333,330
24.29167,331
24.30000,331
24.30833,332
24.31667,333
24.32500,333
24.33333,335
24.34167,336
24.35000,338
24.35833,340
24.36667,343
24.37500,346
24.38333,349
24.39167,354
24.40000,359
24.40833,364
24.41667,370
24.42500,377
24.43333,384
24.44167,392
24.45000,402
24.45833,412
24.46667,424
24.47500,437
24.48333,451
24.49167,467
24.50000,484
24.50833,503
24.51667,524
24.52500,546
24.53333,571
24.54167,597
24.55000,625
24.55833,655
24.56667,687
24.57500,722
24.58333,759
24.59167,799
24.60000,840
24.60833,884
24.61667,930
24.62500,979
24.63333,1029
24.64167,1082
24.65000,1137
24.65833,1194
24.66667,1252
24.67500,1312
24.68333,1374
24.69167,1437
24.70000,1502
24.70833,1568
24.71667,1636
24.72500,1705
24.73333,1774
24.74167,1844
24.75000,1914
24.75833,1984
24.76667,2054
24.77500,2125
24.78333,2195
24.79167,2264
24.80000,2333
24.80833,2402
24.81667,2469
24.82500,2534
24.83333,2599
24.84167,2662
24.85000,2724
24.85833,2784
24.86667,2843
24.87500,2900
24.88333,2955
24.89167,3009
24.90000,3060
24.90833,3109
24.91667,3156
24.92500,3201
24.93333,3245
24.94167,3286
24.95000,3325
24.95833,3362
24.96667,3396
24.97500,3428
24.98333,3459
24.99167,3487
25.00000,3513
25.00833,3536
25.01667,3558
25.02500,3577
25.03333,3593
25.04167,3607
25.05000,3619
25.05833,3628
25.06667,3634
25.07500,3638
25.08333,3639
25.09167,3638
25.10000,3634
25.10833,3627
25.11667,3618
25.12500,3605
25.13333,3590
25.14167,3572
25.15000,3551
25.15833,3527
25.16667,3501
25.17500,3471
25.18333,3438
25.19167,3403
25.20000,3365
25.20833,3325
25.21667,3282
25.22500,3236
25.23333,3188
25.24167,3137
25.25000,3085
25.25833,3030
25.26667,2973
25.27500,2915
25.28333,2854
25.29167,2792
25.30000,2729
25.30833,2664
25.31667,2598
25.32500,2532
25.33333,2465
25.34167,2397
25.35000,2329
25.35833,2261
25.36667,2193
25.37500,2126
25.38333,2058
25.39167,1991
25.40000,1924
25.40833,1858
25.41667,1793
25.42500,1730
25.43333,1667
25.44167,1606
25.45000,1547
25.45833,1489
25.46667,1432
25.47500,1377
25.48333,1323
25.49167,1272
25.50000,1221
25.50833,1173
25.51667,1127
25.52500,1082
25.53333,1040
25.54167,999
25.55000,959
25.55833,922
25.56667,886
25.57500,851
25.58333,818
25.59167,787
25.60000,758
25.60833,731
25.61667,704
25.62500,680
25.63333,656
25.64167,633
25.65000,612
25.65833,592
25.66667,574
25.67500,556
25.68333,540
25.69167,524
25.70000,509
25.70833,496
25.71667,483
25.72500,471
25.73333,460
25.74167,449
25.75000,438
25.75833,428
25.76667,419
25.77500,411
25.78333,403
25.79167,395
25.80000,388
25.80833,381
25.81667,375
25.82500,368
25.83333,362
25.84167,356
25.85000,350
25.85833,345
25.86667,339
25.87500,334
25.88333,328
25.89167,323
25.90000,318
25.90833,313
25.91667,308
25.92500,304
25.93333,299
25.94167,294
25.95000,290
25.95833,285
25.96667,280
25.97500,276
25.98333,272
25.99167,267
26.00000,263
26.00833,259
26.01667,255
26.02500,251
26.03333,246
26.04167,241
26.05000,237
26.05833,232
26.06667,228
26.07500,224
26.08333,220
26.09167,216
26.10000,212
26.10833,209
26.11667,205
26.12500,201
26.13333,197
26.14167,194
26.15000,190
26.15833,186
26.16667,183
26.17500,180
26.18333,176
26.19167,173
26.20000,169
26.20833,166
26.21667,163
26.22500,161
26.23333,158
26.24167,156
26.25000,153
26.25833,151
26.26667,148
26.27500,146
26.28333,143
26.29167,141
26.30000,139
26.30833,136
26.31667,134
26.32500,132
26.33333,130
26.34167,129
26.35000,127
26.35833,125
26.36667,124
26.37500,122
26.38333,121
26.39167,119
26.40000,118
26.40833,117
26.41667,116
26.42500,115
26.43333,114
26.44167,114
26.45000,113
26.45833,113
26.46667,112
26.47500,112
26.48333,111
26.49167,111
26.50000,110
26.50833,110
26.51667,109
26.52500,108
26.53333,108
26.54167,108
26.55000,108
26.55833,108
26.56667,107
26.57500,107
26.58333,107
26.59167,107
26.60000,107
26.60833,107
26.61667,107
26.62500,107
26.63333,107
26.64167,107
26.65000,107
26.65833,107
26.66667,107
26.67500,107
26.68333,107
26.69167,107
26.70000,107
26.70833,107
26.71667,107
26.72500,107
26.73333,107
26.74167,108
26.75000,108
26.75833,107
26.76667,107
26.77500,107
26.78333,107
26.79167,107
26.80000,107
26.80833,107
26.81667,107
26.82500,108
26.83333,108
26.84167,108
26.85000,108
26.85833,108
26.86667,109
26.87500,108
26.88333,108
26.89167,108
26.90000,108
26.90833,108
26.91667,108
26.92500,108
26.93333,108
26.94167,108
26.95000,108
26.95833,109
26.96667,109
26.97500,110
26.98333,109
26.99167,109
27.00000,109
27.00833,109
27.01667,109
27.02500,109
27.03333,110
27.04167,109
27.05000,109
27.05833,109
27.06667,109
27.07500,109
27.08333,108
27.09167,108
27.10000,108
27.10833,108
27.11667,109
27.12500,109
27.13333,109
27.14167,109
27.15000,110
27.15833,110
27.16667,109
27.17500,109
27.18333,109
27.19167,110
27.20000,110
27.20833,110
27.21667,109
27.22500,109
27.23333,110
27.24167,109
27.25000,109
27.25833,109
27.26667,109
27.27500,109
27.28333,109
27.29167,109
27.30000,109
27.30833,109
27.31667,109
27.32500,108
27.33333,108
27.34167,108
27.35000,107
27.35833,107
27.36667,107
27.37500,107
27.38333,106
27.39167,106
27.40000,107
27.40833,107
27.41667,106
27.42500,106
27.43333,105
27.44167,105
27.45000,104
27.45833,104
27.46667,104
27.47500,104
27.48333,104
27.49167,104
27.50000,103
27.50833,103
27.51667,103
27.52500,102
27.53333,102
27.54167,101
27.55000,101
27.55833,100
27.56667,100
27.57500,99
27.58333,99
27.59167,99
27.60000,99
27.60833,98
27.61667,98
27.62500,97
27.63333,97
27.64167,96
27.65000,95
27.65833,95
27.66667,94
27.67500,94
27.68333,94
27.69167,94
27.70000,93
27.70833,93
27.71667,93
27.72500,92
27.73333,91
27.74167,91
27.75000,90
27.75833,89
27.76667,89
27.77500,88
27.78333,87
27.79167,86
27.80000,86
27.80833,86
27.81667,85
27.82500,85
27.83333,85
27.84167,84
27.85000,84
27.85833,83
27.86667,83
27.87500,83
27.88333,83
27.89167,83
27.90000,82
27.90833,82
27.91667,81
27.92500,81
27.93333,81
27.94167,81
27.95000,80
27.95833,80
27.96667,79
27.97500,79
27.98333,79
27.99167,79
28.00000,79
28.00833,79
28.01667,79
28.02500,79
28.03333,79
28.04167,79
28.05000,79
28.05833,79
28.06667,79
28.07500,79
28.08333,79
28.09167,79
28.10000,80
28.10833,80
28.11667,81
28.12500,82
28.13333,82
28.14167,82
28.15000,82
28.15833,82
28.16667,82
28.17500,83
28.18333,83
28.19167,82
28.20000,82
28.20833,83
28.21667,83
28.22500,83
28.23333,84
28.24167,84
28.25000,84
28.25833,84
28.26667,84
28.27500,84
28.28333,84
28.29167,85
28.30000,85
28.30833,85
28.31667,85
28.32500,86
28.33333,87
28.34167,88
28.35000,89
28.35833,90
28.36667,91
28.37500,91
28.38333,92
28.39167,93
28.40000,95
28.40833,96
28.41667,98
28.42500,100
28.43333,103
28.44167,105
28.45000,108
28.45833,111
28.46667,115
28.47500,119
28.48333,124
28.49167,129
28.50000,135
28.50833,141
28.51667,148
28.52500,155
28.53333,163
28.54167,172
28.55000,182
28.55833,193
28.56667,204
28.57500,216
28.58333,229
28.59167,244
28.60000,259
28.60833,276
28.61667,294
28.62500,313
28.63333,333
28.64167,355
28.65000,377
28.65833,401
28.66667,427
28.67500,454
28.68333,482
28.69167,512
28.70000,543
28.70833,576
28.71667,610
28.72500,645
28.73333,682
28.74167,721
28.75000,761
28.75833,802
28.76667,844
28.77500,888
28.78333,933
28.79167,978
28.80000,1025
28.80833,1074
28.81667,1123
28.82500,1173
28.83333,1224
28.84167,1275
28.85000,1327
28.85833,1380
28.86667,1433
28.87500,1485
28.88333,1538
28.89167,1591
28.90000,1643
28.90833,1696
28.91667,1749
28.92500,1801
28.93333,1852
28.94167,1903
28.95000,1953
28.95833,2002
28.96667,2050
28.97500,2097
28.98333,2144
28.99167,2189
29.00000,2233
29.00833,2276
29.01667,2317
29.02500,2357
29.03333,2395
29.04167,2433
29.05000,2468
29.05833,2502
29.06667,2535
29.07500,2565
29.08333,2594
29.09167,2621
29.10000,2647
29.10833,2671
29.11667,2694
29.12500,2715
29.13333,2734
29.14167,2752
29.15000,2769
29.15833,2785
29.16667,2798
29.17500,2810
29.18333,2821
29.19167,2829
29.20000,2837
29.20833,2842
29.21667,2847
29.22500,2850
29.23333,2852
29.24167,2852
29.25000,2851
29.25833,2849
29.26667,2845
29.27500,2840
29.28333,2833
29.29167,2825
29.30000,2815
29.30833,2804
29.31667,2792
29.32500,2778
29.33333,2763
29.34167,2747
29.35000,2729
29.35833,2709
29.36667,2688
29.37500,2666
29.38333,2642
29.39167,2616
29.40000,2590
29.40833,2562
29.41667,2533
29.42500,2502
29.43333,2470
29.44167,2437
29.45000,2402
29.45833,2366
29.46667,2329
29.47500,2291
29.48333,2251
29.49167,2210
29.50000,2169
29.50833,2126
29.51667,2082
29.52500,2038
29.53333,1993
29.54167,1948
29.55000,1903
29.55833,1856
29.56667,1809
29.57500,1762
29.58333,1715
29.59167,1667
29.60000,1620
29.60833,1572
29.61667,1524
29.62500,1477
29.63333,1430
29.64167,1383
29.65000,1337
29.65833,1292
29.66667,1247
29.67500,1202
29.68333,1158
29.69167,1114
29.70000,1071
29.70833,1029
29.71667,989
29.72500,949
29.73333,910
29.74167,872
29.75000,835
29.75833,799
29.76667,764
29.77500,731
29.78333,699
29.79167,667
29.80000,637
29.80833,607
29.81667,579
29.82500,552
29.83333,526
29.84167,501
29.85000,477
29.85833,453
29.86667,431
29.87500,410
29.88333,389
29.89167,370
29.90000,351
29.90833,334
29.91667,317
29.92500,300
29.93333,285
29.94167,270
29.95000,257
29.95833,243
29.96667,231
29.97500,219
29.98333,207
29.99167,196
30.00000,185
30.00833,174
30.01667,165
30.02500,156
30.03333,147
30.04167,138
30.05000,130
30.05833,122
30.06667,114
30.07500,107
30.08333,99
30.09167,92
30.10000,84
30.10833,77
30.11667,71
30.12500,65
30.13333,58
30.14167,52
30.15000,46
30.15833,40
30.16667,34
30.17500,28
30.18333,22
30.19167,16
30.20000,10
30.20833,4
30.21667,-2
30.22500,-7
30.23333,-13
30.24167,-19
30.25000,-25
30.25833,-31
30.26667,-37
30.27500,-43
30.28333,-49
30.29167,-55
30.30000,-61
30.30833,-67
30.31667,-73
30.32500,-78
30.33333,-84
30.34167,-90
30.35000,-95
30.35833,-101
30.36667,-106
30.37500,-112
30.38333,-117
30.39167,-123
30.40000,-128
30.40833,-134
30.41667,-139
30.42500,-144
30.43333,-149
30.44167,-154
30.45000,-159
30.45833,-163
30.46667,-167
30.47500,-171
30.48333,-176
30.49167,-180
30.50000,-184
30.50833,-187
30.51667,-191
30.52500,-194
30.53333,-197
30.54167,-200
30.55000,-203
30.55833,-206
30.56667,-208
30.57500,-210
30.58333,-211
30.59167,-213
30.60000,-215
30.60833,-217
30.61667,-219
30.62500,-220
30.63333,-220
30.64167,-221
30.65000,-221
30.65833,-221
30.66667,-220
30.67500,-220
30.68333,-219
30.69167,-217
30.70000,-216
30.70833,-214
30.71667,-212
30.72500,-211
30.73333,-209
30.74167,-207
30.75000,-204
30.75833,-201
30.76667,-198
30.77500,-194
30.78333,-191
30.79167,-187
30.80000,-183
30.80833,-179
30.81667,-174
30.82500,-170
30.83333,-165
30.84167,-160
30.85000,-155
30.85833,-150
30.86667,-144
30.87500,-139
30.88333,-134
30.89167,-128
30.90000,-122
30.90833,-116
30.91667,-110
30.92500,-104
30.93333,-98
30.94167,-91
30.95000,-85
30.95833,-78
30.96667,-72
30.97500,-65
30.98333,-58
30.99167,-52
31.00000,-45
31.00833,-39
31.01667,-33
31.02500,-26
31.03333,-20
31.04167,-13
31.05000,-7
31.05833,-1
31.06667,5
31.07500,11
31.08333,17
31.09167,23
31.10000,29
31.10833,34
31.11667,40
31.12500,45
31.13333,51
31.14167,56
31.15000,61
31.15833,66
31.16667,71
31.17500,76
31.18333,80
31.19167,84
31.20000,88
31.20833,92
31.21667,95
31.22500,99
31.23333,102
31.24167,105
31.25000,109
31.25833,112
31.26667,114
31.27500,117
31.28333,120
31.29167,122
31.30000,124
31.30833,126
31.31667,128
31.32500,130
31.33333,131
31.34167,133
31.35000,134
31.35833,136
31.36667,137
31.37500,137
31.38333,138
31.39167,139
31.40000,139
31.40833,140
31.41667,140
31.42500,140
31.43333,140
31.44167,140
31.45000,140
31.45833,140
31.46667,141
31.47500,141
31.48333,140
31.49167,139
31.50000,139
31.50833,138
31.51667,138
31.52500,137
31.53333,137
31.54167,137
31.55000,136
31.55833,136
31.56667,136
31.57500,135
31.58333,135
31.59167,134
31.60000,134
31.60833,133
31.61667,133
31.62500,133
31.63333,132
31.64167,132
31.65000,132
31.65833,132
31.66667,133
31.67500,133
31.68333,133
31.69167,134
31.70000,134
31.70833,135
31.71667,136
31.72500,137
31.73333,138
31.74167,139
31.75000,141
31.75833,142
31.76667,144
31.77500,146
31.78333,149
31.79167,151
31.80000,154
31.80833,156
31.81667,160
31.82500,163
31.83333,166
31.84167,170
31.85000,174
31.85833,178
31.86667,182
31.87500,186
31.88333,191
31.89167,196
31.90000,201
31.90833,207
31.91667,212
31.92500,218
31.93333,224
31.94167,229
31.95000,235
31.95833,241
31.96667,248
31.97500,254
31.98333,260
31.99167,267
32.00000,274
32.00833,281
32.01667,288
32.02500,295
32.03333,303
32.04167,309
32.05000,316
32.05833,323
32.06667,330
32.07500,337
32.08333,344
32.09167,351
32.10000,358
32.10833,365
32.11667,372
32.12500,379
32.13333,386
32.14167,393
32.15000,399
32.15833,406
32.16667,412
32.17500,418
32.18333,424
32.19167,430
32.20000,437
32.20833,443
32.21667,449
32.22500,454
32.23333,460
32.24167,465
32.25000,470
32.25833,475
32.26667,479
32.27500,484
32.28333,488
32.29167,493
32.30000,497
32.30833,501
32.31667,505
32.32500,509
32.33333,512
32.34167,516
32.35000,520
32.35833,524
32.36667,528
32.37500,531
32.38333,534
32.39167,536
32.40000,539
32.40833,541
32.41667,543
32.42500,545
32.43333,546
32.44167,548
32.45000,550
32.45833,551
32.46667,552
32.47500,552
32.48333,553
32.49167,553
32.50000,554
32.50833,554
32.51667,555
32.52500,555
32.53333,555
32.54167,554
32.55000,554
32.55833,553
32.56667,552
32.57500,551
32.58333,550
32.59167,548
32.60000,547
32.60833,545
32.61667,543
32.62500,540
32.63333,538
32.64167,535
32.65000,532
32.65833,529
32.66667,525
32.67500,522
32.68333,519
32.69167,515
32.70000,511
32.70833,508
32.71667,504
32.72500,500
32.73333,496
32.74167,492
32.75000,488
32.75833,484
32.76667,480
32.77500,475
32.78333,471
32.79167,467
32.80000,463
32.80833,459
32.81667,454
32.82500,450
32.83333,446
32.84167,442
32.85000,438
32.85833,434
32.86667,430
32.87500,426
32.88333,423
32.89167,419
32.90000,415
32.90833,412
32.91667,409
32.92500,406
32.93333,403
32.94167,399
32.95000,396
32.95833,394
32.96667,391
32.97500,389
32.98333,386
32.99167,384
33.00000,382
33.00833,380
33.01667,378
33.02500,376
33.03333,374
33.04167,373
33.05000,371
33.05833,370
33.06667,369
33.07500,368
33.08333,367
33.09167,365
33.10000,364
33.10833,363
33.11667,362
33.12500,361
33.13333,360
33.14167,359
33.15000,358
33.15833,357
33.16667,356
33.17500,355
33.18333,354
33.19167,352
33.20000,351
33.20833,351
33.21667,350
33.22500,349
33.23333,348
33.24167,347
33.25000,346
33.25833,345
33.26667,344
33.27500,342
33.28333,341
33.29167,340
33.30000,339
33.30833,337
33.31667,335
33.32500,334
33.33333,332
33.34167,330
33.35000,328
33.35833,326
33.36667,324
33.37500,322
33.38333,320
33.39167,318
33.40000,317
33.40833,315
33.41667,313
33.42500,311
33.43333,309
33.44167,306
33.45000,304
33.45833,301
33.46667,298
33.47500,296
33.48333,293
33.49167,290
33.50000,287
33.50833,283
33.51667,280
33.52500,277
33.53333,274
33.54167,272
33.55000,269
33.55833,266
33.56667,262
33.57500,259
33.58333,256
33.59167,252
33.60000,249
33.60833,246
33.61667,242
33.62500,238
33.63333,234
33.64167,230
33.65000,227
33.65833,224
33.66667,220
33.67500,216
33.68333,212
33.69167,209
33.70000,205
33.70833,201
33.71667,198
33.72500,195
33.73333,191
33.74167,188
33.75000,184
33.75833,180
33.76667,176
33.77500,172
33.78333,168
33.79167,165
33.80000,161
33.80833,157
33.81667,153
33.82500,150
33.83333,146
33.84167,143
33.85000,139
33.85833,136
33.86667,133
33.87500,130
33.88333,127
33.89167,123
33.90000,120
33.90833,117
33.91667,114
33.92500,111
33.93333,108
33.94167,105
33.95000,102
33.95833,99
33.96667,96
33.97500,93
33.98333,91
33.99167,88
34.00000,86
34.00833,83
34.01667,80
34.02500,78
34.03333,76
34.04167,74
34.05000,72
34.05833,70
34.06667,68
34.07500,66
34.08333,64
34.09167,62
34.10000,61
34.10833,59
34.11667,57
34.12500,55
34.13333,54
34.14167,53
34.15000,51
34.15833,50
34.16667,49
34.17500,48
34.18333,46
34.19167,45
34.20000,44
34.20833,43
34.21667,42
34.22500,41
34.23333,41
34.24167,40
34.25000,39
34.25833,39
34.26667,38
34.27500,37
34.28333,36
34.29167,35
34.30000,34
34.30833,34
34.31667,33
34.32500,33
34.33333,32
34.34167,32
34.35000,31
34.35833,31
34.36667,30
34.37500,29
34.38333,29
34.39167,29
34.40000,29
34.40833,28
34.41667,28
34.42500,27
34.43333,26
34.44167,26
34.45000,26
34.45833,26
34.46667,25
34.47500,25
34.48333,24
34.49167,24
34.50000,24
34.50833,23
34.51667,22
34.52500,22
34.53333,21
34.54167,21
34.55000,21
34.55833,20
34.56667,20
34.57500,19
34.58333,19
34.59167,19
34.60000,19
34.60833,18
34.61667,18
34.62500,18
34.63333,18
34.64167,17
34.65000,17
34.65833,17
34.66667,16
34.67500,16
34.68333,16
34.69167,16
34.70000,15
34.70833,15
34.71667,15
34.72500,15
34.73333,14
34.74167,13
34.75000,13
34.75833,13
34.76667,13
34.77500,13
34.78333,13
34.79167,12
34.80000,12
34.80833,11
34.81667,11
34.82500,11
34.83333,11
34.84167,10
34.85000,10
34.85833,10
34.86667,9
34.87500,9
34.88333,9
34.89167,9
34.90000,9
34.90833,8
34.91667,8
34.92500,8
34.93333,7
34.94167,7
34.95000,7
34.95833,7
34.96667,7
34.97500,7
34.98333,7
34.99167,7
35.00000,7
35.00833,7
35.01667,7
35.02500,7
35.03333,6
35.04167,6
35.05000,6
35.05833,6
35.06667,6
35.07500,6
35.08333,5
35.09167,5
35.10000,6
35.10833,6
35.11667,7
35.12500,6
35.13333,6
35.14167,6
35.15000,6
35.15833,6
35.16667,6
35.17500,6
35.18333,7
35.19167,7
35.20000,8
35.20833,8
35.21667,8
35.22500,8
35.23333,8
35.24167,9
35.25000,9
35.25833,9
35.26667,9
35.27500,9
35.28333,9
35.29167,10
35.30000,10
35.30833,11
35.31667,11
35.32500,12
35.33333,12
35.34167,12
35.35000,12
35.35833,13
35.36667,13
35.37500,13
35.38333,13
35.39167,14
35.40000,15
35.40833,15
35.41667,16
35.42500,16
35.43333,16
35.44167,17
35.45000,17
35.45833,17
35.46667,17
35.47500,17
35.48333,18
35.49167,19
35.50000,19
35.50833,20
35.51667,21
35.52500,21
35.53333,22
35.54167,22
35.55000,22
35.55833,23
35.56667,23
35.57500,24
35.58333,24
35.59167,25
35.60000,25
35.60833,25
35.61667,26
35.62500,26
35.63333,26
35.64167,26
35.65000,26
35.65833,27
35.66667,27
35.67500,28
35.68333,28
35.69167,28
35.70000,29
35.70833,29
35.71667,30
35.72500,30
35.73333,30
35.74167,30
35.75000,31
35.75833,32
35.76667,33
35.77500,33
35.78333,33
35.79167,34
35.80000,34
35.80833,34
35.81667,34
35.82500,34
35.83333,34
35.84167,34
35.85000,34
35.85833,34
35.86667,34
35.87500,34
35.88333,34
35.89167,35
35.90000,35
35.90833,35
35.91667,35
35.92500,35
35.93333,36
35.94167,36
35.95000,36
35.95833,37
35.96667,37
35.97500,37
35.98333,37
35.99167,38
36.00000,38
36.00833,38
36.01667,38
36.02500,38
36.03333,38
36.04167,38
36.05000,39
36.05833,39
36.06667,39
36.07500,40
36.08333,40
36.09167,40
36.10000,40
36.10833,40
36.11667,40
36.12500,40
36.13333,40
36.14167,40
36.15000,39
36.15833,39
36.16667,39
36.17500,39
36.18333,40
36.19167,40
36.20000,40
36.20833,40
36.21667,40
36.22500,40
36.23333,40
36.24167,40
36.25000,40
36.25833,40
36.26667,40
36.27500,40
36.28333,40
36.29167,40
36.30000,40
36.30833,40
36.31667,39
36.32500,39
36.33333,39
36.34167,39
36.35000,39
36.35833,39
36.36667,39
36.37500,39
36.38333,39
36.39167,39
36.40000,39
36.40833,39
36.41667,40
36.42500,40
36.43333,39
36.44167,39
36.45000,39
36.45833,38
36.46667,38
36.47500,38
36.48333,38
36.49167,38
36.50000,38
36.50833,38
36.51667,38
36.52500,38
36.53333,39
36.54167,39
36.55000,39
36.55833,39
36.56667,39
36.57500,39
36.58333,39
36.59167,39
36.60000,39
36.60833,40
36.61667,40
36.62500,40
36.63333,40
36.64167,40
36.65000,40
36.65833,40
36.66667,40
36.67500,40
36.68333,41
36.69167,41
36.70000,42
36.70833,42
36.71667,42
36.72500,42
36.73333,42
36.74167,42
36.75000,42
36.75833,42
36.76667,43
36.77500,43
36.78333,44
36.79167,44
36.80000,44
36.80833,45
36.81667,45
36.82500,45
36.83333,45
36.84167,46
36.85000,46
36.85833,47
36.86667,47
36.87500,48
36.88333,48
36.89167,49
36.90000,49
36.90833,50
36.91667,50
36.92500,51
36.93333,51
36.94167,52
36.95000,52
36.95833,53
36.96667,54
36.97500,55
36.98333,55
36.99167,56
37.00000,56
37.00833,57
37.01667,57
37.02500,58
37.03333,59
37.04167,59
37.05000,60
37.05833,61
37.06667,61
37.07500,62
37.08333,62
37.09167,63
37.10000,64
37.10833,64
37.11667,65
37.12500,66
37.13333,66
37.14167,67
37.15000,68
37.15833,68
37.16667,69
37.17500,70
37.18333,71
37.19167,72
37.20000,72
37.20833,73
37.21667,74
37.22500,74
37.23333,75
37.24167,76
37.25000,77
37.25833,78
37.26667,78
37.27500,79
37.28333,80
37.29167,81
37.30000,82
37.30833,84
37.31667,85
37.32500,86
37.33333,86
37.34167,87
37.35000,88
37.35833,89
37.36667,90
37.37500,91
37.38333,92
37.39167,93
37.40000,94
37.40833,95
37.41667,96
37.42500,97
37.43333,98
37.44167,99
37.45000,100
37.45833,101
37.46667,102
37.47500,103
37.48333,104
37.49167,105
37.50000,106
37.50833,106
37.51667,107
37.52500,108
37.53333,109
37.54167,110
37.55000,112
37.55833,113
37.56667,114
37.57500,114
37.58333,115
37.59167,116
37.60000,117
37.60833,118
37.61667,119
37.62500,120
37.63333,121
37.64167,122
37.65000,122
37.65833,123
37.66667,123
37.67500,124
37.68333,125
37.69167,125
37.70000,126
37.70833,126
37.71667,126
37.72500,127
37.73333,128
37.74167,128
37.75000,129
37.75833,129
37.76667,129
37.77500,129
37.78333,129
37.79167,130
37.80000,130
37.80833,130
37.81667,130
37.82500,130
37.83333,130
37.84167,131
37.85000,131
37.85833,131
37.86667,131
37.87500,131
37.88333,131
37.89167,131
37.90000,131
37.90833,131
37.91667,131
37.92500,131
37.93333,130
37.94167,130
37.95000,129
37.95833,129
37.96667,129
37.97500,129
37.98333,128
37.99167,128
38.00000,127
38.00833,126
38.01667,125
38.02500,125
38.03333,124
38.04167,124
38.05000,123
38.05833,122
38.06667,122
38.07500,121
38.08333,121
38.09167,120
38.10000,120
38.10833,119
38.11667,118
38.12500,117
38.13333,116
38.14167,115
38.15000,115
38.15833,114
38.16667,113
38.17500,112
38.18333,111
38.19167,110
38.20000,109
38.20833,108
38.21667,108
38.22500,107
38.23333,106
38.24167,104
38.25000,103
38.25833,102
38.26667,100
38.27500,99
38.28333,98
38.29167,97
38.30000,96
38.30833,95
38.31667,93
38.32500,92
38.33333,91
38.34167,90
38.35000,88
38.35833,87
38.36667,86
38.37500,84
38.38333,83
38.39167,82
38.40000,81
38.40833,80
38.41667,78
38.42500,76
38.43333,75
38.44167,73
38.45000,72
38.45833,71
38.46667,69
38.47500,68
38.48333,66
38.49167,65
38.50000,64
38.50833,63
38.51667,61
38.52500,60
38.53333,59
38.54167,58
38.55000,56
38.55833,55
38.56667,53
38.57500,52
38.58333,50
38.59167,49
38.60000,48
38.60833,47
38.61667,46
38.62500,45
38.63333,44
38.64167,43
38.65000,41
38.65833,41
38.66667,40
38.67500,38
38.68333,37
38.69167,35
38.70000,34
38.70833,33
38.71667,32
38.72500,31
38.73333,30
38.74167,29
38.75000,28
38.75833,27
38.76667,26
38.77500,25
38.78333,24
38.79167,24
38.80000,23
38.80833,22
38.81667,21
38.82500,21
38.83333,20
38.84167,19
38.85000,18
38.85833,17
38.86667,16
38.87500,15
38.88333,14
38.89167,13
38.90000,13
38.90833,12
38.91667,11
38.92500,10
38.93333,10
38.94167,9
38.95000,9
38.95833,9
38.96667,8
38.97500,8
38.98333,7
38.99167,7
39.00000,6
39.00833,6
39.01667,5
39.02500,5
39.03333,5
39.04167,4
39.05000,4
39.05833,4
39.06667,3
39.07500,3
39.08333,2
39.09167,2
39.10000,1
39.10833,1
39.11667,1
39.12500,1
39.13333,0
39.14167,-0
39.15000,-0
39.15833,-0
39.16667,-0
39.17500,-1
39.18333,-1
39.19167,-1
39.20000,-2
39.20833,-2
39.21667,-2
39.22500,-2
39.23333,-2
39.24167,-3
39.25000,-3
39.25833,-4
39.26667,-3
39.27500,-3
39.28333,-3
39.29167,-3
39.30000,-3
39.30833,-3
39.31667,-3
39.32500,-3
39.33333,-3
39.34167,-3
39.35000,-4
39.35833,-4
39.36667,-4
39.37500,-4
39.38333,-4
39.39167,-3
39.40000,-3
39.40833,-3
39.41667,-4
39.42500,-4
39.43333,-4
39.44167,-4
39.45000,-4
39.45833,-4
39.46667,-4
39.47500,-4
39.48333,-4
39.49167,-4
39.50000,-4
39.50833,-4
39.51667,-4
39.52500,-4
39.53333,-4
39.54167,-4
39.55000,-4
39.55833,-4
39.56667,-4
39.57500,-4
39.58333,-4
39.59167,-4
39.60000,-4
39.60833,-4
39.61667,-4
39.62500,-4
39.63333,-4
39.64167,-4
39.65000,-4
39.65833,-4
39.66667,-4
39.67500,-5
39.68333,-5
39.69167,-5
39.70000,-4
39.70833,-4
39.71667,-4
39.72500,-4
39.73333,-4
39.74167,-4
39.75000,-4
39.75833,-4
39.76667,-4
39.77500,-4
39.78333,-4
39.79167,-4
39.80000,-4
39.80833,-4
39.81667,-4
39.82500,-4
39.83333,-4
39.84167,-5
39.85000,-5
39.85833,-5
39.86667,-5
39.87500,-5
39.88333,-5
39.89167,-5
39.90000,-5
39.90833,-5
39.91667,-5
39.92500,-6
39.93333,-6
39.94167,-5
39.95000,-5
39.95833,-5
39.96667,-4
39.97500,-4
39.98333,-4
39.99167,-4
40.00000,-4
40.00833,-4
40.01667,-4
40.02500,-5
40.03333,-5
40.04167,-5
40.05000,-5
40.05833,-5
40.06667,-5
40.07500,-5
40.08333,-4
40.09167,-4
40.10000,-4
40.10833,-4
40.11667,-4
40.12500,-4
40.13333,-4
40.14167,-4
40.15000,-4
40.15833,-4
40.16667,-4
40.17500,-4
40.18333,-4
40.19167,-4
40.20000,-4
40.20833,-5
40.21667,-5
40.22500,-5
40.23333,-5
40.24167,-5
40.25000,-5
40.25833,-5
40.26667,-5
40.27500,-5
40.28333,-4
40.29167,-4
40.30000,-4
40.30833,-4
40.31667,-4
40.32500,-3
40.33333,-3
40.34167,-3
40.35000,-3
40.35833,-3
40.36667,-3
40.37500,-3
40.38333,-3
40.39167,-3
40.40000,-3
40.40833,-2
40.41667,-2
40.42500,-2
40.43333,-2
40.44167,-2
40.45000,-2
40.45833,-2
40.46667,-1
40.47500,-1
40.48333,-0
40.49167,0
40.50000,0
40.50833,1
40.51667,1
40.52500,2
40.53333,2
40.54167,2
40.55000,3
40.55833,3
40.56667,4
40.57500,5
40.58333,5
40.59167,6
40.60000,6
40.60833,7
40.61667,7
40.62500,8
40.63333,8
40.64167,8
40.65000,9
40.65833,9
40.66667,9
40.67500,9
40.68333,10
40.69167,10
40.70000,11
40.70833,12
40.71667,13
40.72500,14
40.73333,15
40.74167,15
40.75000,15
40.75833,16
40.76667,17
40.77500,18
40.78333,19
40.79167,20
40.80000,21
40.80833,21
40.81667,22
40.82500,23
40.83333,24
40.84167,25
40.85000,26
40.85833,27
40.86667,28
40.87500,29
40.88333,29
40.89167,30
40.90000,31
40.90833,32
40.91667,33
40.92500,35
40.93333,35
40.94167,36
40.95000,37
40.95833,38
40.96667,39
40.97500,40
40.98333,41
40.99167,42
41.00000,43
41.00833,45
41.01667,46
41.02500,47
41.03333,49
41.04167,50
41.05000,51
41.05833,52
41.06667,53
41.07500,54
41.08333,55
41.09167,56
41.10000,57
41.10833,58
41.11667,59
41.12500,61
41.13333,62
41.14167,64
41.15000,65
41.15833,67
41.16667,68
41.17500,69
41.18333,70
41.19167,71
41.20000,72
41.20833,73
41.21667,74
41.22500,76
41.23333,77
41.24167,79
41.25000,80
41.25833,81
41.26667,82
41.27500,84
41.28333,85
41.29167,86
41.30000,88
41.30833,89
41.31667,90
41.32500,92
41.33333,93
41.34167,94
41.35000,95
41.35833,97
41.36667,98
41.37500,99
41.38333,100
41.39167,102
41.40000,104
41.40833,105
41.41667,106
41.42500,108
41.43333,109
41.44167,110
41.45000,111
41.45833,112
41.46667,114
41.47500,115
41.48333,116
41.49167,118
41.50000,119
41.50833,121
41.51667,122
41.52500,123
41.53333,124
41.54167,126
41.55000,127
41.55833,128
41.56667,129
41.57500,131
41.58333,132
41.59167,134
41.60000,135
41.60833,136
41.61667,137
41.62500,139
41.63333,140
41.64167,141
41.65000,142
41.65833,143
41.66667,143
41.67500,144
41.68333,145
41.69167,146
41.70000,147
41.70833,148
41.71667,149
41.72500,150
41.73333,152
41.74167,153
41.75000,154
41.75833,156
41.76667,157
41.77500,157
41.78333,158
41.79167,159
41.80000,160
41.80833,160
41.81667,161
41.82500,162
41.83333,163
41.84167,164
41.85000,164
41.85833,164
41.86667,165
41.87500,166
41.88333,167
41.89167,168
41.90000,168
41.90833,169
41.91667,169
41.92500,170
41.93333,170
41.94167,171
41.95000,171
41.95833,172
41.96667,172
41.97500,172
41.98333,173
41.99167,173
42.00000,173
42.00833,174
42.01667,174
42.02500,174
42.03333,175
42.04167,175
42.05000,176
42.05833,176
42.06667,176
42.07500,177
42.08333,177
42.09167,177
42.10000,177
42.10833,177
42.11667,177
42.12500,177
42.13333,177
42.14167,177
42.15000,177
42.15833,176
42.16667,176
42.17500,176
42.18333,177
42.19167,177
42.20000,177
42.20833,176
42.21667,177
42.22500,177
42.23333,177
42.24167,177
42.25000,177
42.25833,177
42.26667,177
42.27500,177
42.28333,176
42.29167,176
42.30000,176
42.30833,176
42.31667,175
42.32500,175
42.33333,175
42.34167,175
42.35000,175
42.35833,175
42.36667,174
42.37500,174
42.38333,174
42.39167,173
42.40000,173
42.40833,172
42.41667,172
42.42500,172
42.43333,171
42.44167,171
42.45000,171
42.45833,170
42.46667,170
42.47500,169
42.48333,168
42.49167,168
42.50000,168
42.50833,167
42.51667,167
42.52500,166
42.53333,165
42.54167,165
42.55000,164
42.55833,164
42.56667,163
42.57500,163
42.58333,162
42.59167,162
42.60000,161
42.60833,161
42.61667,160
42.62500,159
42.63333,159
42.64167,158
42.65000,157
42.65833,157
42.66667,156
42.67500,155
42.68333,155
42.69167,154
42.70000,153
42.70833,153
42.71667,152
42.72500,151
42.73333,150
42.74167,150
42.75000,149
42.75833,148
42.76667,148
42.77500,147
42.78333,146
42.79167,145
42.80000,144
42.80833,144
42.81667,143
42.82500,142
42.83333,141
42.84167,140
42.85000,139
42.85833,139
42.86667,138
42.87500,138
42.88333,137
42.89167,136
42.90000,135
42.90833,134
42.91667,133
42.92500,133
42.93333,132
42.94167,131
42.95000,130
42.95833,129
42.96667,128
42.97500,127
42.98333,126
42.99167,125
43.00000,124
43.00833,123
43.01667,122
43.02500,122
43.03333,121
43.04167,120
43.05000,119
43.05833,119
43.06667,118
43.07500,117
43.08333,116
43.09167,116
43.10000,115
43.10833,114
43.11667,113
43.12500,112
43.13333,112
43.14167,111
43.15000,110
43.15833,109
43.16667,108
43.17500,107
43.18333,107
43.19167,106
43.20000,106
43.20833,105
43.21667,104
43.22500,103
43.23333,102
43.24167,102
43.25000,101
43.25833,101
43.26667,100
43.27500,100
43.28333,99
43.29167,99
43.30000,98
43.30833,97
43.31667,96
43.32500,95
43.33333,95
43.34167,94
43.35000,93
43.35833,91
43.36667,90
43.37500,90
43.38333,89
43.39167,88
43.40000,88
43.40833,87
43.41667,86
43.42500,86
43.43333,85
43.44167,85
43.45000,84
43.45833,84
43.46667,83
43.47500,82
43.48333,82
43.49167,81
43.50000,80
43.50833,79
43.51667,78
43.52500,78
43.53333,77
43.54167,77
43.55000,77
43.55833,76
43.56667,76
43.57500,75
43.58333,74
43.59167,73
43.60000,73
43.60833,72
43.61667,71
43.62500,71
43.63333,70
43.64167,70
43.65000,69
43.65833,69
43.66667,68
43.67500,68
43.68333,67
43.69167,67
43.70000,66
43.70833,65
43.71667,64
43.72500,64
43.73333,63
43.74167,62
43.75000,61
43.75833,60
43.76667,60
43.77500,59
43.78333,59
43.79167,58
43.80000,58
43.80833,57
43.81667,56
43.82500,56
43.83333,55
43.84167,55
43.85000,55
43.85833,54
43.86667,54
43.87500,53
43.88333,52
43.89167,52
43.90000,51
43.90833,50
43.91667,49
43.92500,49
43.93333,48
43.94167,47
43.95000,46
43.95833,46
43.96667,46
43.97500,46
43.98333,46
43.99167,45
44.00000,45
44.00833,44
44.01667,44
44.02500,43
44.03333,42
44.04167,42
44.05000,41
44.05833,40
44.06667,39
44.07500,39
44.08333,38
44.09167,38
44.10000,37
44.10833,37
44.11667,36
44.12500,36
44.13333,35
44.14167,35
44.15000,34
44.15833,34
44.16667,33
44.17500,33
44.18333,32
44.19167,31
44.20000,31
44.20833,31
44.21667,30
44.22500,30
44.23333,29
44.24167,29
44.25000,28
44.25833,28
44.26667,27
44.27500,27
44.28333,26
44.29167,26
44.30000,25
44.30833,25
44.31667,25
44.32500,25
44.33333,24
44.34167,24
44.35000,24
44.35833,23
44.36667,23
44.37500,23
44.38333,22
44.39167,22
44.40000,21
44.40833,21
44.41667,20
44.42500,20
44.43333,19
44.44167,19
44.45000,19
44.45833,18
44.46667,18
44.47500,18
44.48333,17
44.49167,17
44.50000,16
44.50833,15
44.51667,15
44.52500,15
44.53333,15
44.54167,15
44.55000,15
44.55833,15
44.56667,14
44.57500,14
44.58333,13
44.59167,13
44.60000,13
44.60833,13
44.61667,12
44.62500,12
44.63333,11
44.64167,11
44.65000,11
44.65833,10
44.66667,10
44.67500,9
44.68333,9
44.69167,9
44.70000,8
44.70833,8
44.71667,7
44.72500,7
44.73333,6
44.74167,6
44.75000,6
44.75833,5
44.76667,5
44.77500,5
44.78333,5
44.79167,5
44.80000,5
44.80833,4
44.81667,4
44.82500,4
44.83333,3
44.84167,3
44.85000,3
44.85833,3
44.86667,3
44.87500,3
44.88333,2
44.89167,2
44.90000,2
44.90833,1
44.91667,1
44.92500,1
44.93333,1
44.94167,1
44.95000,0
44.95833,0
44.96667,0
44.97500,-0
44.98333,-0
44.99167,-0
45.00000,-1
45.00833,-1
45.01667,-1
45.02500,-1
45.03333,-1
45.04167,-1
45.05000,-1
45.05833,-1
45.06667,-2
45.07500,-2
45.08333,-2
45.09167,-2
45.10000,-3
45.10833,-3
45.11667,-3
45.12500,-3
45.13333,-3
45.14167,-3
45.15000,-3
45.15833,-3
45.16667,-3
45.17500,-3
45.18333,-3
45.19167,-3
45.20000,-3
45.20833,-3
45.21667,-3
45.22500,-3
45.23333,-3
45.24167,-4
45.25000,-4
45.25833,-4
45.26667,-4
45.27500,-5
45.28333,-5
45.29167,-5
45.30000,-5
45.30833,-5
45.31667,-5
45.32500,-5
45.33333,-4
45.34167,-4
45.35000,-4
45.35833,-4
45.36667,-5
45.37500,-5
45.38333,-5
45.39167,-5
45.40000,-5
45.40833,-5
45.41667,-5
45.42500,-5
45.43333,-5
45.44167,-5
45.45000,-5
45.45833,-6
45.46667,-6
45.47500,-6
45.48333,-6
45.49167,-6
45.50000,-5
45.50833,-5
45.51667,-6
45.52500,-6
45.53333,-6
45.54167,-6
45.55000,-6
45.55833,-6
45.56667,-6
45.57500,-6
45.58333,-6
45.59167,-6
45.60000,-6
45.60833,-6
45.61667,-5
45.62500,-5
45.63333,-5
45.64167,-4
45.65000,-5
45.65833,-5
45.66667,-5
45.67500,-5
45.68333,-6
45.69167,-6
45.70000,-7
45.70833,-7
45.71667,-7
45.72500,-7
45.73333,-7
45.74167,-7
45.75000,-7
45.75833,-7
45.76667,-7
45.77500,-7
45.78333,-7
45.79167,-8
45.80000,-8
45.80833,-8
45.81667,-8
45.82500,-8
45.83333,-8
45.84167,-8
45.85000,-8
45.85833,-8
45.86667,-8
45.87500,-9
45.88333,-9
45.89167,-9
45.90000,-9
45.90833,-9
45.91667,-9
45.92500,-9
45.93333,-9
45.94167,-9
45.95000,-9
45.95833,-9
45.96667,-9
45.97500,-9
45.98333,-9
45.99167,-9
46.00000,-10
46.00833,-10
46.01667,-10
46.02500,-11
46.03333,-10
46.04167,-10
46.05000,-11
46.05833,-11
46.06667,-11
46.07500,-11
46.08333,-12
46.09167,-12
46.10000,-12
46.10833,-11
46.11667,-11
46.12500,-12
46.13333,-12
46.14167,-12
46.15000,-12
46.15833,-12
46.16667,-13
46.17500,-13
46.18333,-13
46.19167,-14
46.20000,-14
46.20833,-14
46.21667,-14
46.22500,-14
46.23333,-14
46.24167,-14
46.25000,-14
46.25833,-14
46.26667,-14
46.27500,-15
46.28333,-15
46.29167,-16
46.30000,-16
46.30833,-17
46.31667,-17
46.32500,-18
46.33333,-18
46.34167,-18
46.35000,-18
46.35833,-17
46.36667,-18
46.37500,-18
46.38333,-18
46.39167,-18
46.40000,-19
46.40833,-19
46.41667,-19
46.42500,-19
46.43333,-20
46.44167,-20
46.45000,-20
46.45833,-21
46.46667,-21
46.47500,-21
46.48333,-21
46.49167,-22
46.50000,-22
46.50833,-23
46.51667,-23
46.52500,-23
46.53333,-23
46.54167,-23
46.55000,-24
46.55833,-24
46.56667,-24
46.57500,-24
46.58333,-24
46.59167,-24
46.60000,-24
46.60833,-25
46.61667,-25
46.62500,-25
46.63333,-26
46.64167,-26
46.65000,-26
46.65833,-27
46.66667,-27
46.67500,-27
46.68333,-27
46.69167,-27
46.70000,-27
46.70833,-27
46.71667,-27
46.72500,-27
46.73333,-28
46.74167,-28
46.75000,-28
46.75833,-29
46.76667,-29
46.77500,-29
46.78333,-29
46.79167,-29
46.80000,-29
46.80833,-29
46.81667,-29
46.82500,-30
46.83333,-30
46.84167,-30
46.85000,-31
46.85833,-31
46.86667,-30
46.87500,-30
46.88333,-30
46.89167,-30
46.90000,-31
46.90833,-31
46.91667,-30
46.92500,-30
46.93333,-30
46.94167,-30
46.95000,-30
46.95833,-31
46.96667,-31
46.97500,-32
46.98333,-32
46.99167,-32
47.00000,-32
47.00833,-32
47.01667,-31
47.02500,-31
47.03333,-31
47.04167,-31
47.05000,-31
47.05833,-31
47.06667,-31
47.07500,-31
47.08333,-31
47.09167,-31
47.10000,-31
47.10833,-31
47.11667,-31
47.12500,-31
47.13333,-31
47.14167,-31
47.15000,-31
47.15833,-31
47.16667,-31
47.17500,-30
47.18333,-30
47.19167,-30
47.20000,-29
47.20833,-29
47.21667,-29
47.22500,-29
47.23333,-28
47.24167,-28
47.25000,-28
47.25833,-28
47.26667,-27
47.27500,-26
47.28333,-26
47.29167,-26
47.30000,-26
47.30833,-26
47.31667,-25
47.32500,-25
47.33333,-25
47.34167,-24
47.35000,-24
47.35833,-23
47.36667,-23
47.37500,-23
47.38333,-22
47.39167,-22
47.40000,-21
47.40833,-21
47.41667,-20
47.42500,-19
47.43333,-19
47.44167,-18
47.45000,-18
47.45833,-18
47.46667,-17
47.47500,-16
47.48333,-16
47.49167,-15
47.50000,-14
47.50833,-13
47.51667,-13
47.52500,-12
47.53333,-11
47.54167,-10
47.55000,-10
47.55833,-9
47.56667,-8
47.57500,-7
47.58333,-6
47.59167,-5
47.60000,-5
47.60833,-4
47.61667,-3
47.62500,-3
47.63333,-2
47.64167,-1
47.65000,-1
47.65833,0
47.66667,1
47.67500,2
47.68333,3
47.69167,4
47.70000,4
47.70833,5
47.71667,6
47.72500,6
47.73333,7
47.74167,8
47.75000,8
47.75833,9
47.76667,10
47.77500,11
47.78333,12
47.79167,13
47.80000,14
47.80833,15
47.81667,16
47.82500,17
47.83333,18
47.84167,18
47.85000,19
47.85833,20
47.86667,21
47.87500,21
47.88333,21
47.89167,22
47.90000,22
47.90833,23
47.91667,24
47.92500,25
47.93333,25
47.94167,26
47.95000,27
47.95833,28
47.96667,29
47.97500,30
47.98333,30
47.99167,30
48.00000,31
48.00833,31
48.01667,32
48.02500,32
48.03333,33
48.04167,34
48.05000,34
48.05833,35
48.06667,35
48.07500,36
48.08333,36
48.09167,37
48.10000,37
48.10833,38
48.11667,38
48.12500,38
48.13333,39
48.14167,40
48.15000,40
48.15833,40
48.16667,40
48.17500,41
48.18333,41
48.19167,41
48.20000,41
48.20833,42
48.21667,42
48.22500,43
48.23333,43
48.24167,44
48.25000,45
48.25833,45
48.26667,45
48.27500,46
48.28333,46
48.29167,46
48.30000,46
48.30833,46
48.31667,46
48.32500,46
48.33333,47
48.34167,47
48.35000,48
48.35833,48
48.36667,48
48.37500,48
48.38333,49
48.39167,49
48.40000,49
48.40833,49
48.41667,49
48.42500,49
48.43333,49
48.44167,49
48.45000,49
48.45833,49
48.46667,50
48.47500,50
48.48333,50
48.49167,50
48.50000,50
48.50833,50
48.51667,50
48.52500,50
48.53333,51
48.54167,51
48.55000,51
48.55833,51
48.56667,51
48.57500,52
48.58333,52
48.59167,52
48.60000,52
48.60833,52
48.61667,52
48.62500,52
48.63333,52
48.64167,52
48.65000,52
48.65833,52
48.66667,52
48.67500,52
48.68333,52
48.69167,52
48.70000,52
48.70833,52
48.71667,52
48.72500,52
48.73333,53
48.74167,53
48.75000,53
48.75833,53
48.76667,53
48.77500,53
48.78333,53
48.79167,53
48.80000,53
48.80833,53
48.81667,53
48.82500,54
48.83333,54
48.84167,54
48.85000,53
48.85833,53
48.86667,53
48.87500,53
48.88333,53
48.89167,53
48.90000,53
48.90833,53
48.91667,53
48.92500,53
48.93333,53
48.94167,53
48.95000,54
48.95833,54
48.96667,54
48.97500,54
48.98333,54
48.99167,54
49.00000,54
49.00833,54
49.01667,54
49.02500,54
49.03333,53
49.04167,54
49.05000,54
49.05833,54
49.06667,54
49.07500,54
49.08333,54
49.09167,54
49.10000,54
49.10833,54
49.11667,54
49.12500,54
49.13333,54
49.14167,54
49.15000,54
49.15833,54
49.16667,54
49.17500,54
49.18333,54
49.19167,54
49.20000,55
49.20833,55
49.21667,55
49.22500,55
49.23333,55
49.24167,55
49.25000,54
49.25833,54
49.26667,54
49.27500,54
49.28333,54
49.29167,54
49.30000,54
49.30833,54
49.31667,54
49.32500,54
49.33333,54
49.34167,54
49.35000,53
49.35833,53
49.36667,53
49.37500,53
49.38333,53
49.39167,52
49.40000,52
49.40833,52
49.41667,52
49.42500,52
49.43333,52
49.44167,52
49.45000,52
49.45833,52
49.46667,51
49.47500,51
49.48333,51
49.49167,51
49.50000,51
49.50833,51
49.51667,51
49.52500,50
49.53333,50
49.54167,50
49.55000,50
49.55833,50
49.56667,49
49.57500,49
49.58333,48
49.59167,48
49.60000,47
49.60833,47
49.61667,46
49.62500,46
49.63333,46
49.64167,46
49.65000,46
49.65833,46
49.66667,45
49.67500,45
49.68333,45
49.69167,44
49.70000,44
49.70833,43
49.71667,43
49.72500,42
49.73333,42
49.74167,42
49.75000,42
49.75833,41
49.76667,41
49.77500,40
49.78333,40
49.79167,39
49.80000,39
49.80833,38
49.81667,37
49.82500,37
49.83333,36
49.84167,36
49.85000,35
49.85833,34
49.86667,34
49.87500,33
49.88333,33
49.89167,32
49.90000,32
49.90833,31
49.91667,31
49.92500,30
49.93333,29
49.94167,29
49.95000,28
49.95833,28
49.96667,27
49.97500,27
49.98333,26
49.99167,26
50.00000,25

