[Header]
Application Name,LabSolutions
Version,5.97 SP1
Data File Name,C:\Users\cremerlab\Desktop\Richa\Oct_17th_2022_yield_expt\Oct 17th 2022 yield expt_10172022_001_003.lcd
Output Date,10/17/2022
Output Time,8:26:11 PM

[File Information]
Type,Data File
Generated,10/17/2022 7:35:52 PM
Generated by,System Administrator
Modified,10/17/2022 8:26:11 PM
Modified by,System Administrator

[Sample Information]
Operator Name,System Administrator
Acquired,10/17/2022 7:36:11 PM
Sample Type,0:Unknown
Level,0
Sample Name,101822_NCM_Trp_2
Sample ID,001
ISTD Amount1,1
ISTD Amount2,1
ISTD Amount3,1
ISTD Amount4,1
ISTD Amount5,1
ISTD Amount6,1
ISTD Amount7,1
ISTD Amount8,1
ISTD Amount9,1
ISTD Amount10,1
ISTD Amount11,1
ISTD Amount12,1
ISTD Amount13,1
ISTD Amount14,1
ISTD Amount15,1
ISTD Amount16,1
ISTD Amount17,1
ISTD Amount18,1
ISTD Amount19,1
ISTD Amount20,1
ISTD Amount21,1
ISTD Amount22,1
ISTD Amount23,1
ISTD Amount24,1
ISTD Amount25,1
ISTD Amount26,1
ISTD Amount27,1
ISTD Amount28,1
ISTD Amount29,1
ISTD Amount30,1
ISTD Amount31,1
ISTD Amount32,1
Sample Amount,1
Dilution Factor,1
Vial#,2
Injection Volume,20

[Original Files]
Data File,C:\Users\cremerlab\Desktop\Richa\Oct_17th_2022_yield_expt\Oct 17th 2022 yield expt_10172022_001_003.lcd
Method File,C:\Users\cremerlab\Desktop\Richa\acetate_excretion.lcm
Batch File,C:\Users\cremerlab\Desktop\Richa\Oct_17th_2022_yield_expt\Oct 17th 2022 yield expt.lcb
Report Format File,c:\LabSolutions\System\DEFAULT.lsr

[File Description]


[Configuration]
Instrument Name,HPLC-PC-Instrument1
Instrument #,1
Line #,1
# of Detectors,2
Detector ID,Detector A,Detector B
Detector Name,Detector A,Detector B
# of Channels,1,1

[Peak Table(Detector A)]
# of Peaks,0

[Peak Table(Detector B)]
# of Peaks,13
Peak#,R.Time,I.Time,F.Time,Area,Height,A/H,Conc.,Mark,ID#,Name,k',Plate #,Plate Ht.,Tailing,Resolution,Sep.Factor,Area Ratio,Height Ratio,Conc. %,Norm Conc.
1,10.483,10.283,10.517,1312,180,7.292,0.000,   ,,,0.000,6096,24.607,0.000,0.000,0.000,0,0,0.000,0.000
2,11.033,10.517,12.350,2279403,115771,19.689,0.000, V ,,,0.052,7461,20.105,0.968,1.050,0.000,0,0,0.000,0.000
3,14.350,12.658,15.200,3582180,76107,47.068,0.000,   ,,,0.369,2468,60.790,0.652,3.980,7.030,0,0,0.000,0.000
4,15.776,15.200,17.225,1498274,51492,29.097,0.000, V ,,,0.505,6926,21.656,1.144,1.491,1.369,0,0,0.000,0.000
5,17.863,17.417,18.400,8019,264,30.344,0.000,   ,,,0.704,7426,20.200,1.080,2.629,1.394,0,0,0.000,0.000
6,19.066,18.475,19.742,10948,278,39.318,0.000,   ,,,0.819,4925,30.455,1.039,1.256,1.163,0,0,0.000,0.000
7,20.291,19.742,20.667,21182,619,34.201,0.000,   ,,,0.936,5429,27.629,0.000,1.120,1.143,0,0,0.000,0.000
8,20.931,20.667,21.417,16695,457,36.547,0.000, V ,,,0.997,1965,76.323,0.000,0.428,1.065,0,0,0.000,0.000
9,21.873,21.417,22.542,23042,614,37.543,0.000, V ,,,1.086,7318,20.498,0.000,0.647,1.090,0,0,0.000,0.000
10,23.139,22.550,24.275,18600,477,39.015,0.000,   ,,,1.207,8847,16.955,1.395,1.262,1.111,0,0,0.000,0.000
11,25.087,24.308,26.442,158631,3860,41.091,0.000,   ,,,1.393,8972,16.718,1.138,1.906,1.154,0,0,0.000,0.000
12,29.170,28.300,30.592,143820,2880,49.940,0.000,   ,,,1.783,8590,17.462,1.287,3.523,1.280,0,0,0.000,0.000
13,32.429,31.642,34.375,36602,509,71.870,0.000,   ,,,2.093,6889,21.773,1.638,2.310,1.174,0,0,0.000,0.000

[LC Chromatogram(Detector B-Ch1)]
Interval(msec),500
# of Points,6001
Start Time(min),0.000
End Time(min),50.000
Intensity Units,mV
Intensity Multiplier,0.001
R.Time (min),Intensity
0.00000,-22
0.00833,-22
0.01667,-0
0.02500,0
0.03333,0
0.04167,-0
0.05000,-1
0.05833,-2
0.06667,-3
0.07500,-4
0.08333,-5
0.09167,-5
0.10000,-6
0.10833,-7
0.11667,-8
0.12500,-8
0.13333,-9
0.14167,-10
0.15000,-10
0.15833,-11
0.16667,-12
0.17500,-13
0.18333,-13
0.19167,-13
0.20000,-13
0.20833,-14
0.21667,-15
0.22500,-16
0.23333,-17
0.24167,-17
0.25000,-17
0.25833,-17
0.26667,-18
0.27500,-18
0.28333,-18
0.29167,-19
0.30000,-19
0.30833,-20
0.31667,-20
0.32500,-20
0.33333,-21
0.34167,-21
0.35000,-22
0.35833,-23
0.36667,-23
0.37500,-24
0.38333,-25
0.39167,-25
0.40000,-26
0.40833,-26
0.41667,-26
0.42500,-26
0.43333,-26
0.44167,-26
0.45000,-26
0.45833,-27
0.46667,-27
0.47500,-27
0.48333,-27
0.49167,-27
0.50000,-28
0.50833,-28
0.51667,-28
0.52500,-29
0.53333,-29
0.54167,-29
0.55000,-30
0.55833,-30
0.56667,-30
0.57500,-30
0.58333,-31
0.59167,-31
0.60000,-30
0.60833,-31
0.61667,-31
0.62500,-31
0.63333,-31
0.64167,-31
0.65000,-31
0.65833,-31
0.66667,-32
0.67500,-32
0.68333,-32
0.69167,-32
0.70000,-32
0.70833,-32
0.71667,-32
0.72500,-32
0.73333,-33
0.74167,-33
0.75000,-33
0.75833,-33
0.76667,-33
0.77500,-34
0.78333,-34
0.79167,-34
0.80000,-34
0.80833,-34
0.81667,-34
0.82500,-33
0.83333,-33
0.84167,-34
0.85000,-34
0.85833,-34
0.86667,-34
0.87500,-34
0.88333,-34
0.89167,-34
0.90000,-34
0.90833,-34
0.91667,-34
0.92500,-35
0.93333,-35
0.94167,-35
0.95000,-34
0.95833,-34
0.96667,-34
0.97500,-34
0.98333,-34
0.99167,-34
1.00000,-34
1.00833,-34
1.01667,-33
1.02500,-33
1.03333,-34
1.04167,-34
1.05000,-34
1.05833,-34
1.06667,-34
1.07500,-34
1.08333,-34
1.09167,-33
1.10000,-33
1.10833,-34
1.11667,-34
1.12500,-34
1.13333,-34
1.14167,-34
1.15000,-34
1.15833,-34
1.16667,-34
1.17500,-34
1.18333,-35
1.19167,-34
1.20000,-34
1.20833,-34
1.21667,-34
1.22500,-35
1.23333,-35
1.24167,-35
1.25000,-35
1.25833,-35
1.26667,-35
1.27500,-34
1.28333,-34
1.29167,-34
1.30000,-34
1.30833,-35
1.31667,-35
1.32500,-35
1.33333,-35
1.34167,-35
1.35000,-35
1.35833,-35
1.36667,-36
1.37500,-36
1.38333,-36
1.39167,-36
1.40000,-35
1.40833,-35
1.41667,-35
1.42500,-35
1.43333,-35
1.44167,-35
1.45000,-35
1.45833,-35
1.46667,-35
1.47500,-35
1.48333,-35
1.49167,-35
1.50000,-35
1.50833,-36
1.51667,-36
1.52500,-36
1.53333,-36
1.54167,-36
1.55000,-36
1.55833,-37
1.56667,-37
1.57500,-37
1.58333,-37
1.59167,-38
1.60000,-38
1.60833,-38
1.61667,-38
1.62500,-39
1.63333,-39
1.64167,-39
1.65000,-39
1.65833,-39
1.66667,-39
1.67500,-39
1.68333,-40
1.69167,-40
1.70000,-40
1.70833,-40
1.71667,-40
1.72500,-40
1.73333,-40
1.74167,-40
1.75000,-40
1.75833,-40
1.76667,-40
1.77500,-40
1.78333,-40
1.79167,-41
1.80000,-41
1.80833,-41
1.81667,-42
1.82500,-42
1.83333,-42
1.84167,-42
1.85000,-43
1.85833,-43
1.86667,-43
1.87500,-44
1.88333,-44
1.89167,-44
1.90000,-44
1.90833,-44
1.91667,-44
1.92500,-44
1.93333,-45
1.94167,-45
1.95000,-45
1.95833,-45
1.96667,-46
1.97500,-46
1.98333,-47
1.99167,-47
2.00000,-47
2.00833,-48
2.01667,-48
2.02500,-49
2.03333,-49
2.04167,-49
2.05000,-49
2.05833,-50
2.06667,-50
2.07500,-50
2.08333,-50
2.09167,-50
2.10000,-51
2.10833,-51
2.11667,-51
2.12500,-52
2.13333,-52
2.14167,-52
2.15000,-53
2.15833,-53
2.16667,-54
2.17500,-54
2.18333,-54
2.19167,-55
2.20000,-55
2.20833,-55
2.21667,-55
2.22500,-55
2.23333,-56
2.24167,-56
2.25000,-56
2.25833,-56
2.26667,-56
2.27500,-57
2.28333,-58
2.29167,-58
2.30000,-59
2.30833,-59
2.31667,-60
2.32500,-59
2.33333,-60
2.34167,-60
2.35000,-60
2.35833,-60
2.36667,-60
2.37500,-61
2.38333,-61
2.39167,-62
2.40000,-62
2.40833,-63
2.41667,-63
2.42500,-63
2.43333,-63
2.44167,-64
2.45000,-64
2.45833,-64
2.46667,-65
2.47500,-64
2.48333,-65
2.49167,-65
2.50000,-66
2.50833,-66
2.51667,-67
2.52500,-67
2.53333,-67
2.54167,-67
2.55000,-67
2.55833,-67
2.56667,-68
2.57500,-68
2.58333,-69
2.59167,-69
2.60000,-70
2.60833,-70
2.61667,-70
2.62500,-71
2.63333,-71
2.64167,-71
2.65000,-71
2.65833,-72
2.66667,-72
2.67500,-72
2.68333,-73
2.69167,-73
2.70000,-73
2.70833,-73
2.71667,-74
2.72500,-74
2.73333,-74
2.74167,-74
2.75000,-74
2.75833,-74
2.76667,-74
2.77500,-74
2.78333,-75
2.79167,-75
2.80000,-75
2.80833,-75
2.81667,-75
2.82500,-75
2.83333,-75
2.84167,-75
2.85000,-76
2.85833,-76
2.86667,-76
2.87500,-76
2.88333,-76
2.89167,-76
2.90000,-76
2.90833,-76
2.91667,-76
2.92500,-77
2.93333,-77
2.94167,-77
2.95000,-77
2.95833,-77
2.96667,-77
2.97500,-77
2.98333,-77
2.99167,-78
3.00000,-78
3.00833,-78
3.01667,-77
3.02500,-77
3.03333,-78
3.04167,-77
3.05000,-77
3.05833,-77
3.06667,-77
3.07500,-77
3.08333,-78
3.09167,-78
3.10000,-78
3.10833,-79
3.11667,-79
3.12500,-79
3.13333,-79
3.14167,-79
3.15000,-79
3.15833,-79
3.16667,-79
3.17500,-79
3.18333,-78
3.19167,-79
3.20000,-78
3.20833,-78
3.21667,-79
3.22500,-78
3.23333,-78
3.24167,-78
3.25000,-79
3.25833,-79
3.26667,-79
3.27500,-79
3.28333,-79
3.29167,-79
3.30000,-79
3.30833,-79
3.31667,-79
3.32500,-79
3.33333,-79
3.34167,-79
3.35000,-78
3.35833,-78
3.36667,-78
3.37500,-78
3.38333,-78
3.39167,-78
3.40000,-77
3.40833,-77
3.41667,-78
3.42500,-78
3.43333,-78
3.44167,-78
3.45000,-77
3.45833,-77
3.46667,-77
3.47500,-77
3.48333,-77
3.49167,-78
3.50000,-78
3.50833,-78
3.51667,-77
3.52500,-77
3.53333,-76
3.54167,-76
3.55000,-76
3.55833,-76
3.56667,-77
3.57500,-77
3.58333,-76
3.59167,-76
3.60000,-75
3.60833,-75
3.61667,-75
3.62500,-75
3.63333,-75
3.64167,-75
3.65000,-74
3.65833,-74
3.66667,-74
3.67500,-74
3.68333,-74
3.69167,-74
3.70000,-74
3.70833,-74
3.71667,-74
3.72500,-74
3.73333,-73
3.74167,-73
3.75000,-72
3.75833,-72
3.76667,-72
3.77500,-72
3.78333,-72
3.79167,-71
3.80000,-71
3.80833,-71
3.81667,-71
3.82500,-71
3.83333,-71
3.84167,-70
3.85000,-70
3.85833,-70
3.86667,-69
3.87500,-69
3.88333,-68
3.89167,-68
3.90000,-68
3.90833,-67
3.91667,-67
3.92500,-66
3.93333,-66
3.94167,-65
3.95000,-65
3.95833,-65
3.96667,-64
3.97500,-64
3.98333,-64
3.99167,-64
4.00000,-63
4.00833,-63
4.01667,-62
4.02500,-62
4.03333,-61
4.04167,-61
4.05000,-60
4.05833,-60
4.06667,-60
4.07500,-59
4.08333,-59
4.09167,-58
4.10000,-58
4.10833,-57
4.11667,-57
4.12500,-56
4.13333,-56
4.14167,-55
4.15000,-54
4.15833,-54
4.16667,-53
4.17500,-52
4.18333,-52
4.19167,-51
4.20000,-50
4.20833,-50
4.21667,-49
4.22500,-48
4.23333,-48
4.24167,-48
4.25000,-47
4.25833,-47
4.26667,-46
4.27500,-46
4.28333,-45
4.29167,-44
4.30000,-44
4.30833,-43
4.31667,-42
4.32500,-42
4.33333,-41
4.34167,-41
4.35000,-40
4.35833,-40
4.36667,-40
4.37500,-39
4.38333,-39
4.39167,-39
4.40000,-39
4.40833,-38
4.41667,-37
4.42500,-36
4.43333,-36
4.44167,-35
4.45000,-35
4.45833,-34
4.46667,-34
4.47500,-33
4.48333,-33
4.49167,-33
4.50000,-33
4.50833,-32
4.51667,-32
4.52500,-31
4.53333,-30
4.54167,-30
4.55000,-30
4.55833,-29
4.56667,-29
4.57500,-29
4.58333,-29
4.59167,-29
4.60000,-28
4.60833,-28
4.61667,-28
4.62500,-27
4.63333,-27
4.64167,-26
4.65000,-26
4.65833,-26
4.66667,-26
4.67500,-26
4.68333,-26
4.69167,-26
4.70000,-26
4.70833,-26
4.71667,-26
4.72500,-26
4.73333,-26
4.74167,-26
4.75000,-26
4.75833,-26
4.76667,-26
4.77500,-26
4.78333,-25
4.79167,-25
4.80000,-25
4.80833,-25
4.81667,-25
4.82500,-26
4.83333,-26
4.84167,-26
4.85000,-26
4.85833,-25
4.86667,-25
4.87500,-25
4.88333,-25
4.89167,-25
4.90000,-25
4.90833,-25
4.91667,-26
4.92500,-26
4.93333,-27
4.94167,-27
4.95000,-27
4.95833,-27
4.96667,-27
4.97500,-28
4.98333,-28
4.99167,-28
5.00000,-29
5.00833,-29
5.01667,-29
5.02500,-29
5.03333,-29
5.04167,-29
5.05000,-30
5.05833,-31
5.06667,-31
5.07500,-31
5.08333,-32
5.09167,-33
5.10000,-33
5.10833,-33
5.11667,-33
5.12500,-33
5.13333,-34
5.14167,-34
5.15000,-35
5.15833,-35
5.16667,-36
5.17500,-36
5.18333,-37
5.19167,-37
5.20000,-38
5.20833,-39
5.21667,-40
5.22500,-41
5.23333,-41
5.24167,-42
5.25000,-42
5.25833,-43
5.26667,-43
5.27500,-44
5.28333,-44
5.29167,-45
5.30000,-45
5.30833,-46
5.31667,-46
5.32500,-47
5.33333,-48
5.34167,-49
5.35000,-50
5.35833,-50
5.36667,-50
5.37500,-51
5.38333,-52
5.39167,-53
5.40000,-53
5.40833,-54
5.41667,-55
5.42500,-55
5.43333,-56
5.44167,-57
5.45000,-58
5.45833,-59
5.46667,-60
5.47500,-61
5.48333,-61
5.49167,-62
5.50000,-63
5.50833,-63
5.51667,-64
5.52500,-64
5.53333,-65
5.54167,-66
5.55000,-67
5.55833,-68
5.56667,-69
5.57500,-69
5.58333,-71
5.59167,-72
5.60000,-73
5.60833,-74
5.61667,-75
5.62500,-76
5.63333,-77
5.64167,-78
5.65000,-79
5.65833,-80
5.66667,-81
5.67500,-82
5.68333,-83
5.69167,-84
5.70000,-84
5.70833,-84
5.71667,-86
5.72500,-87
5.73333,-87
5.74167,-88
5.75000,-89
5.75833,-90
5.76667,-91
5.77500,-92
5.78333,-93
5.79167,-94
5.80000,-94
5.80833,-95
5.81667,-96
5.82500,-97
5.83333,-98
5.84167,-99
5.85000,-100
5.85833,-101
5.86667,-101
5.87500,-102
5.88333,-103
5.89167,-104
5.90000,-104
5.90833,-105
5.91667,-107
5.92500,-108
5.93333,-109
5.94167,-110
5.95000,-111
5.95833,-111
5.96667,-112
5.97500,-113
5.98333,-114
5.99167,-115
6.00000,-115
6.00833,-116
6.01667,-116
6.02500,-117
6.03333,-118
6.04167,-119
6.05000,-120
6.05833,-120
6.06667,-121
6.07500,-122
6.08333,-122
6.09167,-123
6.10000,-123
6.10833,-124
6.11667,-125
6.12500,-126
6.13333,-126
6.14167,-127
6.15000,-127
6.15833,-128
6.16667,-129
6.17500,-129
6.18333,-130
6.19167,-131
6.20000,-131
6.20833,-132
6.21667,-133
6.22500,-133
6.23333,-134
6.24167,-134
6.25000,-135
6.25833,-135
6.26667,-136
6.27500,-136
6.28333,-137
6.29167,-137
6.30000,-138
6.30833,-138
6.31667,-138
6.32500,-138
6.33333,-139
6.34167,-139
6.35000,-140
6.35833,-141
6.36667,-141
6.37500,-142
6.38333,-142
6.39167,-142
6.40000,-143
6.40833,-144
6.41667,-144
6.42500,-144
6.43333,-144
6.44167,-144
6.45000,-145
6.45833,-145
6.46667,-145
6.47500,-145
6.48333,-146
6.49167,-146
6.50000,-146
6.50833,-146
6.51667,-146
6.52500,-146
6.53333,-147
6.54167,-147
6.55000,-148
6.55833,-148
6.56667,-148
6.57500,-149
6.58333,-149
6.59167,-149
6.60000,-150
6.60833,-150
6.61667,-150
6.62500,-150
6.63333,-151
6.64167,-151
6.65000,-151
6.65833,-151
6.66667,-152
6.67500,-152
6.68333,-152
6.69167,-152
6.70000,-153
6.70833,-153
6.71667,-154
6.72500,-154
6.73333,-153
6.74167,-153
6.75000,-153
6.75833,-152
6.76667,-152
6.77500,-153
6.78333,-153
6.79167,-154
6.80000,-154
6.80833,-155
6.81667,-155
6.82500,-155
6.83333,-155
6.84167,-155
6.85000,-155
6.85833,-156
6.86667,-156
6.87500,-157
6.88333,-157
6.89167,-157
6.90000,-157
6.90833,-157
6.91667,-157
6.92500,-157
6.93333,-157
6.94167,-158
6.95000,-158
6.95833,-158
6.96667,-158
6.97500,-158
6.98333,-158
6.99167,-159
7.00000,-159
7.00833,-159
7.01667,-158
7.02500,-159
7.03333,-159
7.04167,-159
7.05000,-160
7.05833,-160
7.06667,-160
7.07500,-161
7.08333,-161
7.09167,-161
7.10000,-161
7.10833,-161
7.11667,-161
7.12500,-161
7.13333,-161
7.14167,-161
7.15000,-161
7.15833,-161
7.16667,-161
7.17500,-161
7.18333,-161
7.19167,-161
7.20000,-161
7.20833,-161
7.21667,-161
7.22500,-161
7.23333,-161
7.24167,-161
7.25000,-162
7.25833,-162
7.26667,-162
7.27500,-162
7.28333,-162
7.29167,-163
7.30000,-163
7.30833,-163
7.31667,-164
7.32500,-164
7.33333,-164
7.34167,-164
7.35000,-165
7.35833,-165
7.36667,-165
7.37500,-165
7.38333,-165
7.39167,-165
7.40000,-165
7.40833,-165
7.41667,-165
7.42500,-165
7.43333,-166
7.44167,-166
7.45000,-166
7.45833,-166
7.46667,-166
7.47500,-167
7.48333,-167
7.49167,-167
7.50000,-167
7.50833,-167
7.51667,-167
7.52500,-168
7.53333,-168
7.54167,-168
7.55000,-168
7.55833,-169
7.56667,-169
7.57500,-169
7.58333,-168
7.59167,-168
7.60000,-169
7.60833,-169
7.61667,-169
7.62500,-169
7.63333,-169
7.64167,-170
7.65000,-170
7.65833,-170
7.66667,-170
7.67500,-171
7.68333,-171
7.69167,-171
7.70000,-171
7.70833,-172
7.71667,-172
7.72500,-172
7.73333,-172
7.74167,-172
7.75000,-172
7.75833,-173
7.76667,-173
7.77500,-173
7.78333,-173
7.79167,-173
7.80000,-173
7.80833,-173
7.81667,-174
7.82500,-174
7.83333,-174
7.84167,-174
7.85000,-174
7.85833,-175
7.86667,-175
7.87500,-175
7.88333,-175
7.89167,-175
7.90000,-175
7.90833,-175
7.91667,-175
7.92500,-175
7.93333,-176
7.94167,-176
7.95000,-176
7.95833,-176
7.96667,-176
7.97500,-176
7.98333,-176
7.99167,-176
8.00000,-176
8.00833,-177
8.01667,-177
8.02500,-177
8.03333,-177
8.04167,-178
8.05000,-178
8.05833,-178
8.06667,-179
8.07500,-179
8.08333,-179
8.09167,-180
8.10000,-181
8.10833,-181
8.11667,-181
8.12500,-181
8.13333,-181
8.14167,-181
8.15000,-181
8.15833,-181
8.16667,-181
8.17500,-181
8.18333,-181
8.19167,-181
8.20000,-181
8.20833,-182
8.21667,-182
8.22500,-182
8.23333,-182
8.24167,-182
8.25000,-182
8.25833,-182
8.26667,-182
8.27500,-183
8.28333,-184
8.29167,-184
8.30000,-184
8.30833,-184
8.31667,-185
8.32500,-185
8.33333,-185
8.34167,-185
8.35000,-185
8.35833,-185
8.36667,-186
8.37500,-186
8.38333,-186
8.39167,-187
8.40000,-187
8.40833,-187
8.41667,-187
8.42500,-187
8.43333,-187
8.44167,-187
8.45000,-187
8.45833,-187
8.46667,-187
8.47500,-187
8.48333,-188
8.49167,-188
8.50000,-188
8.50833,-188
8.51667,-188
8.52500,-189
8.53333,-189
8.54167,-189
8.55000,-189
8.55833,-189
8.56667,-189
8.57500,-189
8.58333,-189
8.59167,-190
8.60000,-190
8.60833,-191
8.61667,-191
8.62500,-191
8.63333,-191
8.64167,-191
8.65000,-191
8.65833,-191
8.66667,-191
8.67500,-192
8.68333,-192
8.69167,-193
8.70000,-193
8.70833,-193
8.71667,-193
8.72500,-193
8.73333,-193
8.74167,-193
8.75000,-193
8.75833,-194
8.76667,-194
8.77500,-194
8.78333,-195
8.79167,-195
8.80000,-195
8.80833,-195
8.81667,-195
8.82500,-195
8.83333,-196
8.84167,-196
8.85000,-197
8.85833,-197
8.86667,-197
8.87500,-197
8.88333,-197
8.89167,-197
8.90000,-197
8.90833,-197
8.91667,-197
8.92500,-197
8.93333,-198
8.94167,-198
8.95000,-198
8.95833,-198
8.96667,-198
8.97500,-198
8.98333,-198
8.99167,-198
9.00000,-198
9.00833,-198
9.01667,-199
9.02500,-199
9.03333,-199
9.04167,-200
9.05000,-200
9.05833,-200
9.06667,-200
9.07500,-200
9.08333,-200
9.09167,-200
9.10000,-200
9.10833,-200
9.11667,-200
9.12500,-201
9.13333,-201
9.14167,-201
9.15000,-201
9.15833,-201
9.16667,-202
9.17500,-202
9.18333,-202
9.19167,-202
9.20000,-202
9.20833,-203
9.21667,-203
9.22500,-203
9.23333,-203
9.24167,-203
9.25000,-203
9.25833,-203
9.26667,-203
9.27500,-203
9.28333,-204
9.29167,-204
9.30000,-204
9.30833,-205
9.31667,-205
9.32500,-205
9.33333,-206
9.34167,-206
9.35000,-206
9.35833,-207
9.36667,-207
9.37500,-206
9.38333,-206
9.39167,-206
9.40000,-205
9.40833,-206
9.41667,-206
9.42500,-206
9.43333,-206
9.44167,-206
9.45000,-207
9.45833,-207
9.46667,-208
9.47500,-208
9.48333,-209
9.49167,-209
9.50000,-209
9.50833,-209
9.51667,-209
9.52500,-209
9.53333,-209
9.54167,-209
9.55000,-209
9.55833,-209
9.56667,-209
9.57500,-209
9.58333,-210
9.59167,-210
9.60000,-210
9.60833,-210
9.61667,-210
9.62500,-210
9.63333,-210
9.64167,-210
9.65000,-211
9.65833,-211
9.66667,-211
9.67500,-211
9.68333,-211
9.69167,-211
9.70000,-211
9.70833,-211
9.71667,-212
9.72500,-212
9.73333,-213
9.74167,-213
9.75000,-213
9.75833,-213
9.76667,-213
9.77500,-213
9.78333,-214
9.79167,-214
9.80000,-214
9.80833,-214
9.81667,-214
9.82500,-215
9.83333,-215
9.84167,-215
9.85000,-215
9.85833,-215
9.86667,-214
9.87500,-214
9.88333,-215
9.89167,-215
9.90000,-215
9.90833,-215
9.91667,-215
9.92500,-215
9.93333,-215
9.94167,-215
9.95000,-215
9.95833,-216
9.96667,-216
9.97500,-217
9.98333,-217
9.99167,-217
10.00000,-216
10.00833,-216
10.01667,-216
10.02500,-216
10.03333,-216
10.04167,-215
10.05000,-215
10.05833,-216
10.06667,-216
10.07500,-216
10.08333,-216
10.09167,-216
10.10000,-216
10.10833,-216
10.11667,-215
10.12500,-215
10.13333,-214
10.14167,-213
10.15000,-213
10.15833,-212
10.16667,-211
10.17500,-211
10.18333,-210
10.19167,-209
10.20000,-208
10.20833,-207
10.21667,-206
10.22500,-205
10.23333,-203
10.24167,-202
10.25000,-201
10.25833,-199
10.26667,-197
10.27500,-195
10.28333,-193
10.29167,-191
10.30000,-187
10.30833,-183
10.31667,-179
10.32500,-174
10.33333,-167
10.34167,-160
10.35000,-152
10.35833,-142
10.36667,-131
10.37500,-119
10.38333,-105
10.39167,-91
10.40000,-75
10.40833,-58
10.41667,-41
10.42500,-24
10.43333,-8
10.44167,7
10.45000,19
10.45833,30
10.46667,37
10.47500,42
10.48333,44
10.49167,44
10.50000,42
10.50833,40
10.51667,40
10.52500,43
10.53333,53
10.54167,73
10.55000,107
10.55833,159
10.56667,234
10.57500,337
10.58333,474
10.59167,650
10.60000,872
10.60833,1144
10.61667,1473
10.62500,1865
10.63333,2326
10.64167,2860
10.65000,3474
10.65833,4172
10.66667,4960
10.67500,5842
10.68333,6822
10.69167,7905
10.70000,9093
10.70833,10390
10.71667,11799
10.72500,13322
10.73333,14961
10.74167,16717
10.75000,18592
10.75833,20587
10.76667,22700
10.77500,24934
10.78333,27288
10.79167,29759
10.80000,32349
10.80833,35054
10.81667,37873
10.82500,40803
10.83333,43840
10.84167,46982
10.85000,50223
10.85833,53558
10.86667,56981
10.87500,60486
10.88333,64063
10.89167,67703
10.90000,71394
10.90833,75122
10.91667,78871
10.92500,82621
10.93333,86351
10.94167,90034
10.95000,93639
10.95833,97133
10.96667,100474
10.97500,103620
10.98333,106523
10.99167,109129
11.00000,111385
11.00833,113234
11.01667,114620
11.02500,115489
11.03333,115794
11.04167,115495
11.05000,114561
11.05833,112978
11.06667,110747
11.07500,107884
11.08333,104426
11.09167,100426
11.10000,95953
11.10833,91088
11.11667,85922
11.12500,80548
11.13333,75063
11.14167,69557
11.15000,64116
11.15833,58813
11.16667,53711
11.17500,48860
11.18333,44297
11.19167,40048
11.20000,36125
11.20833,32533
11.21667,29268
11.22500,26319
11.23333,23670
11.24167,21303
11.25000,19195
11.25833,17326
11.26667,15673
11.27500,14214
11.28333,12929
11.29167,11798
11.30000,10802
11.30833,9925
11.31667,9151
11.32500,8468
11.33333,7864
11.34167,7329
11.35000,6852
11.35833,6428
11.36667,6047
11.37500,5704
11.38333,5395
11.39167,5115
11.40000,4860
11.40833,4627
11.41667,4412
11.42500,4214
11.43333,4031
11.44167,3861
11.45000,3701
11.45833,3552
11.46667,3412
11.47500,3279
11.48333,3154
11.49167,3036
11.50000,2923
11.50833,2817
11.51667,2715
11.52500,2618
11.53333,2526
11.54167,2437
11.55000,2352
11.55833,2271
11.56667,2193
11.57500,2118
11.58333,2045
11.59167,1976
11.60000,1909
11.60833,1846
11.61667,1785
11.62500,1726
11.63333,1670
11.64167,1616
11.65000,1564
11.65833,1514
11.66667,1466
11.67500,1420
11.68333,1376
11.69167,1334
11.70000,1293
11.70833,1254
11.71667,1216
11.72500,1180
11.73333,1145
11.74167,1111
11.75000,1079
11.75833,1049
11.76667,1020
11.77500,992
11.78333,964
11.79167,939
11.80000,914
11.80833,891
11.81667,868
11.82500,847
11.83333,826
11.84167,807
11.85000,787
11.85833,769
11.86667,752
11.87500,735
11.88333,719
11.89167,704
11.90000,689
11.90833,675
11.91667,661
11.92500,648
11.93333,636
11.94167,624
11.95000,612
11.95833,601
11.96667,591
11.97500,581
11.98333,572
11.99167,563
12.00000,554
12.00833,545
12.01667,537
12.02500,529
12.03333,522
12.04167,514
12.05000,507
12.05833,500
12.06667,493
12.07500,487
12.08333,482
12.09167,476
12.10000,471
12.10833,466
12.11667,461
12.12500,457
12.13333,453
12.14167,448
12.15000,444
12.15833,440
12.16667,437
12.17500,433
12.18333,430
12.19167,427
12.20000,424
12.20833,422
12.21667,419
12.22500,417
12.23333,415
12.24167,414
12.25000,412
12.25833,410
12.26667,409
12.27500,408
12.28333,407
12.29167,406
12.30000,405
12.30833,405
12.31667,404
12.32500,404
12.33333,403
12.34167,403
12.35000,403
12.35833,403
12.36667,402
12.37500,402
12.38333,402
12.39167,402
12.40000,401
12.40833,401
12.41667,401
12.42500,401
12.43333,401
12.44167,401
12.45000,400
12.45833,400
12.46667,399
12.47500,398
12.48333,397
12.49167,396
12.50000,395
12.50833,394
12.51667,393
12.52500,391
12.53333,390
12.54167,388
12.55000,387
12.55833,386
12.56667,384
12.57500,382
12.58333,381
12.59167,379
12.60000,378
12.60833,376
12.61667,375
12.62500,374
12.63333,373
12.64167,372
12.65000,372
12.65833,372
12.66667,372
12.67500,373
12.68333,376
12.69167,379
12.70000,384
12.70833,390
12.71667,397
12.72500,407
12.73333,418
12.74167,431
12.75000,448
12.75833,466
12.76667,488
12.77500,513
12.78333,542
12.79167,574
12.80000,609
12.80833,649
12.81667,692
12.82500,740
12.83333,792
12.84167,849
12.85000,910
12.85833,977
12.86667,1049
12.87500,1126
12.88333,1209
12.89167,1296
12.90000,1389
12.90833,1487
12.91667,1591
12.92500,1701
12.93333,1816
12.94167,1937
12.95000,2063
12.95833,2195
12.96667,2333
12.97500,2476
12.98333,2625
12.99167,2779
13.00000,2939
13.00833,3104
13.01667,3275
13.02500,3451
13.03333,3632
13.04167,3818
13.05000,4010
13.05833,4207
13.06667,4408
13.07500,4615
13.08333,4827
13.09167,5044
13.10000,5265
13.10833,5491
13.11667,5722
13.12500,5956
13.13333,6196
13.14167,6439
13.15000,6687
13.15833,6939
13.16667,7195
13.17500,7455
13.18333,7718
13.19167,7985
13.20000,8256
13.20833,8531
13.21667,8809
13.22500,9090
13.23333,9375
13.24167,9663
13.25000,9954
13.25833,10248
13.26667,10545
13.27500,10845
13.28333,11148
13.29167,11455
13.30000,11764
13.30833,12076
13.31667,12390
13.32500,12708
13.33333,13028
13.34167,13352
13.35000,13678
13.35833,14006
13.36667,14336
13.37500,14670
13.38333,15006
13.39167,15346
13.40000,15687
13.40833,16032
13.41667,16379
13.42500,16729
13.43333,17082
13.44167,17437
13.45000,17796
13.45833,18157
13.46667,18521
13.47500,18888
13.48333,19257
13.49167,19629
13.50000,20004
13.50833,20383
13.51667,20764
13.52500,21148
13.53333,21535
13.54167,21925
13.55000,22318
13.55833,22715
13.56667,23114
13.57500,23516
13.58333,23922
13.59167,24330
13.60000,24742
13.60833,25158
13.61667,25576
13.62500,25998
13.63333,26423
13.64167,26852
13.65000,27283
13.65833,27719
13.66667,28158
13.67500,28601
13.68333,29047
13.69167,29496
13.70000,29949
13.70833,30406
13.71667,30866
13.72500,31330
13.73333,31799
13.74167,32270
13.75000,32747
13.75833,33226
13.76667,33710
13.77500,34197
13.78333,34689
13.79167,35184
13.80000,35684
13.80833,36188
13.81667,36696
13.82500,37208
13.83333,37725
13.84167,38246
13.85000,38771
13.85833,39301
13.86667,39835
13.87500,40374
13.88333,40917
13.89167,41465
13.90000,42017
13.90833,42575
13.91667,43137
13.92500,43704
13.93333,44276
13.94167,44852
13.95000,45434
13.95833,46021
13.96667,46613
13.97500,47210
13.98333,47813
13.99167,48420
14.00000,49033
14.00833,49651
14.01667,50275
14.02500,50905
14.03333,51540
14.04167,52180
14.05000,52827
14.05833,53479
14.06667,54137
14.07500,54801
14.08333,55470
14.09167,56146
14.10000,56827
14.10833,57514
14.11667,58209
14.12500,58909
14.13333,59616
14.14167,60330
14.15000,61050
14.15833,61777
14.16667,62511
14.17500,63251
14.18333,63999
14.19167,64754
14.20000,65515
14.20833,66284
14.21667,67059
14.22500,67839
14.23333,68624
14.24167,69410
14.25000,70194
14.25833,70972
14.26667,71737
14.27500,72482
14.28333,73197
14.29167,73872
14.30000,74495
14.30833,75054
14.31667,75536
14.32500,75928
14.33333,76220
14.34167,76401
14.35000,76461
14.35833,76394
14.36667,76193
14.37500,75854
14.38333,75372
14.39167,74745
14.40000,73972
14.40833,73050
14.41667,71978
14.42500,70753
14.43333,69374
14.44167,67839
14.45000,66146
14.45833,64298
14.46667,62294
14.47500,60140
14.48333,57844
14.49167,55415
14.50000,52869
14.50833,50225
14.51667,47503
14.52500,44728
14.53333,41925
14.54167,39122
14.55000,36345
14.55833,33621
14.56667,30973
14.57500,28424
14.58333,25990
14.59167,23688
14.60000,21527
14.60833,19515
14.61667,17655
14.62500,15947
14.63333,14389
14.64167,12975
14.65000,11699
14.65833,10552
14.66667,9526
14.67500,8612
14.68333,7798
14.69167,7077
14.70000,6438
14.70833,5874
14.71667,5376
14.72500,4936
14.73333,4547
14.74167,4203
14.75000,3899
14.75833,3629
14.76667,3390
14.77500,3177
14.78333,2988
14.79167,2819
14.80000,2667
14.80833,2530
14.81667,2407
14.82500,2294
14.83333,2192
14.84167,2099
14.85000,2015
14.85833,1936
14.86667,1864
14.87500,1797
14.88333,1734
14.89167,1676
14.90000,1621
14.90833,1570
14.91667,1523
14.92500,1478
14.93333,1436
14.94167,1396
14.95000,1359
14.95833,1323
14.96667,1289
14.97500,1257
14.98333,1226
14.99167,1197
15.00000,1169
15.00833,1143
15.01667,1117
15.02500,1093
15.03333,1070
15.04167,1049
15.05000,1028
15.05833,1009
15.06667,990
15.07500,972
15.08333,956
15.09167,940
15.10000,925
15.10833,911
15.11667,898
15.12500,886
15.13333,874
15.14167,863
15.15000,854
15.15833,845
15.16667,838
15.17500,832
15.18333,828
15.19167,825
15.20000,825
15.20833,827
15.21667,833
15.22500,841
15.23333,855
15.24167,873
15.25000,896
15.25833,928
15.26667,969
15.27500,1020
15.28333,1082
15.29167,1159
15.30000,1251
15.30833,1362
15.31667,1494
15.32500,1649
15.33333,1830
15.34167,2041
15.35000,2285
15.35833,2565
15.36667,2885
15.37500,3247
15.38333,3656
15.39167,4114
15.40000,4626
15.40833,5194
15.41667,5821
15.42500,6509
15.43333,7261
15.44167,8077
15.45000,8960
15.45833,9909
15.46667,10924
15.47500,12005
15.48333,13151
15.49167,14358
15.50000,15625
15.50833,16947
15.51667,18320
15.52500,19739
15.53333,21199
15.54167,22692
15.55000,24214
15.55833,25756
15.56667,27311
15.57500,28871
15.58333,30430
15.59167,31979
15.60000,33510
15.60833,35017
15.61667,36491
15.62500,37926
15.63333,39315
15.64167,40652
15.65000,41931
15.65833,43148
15.66667,44297
15.67500,45374
15.68333,46375
15.69167,47299
15.70000,48141
15.70833,48900
15.71667,49574
15.72500,50161
15.73333,50661
15.74167,51073
15.75000,51395
15.75833,51629
15.76667,51775
15.77500,51832
15.78333,51802
15.79167,51685
15.80000,51482
15.80833,51195
15.81667,50825
15.82500,50373
15.83333,49844
15.84167,49237
15.85000,48557
15.85833,47806
15.86667,46986
15.87500,46103
15.88333,45159
15.89167,44159
15.90000,43106
15.90833,42006
15.91667,40863
15.92500,39681
15.93333,38467
15.94167,37225
15.95000,35960
15.95833,34677
15.96667,33383
15.97500,32081
15.98333,30777
15.99167,29476
16.00000,28183
16.00833,26901
16.01667,25636
16.02500,24392
16.03333,23171
16.04167,21977
16.05000,20813
16.05833,19683
16.06667,18587
16.07500,17529
16.08333,16509
16.09167,15530
16.10000,14591
16.10833,13695
16.11667,12839
16.12500,12026
16.13333,11255
16.14167,10525
16.15000,9835
16.15833,9186
16.16667,8576
16.17500,8002
16.18333,7466
16.19167,6965
16.20000,6497
16.20833,6063
16.21667,5658
16.22500,5283
16.23333,4935
16.24167,4613
16.25000,4316
16.25833,4041
16.26667,3789
16.27500,3556
16.28333,3341
16.29167,3144
16.30000,2964
16.30833,2798
16.31667,2646
16.32500,2506
16.33333,2378
16.34167,2260
16.35000,2152
16.35833,2053
16.36667,1962
16.37500,1878
16.38333,1801
16.39167,1730
16.40000,1665
16.40833,1604
16.41667,1548
16.42500,1496
16.43333,1448
16.44167,1403
16.45000,1361
16.45833,1322
16.46667,1285
16.47500,1250
16.48333,1217
16.49167,1185
16.50000,1155
16.50833,1127
16.51667,1099
16.52500,1073
16.53333,1047
16.54167,1022
16.55000,998
16.55833,975
16.56667,952
16.57500,929
16.58333,907
16.59167,886
16.60000,866
16.60833,845
16.61667,825
16.62500,805
16.63333,786
16.64167,767
16.65000,748
16.65833,730
16.66667,712
16.67500,694
16.68333,677
16.69167,660
16.70000,643
16.70833,627
16.71667,611
16.72500,596
16.73333,582
16.74167,568
16.75000,555
16.75833,542
16.76667,530
16.77500,518
16.78333,507
16.79167,496
16.80000,485
16.80833,475
16.81667,465
16.82500,456
16.83333,447
16.84167,439
16.85000,431
16.85833,424
16.86667,417
16.87500,411
16.88333,405
16.89167,399
16.90000,394
16.90833,389
16.91667,384
16.92500,380
16.93333,377
16.94167,373
16.95000,369
16.95833,366
16.96667,363
16.97500,360
16.98333,358
16.99167,356
17.00000,354
17.00833,351
17.01667,349
17.02500,347
17.03333,345
17.04167,344
17.05000,342
17.05833,341
17.06667,340
17.07500,339
17.08333,338
17.09167,337
17.10000,336
17.10833,335
17.11667,333
17.12500,332
17.13333,332
17.14167,331
17.15000,330
17.15833,329
17.16667,329
17.17500,328
17.18333,328
17.19167,327
17.20000,327
17.20833,326
17.21667,326
17.22500,326
17.23333,325
17.24167,325
17.25000,324
17.25833,324
17.26667,323
17.27500,322
17.28333,322
17.29167,322
17.30000,321
17.30833,321
17.31667,320
17.32500,320
17.33333,319
17.34167,319
17.35000,318
17.35833,318
17.36667,318
17.37500,318
17.38333,319
17.39167,319
17.40000,320
17.40833,321
17.41667,323
17.42500,324
17.43333,325
17.44167,327
17.45000,328
17.45833,330
17.46667,333
17.47500,335
17.48333,338
17.49167,341
17.50000,345
17.50833,349
17.51667,352
17.52500,356
17.53333,361
17.54167,366
17.55000,370
17.55833,375
17.56667,380
17.57500,386
17.58333,391
17.59167,397
17.60000,402
17.60833,408
17.61667,413
17.62500,419
17.63333,424
17.64167,430
17.65000,436
17.65833,442
17.66667,448
17.67500,454
17.68333,459
17.69167,464
17.70000,469
17.70833,474
17.71667,479
17.72500,483
17.73333,488
17.74167,492
17.75000,496
17.75833,500
17.76667,504
17.77500,507
17.78333,510
17.79167,513
17.80000,516
17.80833,518
17.81667,520
17.82500,522
17.83333,523
17.84167,524
17.85000,524
17.85833,525
17.86667,525
17.87500,524
17.88333,524
17.89167,523
17.90000,521
17.90833,519
17.91667,517
17.92500,514
17.93333,511
17.94167,508
17.95000,504
17.95833,500
17.96667,495
17.97500,490
17.98333,486
17.99167,480
18.00000,475
18.00833,469
18.01667,463
18.02500,457
18.03333,450
18.04167,443
18.05000,435
18.05833,428
18.06667,421
18.07500,413
18.08333,405
18.09167,398
18.10000,390
18.10833,382
18.11667,375
18.12500,367
18.13333,359
18.14167,351
18.15000,343
18.15833,335
18.16667,328
18.17500,320
18.18333,312
18.19167,305
18.20000,297
18.20833,289
18.21667,282
18.22500,275
18.23333,269
18.24167,262
18.25000,256
18.25833,250
18.26667,244
18.27500,239
18.28333,233
18.29167,228
18.30000,224
18.30833,220
18.31667,215
18.32500,211
18.33333,208
18.34167,204
18.35000,201
18.35833,198
18.36667,195
18.37500,192
18.38333,189
18.39167,187
18.40000,185
18.40833,184
18.41667,183
18.42500,182
18.43333,182
18.44167,181
18.45000,181
18.45833,181
18.46667,181
18.47500,182
18.48333,183
18.49167,185
18.50000,186
18.50833,187
18.51667,189
18.52500,192
18.53333,194
18.54167,196
18.55000,199
18.55833,202
18.56667,205
18.57500,209
18.58333,212
18.59167,215
18.60000,218
18.60833,221
18.61667,225
18.62500,229
18.63333,233
18.64167,237
18.65000,241
18.65833,246
18.66667,250
18.67500,255
18.68333,259
18.69167,264
18.70000,269
18.70833,274
18.71667,279
18.72500,283
18.73333,288
18.74167,293
18.75000,298
18.75833,304
18.76667,309
18.77500,314
18.78333,319
18.79167,324
18.80000,329
18.80833,334
18.81667,338
18.82500,343
18.83333,347
18.84167,352
18.85000,357
18.85833,361
18.86667,365
18.87500,370
18.88333,374
18.89167,378
18.90000,381
18.90833,385
18.91667,389
18.92500,392
18.93333,395
18.94167,398
18.95000,401
18.95833,403
18.96667,406
18.97500,408
18.98333,410
18.99167,412
19.00000,413
19.00833,415
19.01667,416
19.02500,417
19.03333,418
19.04167,418
19.05000,418
19.05833,419
19.06667,419
19.07500,418
19.08333,418
19.09167,418
19.10000,417
19.10833,416
19.11667,415
19.12500,413
19.13333,411
19.14167,408
19.15000,406
19.15833,404
19.16667,401
19.17500,398
19.18333,395
19.19167,391
19.20000,388
19.20833,384
19.21667,380
19.22500,375
19.23333,371
19.24167,366
19.25000,362
19.25833,357
19.26667,353
19.27500,348
19.28333,342
19.29167,337
19.30000,332
19.30833,326
19.31667,321
19.32500,315
19.33333,309
19.34167,304
19.35000,298
19.35833,292
19.36667,286
19.37500,280
19.38333,275
19.39167,269
19.40000,263
19.40833,258
19.41667,252
19.42500,246
19.43333,239
19.44167,233
19.45000,227
19.45833,221
19.46667,215
19.47500,209
19.48333,204
19.49167,198
19.50000,193
19.50833,188
19.51667,182
19.52500,177
19.53333,172
19.54167,166
19.55000,161
19.55833,157
19.56667,152
19.57500,147
19.58333,143
19.59167,138
19.60000,134
19.60833,130
19.61667,126
19.62500,122
19.63333,118
19.64167,115
19.65000,112
19.65833,109
19.66667,106
19.67500,103
19.68333,101
19.69167,99
19.70000,97
19.70833,95
19.71667,94
19.72500,93
19.73333,92
19.74167,92
19.75000,93
19.75833,93
19.76667,95
19.77500,96
19.78333,98
19.79167,101
19.80000,104
19.80833,107
19.81667,111
19.82500,115
19.83333,120
19.84167,126
19.85000,132
19.85833,138
19.86667,146
19.87500,154
19.88333,162
19.89167,172
19.90000,181
19.90833,191
19.91667,202
19.92500,213
19.93333,225
19.94167,237
19.95000,250
19.95833,263
19.96667,277
19.97500,290
19.98333,304
19.99167,319
20.00000,334
20.00833,349
20.01667,364
20.02500,379
20.03333,395
20.04167,410
20.05000,425
20.05833,440
20.06667,455
20.07500,470
20.08333,485
20.09167,499
20.10000,513
20.10833,527
20.11667,540
20.12500,553
20.13333,565
20.14167,577
20.15000,588
20.15833,599
20.16667,608
20.17500,618
20.18333,627
20.19167,635
20.20000,643
20.20833,650
20.21667,656
20.22500,662
20.23333,666
20.24167,671
20.25000,674
20.25833,677
20.26667,679
20.27500,680
20.28333,681
20.29167,681
20.30000,681
20.30833,680
20.31667,679
20.32500,676
20.33333,673
20.34167,670
20.35000,666
20.35833,661
20.36667,656
20.37500,650
20.38333,644
20.39167,637
20.40000,630
20.40833,622
20.41667,614
20.42500,606
20.43333,598
20.44167,590
20.45000,581
20.45833,572
20.46667,562
20.47500,553
20.48333,544
20.49167,536
20.50000,527
20.50833,518
20.51667,509
20.52500,501
20.53333,493
20.54167,485
20.55000,478
20.55833,471
20.56667,465
20.57500,459
20.58333,453
20.59167,448
20.60000,444
20.60833,440
20.61667,437
20.62500,434
20.63333,432
20.64167,430
20.65000,428
20.65833,427
20.66667,427
20.67500,427
20.68333,428
20.69167,429
20.70000,430
20.70833,431
20.71667,433
20.72500,435
20.73333,437
20.74167,439
20.75000,441
20.75833,444
20.76667,446
20.77500,449
20.78333,452
20.79167,455
20.80000,458
20.80833,461
20.81667,463
20.82500,466
20.83333,469
20.84167,471
20.85000,474
20.85833,476
20.86667,478
20.87500,479
20.88333,481
20.89167,481
20.90000,482
20.90833,483
20.91667,483
20.92500,483
20.93333,483
20.94167,483
20.95000,483
20.95833,482
20.96667,481
20.97500,479
20.98333,477
20.99167,475
21.00000,473
21.00833,470
21.01667,467
21.02500,464
21.03333,461
21.04167,457
21.05000,453
21.05833,449
21.06667,444
21.07500,439
21.08333,433
21.09167,428
21.10000,422
21.10833,416
21.11667,410
21.12500,403
21.13333,397
21.14167,391
21.15000,384
21.15833,377
21.16667,370
21.17500,363
21.18333,356
21.19167,349
21.20000,341
21.20833,334
21.21667,327
21.22500,320
21.23333,313
21.24167,306
21.25000,299
21.25833,293
21.26667,286
21.27500,280
21.28333,274
21.29167,268
21.30000,262
21.30833,257
21.31667,252
21.32500,247
21.33333,242
21.34167,238
21.35000,234
21.35833,231
21.36667,227
21.37500,224
21.38333,222
21.39167,220
21.40000,219
21.40833,218
21.41667,218
21.42500,218
21.43333,219
21.44167,220
21.45000,222
21.45833,224
21.46667,227
21.47500,230
21.48333,234
21.49167,238
21.50000,244
21.50833,249
21.51667,255
21.52500,262
21.53333,270
21.54167,278
21.55000,287
21.55833,296
21.56667,306
21.57500,316
21.58333,326
21.59167,336
21.60000,347
21.60833,358
21.61667,369
21.62500,381
21.63333,392
21.64167,403
21.65000,414
21.65833,426
21.66667,437
21.67500,448
21.68333,459
21.69167,469
21.70000,480
21.70833,489
21.71667,499
21.72500,508
21.73333,516
21.74167,525
21.75000,532
21.75833,539
21.76667,546
21.77500,552
21.78333,558
21.79167,564
21.80000,569
21.80833,573
21.81667,577
21.82500,580
21.83333,583
21.84167,585
21.85000,586
21.85833,588
21.86667,588
21.87500,588
21.88333,588
21.89167,588
21.90000,587
21.90833,586
21.91667,583
21.92500,581
21.93333,578
21.94167,574
21.95000,570
21.95833,565
21.96667,560
21.97500,555
21.98333,548
21.99167,542
22.00000,535
22.00833,527
22.01667,519
22.02500,510
22.03333,501
22.04167,491
22.05000,480
22.05833,470
22.06667,459
22.07500,447
22.08333,435
22.09167,423
22.10000,410
22.10833,397
22.11667,384
22.12500,370
22.13333,356
22.14167,341
22.15000,327
22.15833,313
22.16667,298
22.17500,283
22.18333,269
22.19167,254
22.20000,240
22.20833,226
22.21667,212
22.22500,198
22.23333,185
22.24167,171
22.25000,158
22.25833,145
22.26667,133
22.27500,120
22.28333,108
22.29167,96
22.30000,85
22.30833,74
22.31667,64
22.32500,54
22.33333,45
22.34167,36
22.35000,27
22.35833,19
22.36667,11
22.37500,4
22.38333,-2
22.39167,-8
22.40000,-14
22.40833,-20
22.41667,-25
22.42500,-30
22.43333,-34
22.44167,-39
22.45000,-43
22.45833,-46
22.46667,-49
22.47500,-52
22.48333,-55
22.49167,-57
22.50000,-59
22.50833,-60
22.51667,-61
22.52500,-62
22.53333,-62
22.54167,-62
22.55000,-62
22.55833,-61
22.56667,-60
22.57500,-59
22.58333,-58
22.59167,-56
22.60000,-54
22.60833,-52
22.61667,-49
22.62500,-45
22.63333,-41
22.64167,-37
22.65000,-33
22.65833,-27
22.66667,-22
22.67500,-16
22.68333,-9
22.69167,-3
22.70000,4
22.70833,11
22.71667,19
22.72500,27
22.73333,36
22.74167,44
22.75000,53
22.75833,62
22.76667,72
22.77500,82
22.78333,92
22.79167,102
22.80000,113
22.80833,123
22.81667,133
22.82500,144
22.83333,155
22.84167,166
22.85000,176
22.85833,187
22.86667,198
22.87500,208
22.88333,219
22.89167,229
22.90000,239
22.90833,250
22.91667,260
22.92500,270
22.93333,279
22.94167,288
22.95000,297
22.95833,306
22.96667,314
22.97500,323
22.98333,330
22.99167,337
23.00000,345
23.00833,351
23.01667,358
23.02500,364
23.03333,370
23.04167,376
23.05000,381
23.05833,386
23.06667,390
23.07500,394
23.08333,397
23.09167,400
23.10000,403
23.10833,406
23.11667,407
23.12500,409
23.13333,409
23.14167,410
23.15000,409
23.15833,408
23.16667,407
23.17500,405
23.18333,402
23.19167,399
23.20000,396
23.20833,392
23.21667,388
23.22500,383
23.23333,378
23.24167,373
23.25000,367
23.25833,360
23.26667,353
23.27500,346
23.28333,338
23.29167,330
23.30000,322
23.30833,314
23.31667,306
23.32500,297
23.33333,288
23.34167,279
23.35000,269
23.35833,259
23.36667,250
23.37500,240
23.38333,231
23.39167,221
23.40000,212
23.40833,202
23.41667,193
23.42500,184
23.43333,175
23.44167,166
23.45000,158
23.45833,150
23.46667,142
23.47500,134
23.48333,126
23.49167,118
23.50000,111
23.50833,104
23.51667,97
23.52500,91
23.53333,84
23.54167,78
23.55000,73
23.55833,67
23.56667,62
23.57500,57
23.58333,53
23.59167,48
23.60000,44
23.60833,40
23.61667,36
23.62500,33
23.63333,30
23.64167,26
23.65000,23
23.65833,20
23.66667,17
23.67500,15
23.68333,12
23.69167,10
23.70000,8
23.70833,5
23.71667,3
23.72500,1
23.73333,-1
23.74167,-3
23.75000,-5
23.75833,-6
23.76667,-8
23.77500,-9
23.78333,-11
23.79167,-12
23.80000,-14
23.80833,-15
23.81667,-16
23.82500,-17
23.83333,-19
23.84167,-20
23.85000,-22
23.85833,-24
23.86667,-25
23.87500,-27
23.88333,-28
23.89167,-30
23.90000,-31
23.90833,-32
23.91667,-34
23.92500,-35
23.93333,-37
23.94167,-38
23.95000,-40
23.95833,-41
23.96667,-42
23.97500,-43
23.98333,-44
23.99167,-45
24.00000,-47
24.00833,-48
24.01667,-49
24.02500,-50
24.03333,-51
24.04167,-52
24.05000,-54
24.05833,-55
24.06667,-57
24.07500,-58
24.08333,-59
24.09167,-60
24.10000,-61
24.10833,-62
24.11667,-63
24.12500,-64
24.13333,-65
24.14167,-66
24.15000,-67
24.15833,-68
24.16667,-69
24.17500,-70
24.18333,-71
24.19167,-71
24.20000,-72
24.20833,-73
24.21667,-74
24.22500,-74
24.23333,-75
24.24167,-76
24.25000,-76
24.25833,-77
24.26667,-77
24.27500,-77
24.28333,-78
24.29167,-78
24.30000,-77
24.30833,-77
24.31667,-76
24.32500,-75
24.33333,-74
24.34167,-73
24.35000,-71
24.35833,-69
24.36667,-67
24.37500,-63
24.38333,-60
24.39167,-56
24.40000,-51
24.40833,-45
24.41667,-39
24.42500,-31
24.43333,-23
24.44167,-13
24.45000,-3
24.45833,9
24.46667,22
24.47500,37
24.48333,53
24.49167,70
24.50000,90
24.50833,112
24.51667,135
24.52500,160
24.53333,188
24.54167,218
24.55000,250
24.55833,284
24.56667,321
24.57500,361
24.58333,402
24.59167,447
24.60000,494
24.60833,543
24.61667,595
24.62500,650
24.63333,708
24.64167,768
24.65000,830
24.65833,894
24.66667,961
24.67500,1029
24.68333,1100
24.69167,1172
24.70000,1246
24.70833,1322
24.71667,1399
24.72500,1476
24.73333,1555
24.74167,1634
24.75000,1714
24.75833,1794
24.76667,1874
24.77500,1954
24.78333,2035
24.79167,2114
24.80000,2193
24.80833,2271
24.81667,2348
24.82500,2423
24.83333,2498
24.84167,2571
24.85000,2642
24.85833,2711
24.86667,2778
24.87500,2844
24.88333,2907
24.89167,2968
24.90000,3027
24.90833,3084
24.91667,3139
24.92500,3191
24.93333,3241
24.94167,3288
24.95000,3333
24.95833,3376
24.96667,3415
24.97500,3453
24.98333,3487
24.99167,3519
25.00000,3549
25.00833,3576
25.01667,3601
25.02500,3624
25.03333,3643
25.04167,3660
25.05000,3674
25.05833,3685
25.06667,3693
25.07500,3699
25.08333,3701
25.09167,3701
25.10000,3697
25.10833,3691
25.11667,3681
25.12500,3668
25.13333,3652
25.14167,3633
25.15000,3611
25.15833,3585
25.16667,3557
25.17500,3525
25.18333,3490
25.19167,3452
25.20000,3411
25.20833,3366
25.21667,3318
25.22500,3268
25.23333,3214
25.24167,3159
25.25000,3100
25.25833,3039
25.26667,2976
25.27500,2911
25.28333,2844
25.29167,2775
25.30000,2704
25.30833,2632
25.31667,2558
25.32500,2484
25.33333,2409
25.34167,2333
25.35000,2257
25.35833,2181
25.36667,2103
25.37500,2026
25.38333,1950
25.39167,1874
25.40000,1799
25.40833,1724
25.41667,1651
25.42500,1579
25.43333,1507
25.44167,1438
25.45000,1369
25.45833,1302
25.46667,1236
25.47500,1172
25.48333,1110
25.49167,1049
25.50000,991
25.50833,935
25.51667,880
25.52500,828
25.53333,777
25.54167,728
25.55000,681
25.55833,637
25.56667,594
25.57500,553
25.58333,514
25.59167,477
25.60000,442
25.60833,409
25.61667,377
25.62500,347
25.63333,318
25.64167,291
25.65000,266
25.65833,242
25.66667,219
25.67500,197
25.68333,177
25.69167,157
25.70000,139
25.70833,123
25.71667,107
25.72500,92
25.73333,77
25.74167,64
25.75000,51
25.75833,39
25.76667,28
25.77500,17
25.78333,7
25.79167,-3
25.80000,-12
25.80833,-21
25.81667,-30
25.82500,-38
25.83333,-47
25.84167,-55
25.85000,-62
25.85833,-69
25.86667,-76
25.87500,-82
25.88333,-89
25.89167,-95
25.90000,-101
25.90833,-106
25.91667,-111
25.92500,-116
25.93333,-122
25.94167,-127
25.95000,-132
25.95833,-138
25.96667,-143
25.97500,-148
25.98333,-154
25.99167,-159
26.00000,-163
26.00833,-168
26.01667,-173
26.02500,-178
26.03333,-183
26.04167,-187
26.05000,-192
26.05833,-196
26.06667,-200
26.07500,-205
26.08333,-209
26.09167,-213
26.10000,-217
26.10833,-221
26.11667,-224
26.12500,-228
26.13333,-232
26.14167,-235
26.15000,-238
26.15833,-242
26.16667,-245
26.17500,-249
26.18333,-252
26.19167,-255
26.20000,-258
26.20833,-261
26.21667,-264
26.22500,-267
26.23333,-269
26.24167,-272
26.25000,-274
26.25833,-277
26.26667,-279
26.27500,-281
26.28333,-283
26.29167,-285
26.30000,-286
26.30833,-288
26.31667,-290
26.32500,-291
26.33333,-292
26.34167,-294
26.35000,-295
26.35833,-296
26.36667,-297
26.37500,-298
26.38333,-299
26.39167,-300
26.40000,-302
26.40833,-303
26.41667,-303
26.42500,-304
26.43333,-304
26.44167,-304
26.45000,-304
26.45833,-305
26.46667,-305
26.47500,-306
26.48333,-307
26.49167,-307
26.50000,-307
26.50833,-308
26.51667,-308
26.52500,-308
26.53333,-309
26.54167,-309
26.55000,-309
26.55833,-309
26.56667,-309
26.57500,-309
26.58333,-309
26.59167,-308
26.60000,-308
26.60833,-308
26.61667,-308
26.62500,-309
26.63333,-309
26.64167,-309
26.65000,-309
26.65833,-309
26.66667,-309
26.67500,-309
26.68333,-309
26.69167,-309
26.70000,-309
26.70833,-309
26.71667,-309
26.72500,-308
26.73333,-308
26.74167,-308
26.75000,-308
26.75833,-308
26.76667,-308
26.77500,-308
26.78333,-308
26.79167,-308
26.80000,-308
26.80833,-308
26.81667,-308
26.82500,-308
26.83333,-308
26.84167,-308
26.85000,-308
26.85833,-309
26.86667,-309
26.87500,-309
26.88333,-309
26.89167,-309
26.90000,-308
26.90833,-308
26.91667,-308
26.92500,-308
26.93333,-308
26.94167,-309
26.95000,-309
26.95833,-309
26.96667,-309
26.97500,-308
26.98333,-308
26.99167,-308
27.00000,-308
27.00833,-308
27.01667,-308
27.02500,-308
27.03333,-308
27.04167,-308
27.05000,-309
27.05833,-309
27.06667,-309
27.07500,-309
27.08333,-309
27.09167,-309
27.10000,-309
27.10833,-309
27.11667,-309
27.12500,-309
27.13333,-309
27.14167,-309
27.15000,-309
27.15833,-309
27.16667,-309
27.17500,-309
27.18333,-310
27.19167,-310
27.20000,-310
27.20833,-310
27.21667,-311
27.22500,-311
27.23333,-311
27.24167,-311
27.25000,-311
27.25833,-311
27.26667,-311
27.27500,-311
27.28333,-311
27.29167,-311
27.30000,-311
27.30833,-310
27.31667,-311
27.32500,-311
27.33333,-312
27.34167,-312
27.35000,-313
27.35833,-313
27.36667,-314
27.37500,-315
27.38333,-315
27.39167,-315
27.40000,-316
27.40833,-316
27.41667,-317
27.42500,-317
27.43333,-318
27.44167,-318
27.45000,-318
27.45833,-319
27.46667,-320
27.47500,-321
27.48333,-322
27.49167,-323
27.50000,-324
27.50833,-325
27.51667,-325
27.52500,-326
27.53333,-327
27.54167,-328
27.55000,-329
27.55833,-330
27.56667,-331
27.57500,-332
27.58333,-333
27.59167,-333
27.60000,-334
27.60833,-335
27.61667,-335
27.62500,-336
27.63333,-337
27.64167,-338
27.65000,-339
27.65833,-340
27.66667,-341
27.67500,-342
27.68333,-344
27.69167,-345
27.70000,-346
27.70833,-347
27.71667,-348
27.72500,-349
27.73333,-349
27.74167,-350
27.75000,-352
27.75833,-352
27.76667,-353
27.77500,-354
27.78333,-355
27.79167,-356
27.80000,-358
27.80833,-359
27.81667,-360
27.82500,-361
27.83333,-362
27.84167,-363
27.85000,-364
27.85833,-364
27.86667,-365
27.87500,-366
27.88333,-366
27.89167,-367
27.90000,-367
27.90833,-368
27.91667,-368
27.92500,-369
27.93333,-369
27.94167,-370
27.95000,-370
27.95833,-370
27.96667,-371
27.97500,-371
27.98333,-372
27.99167,-372
28.00000,-373
28.00833,-373
28.01667,-374
28.02500,-374
28.03333,-374
28.04167,-374
28.05000,-373
28.05833,-373
28.06667,-374
28.07500,-374
28.08333,-374
28.09167,-374
28.10000,-374
28.10833,-374
28.11667,-374
28.12500,-374
28.13333,-373
28.14167,-373
28.15000,-373
28.15833,-372
28.16667,-372
28.17500,-371
28.18333,-371
28.19167,-371
28.20000,-371
28.20833,-371
28.21667,-371
28.22500,-370
28.23333,-370
28.24167,-369
28.25000,-369
28.25833,-368
28.26667,-368
28.27500,-367
28.28333,-366
28.29167,-365
28.30000,-364
28.30833,-363
28.31667,-362
28.32500,-361
28.33333,-360
28.34167,-358
28.35000,-356
28.35833,-354
28.36667,-351
28.37500,-348
28.38333,-345
28.39167,-342
28.40000,-339
28.40833,-335
28.41667,-331
28.42500,-325
28.43333,-320
28.44167,-314
28.45000,-307
28.45833,-300
28.46667,-292
28.47500,-283
28.48333,-273
28.49167,-263
28.50000,-252
28.50833,-239
28.51667,-226
28.52500,-212
28.53333,-197
28.54167,-181
28.55000,-164
28.55833,-145
28.56667,-125
28.57500,-104
28.58333,-81
28.59167,-58
28.60000,-32
28.60833,-6
28.61667,22
28.62500,51
28.63333,82
28.64167,114
28.65000,148
28.65833,183
28.66667,220
28.67500,258
28.68333,297
28.69167,337
28.70000,379
28.70833,422
28.71667,466
28.72500,512
28.73333,558
28.74167,606
28.75000,655
28.75833,704
28.76667,754
28.77500,806
28.78333,857
28.79167,909
28.80000,961
28.80833,1014
28.81667,1067
28.82500,1120
28.83333,1173
28.84167,1225
28.85000,1278
28.85833,1330
28.86667,1382
28.87500,1433
28.88333,1484
28.89167,1534
28.90000,1582
28.90833,1630
28.91667,1677
28.92500,1722
28.93333,1766
28.94167,1809
28.95000,1851
28.95833,1891
28.96667,1930
28.97500,1967
28.98333,2003
28.99167,2037
29.00000,2070
29.00833,2101
29.01667,2130
29.02500,2157
29.03333,2183
29.04167,2207
29.05000,2230
29.05833,2251
29.06667,2271
29.07500,2288
29.08333,2305
29.09167,2320
29.10000,2333
29.10833,2345
29.11667,2356
29.12500,2364
29.13333,2371
29.14167,2376
29.15000,2380
29.15833,2383
29.16667,2384
29.17500,2384
29.18333,2383
29.19167,2380
29.20000,2376
29.20833,2371
29.21667,2364
29.22500,2355
29.23333,2345
29.24167,2334
29.25000,2321
29.25833,2307
29.26667,2291
29.27500,2275
29.28333,2256
29.29167,2237
29.30000,2216
29.30833,2194
29.31667,2170
29.32500,2145
29.33333,2118
29.34167,2090
29.35000,2060
29.35833,2029
29.36667,1997
29.37500,1963
29.38333,1929
29.39167,1893
29.40000,1856
29.40833,1818
29.41667,1778
29.42500,1738
29.43333,1697
29.44167,1654
29.45000,1612
29.45833,1568
29.46667,1523
29.47500,1478
29.48333,1433
29.49167,1387
29.50000,1340
29.50833,1292
29.51667,1245
29.52500,1198
29.53333,1151
29.54167,1104
29.55000,1057
29.55833,1009
29.56667,963
29.57500,916
29.58333,871
29.59167,825
29.60000,780
29.60833,735
29.61667,691
29.62500,648
29.63333,606
29.64167,564
29.65000,523
29.65833,484
29.66667,445
29.67500,407
29.68333,371
29.69167,335
29.70000,300
29.70833,267
29.71667,234
29.72500,202
29.73333,172
29.74167,142
29.75000,114
29.75833,87
29.76667,60
29.77500,35
29.78333,11
29.79167,-13
29.80000,-35
29.80833,-56
29.81667,-76
29.82500,-95
29.83333,-113
29.84167,-131
29.85000,-148
29.85833,-164
29.86667,-180
29.87500,-195
29.88333,-209
29.89167,-222
29.90000,-234
29.90833,-246
29.91667,-258
29.92500,-269
29.93333,-279
29.94167,-290
29.95000,-299
29.95833,-308
29.96667,-317
29.97500,-325
29.98333,-333
29.99167,-341
30.00000,-348
30.00833,-356
30.01667,-363
30.02500,-370
30.03333,-378
30.04167,-384
30.05000,-391
30.05833,-397
30.06667,-403
30.07500,-408
30.08333,-414
30.09167,-420
30.10000,-425
30.10833,-431
30.11667,-437
30.12500,-443
30.13333,-449
30.14167,-455
30.15000,-460
30.15833,-466
30.16667,-472
30.17500,-478
30.18333,-484
30.19167,-489
30.20000,-495
30.20833,-500
30.21667,-506
30.22500,-512
30.23333,-517
30.24167,-523
30.25000,-529
30.25833,-535
30.26667,-541
30.27500,-547
30.28333,-553
30.29167,-559
30.30000,-565
30.30833,-571
30.31667,-577
30.32500,-582
30.33333,-588
30.34167,-594
30.35000,-599
30.35833,-605
30.36667,-610
30.37500,-615
30.38333,-621
30.39167,-626
30.40000,-631
30.40833,-636
30.41667,-641
30.42500,-646
30.43333,-651
30.44167,-656
30.45000,-660
30.45833,-665
30.46667,-669
30.47500,-673
30.48333,-677
30.49167,-681
30.50000,-685
30.50833,-688
30.51667,-691
30.52500,-694
30.53333,-696
30.54167,-699
30.55000,-701
30.55833,-703
30.56667,-705
30.57500,-707
30.58333,-709
30.59167,-710
30.60000,-711
30.60833,-712
30.61667,-713
30.62500,-713
30.63333,-713
30.64167,-713
30.65000,-713
30.65833,-713
30.66667,-712
30.67500,-711
30.68333,-710
30.69167,-709
30.70000,-707
30.70833,-705
30.71667,-703
30.72500,-701
30.73333,-698
30.74167,-695
30.75000,-693
30.75833,-689
30.76667,-686
30.77500,-682
30.78333,-678
30.79167,-674
30.80000,-670
30.80833,-665
30.81667,-661
30.82500,-657
30.83333,-652
30.84167,-647
30.85000,-642
30.85833,-636
30.86667,-631
30.87500,-625
30.88333,-619
30.89167,-613
30.90000,-607
30.90833,-601
30.91667,-595
30.92500,-589
30.93333,-583
30.94167,-577
30.95000,-571
30.95833,-565
30.96667,-559
30.97500,-553
30.98333,-547
30.99167,-541
31.00000,-535
31.00833,-529
31.01667,-523
31.02500,-517
31.03333,-511
31.04167,-505
31.05000,-499
31.05833,-493
31.06667,-487
31.07500,-482
31.08333,-476
31.09167,-471
31.10000,-466
31.10833,-461
31.11667,-456
31.12500,-452
31.13333,-447
31.14167,-442
31.15000,-438
31.15833,-434
31.16667,-430
31.17500,-426
31.18333,-422
31.19167,-419
31.20000,-415
31.20833,-412
31.21667,-408
31.22500,-405
31.23333,-402
31.24167,-400
31.25000,-397
31.25833,-395
31.26667,-393
31.27500,-391
31.28333,-389
31.29167,-387
31.30000,-385
31.30833,-384
31.31667,-382
31.32500,-381
31.33333,-380
31.34167,-379
31.35000,-379
31.35833,-378
31.36667,-378
31.37500,-377
31.38333,-376
31.39167,-376
31.40000,-375
31.40833,-375
31.41667,-375
31.42500,-375
31.43333,-376
31.44167,-376
31.45000,-376
31.45833,-376
31.46667,-377
31.47500,-377
31.48333,-377
31.49167,-377
31.50000,-377
31.50833,-377
31.51667,-378
31.52500,-378
31.53333,-379
31.54167,-379
31.55000,-379
31.55833,-379
31.56667,-379
31.57500,-379
31.58333,-379
31.59167,-379
31.60000,-379
31.60833,-378
31.61667,-378
31.62500,-377
31.63333,-376
31.64167,-375
31.65000,-374
31.65833,-374
31.66667,-372
31.67500,-371
31.68333,-369
31.69167,-366
31.70000,-364
31.70833,-362
31.71667,-359
31.72500,-356
31.73333,-353
31.74167,-350
31.75000,-346
31.75833,-343
31.76667,-339
31.77500,-335
31.78333,-331
31.79167,-326
31.80000,-321
31.80833,-316
31.81667,-310
31.82500,-305
31.83333,-299
31.84167,-293
31.85000,-287
31.85833,-281
31.86667,-274
31.87500,-267
31.88333,-260
31.89167,-253
31.90000,-246
31.90833,-239
31.91667,-232
31.92500,-224
31.93333,-216
31.94167,-208
31.95000,-200
31.95833,-192
31.96667,-185
31.97500,-176
31.98333,-168
31.99167,-160
32.00000,-152
32.00833,-145
32.01667,-137
32.02500,-129
32.03333,-121
32.04167,-114
32.05000,-106
32.05833,-98
32.06667,-90
32.07500,-83
32.08333,-75
32.09167,-68
32.10000,-60
32.10833,-53
32.11667,-46
32.12500,-39
32.13333,-32
32.14167,-26
32.15000,-19
32.15833,-13
32.16667,-7
32.17500,-1
32.18333,4
32.19167,10
32.20000,15
32.20833,21
32.21667,26
32.22500,30
32.23333,35
32.24167,39
32.25000,44
32.25833,48
32.26667,53
32.27500,57
32.28333,60
32.29167,64
32.30000,67
32.30833,70
32.31667,73
32.32500,75
32.33333,77
32.34167,80
32.35000,81
32.35833,83
32.36667,84
32.37500,86
32.38333,87
32.39167,88
32.40000,89
32.40833,89
32.41667,90
32.42500,90
32.43333,90
32.44167,90
32.45000,89
32.45833,88
32.46667,87
32.47500,86
32.48333,84
32.49167,82
32.50000,79
32.50833,77
32.51667,74
32.52500,71
32.53333,67
32.54167,64
32.55000,60
32.55833,57
32.56667,53
32.57500,49
32.58333,45
32.59167,41
32.60000,37
32.60833,32
32.61667,27
32.62500,22
32.63333,17
32.64167,12
32.65000,6
32.65833,1
32.66667,-5
32.67500,-10
32.68333,-16
32.69167,-21
32.70000,-27
32.70833,-33
32.71667,-39
32.72500,-45
32.73333,-51
32.74167,-57
32.75000,-63
32.75833,-69
32.76667,-75
32.77500,-81
32.78333,-86
32.79167,-92
32.80000,-97
32.80833,-102
32.81667,-107
32.82500,-112
32.83333,-117
32.84167,-122
32.85000,-127
32.85833,-131
32.86667,-136
32.87500,-140
32.88333,-144
32.89167,-148
32.90000,-152
32.90833,-155
32.91667,-159
32.92500,-162
32.93333,-165
32.94167,-168
32.95000,-171
32.95833,-173
32.96667,-176
32.97500,-178
32.98333,-180
32.99167,-182
33.00000,-184
33.00833,-187
33.01667,-189
33.02500,-191
33.03333,-193
33.04167,-194
33.05000,-195
33.05833,-197
33.06667,-198
33.07500,-199
33.08333,-200
33.09167,-201
33.10000,-203
33.10833,-204
33.11667,-205
33.12500,-206
33.13333,-207
33.14167,-208
33.15000,-209
33.15833,-210
33.16667,-211
33.17500,-211
33.18333,-212
33.19167,-213
33.20000,-215
33.20833,-216
33.21667,-217
33.22500,-219
33.23333,-220
33.24167,-221
33.25000,-222
33.25833,-223
33.26667,-224
33.27500,-226
33.28333,-228
33.29167,-230
33.30000,-231
33.30833,-233
33.31667,-234
33.32500,-236
33.33333,-239
33.34167,-241
33.35000,-243
33.35833,-245
33.36667,-247
33.37500,-249
33.38333,-251
33.39167,-253
33.40000,-255
33.40833,-257
33.41667,-259
33.42500,-262
33.43333,-265
33.44167,-267
33.45000,-270
33.45833,-272
33.46667,-275
33.47500,-278
33.48333,-281
33.49167,-284
33.50000,-287
33.50833,-291
33.51667,-294
33.52500,-297
33.53333,-300
33.54167,-303
33.55000,-306
33.55833,-310
33.56667,-313
33.57500,-316
33.58333,-320
33.59167,-323
33.60000,-326
33.60833,-329
33.61667,-333
33.62500,-336
33.63333,-340
33.64167,-343
33.65000,-347
33.65833,-350
33.66667,-354
33.67500,-358
33.68333,-361
33.69167,-364
33.70000,-368
33.70833,-371
33.71667,-375
33.72500,-379
33.73333,-382
33.74167,-386
33.75000,-389
33.75833,-393
33.76667,-397
33.77500,-400
33.78333,-404
33.79167,-407
33.80000,-410
33.80833,-413
33.81667,-416
33.82500,-420
33.83333,-423
33.84167,-427
33.85000,-430
33.85833,-433
33.86667,-436
33.87500,-439
33.88333,-442
33.89167,-445
33.90000,-448
33.90833,-450
33.91667,-453
33.92500,-456
33.93333,-459
33.94167,-461
33.95000,-463
33.95833,-466
33.96667,-468
33.97500,-471
33.98333,-473
33.99167,-475
34.00000,-477
34.00833,-480
34.01667,-482
34.02500,-484
34.03333,-486
34.04167,-488
34.05000,-490
34.05833,-491
34.06667,-493
34.07500,-494
34.08333,-496
34.09167,-498
34.10000,-499
34.10833,-501
34.11667,-502
34.12500,-503
34.13333,-504
34.14167,-506
34.15000,-507
34.15833,-508
34.16667,-509
34.17500,-510
34.18333,-511
34.19167,-512
34.20000,-513
34.20833,-514
34.21667,-515
34.22500,-515
34.23333,-516
34.24167,-517
34.25000,-517
34.25833,-518
34.26667,-519
34.27500,-519
34.28333,-520
34.29167,-520
34.30000,-521
34.30833,-522
34.31667,-523
34.32500,-523
34.33333,-524
34.34167,-525
34.35000,-526
34.35833,-527
34.36667,-527
34.37500,-528
34.38333,-529
34.39167,-529
34.40000,-529
34.40833,-530
34.41667,-530
34.42500,-531
34.43333,-532
34.44167,-532
34.45000,-532
34.45833,-532
34.46667,-533
34.47500,-533
34.48333,-533
34.49167,-533
34.50000,-533
34.50833,-534
34.51667,-534
34.52500,-534
34.53333,-534
34.54167,-535
34.55000,-535
34.55833,-536
34.56667,-536
34.57500,-536
34.58333,-536
34.59167,-536
34.60000,-537
34.60833,-537
34.61667,-538
34.62500,-539
34.63333,-539
34.64167,-540
34.65000,-540
34.65833,-541
34.66667,-541
34.67500,-542
34.68333,-542
34.69167,-542
34.70000,-543
34.70833,-543
34.71667,-543
34.72500,-543
34.73333,-544
34.74167,-544
34.75000,-544
34.75833,-545
34.76667,-546
34.77500,-546
34.78333,-546
34.79167,-546
34.80000,-547
34.80833,-547
34.81667,-547
34.82500,-547
34.83333,-548
34.84167,-548
34.85000,-549
34.85833,-549
34.86667,-549
34.87500,-549
34.88333,-550
34.89167,-550
34.90000,-550
34.90833,-550
34.91667,-551
34.92500,-551
34.93333,-551
34.94167,-552
34.95000,-553
34.95833,-553
34.96667,-553
34.97500,-553
34.98333,-553
34.99167,-553
35.00000,-553
35.00833,-553
35.01667,-553
35.02500,-553
35.03333,-553
35.04167,-552
35.05000,-552
35.05833,-552
35.06667,-553
35.07500,-553
35.08333,-553
35.09167,-553
35.10000,-553
35.10833,-553
35.11667,-553
35.12500,-553
35.13333,-553
35.14167,-554
35.15000,-554
35.15833,-554
35.16667,-555
35.17500,-555
35.18333,-554
35.19167,-554
35.20000,-554
35.20833,-555
35.21667,-555
35.22500,-555
35.23333,-555
35.24167,-555
35.25000,-554
35.25833,-554
35.26667,-554
35.27500,-554
35.28333,-554
35.29167,-554
35.30000,-554
35.30833,-554
35.31667,-554
35.32500,-555
35.33333,-555
35.34167,-554
35.35000,-554
35.35833,-554
35.36667,-555
35.37500,-555
35.38333,-554
35.39167,-554
35.40000,-554
35.40833,-555
35.41667,-555
35.42500,-555
35.43333,-555
35.44167,-555
35.45000,-554
35.45833,-555
35.46667,-555
35.47500,-554
35.48333,-554
35.49167,-554
35.50000,-554
35.50833,-554
35.51667,-555
35.52500,-554
35.53333,-554
35.54167,-554
35.55000,-554
35.55833,-555
35.56667,-555
35.57500,-555
35.58333,-555
35.59167,-555
35.60000,-555
35.60833,-555
35.61667,-555
35.62500,-555
35.63333,-555
35.64167,-555
35.65000,-555
35.65833,-555
35.66667,-555
35.67500,-555
35.68333,-555
35.69167,-556
35.70000,-556
35.70833,-555
35.71667,-555
35.72500,-555
35.73333,-555
35.74167,-556
35.75000,-556
35.75833,-556
35.76667,-556
35.77500,-556
35.78333,-556
35.79167,-555
35.80000,-555
35.80833,-555
35.81667,-555
35.82500,-555
35.83333,-555
35.84167,-556
35.85000,-556
35.85833,-556
35.86667,-555
35.87500,-555
35.88333,-555
35.89167,-555
35.90000,-555
35.90833,-555
35.91667,-555
35.92500,-555
35.93333,-555
35.94167,-555
35.95000,-555
35.95833,-555
35.96667,-555
35.97500,-554
35.98333,-554
35.99167,-555
36.00000,-555
36.00833,-555
36.01667,-555
36.02500,-555
36.03333,-555
36.04167,-555
36.05000,-554
36.05833,-554
36.06667,-554
36.07500,-554
36.08333,-553
36.09167,-553
36.10000,-553
36.10833,-553
36.11667,-553
36.12500,-553
36.13333,-553
36.14167,-553
36.15000,-553
36.15833,-553
36.16667,-553
36.17500,-552
36.18333,-552
36.19167,-552
36.20000,-552
36.20833,-552
36.21667,-552
36.22500,-552
36.23333,-552
36.24167,-552
36.25000,-552
36.25833,-552
36.26667,-552
36.27500,-551
36.28333,-551
36.29167,-551
36.30000,-550
36.30833,-551
36.31667,-551
36.32500,-551
36.33333,-551
36.34167,-551
36.35000,-550
36.35833,-550
36.36667,-550
36.37500,-549
36.38333,-549
36.39167,-549
36.40000,-549
36.40833,-549
36.41667,-549
36.42500,-549
36.43333,-549
36.44167,-549
36.45000,-549
36.45833,-549
36.46667,-548
36.47500,-548
36.48333,-548
36.49167,-547
36.50000,-547
36.50833,-547
36.51667,-547
36.52500,-547
36.53333,-547
36.54167,-546
36.55000,-546
36.55833,-545
36.56667,-545
36.57500,-545
36.58333,-544
36.59167,-544
36.60000,-543
36.60833,-543
36.61667,-542
36.62500,-542
36.63333,-542
36.64167,-542
36.65000,-542
36.65833,-542
36.66667,-542
36.67500,-541
36.68333,-541
36.69167,-541
36.70000,-541
36.70833,-540
36.71667,-540
36.72500,-539
36.73333,-539
36.74167,-538
36.75000,-538
36.75833,-537
36.76667,-537
36.77500,-536
36.78333,-536
36.79167,-536
36.80000,-536
36.80833,-536
36.81667,-536
36.82500,-535
36.83333,-535
36.84167,-535
36.85000,-534
36.85833,-534
36.86667,-533
36.87500,-532
36.88333,-532
36.89167,-531
36.90000,-531
36.90833,-530
36.91667,-529
36.92500,-529
36.93333,-528
36.94167,-527
36.95000,-527
36.95833,-526
36.96667,-526
36.97500,-525
36.98333,-525
36.99167,-525
37.00000,-525
37.00833,-524
37.01667,-524
37.02500,-523
37.03333,-522
37.04167,-521
37.05000,-521
37.05833,-520
37.06667,-520
37.07500,-519
37.08333,-519
37.09167,-519
37.10000,-518
37.10833,-517
37.11667,-517
37.12500,-516
37.13333,-516
37.14167,-515
37.15000,-515
37.15833,-514
37.16667,-513
37.17500,-512
37.18333,-512
37.19167,-511
37.20000,-510
37.20833,-510
37.21667,-509
37.22500,-509
37.23333,-508
37.24167,-508
37.25000,-507
37.25833,-506
37.26667,-506
37.27500,-504
37.28333,-504
37.29167,-504
37.30000,-503
37.30833,-503
37.31667,-502
37.32500,-501
37.33333,-500
37.34167,-500
37.35000,-499
37.35833,-499
37.36667,-498
37.37500,-497
37.38333,-496
37.39167,-496
37.40000,-495
37.40833,-494
37.41667,-494
37.42500,-494
37.43333,-493
37.44167,-492
37.45000,-492
37.45833,-491
37.46667,-491
37.47500,-490
37.48333,-490
37.49167,-489
37.50000,-489
37.50833,-488
37.51667,-487
37.52500,-486
37.53333,-486
37.54167,-485
37.55000,-485
37.55833,-485
37.56667,-485
37.57500,-484
37.58333,-484
37.59167,-484
37.60000,-484
37.60833,-483
37.61667,-483
37.62500,-483
37.63333,-483
37.64167,-483
37.65000,-483
37.65833,-482
37.66667,-482
37.67500,-482
37.68333,-482
37.69167,-482
37.70000,-482
37.70833,-482
37.71667,-482
37.72500,-482
37.73333,-482
37.74167,-482
37.75000,-482
37.75833,-482
37.76667,-483
37.77500,-483
37.78333,-484
37.79167,-484
37.80000,-485
37.80833,-485
37.81667,-485
37.82500,-486
37.83333,-487
37.84167,-487
37.85000,-488
37.85833,-489
37.86667,-490
37.87500,-491
37.88333,-492
37.89167,-493
37.90000,-494
37.90833,-494
37.91667,-495
37.92500,-495
37.93333,-496
37.94167,-497
37.95000,-498
37.95833,-499
37.96667,-499
37.97500,-500
37.98333,-501
37.99167,-502
38.00000,-504
38.00833,-505
38.01667,-506
38.02500,-507
38.03333,-508
38.04167,-509
38.05000,-510
38.05833,-511
38.06667,-512
38.07500,-513
38.08333,-514
38.09167,-514
38.10000,-516
38.10833,-517
38.11667,-518
38.12500,-520
38.13333,-521
38.14167,-522
38.15000,-523
38.15833,-525
38.16667,-526
38.17500,-528
38.18333,-529
38.19167,-529
38.20000,-530
38.20833,-532
38.21667,-533
38.22500,-534
38.23333,-536
38.24167,-537
38.25000,-538
38.25833,-540
38.26667,-541
38.27500,-543
38.28333,-545
38.29167,-546
38.30000,-548
38.30833,-549
38.31667,-550
38.32500,-551
38.33333,-552
38.34167,-553
38.35000,-555
38.35833,-556
38.36667,-558
38.37500,-559
38.38333,-561
38.39167,-562
38.40000,-563
38.40833,-565
38.41667,-566
38.42500,-568
38.43333,-569
38.44167,-570
38.45000,-572
38.45833,-574
38.46667,-575
38.47500,-577
38.48333,-578
38.49167,-580
38.50000,-581
38.50833,-582
38.51667,-583
38.52500,-584
38.53333,-586
38.54167,-587
38.55000,-588
38.55833,-589
38.56667,-590
38.57500,-591
38.58333,-593
38.59167,-594
38.60000,-595
38.60833,-596
38.61667,-597
38.62500,-598
38.63333,-599
38.64167,-600
38.65000,-601
38.65833,-602
38.66667,-603
38.67500,-605
38.68333,-606
38.69167,-607
38.70000,-608
38.70833,-608
38.71667,-609
38.72500,-610
38.73333,-611
38.74167,-611
38.75000,-612
38.75833,-613
38.76667,-614
38.77500,-615
38.78333,-616
38.79167,-617
38.80000,-617
38.80833,-618
38.81667,-618
38.82500,-619
38.83333,-619
38.84167,-619
38.85000,-620
38.85833,-621
38.86667,-622
38.87500,-622
38.88333,-623
38.89167,-623
38.90000,-624
38.90833,-624
38.91667,-624
38.92500,-625
38.93333,-625
38.94167,-625
38.95000,-626
38.95833,-626
38.96667,-626
38.97500,-627
38.98333,-627
38.99167,-627
39.00000,-628
39.00833,-628
39.01667,-628
39.02500,-629
39.03333,-629
39.04167,-629
39.05000,-630
39.05833,-630
39.06667,-631
39.07500,-631
39.08333,-631
39.09167,-631
39.10000,-631
39.10833,-631
39.11667,-631
39.12500,-632
39.13333,-632
39.14167,-633
39.15000,-633
39.15833,-633
39.16667,-634
39.17500,-634
39.18333,-634
39.19167,-634
39.20000,-634
39.20833,-634
39.21667,-634
39.22500,-634
39.23333,-634
39.24167,-634
39.25000,-634
39.25833,-634
39.26667,-634
39.27500,-634
39.28333,-634
39.29167,-634
39.30000,-634
39.30833,-634
39.31667,-635
39.32500,-634
39.33333,-634
39.34167,-634
39.35000,-634
39.35833,-634
39.36667,-635
39.37500,-636
39.38333,-636
39.39167,-636
39.40000,-636
39.40833,-636
39.41667,-636
39.42500,-636
39.43333,-636
39.44167,-636
39.45000,-636
39.45833,-636
39.46667,-636
39.47500,-636
39.48333,-637
39.49167,-637
39.50000,-637
39.50833,-637
39.51667,-638
39.52500,-638
39.53333,-638
39.54167,-638
39.55000,-638
39.55833,-638
39.56667,-638
39.57500,-638
39.58333,-638
39.59167,-638
39.60000,-638
39.60833,-638
39.61667,-638
39.62500,-638
39.63333,-638
39.64167,-639
39.65000,-639
39.65833,-639
39.66667,-639
39.67500,-640
39.68333,-640
39.69167,-640
39.70000,-640
39.70833,-640
39.71667,-640
39.72500,-640
39.73333,-640
39.74167,-640
39.75000,-640
39.75833,-640
39.76667,-640
39.77500,-640
39.78333,-641
39.79167,-641
39.80000,-641
39.80833,-641
39.81667,-641
39.82500,-641
39.83333,-641
39.84167,-642
39.85000,-642
39.85833,-642
39.86667,-642
39.87500,-642
39.88333,-642
39.89167,-642
39.90000,-642
39.90833,-642
39.91667,-641
39.92500,-642
39.93333,-642
39.94167,-642
39.95000,-642
39.95833,-642
39.96667,-642
39.97500,-643
39.98333,-643
39.99167,-643
40.00000,-643
40.00833,-643
40.01667,-643
40.02500,-643
40.03333,-643
40.04167,-643
40.05000,-644
40.05833,-644
40.06667,-644
40.07500,-645
40.08333,-645
40.09167,-644
40.10000,-644
40.10833,-645
40.11667,-645
40.12500,-645
40.13333,-644
40.14167,-644
40.15000,-644
40.15833,-644
40.16667,-644
40.17500,-644
40.18333,-644
40.19167,-644
40.20000,-644
40.20833,-644
40.21667,-644
40.22500,-644
40.23333,-644
40.24167,-645
40.25000,-644
40.25833,-644
40.26667,-645
40.27500,-644
40.28333,-644
40.29167,-645
40.30000,-645
40.30833,-645
40.31667,-645
40.32500,-645
40.33333,-645
40.34167,-645
40.35000,-645
40.35833,-645
40.36667,-645
40.37500,-645
40.38333,-645
40.39167,-645
40.40000,-645
40.40833,-645
40.41667,-645
40.42500,-645
40.43333,-645
40.44167,-645
40.45000,-645
40.45833,-644
40.46667,-644
40.47500,-644
40.48333,-644
40.49167,-644
40.50000,-644
40.50833,-644
40.51667,-643
40.52500,-643
40.53333,-643
40.54167,-643
40.55000,-643
40.55833,-644
40.56667,-643
40.57500,-643
40.58333,-642
40.59167,-642
40.60000,-642
40.60833,-642
40.61667,-642
40.62500,-642
40.63333,-642
40.64167,-642
40.65000,-642
40.65833,-641
40.66667,-641
40.67500,-641
40.68333,-640
40.69167,-640
40.70000,-640
40.70833,-640
40.71667,-640
40.72500,-640
40.73333,-639
40.74167,-639
40.75000,-639
40.75833,-638
40.76667,-638
40.77500,-638
40.78333,-637
40.79167,-637
40.80000,-636
40.80833,-636
40.81667,-635
40.82500,-635
40.83333,-634
40.84167,-634
40.85000,-633
40.85833,-632
40.86667,-632
40.87500,-631
40.88333,-631
40.89167,-630
40.90000,-630
40.90833,-629
40.91667,-629
40.92500,-628
40.93333,-628
40.94167,-627
40.95000,-627
40.95833,-626
40.96667,-625
40.97500,-624
40.98333,-624
40.99167,-623
41.00000,-622
41.00833,-622
41.01667,-622
41.02500,-621
41.03333,-620
41.04167,-619
41.05000,-618
41.05833,-617
41.06667,-616
41.07500,-616
41.08333,-615
41.09167,-614
41.10000,-613
41.10833,-613
41.11667,-612
41.12500,-612
41.13333,-611
41.14167,-610
41.15000,-609
41.15833,-608
41.16667,-607
41.17500,-607
41.18333,-605
41.19167,-604
41.20000,-603
41.20833,-602
41.21667,-601
41.22500,-600
41.23333,-599
41.24167,-598
41.25000,-596
41.25833,-595
41.26667,-594
41.27500,-593
41.28333,-592
41.29167,-591
41.30000,-590
41.30833,-589
41.31667,-588
41.32500,-586
41.33333,-585
41.34167,-584
41.35000,-583
41.35833,-581
41.36667,-580
41.37500,-579
41.38333,-578
41.39167,-577
41.40000,-576
41.40833,-574
41.41667,-573
41.42500,-572
41.43333,-571
41.44167,-570
41.45000,-568
41.45833,-567
41.46667,-566
41.47500,-564
41.48333,-563
41.49167,-562
41.50000,-561
41.50833,-560
41.51667,-559
41.52500,-557
41.53333,-556
41.54167,-554
41.55000,-553
41.55833,-552
41.56667,-551
41.57500,-549
41.58333,-548
41.59167,-547
41.60000,-545
41.60833,-544
41.61667,-543
41.62500,-542
41.63333,-541
41.64167,-540
41.65000,-539
41.65833,-537
41.66667,-536
41.67500,-535
41.68333,-534
41.69167,-533
41.70000,-532
41.70833,-530
41.71667,-529
41.72500,-528
41.73333,-527
41.74167,-526
41.75000,-525
41.75833,-524
41.76667,-523
41.77500,-522
41.78333,-521
41.79167,-520
41.80000,-519
41.80833,-519
41.81667,-518
41.82500,-517
41.83333,-515
41.84167,-514
41.85000,-513
41.85833,-512
41.86667,-511
41.87500,-511
41.88333,-510
41.89167,-510
41.90000,-509
41.90833,-508
41.91667,-507
41.92500,-506
41.93333,-505
41.94167,-505
41.95000,-504
41.95833,-504
41.96667,-503
41.97500,-502
41.98333,-502
41.99167,-501
42.00000,-501
42.00833,-501
42.01667,-501
42.02500,-500
42.03333,-500
42.04167,-500
42.05000,-500
42.05833,-500
42.06667,-499
42.07500,-499
42.08333,-498
42.09167,-498
42.10000,-498
42.10833,-498
42.11667,-498
42.12500,-497
42.13333,-497
42.14167,-497
42.15000,-497
42.15833,-497
42.16667,-497
42.17500,-497
42.18333,-497
42.19167,-497
42.20000,-497
42.20833,-497
42.21667,-497
42.22500,-496
42.23333,-497
42.24167,-497
42.25000,-498
42.25833,-498
42.26667,-498
42.27500,-498
42.28333,-499
42.29167,-499
42.30000,-499
42.30833,-500
42.31667,-500
42.32500,-501
42.33333,-501
42.34167,-501
42.35000,-502
42.35833,-502
42.36667,-503
42.37500,-503
42.38333,-503
42.39167,-504
42.40000,-504
42.40833,-505
42.41667,-505
42.42500,-505
42.43333,-506
42.44167,-507
42.45000,-508
42.45833,-508
42.46667,-509
42.47500,-509
42.48333,-510
42.49167,-511
42.50000,-512
42.50833,-512
42.51667,-512
42.52500,-513
42.53333,-514
42.54167,-515
42.55000,-515
42.55833,-516
42.56667,-517
42.57500,-518
42.58333,-519
42.59167,-520
42.60000,-521
42.60833,-521
42.61667,-523
42.62500,-524
42.63333,-525
42.64167,-526
42.65000,-527
42.65833,-528
42.66667,-528
42.67500,-529
42.68333,-530
42.69167,-532
42.70000,-533
42.70833,-534
42.71667,-535
42.72500,-536
42.73333,-537
42.74167,-538
42.75000,-539
42.75833,-540
42.76667,-541
42.77500,-542
42.78333,-543
42.79167,-544
42.80000,-545
42.80833,-546
42.81667,-547
42.82500,-548
42.83333,-549
42.84167,-550
42.85000,-551
42.85833,-552
42.86667,-552
42.87500,-553
42.88333,-554
42.89167,-555
42.90000,-556
42.90833,-557
42.91667,-558
42.92500,-559
42.93333,-561
42.94167,-562
42.95000,-563
42.95833,-565
42.96667,-566
42.97500,-566
42.98333,-567
42.99167,-568
43.00000,-569
43.00833,-570
43.01667,-571
43.02500,-573
43.03333,-574
43.04167,-575
43.05000,-576
43.05833,-577
43.06667,-578
43.07500,-580
43.08333,-581
43.09167,-582
43.10000,-583
43.10833,-584
43.11667,-585
43.12500,-586
43.13333,-587
43.14167,-589
43.15000,-590
43.15833,-590
43.16667,-591
43.17500,-592
43.18333,-593
43.19167,-594
43.20000,-595
43.20833,-596
43.21667,-597
43.22500,-598
43.23333,-599
43.24167,-600
43.25000,-601
43.25833,-602
43.26667,-603
43.27500,-604
43.28333,-605
43.29167,-607
43.30000,-608
43.30833,-609
43.31667,-610
43.32500,-611
43.33333,-612
43.34167,-613
43.35000,-613
43.35833,-614
43.36667,-615
43.37500,-616
43.38333,-617
43.39167,-618
43.40000,-619
43.40833,-620
43.41667,-621
43.42500,-622
43.43333,-623
43.44167,-624
43.45000,-626
43.45833,-627
43.46667,-628
43.47500,-629
43.48333,-629
43.49167,-630
43.50000,-631
43.50833,-632
43.51667,-634
43.52500,-635
43.53333,-636
43.54167,-637
43.55000,-638
43.55833,-638
43.56667,-639
43.57500,-639
43.58333,-640
43.59167,-641
43.60000,-642
43.60833,-644
43.61667,-645
43.62500,-646
43.63333,-646
43.64167,-647
43.65000,-649
43.65833,-650
43.66667,-650
43.67500,-650
43.68333,-651
43.69167,-651
43.70000,-652
43.70833,-653
43.71667,-654
43.72500,-655
43.73333,-656
43.74167,-657
43.75000,-658
43.75833,-658
43.76667,-659
43.77500,-660
43.78333,-661
43.79167,-662
43.80000,-663
43.80833,-664
43.81667,-665
43.82500,-666
43.83333,-666
43.84167,-667
43.85000,-668
43.85833,-669
43.86667,-670
43.87500,-670
43.88333,-671
43.89167,-672
43.90000,-673
43.90833,-674
43.91667,-675
43.92500,-676
43.93333,-676
43.94167,-677
43.95000,-677
43.95833,-678
43.96667,-679
43.97500,-680
43.98333,-680
43.99167,-681
44.00000,-681
44.00833,-682
44.01667,-683
44.02500,-683
44.03333,-684
44.04167,-685
44.05000,-686
44.05833,-687
44.06667,-688
44.07500,-688
44.08333,-689
44.09167,-690
44.10000,-690
44.10833,-691
44.11667,-691
44.12500,-692
44.13333,-693
44.14167,-693
44.15000,-694
44.15833,-694
44.16667,-694
44.17500,-695
44.18333,-695
44.19167,-696
44.20000,-697
44.20833,-697
44.21667,-698
44.22500,-698
44.23333,-700
44.24167,-700
44.25000,-701
44.25833,-702
44.26667,-702
44.27500,-702
44.28333,-703
44.29167,-704
44.30000,-705
44.30833,-705
44.31667,-705
44.32500,-706
44.33333,-706
44.34167,-707
44.35000,-707
44.35833,-708
44.36667,-709
44.37500,-709
44.38333,-709
44.39167,-710
44.40000,-710
44.40833,-711
44.41667,-711
44.42500,-711
44.43333,-712
44.44167,-712
44.45000,-713
44.45833,-713
44.46667,-713
44.47500,-714
44.48333,-714
44.49167,-715
44.50000,-716
44.50833,-716
44.51667,-716
44.52500,-717
44.53333,-717
44.54167,-718
44.55000,-718
44.55833,-718
44.56667,-718
44.57500,-719
44.58333,-719
44.59167,-719
44.60000,-720
44.60833,-721
44.61667,-722
44.62500,-722
44.63333,-723
44.64167,-723
44.65000,-723
44.65833,-723
44.66667,-723
44.67500,-724
44.68333,-725
44.69167,-725
44.70000,-725
44.70833,-726
44.71667,-726
44.72500,-726
44.73333,-727
44.74167,-727
44.75000,-728
44.75833,-728
44.76667,-728
44.77500,-728
44.78333,-729
44.79167,-729
44.80000,-730
44.80833,-730
44.81667,-730
44.82500,-730
44.83333,-731
44.84167,-731
44.85000,-731
44.85833,-732
44.86667,-732
44.87500,-732
44.88333,-732
44.89167,-732
44.90000,-732
44.90833,-733
44.91667,-733
44.92500,-733
44.93333,-733
44.94167,-733
44.95000,-733
44.95833,-734
44.96667,-734
44.97500,-734
44.98333,-735
44.99167,-735
45.00000,-735
45.00833,-735
45.01667,-735
45.02500,-735
45.03333,-735
45.04167,-735
45.05000,-736
45.05833,-736
45.06667,-735
45.07500,-735
45.08333,-735
45.09167,-736
45.10000,-736
45.10833,-736
45.11667,-736
45.12500,-737
45.13333,-737
45.14167,-737
45.15000,-737
45.15833,-737
45.16667,-737
45.17500,-737
45.18333,-736
45.19167,-736
45.20000,-737
45.20833,-737
45.21667,-737
45.22500,-737
45.23333,-738
45.24167,-738
45.25000,-738
45.25833,-737
45.26667,-737
45.27500,-738
45.28333,-738
45.29167,-738
45.30000,-738
45.30833,-738
45.31667,-738
45.32500,-739
45.33333,-739
45.34167,-739
45.35000,-739
45.35833,-739
45.36667,-739
45.37500,-739
45.38333,-739
45.39167,-739
45.40000,-739
45.40833,-739
45.41667,-739
45.42500,-739
45.43333,-740
45.44167,-740
45.45000,-739
45.45833,-739
45.46667,-739
45.47500,-740
45.48333,-740
45.49167,-740
45.50000,-740
45.50833,-740
45.51667,-740
45.52500,-740
45.53333,-740
45.54167,-741
45.55000,-741
45.55833,-740
45.56667,-741
45.57500,-741
45.58333,-741
45.59167,-742
45.60000,-742
45.60833,-742
45.61667,-742
45.62500,-742
45.63333,-743
45.64167,-743
45.65000,-743
45.65833,-743
45.66667,-743
45.67500,-744
45.68333,-744
45.69167,-744
45.70000,-744
45.70833,-744
45.71667,-744
45.72500,-744
45.73333,-744
45.74167,-744
45.75000,-744
45.75833,-744
45.76667,-744
45.77500,-744
45.78333,-744
45.79167,-745
45.80000,-745
45.80833,-745
45.81667,-745
45.82500,-745
45.83333,-746
45.84167,-746
45.85000,-746
45.85833,-747
45.86667,-747
45.87500,-747
45.88333,-747
45.89167,-747
45.90000,-747
45.90833,-748
45.91667,-748
45.92500,-749
45.93333,-749
45.94167,-750
45.95000,-750
45.95833,-750
45.96667,-750
45.97500,-750
45.98333,-750
45.99167,-750
46.00000,-751
46.00833,-751
46.01667,-751
46.02500,-751
46.03333,-751
46.04167,-752
46.05000,-752
46.05833,-752
46.06667,-752
46.07500,-753
46.08333,-753
46.09167,-753
46.10000,-754
46.10833,-754
46.11667,-754
46.12500,-754
46.13333,-754
46.14167,-755
46.15000,-755
46.15833,-755
46.16667,-755
46.17500,-755
46.18333,-756
46.19167,-756
46.20000,-757
46.20833,-757
46.21667,-758
46.22500,-758
46.23333,-758
46.24167,-759
46.25000,-759
46.25833,-759
46.26667,-759
46.27500,-759
46.28333,-760
46.29167,-760
46.30000,-760
46.30833,-761
46.31667,-761
46.32500,-762
46.33333,-763
46.34167,-763
46.35000,-763
46.35833,-763
46.36667,-763
46.37500,-764
46.38333,-764
46.39167,-765
46.40000,-765
46.40833,-765
46.41667,-766
46.42500,-766
46.43333,-766
46.44167,-767
46.45000,-767
46.45833,-768
46.46667,-768
46.47500,-769
46.48333,-770
46.49167,-770
46.50000,-771
46.50833,-771
46.51667,-772
46.52500,-772
46.53333,-772
46.54167,-772
46.55000,-773
46.55833,-773
46.56667,-773
46.57500,-773
46.58333,-774
46.59167,-774
46.60000,-774
46.60833,-774
46.61667,-775
46.62500,-775
46.63333,-776
46.64167,-776
46.65000,-776
46.65833,-776
46.66667,-776
46.67500,-777
46.68333,-777
46.69167,-778
46.70000,-778
46.70833,-778
46.71667,-778
46.72500,-778
46.73333,-778
46.74167,-778
46.75000,-778
46.75833,-779
46.76667,-779
46.77500,-779
46.78333,-779
46.79167,-780
46.80000,-780
46.80833,-780
46.81667,-780
46.82500,-781
46.83333,-781
46.84167,-782
46.85000,-782
46.85833,-782
46.86667,-782
46.87500,-782
46.88333,-782
46.89167,-782
46.90000,-782
46.90833,-782
46.91667,-783
46.92500,-783
46.93333,-783
46.94167,-783
46.95000,-783
46.95833,-783
46.96667,-783
46.97500,-783
46.98333,-783
46.99167,-783
47.00000,-783
47.00833,-783
47.01667,-783
47.02500,-783
47.03333,-782
47.04167,-782
47.05000,-782
47.05833,-782
47.06667,-782
47.07500,-782
47.08333,-782
47.09167,-782
47.10000,-782
47.10833,-781
47.11667,-781
47.12500,-781
47.13333,-781
47.14167,-781
47.15000,-781
47.15833,-780
47.16667,-780
47.17500,-779
47.18333,-779
47.19167,-778
47.20000,-778
47.20833,-778
47.21667,-778
47.22500,-778
47.23333,-778
47.24167,-777
47.25000,-776
47.25833,-776
47.26667,-775
47.27500,-775
47.28333,-775
47.29167,-774
47.30000,-774
47.30833,-773
47.31667,-772
47.32500,-772
47.33333,-771
47.34167,-771
47.35000,-770
47.35833,-770
47.36667,-770
47.37500,-769
47.38333,-769
47.39167,-768
47.40000,-767
47.40833,-766
47.41667,-765
47.42500,-765
47.43333,-764
47.44167,-764
47.45000,-763
47.45833,-763
47.46667,-762
47.47500,-761
47.48333,-761
47.49167,-760
47.50000,-759
47.50833,-758
47.51667,-757
47.52500,-757
47.53333,-756
47.54167,-755
47.55000,-754
47.55833,-754
47.56667,-753
47.57500,-752
47.58333,-751
47.59167,-751
47.60000,-750
47.60833,-750
47.61667,-749
47.62500,-748
47.63333,-747
47.64167,-747
47.65000,-746
47.65833,-745
47.66667,-745
47.67500,-745
47.68333,-744
47.69167,-744
47.70000,-743
47.70833,-742
47.71667,-742
47.72500,-741
47.73333,-741
47.74167,-740
47.75000,-739
47.75833,-739
47.76667,-738
47.77500,-738
47.78333,-737
47.79167,-736
47.80000,-736
47.80833,-735
47.81667,-734
47.82500,-733
47.83333,-733
47.84167,-732
47.85000,-732
47.85833,-731
47.86667,-731
47.87500,-731
47.88333,-731
47.89167,-731
47.90000,-730
47.90833,-730
47.91667,-729
47.92500,-729
47.93333,-729
47.94167,-729
47.95000,-729
47.95833,-729
47.96667,-728
47.97500,-728
47.98333,-728
47.99167,-728
48.00000,-727
48.00833,-727
48.01667,-727
48.02500,-727
48.03333,-726
48.04167,-725
48.05000,-725
48.05833,-724
48.06667,-724
48.07500,-724
48.08333,-724
48.09167,-724
48.10000,-724
48.10833,-724
48.11667,-724
48.12500,-724
48.13333,-724
48.14167,-724
48.15000,-725
48.15833,-725
48.16667,-725
48.17500,-725
48.18333,-725
48.19167,-725
48.20000,-724
48.20833,-724
48.21667,-723
48.22500,-723
48.23333,-723
48.24167,-723
48.25000,-723
48.25833,-723
48.26667,-723
48.27500,-723
48.28333,-723
48.29167,-723
48.30000,-723
48.30833,-723
48.31667,-723
48.32500,-723
48.33333,-724
48.34167,-724
48.35000,-724
48.35833,-724
48.36667,-724
48.37500,-723
48.38333,-723
48.39167,-723
48.40000,-723
48.40833,-723
48.41667,-724
48.42500,-724
48.43333,-724
48.44167,-724
48.45000,-724
48.45833,-725
48.46667,-725
48.47500,-725
48.48333,-725
48.49167,-725
48.50000,-725
48.50833,-725
48.51667,-725
48.52500,-726
48.53333,-726
48.54167,-725
48.55000,-726
48.55833,-726
48.56667,-726
48.57500,-726
48.58333,-726
48.59167,-726
48.60000,-726
48.60833,-726
48.61667,-726
48.62500,-727
48.63333,-727
48.64167,-727
48.65000,-728
48.65833,-728
48.66667,-728
48.67500,-728
48.68333,-728
48.69167,-728
48.70000,-728
48.70833,-729
48.71667,-729
48.72500,-729
48.73333,-728
48.74167,-728
48.75000,-728
48.75833,-728
48.76667,-727
48.77500,-727
48.78333,-727
48.79167,-728
48.80000,-728
48.80833,-728
48.81667,-728
48.82500,-728
48.83333,-729
48.84167,-729
48.85000,-729
48.85833,-729
48.86667,-729
48.87500,-729
48.88333,-729
48.89167,-729
48.90000,-729
48.90833,-729
48.91667,-730
48.92500,-729
48.93333,-729
48.94167,-729
48.95000,-730
48.95833,-730
48.96667,-730
48.97500,-730
48.98333,-730
48.99167,-730
49.00000,-730
49.00833,-730
49.01667,-730
49.02500,-730
49.03333,-731
49.04167,-731
49.05000,-731
49.05833,-731
49.06667,-731
49.07500,-731
49.08333,-731
49.09167,-731
49.10000,-731
49.10833,-732
49.11667,-732
49.12500,-732
49.13333,-732
49.14167,-733
49.15000,-733
49.15833,-733
49.16667,-733
49.17500,-734
49.18333,-734
49.19167,-734
49.20000,-735
49.20833,-735
49.21667,-735
49.22500,-735
49.23333,-735
49.24167,-735
49.25000,-735
49.25833,-735
49.26667,-735
49.27500,-736
49.28333,-736
49.29167,-737
49.30000,-737
49.30833,-738
49.31667,-738
49.32500,-739
49.33333,-739
49.34167,-739
49.35000,-740
49.35833,-740
49.36667,-741
49.37500,-741
49.38333,-741
49.39167,-742
49.40000,-742
49.40833,-742
49.41667,-742
49.42500,-743
49.43333,-743
49.44167,-744
49.45000,-745
49.45833,-745
49.46667,-746
49.47500,-746
49.48333,-747
49.49167,-747
49.50000,-748
49.50833,-748
49.51667,-748
49.52500,-749
49.53333,-749
49.54167,-749
49.55000,-750
49.55833,-750
49.56667,-751
49.57500,-751
49.58333,-752
49.59167,-753
49.60000,-753
49.60833,-754
49.61667,-755
49.62500,-755
49.63333,-756
49.64167,-757
49.65000,-757
49.65833,-758
49.66667,-759
49.67500,-759
49.68333,-760
49.69167,-760
49.70000,-761
49.70833,-761
49.71667,-762
49.72500,-763
49.73333,-763
49.74167,-764
49.75000,-765
49.75833,-766
49.76667,-767
49.77500,-768
49.78333,-768
49.79167,-769
49.80000,-770
49.80833,-770
49.81667,-771
49.82500,-772
49.83333,-774
49.84167,-775
49.85000,-776
49.85833,-777
49.86667,-778
49.87500,-778
49.88333,-779
49.89167,-780
49.90000,-780
49.90833,-781
49.91667,-782
49.92500,-783
49.93333,-784
49.94167,-785
49.95000,-786
49.95833,-787
49.96667,-788
49.97500,-789
49.98333,-790
49.99167,-791
50.00000,-792

