[Header]
Application Name,LabSolutions
Version,5.97 SP1
Data File Name,C:\Users\cremerlab\Desktop\Richa\Oct_18th_2022_yield_expt\Oct 18th 2022 yield expt_10182022_001_033.lcd
Output Date,10/19/2022
Output Time,8:32:06 PM

[File Information]
Type,Data File
Generated,10/19/2022 7:41:47 PM
Generated by,System Administrator
Modified,10/19/2022 8:32:06 PM
Modified by,System Administrator

[Sample Information]
Operator Name,System Administrator
Acquired,10/19/2022 7:42:05 PM
Sample Type,0:Unknown
Level,0
Sample Name,101822_BT_Trp_4
Sample ID,001
ISTD Amount1,1
ISTD Amount2,1
ISTD Amount3,1
ISTD Amount4,1
ISTD Amount5,1
ISTD Amount6,1
ISTD Amount7,1
ISTD Amount8,1
ISTD Amount9,1
ISTD Amount10,1
ISTD Amount11,1
ISTD Amount12,1
ISTD Amount13,1
ISTD Amount14,1
ISTD Amount15,1
ISTD Amount16,1
ISTD Amount17,1
ISTD Amount18,1
ISTD Amount19,1
ISTD Amount20,1
ISTD Amount21,1
ISTD Amount22,1
ISTD Amount23,1
ISTD Amount24,1
ISTD Amount25,1
ISTD Amount26,1
ISTD Amount27,1
ISTD Amount28,1
ISTD Amount29,1
ISTD Amount30,1
ISTD Amount31,1
ISTD Amount32,1
Sample Amount,1
Dilution Factor,1
Vial#,32
Injection Volume,20

[Original Files]
Data File,C:\Users\cremerlab\Desktop\Richa\Oct_18th_2022_yield_expt\Oct 18th 2022 yield expt_10182022_001_033.lcd
Method File,C:\Users\cremerlab\Desktop\Richa\acetate_excretion.lcm
Batch File,C:\Users\cremerlab\Desktop\Richa\Oct_18th_2022_yield_expt\Oct 18th 2022 yield expt.lcb
Report Format File,c:\LabSolutions\System\DEFAULT.lsr

[File Description]


[Configuration]
Instrument Name,HPLC-PC-Instrument1
Instrument #,1
Line #,1
# of Detectors,2
Detector ID,Detector A,Detector B
Detector Name,Detector A,Detector B
# of Channels,1,1

[Peak Table(Detector A)]
# of Peaks,0

[Peak Table(Detector B)]
# of Peaks,12
Peak#,R.Time,I.Time,F.Time,Area,Height,A/H,Conc.,Mark,ID#,Name,k',Plate #,Plate Ht.,Tailing,Resolution,Sep.Factor,Area Ratio,Height Ratio,Conc. %,Norm Conc.
1,11.039,10.283,12.400,2356655,119140,19.780,0.000,   ,,,0.000,7434,20.179,0.974,0.000,0.000,0,0,0.000,0.000
2,14.371,12.675,15.217,3702532,78599,47.107,0.000,   ,,,0.302,2468,60.767,0.654,3.991,0.000,0,0,0.000,0.000
3,15.787,15.217,17.217,1488087,50714,29.343,0.000, V ,,,0.430,6834,21.949,1.147,1.475,1.425,0,0,0.000,0.000
4,17.889,17.425,18.425,8608,284,30.271,0.000,   ,,,0.620,7423,20.206,1.057,2.636,1.443,0,0,0.000,0.000
5,19.065,18.483,19.750,11615,296,39.273,0.000,   ,,,0.727,4947,30.321,1.073,1.228,1.172,0,0,0.000,0.000
6,20.315,19.750,20.608,20186,636,31.722,0.000,   ,,,0.840,4391,34.159,0.000,1.082,1.156,0,0,0.000,0.000
7,20.981,20.608,21.425,29571,793,37.279,0.000, V ,,,0.901,4567,32.844,0.000,0.540,1.072,0,0,0.000,0.000
8,21.906,21.425,22.558,48419,1348,35.910,0.000, V ,,,0.984,8347,17.971,0.000,0.840,1.093,0,0,0.000,0.000
9,23.163,22.558,24.267,40737,1103,36.950,0.000,   ,,,1.098,9271,16.180,1.206,1.308,1.116,0,0,0.000,0.000
10,25.097,24.317,26.383,202660,4936,41.055,0.000,   ,,,1.273,8924,16.808,1.122,1.911,1.160,0,0,0.000,0.000
11,29.216,28.300,30.483,155283,3241,47.913,0.000,   ,,,1.646,8857,16.937,1.099,3.574,1.293,0,0,0.000,0.000
12,32.381,31.608,33.175,18789,415,45.290,0.000,   ,,,1.933,11854,12.654,1.002,2.603,1.174,0,0,0.000,0.000

[LC Chromatogram(Detector B-Ch1)]
Interval(msec),500
# of Points,6001
Start Time(min),0.000
End Time(min),50.000
Intensity Units,mV
Intensity Multiplier,0.001
R.Time (min),Intensity
0.00000,-17
0.00833,-17
0.01667,-7
0.02500,-0
0.03333,-1
0.04167,-1
0.05000,-1
0.05833,-1
0.06667,-1
0.07500,-2
0.08333,-2
0.09167,-2
0.10000,-2
0.10833,-3
0.11667,-3
0.12500,-3
0.13333,-3
0.14167,-4
0.15000,-5
0.15833,-5
0.16667,-6
0.17500,-6
0.18333,-6
0.19167,-6
0.20000,-7
0.20833,-7
0.21667,-7
0.22500,-7
0.23333,-7
0.24167,-7
0.25000,-7
0.25833,-7
0.26667,-8
0.27500,-8
0.28333,-8
0.29167,-8
0.30000,-8
0.30833,-9
0.31667,-9
0.32500,-9
0.33333,-9
0.34167,-9
0.35000,-9
0.35833,-9
0.36667,-9
0.37500,-9
0.38333,-9
0.39167,-9
0.40000,-9
0.40833,-10
0.41667,-10
0.42500,-10
0.43333,-10
0.44167,-10
0.45000,-10
0.45833,-10
0.46667,-10
0.47500,-10
0.48333,-10
0.49167,-10
0.50000,-10
0.50833,-11
0.51667,-11
0.52500,-11
0.53333,-11
0.54167,-10
0.55000,-10
0.55833,-10
0.56667,-10
0.57500,-10
0.58333,-10
0.59167,-9
0.60000,-9
0.60833,-9
0.61667,-9
0.62500,-8
0.63333,-9
0.64167,-9
0.65000,-9
0.65833,-8
0.66667,-8
0.67500,-9
0.68333,-9
0.69167,-9
0.70000,-8
0.70833,-8
0.71667,-8
0.72500,-8
0.73333,-8
0.74167,-8
0.75000,-8
0.75833,-8
0.76667,-8
0.77500,-8
0.78333,-7
0.79167,-7
0.80000,-7
0.80833,-7
0.81667,-7
0.82500,-7
0.83333,-7
0.84167,-7
0.85000,-7
0.85833,-7
0.86667,-7
0.87500,-6
0.88333,-6
0.89167,-5
0.90000,-5
0.90833,-5
0.91667,-5
0.92500,-5
0.93333,-5
0.94167,-4
0.95000,-4
0.95833,-4
0.96667,-4
0.97500,-4
0.98333,-4
0.99167,-4
1.00000,-4
1.00833,-4
1.01667,-4
1.02500,-3
1.03333,-3
1.04167,-2
1.05000,-2
1.05833,-1
1.06667,-1
1.07500,-1
1.08333,-1
1.09167,-0
1.10000,0
1.10833,0
1.11667,1
1.12500,1
1.13333,1
1.14167,1
1.15000,1
1.15833,1
1.16667,1
1.17500,1
1.18333,1
1.19167,1
1.20000,1
1.20833,1
1.21667,1
1.22500,0
1.23333,0
1.24167,0
1.25000,1
1.25833,1
1.26667,2
1.27500,2
1.28333,2
1.29167,2
1.30000,2
1.30833,2
1.31667,2
1.32500,2
1.33333,2
1.34167,2
1.35000,2
1.35833,2
1.36667,2
1.37500,2
1.38333,2
1.39167,2
1.40000,2
1.40833,2
1.41667,2
1.42500,2
1.43333,3
1.44167,3
1.45000,4
1.45833,4
1.46667,4
1.47500,4
1.48333,4
1.49167,4
1.50000,4
1.50833,3
1.51667,3
1.52500,3
1.53333,3
1.54167,3
1.55000,3
1.55833,3
1.56667,4
1.57500,4
1.58333,3
1.59167,3
1.60000,3
1.60833,3
1.61667,3
1.62500,3
1.63333,3
1.64167,3
1.65000,3
1.65833,3
1.66667,3
1.67500,3
1.68333,2
1.69167,2
1.70000,3
1.70833,3
1.71667,3
1.72500,3
1.73333,3
1.74167,3
1.75000,2
1.75833,2
1.76667,2
1.77500,2
1.78333,2
1.79167,2
1.80000,2
1.80833,2
1.81667,1
1.82500,1
1.83333,1
1.84167,1
1.85000,1
1.85833,1
1.86667,1
1.87500,1
1.88333,1
1.89167,1
1.90000,1
1.90833,1
1.91667,1
1.92500,1
1.93333,1
1.94167,0
1.95000,0
1.95833,0
1.96667,0
1.97500,0
1.98333,0
1.99167,0
2.00000,-0
2.00833,-0
2.01667,-0
2.02500,-0
2.03333,-0
2.04167,-1
2.05000,-1
2.05833,-1
2.06667,-1
2.07500,-2
2.08333,-2
2.09167,-2
2.10000,-2
2.10833,-2
2.11667,-3
2.12500,-3
2.13333,-4
2.14167,-4
2.15000,-4
2.15833,-4
2.16667,-4
2.17500,-5
2.18333,-5
2.19167,-5
2.20000,-5
2.20833,-5
2.21667,-5
2.22500,-6
2.23333,-6
2.24167,-6
2.25000,-6
2.25833,-6
2.26667,-6
2.27500,-7
2.28333,-7
2.29167,-7
2.30000,-7
2.30833,-7
2.31667,-7
2.32500,-7
2.33333,-7
2.34167,-7
2.35000,-7
2.35833,-8
2.36667,-9
2.37500,-9
2.38333,-9
2.39167,-9
2.40000,-10
2.40833,-10
2.41667,-10
2.42500,-10
2.43333,-10
2.44167,-10
2.45000,-10
2.45833,-10
2.46667,-10
2.47500,-10
2.48333,-11
2.49167,-11
2.50000,-11
2.50833,-11
2.51667,-11
2.52500,-12
2.53333,-12
2.54167,-12
2.55000,-12
2.55833,-12
2.56667,-13
2.57500,-13
2.58333,-13
2.59167,-13
2.60000,-13
2.60833,-14
2.61667,-14
2.62500,-14
2.63333,-14
2.64167,-14
2.65000,-14
2.65833,-14
2.66667,-14
2.67500,-14
2.68333,-14
2.69167,-14
2.70000,-14
2.70833,-15
2.71667,-15
2.72500,-15
2.73333,-15
2.74167,-15
2.75000,-15
2.75833,-15
2.76667,-15
2.77500,-15
2.78333,-15
2.79167,-15
2.80000,-15
2.80833,-15
2.81667,-15
2.82500,-15
2.83333,-15
2.84167,-15
2.85000,-15
2.85833,-15
2.86667,-16
2.87500,-16
2.88333,-16
2.89167,-17
2.90000,-17
2.90833,-16
2.91667,-16
2.92500,-16
2.93333,-16
2.94167,-16
2.95000,-16
2.95833,-16
2.96667,-16
2.97500,-16
2.98333,-16
2.99167,-16
3.00000,-15
3.00833,-15
3.01667,-15
3.02500,-15
3.03333,-16
3.04167,-16
3.05000,-16
3.05833,-16
3.06667,-16
3.07500,-16
3.08333,-16
3.09167,-16
3.10000,-16
3.10833,-16
3.11667,-16
3.12500,-15
3.13333,-15
3.14167,-15
3.15000,-14
3.15833,-14
3.16667,-14
3.17500,-15
3.18333,-15
3.19167,-15
3.20000,-15
3.20833,-15
3.21667,-15
3.22500,-15
3.23333,-15
3.24167,-15
3.25000,-15
3.25833,-15
3.26667,-15
3.27500,-15
3.28333,-15
3.29167,-14
3.30000,-14
3.30833,-14
3.31667,-14
3.32500,-13
3.33333,-13
3.34167,-13
3.35000,-12
3.35833,-12
3.36667,-12
3.37500,-12
3.38333,-12
3.39167,-11
3.40000,-11
3.40833,-11
3.41667,-10
3.42500,-10
3.43333,-10
3.44167,-9
3.45000,-9
3.45833,-9
3.46667,-9
3.47500,-9
3.48333,-9
3.49167,-8
3.50000,-8
3.50833,-8
3.51667,-8
3.52500,-7
3.53333,-7
3.54167,-6
3.55000,-6
3.55833,-6
3.56667,-6
3.57500,-6
3.58333,-6
3.59167,-6
3.60000,-5
3.60833,-5
3.61667,-5
3.62500,-4
3.63333,-4
3.64167,-3
3.65000,-3
3.65833,-2
3.66667,-2
3.67500,-2
3.68333,-2
3.69167,-2
3.70000,-1
3.70833,-1
3.71667,-1
3.72500,-1
3.73333,-0
3.74167,-0
3.75000,1
3.75833,1
3.76667,2
3.77500,3
3.78333,3
3.79167,4
3.80000,4
3.80833,4
3.81667,5
3.82500,5
3.83333,6
3.84167,7
3.85000,7
3.85833,7
3.86667,8
3.87500,9
3.88333,9
3.89167,10
3.90000,10
3.90833,11
3.91667,12
3.92500,12
3.93333,13
3.94167,14
3.95000,14
3.95833,15
3.96667,15
3.97500,15
3.98333,16
3.99167,16
4.00000,17
4.00833,18
4.01667,18
4.02500,19
4.03333,20
4.04167,20
4.05000,21
4.05833,22
4.06667,23
4.07500,24
4.08333,25
4.09167,26
4.10000,26
4.10833,26
4.11667,27
4.12500,28
4.13333,29
4.14167,29
4.15000,30
4.15833,31
4.16667,31
4.17500,32
4.18333,32
4.19167,33
4.20000,34
4.20833,34
4.21667,35
4.22500,35
4.23333,36
4.24167,37
4.25000,38
4.25833,39
4.26667,40
4.27500,40
4.28333,40
4.29167,41
4.30000,41
4.30833,42
4.31667,43
4.32500,43
4.33333,44
4.34167,45
4.35000,45
4.35833,46
4.36667,47
4.37500,47
4.38333,47
4.39167,48
4.40000,48
4.40833,49
4.41667,49
4.42500,50
4.43333,50
4.44167,51
4.45000,51
4.45833,51
4.46667,52
4.47500,52
4.48333,53
4.49167,54
4.50000,54
4.50833,54
4.51667,54
4.52500,54
4.53333,55
4.54167,55
4.55000,56
4.55833,56
4.56667,56
4.57500,56
4.58333,57
4.59167,57
4.60000,57
4.60833,57
4.61667,57
4.62500,57
4.63333,57
4.64167,57
4.65000,57
4.65833,57
4.66667,57
4.67500,57
4.68333,57
4.69167,57
4.70000,58
4.70833,58
4.71667,58
4.72500,58
4.73333,58
4.74167,58
4.75000,58
4.75833,58
4.76667,58
4.77500,58
4.78333,58
4.79167,58
4.80000,57
4.80833,57
4.81667,57
4.82500,57
4.83333,57
4.84167,56
4.85000,56
4.85833,56
4.86667,56
4.87500,57
4.88333,56
4.89167,56
4.90000,56
4.90833,56
4.91667,55
4.92500,55
4.93333,54
4.94167,54
4.95000,54
4.95833,53
4.96667,53
4.97500,53
4.98333,52
4.99167,51
5.00000,51
5.00833,51
5.01667,51
5.02500,51
5.03333,51
5.04167,51
5.05000,50
5.05833,50
5.06667,49
5.07500,49
5.08333,48
5.09167,48
5.10000,48
5.10833,47
5.11667,47
5.12500,46
5.13333,46
5.14167,45
5.15000,44
5.15833,44
5.16667,44
5.17500,43
5.18333,43
5.19167,43
5.20000,42
5.20833,41
5.21667,40
5.22500,39
5.23333,39
5.24167,38
5.25000,38
5.25833,37
5.26667,37
5.27500,36
5.28333,35
5.29167,34
5.30000,33
5.30833,32
5.31667,31
5.32500,30
5.33333,30
5.34167,29
5.35000,28
5.35833,28
5.36667,27
5.37500,26
5.38333,26
5.39167,25
5.40000,24
5.40833,23
5.41667,22
5.42500,21
5.43333,21
5.44167,20
5.45000,20
5.45833,19
5.46667,17
5.47500,17
5.48333,16
5.49167,15
5.50000,15
5.50833,14
5.51667,13
5.52500,12
5.53333,11
5.54167,10
5.55000,9
5.55833,8
5.56667,8
5.57500,7
5.58333,7
5.59167,6
5.60000,5
5.60833,4
5.61667,4
5.62500,3
5.63333,2
5.64167,1
5.65000,1
5.65833,0
5.66667,-1
5.67500,-1
5.68333,-2
5.69167,-3
5.70000,-3
5.70833,-4
5.71667,-5
5.72500,-6
5.73333,-7
5.74167,-8
5.75000,-9
5.75833,-10
5.76667,-11
5.77500,-11
5.78333,-12
5.79167,-13
5.80000,-14
5.80833,-15
5.81667,-15
5.82500,-16
5.83333,-17
5.84167,-17
5.85000,-18
5.85833,-19
5.86667,-20
5.87500,-21
5.88333,-21
5.89167,-22
5.90000,-22
5.90833,-23
5.91667,-24
5.92500,-25
5.93333,-26
5.94167,-26
5.95000,-27
5.95833,-28
5.96667,-28
5.97500,-29
5.98333,-29
5.99167,-30
6.00000,-30
6.00833,-31
6.01667,-31
6.02500,-32
6.03333,-33
6.04167,-33
6.05000,-33
6.05833,-34
6.06667,-34
6.07500,-34
6.08333,-35
6.09167,-36
6.10000,-36
6.10833,-37
6.11667,-37
6.12500,-38
6.13333,-38
6.14167,-38
6.15000,-39
6.15833,-39
6.16667,-40
6.17500,-40
6.18333,-41
6.19167,-41
6.20000,-41
6.20833,-41
6.21667,-41
6.22500,-41
6.23333,-42
6.24167,-42
6.25000,-43
6.25833,-43
6.26667,-43
6.27500,-43
6.28333,-44
6.29167,-44
6.30000,-44
6.30833,-45
6.31667,-45
6.32500,-46
6.33333,-46
6.34167,-46
6.35000,-47
6.35833,-47
6.36667,-47
6.37500,-47
6.38333,-48
6.39167,-48
6.40000,-48
6.40833,-48
6.41667,-49
6.42500,-49
6.43333,-49
6.44167,-49
6.45000,-50
6.45833,-50
6.46667,-49
6.47500,-49
6.48333,-49
6.49167,-49
6.50000,-49
6.50833,-49
6.51667,-50
6.52500,-50
6.53333,-50
6.54167,-51
6.55000,-51
6.55833,-51
6.56667,-51
6.57500,-50
6.58333,-50
6.59167,-50
6.60000,-50
6.60833,-51
6.61667,-51
6.62500,-51
6.63333,-52
6.64167,-51
6.65000,-52
6.65833,-52
6.66667,-52
6.67500,-52
6.68333,-52
6.69167,-51
6.70000,-51
6.70833,-51
6.71667,-51
6.72500,-52
6.73333,-52
6.74167,-52
6.75000,-52
6.75833,-52
6.76667,-52
6.77500,-52
6.78333,-52
6.79167,-52
6.80000,-52
6.80833,-52
6.81667,-52
6.82500,-52
6.83333,-52
6.84167,-52
6.85000,-52
6.85833,-53
6.86667,-53
6.87500,-53
6.88333,-53
6.89167,-53
6.90000,-52
6.90833,-52
6.91667,-52
6.92500,-52
6.93333,-53
6.94167,-53
6.95000,-53
6.95833,-53
6.96667,-53
6.97500,-53
6.98333,-53
6.99167,-53
7.00000,-53
7.00833,-53
7.01667,-53
7.02500,-53
7.03333,-54
7.04167,-54
7.05000,-54
7.05833,-54
7.06667,-54
7.07500,-54
7.08333,-54
7.09167,-54
7.10000,-54
7.10833,-54
7.11667,-54
7.12500,-54
7.13333,-54
7.14167,-54
7.15000,-54
7.15833,-54
7.16667,-54
7.17500,-53
7.18333,-53
7.19167,-53
7.20000,-54
7.20833,-54
7.21667,-54
7.22500,-53
7.23333,-53
7.24167,-53
7.25000,-53
7.25833,-53
7.26667,-53
7.27500,-53
7.28333,-53
7.29167,-54
7.30000,-54
7.30833,-54
7.31667,-54
7.32500,-54
7.33333,-54
7.34167,-53
7.35000,-53
7.35833,-53
7.36667,-53
7.37500,-53
7.38333,-53
7.39167,-53
7.40000,-53
7.40833,-54
7.41667,-54
7.42500,-54
7.43333,-54
7.44167,-54
7.45000,-54
7.45833,-54
7.46667,-54
7.47500,-55
7.48333,-55
7.49167,-54
7.50000,-54
7.50833,-54
7.51667,-54
7.52500,-54
7.53333,-54
7.54167,-54
7.55000,-54
7.55833,-54
7.56667,-54
7.57500,-54
7.58333,-54
7.59167,-54
7.60000,-54
7.60833,-54
7.61667,-54
7.62500,-54
7.63333,-54
7.64167,-54
7.65000,-54
7.65833,-53
7.66667,-53
7.67500,-53
7.68333,-53
7.69167,-53
7.70000,-54
7.70833,-54
7.71667,-54
7.72500,-54
7.73333,-54
7.74167,-54
7.75000,-54
7.75833,-54
7.76667,-54
7.77500,-54
7.78333,-54
7.79167,-54
7.80000,-54
7.80833,-54
7.81667,-54
7.82500,-55
7.83333,-54
7.84167,-54
7.85000,-54
7.85833,-54
7.86667,-54
7.87500,-54
7.88333,-54
7.89167,-54
7.90000,-54
7.90833,-54
7.91667,-54
7.92500,-54
7.93333,-54
7.94167,-54
7.95000,-54
7.95833,-54
7.96667,-54
7.97500,-54
7.98333,-54
7.99167,-54
8.00000,-55
8.00833,-55
8.01667,-55
8.02500,-55
8.03333,-55
8.04167,-55
8.05000,-55
8.05833,-55
8.06667,-55
8.07500,-55
8.08333,-55
8.09167,-55
8.10000,-55
8.10833,-55
8.11667,-55
8.12500,-55
8.13333,-55
8.14167,-55
8.15000,-55
8.15833,-55
8.16667,-55
8.17500,-55
8.18333,-55
8.19167,-54
8.20000,-54
8.20833,-55
8.21667,-55
8.22500,-55
8.23333,-55
8.24167,-55
8.25000,-55
8.25833,-55
8.26667,-55
8.27500,-55
8.28333,-55
8.29167,-56
8.30000,-56
8.30833,-56
8.31667,-56
8.32500,-56
8.33333,-56
8.34167,-56
8.35000,-56
8.35833,-56
8.36667,-55
8.37500,-55
8.38333,-54
8.39167,-54
8.40000,-55
8.40833,-55
8.41667,-55
8.42500,-55
8.43333,-55
8.44167,-55
8.45000,-56
8.45833,-56
8.46667,-56
8.47500,-56
8.48333,-56
8.49167,-56
8.50000,-56
8.50833,-56
8.51667,-56
8.52500,-56
8.53333,-56
8.54167,-56
8.55000,-56
8.55833,-56
8.56667,-56
8.57500,-55
8.58333,-55
8.59167,-55
8.60000,-55
8.60833,-55
8.61667,-55
8.62500,-56
8.63333,-56
8.64167,-56
8.65000,-56
8.65833,-56
8.66667,-56
8.67500,-56
8.68333,-56
8.69167,-55
8.70000,-55
8.70833,-55
8.71667,-55
8.72500,-55
8.73333,-55
8.74167,-55
8.75000,-55
8.75833,-55
8.76667,-55
8.77500,-56
8.78333,-55
8.79167,-56
8.80000,-56
8.80833,-56
8.81667,-56
8.82500,-56
8.83333,-56
8.84167,-56
8.85000,-56
8.85833,-56
8.86667,-56
8.87500,-56
8.88333,-56
8.89167,-56
8.90000,-56
8.90833,-56
8.91667,-55
8.92500,-55
8.93333,-55
8.94167,-56
8.95000,-56
8.95833,-56
8.96667,-56
8.97500,-55
8.98333,-55
8.99167,-55
9.00000,-55
9.00833,-55
9.01667,-55
9.02500,-55
9.03333,-54
9.04167,-54
9.05000,-54
9.05833,-54
9.06667,-54
9.07500,-54
9.08333,-54
9.09167,-54
9.10000,-54
9.10833,-55
9.11667,-54
9.12500,-54
9.13333,-54
9.14167,-54
9.15000,-54
9.15833,-54
9.16667,-54
9.17500,-54
9.18333,-54
9.19167,-54
9.20000,-54
9.20833,-54
9.21667,-55
9.22500,-55
9.23333,-54
9.24167,-54
9.25000,-54
9.25833,-53
9.26667,-53
9.27500,-53
9.28333,-53
9.29167,-54
9.30000,-54
9.30833,-54
9.31667,-54
9.32500,-54
9.33333,-54
9.34167,-54
9.35000,-54
9.35833,-54
9.36667,-54
9.37500,-54
9.38333,-53
9.39167,-53
9.40000,-53
9.40833,-53
9.41667,-53
9.42500,-53
9.43333,-53
9.44167,-52
9.45000,-52
9.45833,-53
9.46667,-53
9.47500,-53
9.48333,-53
9.49167,-53
9.50000,-52
9.50833,-52
9.51667,-52
9.52500,-53
9.53333,-53
9.54167,-53
9.55000,-53
9.55833,-53
9.56667,-53
9.57500,-53
9.58333,-53
9.59167,-53
9.60000,-53
9.60833,-53
9.61667,-53
9.62500,-53
9.63333,-53
9.64167,-53
9.65000,-52
9.65833,-52
9.66667,-52
9.67500,-52
9.68333,-52
9.69167,-52
9.70000,-52
9.70833,-52
9.71667,-52
9.72500,-52
9.73333,-53
9.74167,-53
9.75000,-52
9.75833,-52
9.76667,-52
9.77500,-52
9.78333,-52
9.79167,-52
9.80000,-53
9.80833,-53
9.81667,-53
9.82500,-53
9.83333,-53
9.84167,-52
9.85000,-52
9.85833,-51
9.86667,-51
9.87500,-52
9.88333,-52
9.89167,-52
9.90000,-52
9.90833,-52
9.91667,-52
9.92500,-52
9.93333,-52
9.94167,-52
9.95000,-52
9.95833,-52
9.96667,-52
9.97500,-52
9.98333,-51
9.99167,-51
10.00000,-51
10.00833,-50
10.01667,-51
10.02500,-51
10.03333,-51
10.04167,-50
10.05000,-50
10.05833,-51
10.06667,-50
10.07500,-50
10.08333,-50
10.09167,-49
10.10000,-48
10.10833,-47
10.11667,-47
10.12500,-46
10.13333,-46
10.14167,-45
10.15000,-45
10.15833,-44
10.16667,-43
10.17500,-43
10.18333,-42
10.19167,-41
10.20000,-40
10.20833,-39
10.21667,-38
10.22500,-36
10.23333,-34
10.24167,-33
10.25000,-31
10.25833,-30
10.26667,-27
10.27500,-25
10.28333,-23
10.29167,-20
10.30000,-17
10.30833,-13
10.31667,-9
10.32500,-4
10.33333,2
10.34167,10
10.35000,18
10.35833,28
10.36667,39
10.37500,52
10.38333,66
10.39167,82
10.40000,99
10.40833,116
10.41667,135
10.42500,154
10.43333,173
10.44167,190
10.45000,206
10.45833,220
10.46667,232
10.47500,240
10.48333,245
10.49167,248
10.50000,248
10.50833,247
10.51667,246
10.52500,247
10.53333,252
10.54167,264
10.55000,289
10.55833,329
10.56667,389
10.57500,473
10.58333,589
10.59167,741
10.60000,935
10.60833,1177
10.61667,1474
10.62500,1831
10.63333,2255
10.64167,2751
10.65000,3326
10.65833,3984
10.66667,4731
10.67500,5573
10.68333,6512
10.69167,7553
10.70000,8701
10.70833,9959
10.71667,11330
10.72500,12817
10.73333,14422
10.74167,16147
10.75000,17994
10.75833,19963
10.76667,22054
10.77500,24269
10.78333,26606
10.79167,29066
10.80000,31646
10.80833,34347
10.81667,37165
10.82500,40099
10.83333,43146
10.84167,46302
10.85000,49562
10.85833,52923
10.86667,56378
10.87500,59921
10.88333,63545
10.89167,67239
10.90000,70993
10.90833,74795
10.91667,78631
10.92500,82483
10.93333,86331
10.94167,90151
10.95000,93914
10.95833,97589
10.96667,101139
10.97500,104522
10.98333,107692
10.99167,110597
11.00000,113184
11.00833,115395
11.01667,117171
11.02500,118457
11.03333,119198
11.04167,119347
11.05000,118865
11.05833,117727
11.06667,115920
11.07500,113451
11.08333,110342
11.09167,106637
11.10000,102394
11.10833,97688
11.11667,92605
11.12500,87239
11.13333,81687
11.14167,76045
11.15000,70405
11.15833,64851
11.16667,59456
11.17500,54281
11.18333,49373
11.19167,44767
11.20000,40485
11.20833,36539
11.21667,32931
11.22500,29657
11.23333,26704
11.24167,24055
11.25000,21690
11.25833,19587
11.26667,17724
11.27500,16078
11.28333,14627
11.29167,13349
11.30000,12225
11.30833,11236
11.31667,10365
11.32500,9598
11.33333,8921
11.34167,8323
11.35000,7792
11.35833,7321
11.36667,6900
11.37500,6522
11.38333,6183
11.39167,5876
11.40000,5597
11.40833,5342
11.41667,5108
11.42500,4892
11.43333,4691
11.44167,4504
11.45000,4329
11.45833,4165
11.46667,4010
11.47500,3863
11.48333,3724
11.49167,3592
11.50000,3465
11.50833,3344
11.51667,3228
11.52500,3117
11.53333,3011
11.54167,2909
11.55000,2812
11.55833,2718
11.56667,2628
11.57500,2542
11.58333,2460
11.59167,2381
11.60000,2304
11.60833,2231
11.61667,2161
11.62500,2094
11.63333,2029
11.64167,1967
11.65000,1908
11.65833,1852
11.66667,1798
11.67500,1746
11.68333,1696
11.69167,1648
11.70000,1602
11.70833,1558
11.71667,1516
11.72500,1476
11.73333,1438
11.74167,1401
11.75000,1366
11.75833,1332
11.76667,1300
11.77500,1269
11.78333,1239
11.79167,1210
11.80000,1183
11.80833,1157
11.81667,1132
11.82500,1108
11.83333,1085
11.84167,1063
11.85000,1042
11.85833,1023
11.86667,1004
11.87500,986
11.88333,969
11.89167,952
11.90000,937
11.90833,922
11.91667,907
11.92500,893
11.93333,880
11.94167,868
11.95000,856
11.95833,844
11.96667,833
11.97500,822
11.98333,812
11.99167,802
12.00000,793
12.00833,783
12.01667,774
12.02500,766
12.03333,758
12.04167,750
12.05000,743
12.05833,735
12.06667,728
12.07500,721
12.08333,715
12.09167,709
12.10000,703
12.10833,697
12.11667,692
12.12500,687
12.13333,682
12.14167,677
12.15000,672
12.15833,668
12.16667,664
12.17500,660
12.18333,656
12.19167,652
12.20000,649
12.20833,646
12.21667,643
12.22500,640
12.23333,638
12.24167,635
12.25000,633
12.25833,631
12.26667,629
12.27500,627
12.28333,626
12.29167,625
12.30000,624
12.30833,624
12.31667,623
12.32500,623
12.33333,622
12.34167,622
12.35000,621
12.35833,621
12.36667,620
12.37500,620
12.38333,619
12.39167,619
12.40000,618
12.40833,618
12.41667,618
12.42500,617
12.43333,617
12.44167,616
12.45000,616
12.45833,615
12.46667,615
12.47500,614
12.48333,614
12.49167,613
12.50000,612
12.50833,611
12.51667,609
12.52500,608
12.53333,607
12.54167,605
12.55000,604
12.55833,602
12.56667,600
12.57500,599
12.58333,597
12.59167,595
12.60000,593
12.60833,591
12.61667,589
12.62500,588
12.63333,586
12.64167,584
12.65000,583
12.65833,582
12.66667,582
12.67500,582
12.68333,582
12.69167,583
12.70000,584
12.70833,587
12.71667,591
12.72500,597
12.73333,604
12.74167,612
12.75000,622
12.75833,635
12.76667,649
12.77500,667
12.78333,687
12.79167,710
12.80000,737
12.80833,767
12.81667,800
12.82500,838
12.83333,880
12.84167,926
12.85000,977
12.85833,1033
12.86667,1093
12.87500,1158
12.88333,1229
12.89167,1305
12.90000,1386
12.90833,1473
12.91667,1565
12.92500,1663
12.93333,1767
12.94167,1877
12.95000,1992
12.95833,2112
12.96667,2238
12.97500,2371
12.98333,2508
12.99167,2652
13.00000,2801
13.00833,2956
13.01667,3117
13.02500,3284
13.03333,3456
13.04167,3633
13.05000,3816
13.05833,4004
13.06667,4197
13.07500,4395
13.08333,4599
13.09167,4808
13.10000,5022
13.10833,5240
13.11667,5464
13.12500,5692
13.13333,5925
13.14167,6162
13.15000,6403
13.15833,6650
13.16667,6901
13.17500,7156
13.18333,7415
13.19167,7678
13.20000,7945
13.20833,8216
13.21667,8491
13.22500,8769
13.23333,9050
13.24167,9335
13.25000,9624
13.25833,9917
13.26667,10213
13.27500,10513
13.28333,10816
13.29167,11123
13.30000,11432
13.30833,11745
13.31667,12061
13.32500,12380
13.33333,12702
13.34167,13027
13.35000,13356
13.35833,13687
13.36667,14022
13.37500,14359
13.38333,14700
13.39167,15043
13.40000,15390
13.40833,15740
13.41667,16093
13.42500,16448
13.43333,16807
13.44167,17169
13.45000,17533
13.45833,17901
13.46667,18271
13.47500,18645
13.48333,19021
13.49167,19401
13.50000,19784
13.50833,20170
13.51667,20558
13.52500,20950
13.53333,21345
13.54167,21743
13.55000,22145
13.55833,22549
13.56667,22956
13.57500,23367
13.58333,23780
13.59167,24197
13.60000,24617
13.60833,25040
13.61667,25467
13.62500,25897
13.63333,26330
13.64167,26767
13.65000,27207
13.65833,27651
13.66667,28097
13.67500,28548
13.68333,29001
13.69167,29459
13.70000,29920
13.70833,30384
13.71667,30853
13.72500,31325
13.73333,31801
13.74167,32281
13.75000,32765
13.75833,33253
13.76667,33744
13.77500,34240
13.78333,34740
13.79167,35243
13.80000,35751
13.80833,36263
13.81667,36779
13.82500,37299
13.83333,37823
13.84167,38352
13.85000,38885
13.85833,39423
13.86667,39966
13.87500,40512
13.88333,41064
13.89167,41620
13.90000,42180
13.90833,42746
13.91667,43316
13.92500,43891
13.93333,44470
13.94167,45055
13.95000,45645
13.95833,46239
13.96667,46839
13.97500,47444
13.98333,48055
13.99167,48670
14.00000,49291
14.00833,49917
14.01667,50549
14.02500,51186
14.03333,51829
14.04167,52477
14.05000,53131
14.05833,53791
14.06667,54457
14.07500,55129
14.08333,55807
14.09167,56491
14.10000,57181
14.10833,57877
14.11667,58579
14.12500,59288
14.13333,60003
14.14167,60725
14.15000,61453
14.15833,62188
14.16667,62930
14.17500,63678
14.18333,64434
14.19167,65196
14.20000,65967
14.20833,66744
14.21667,67528
14.22500,68320
14.23333,69118
14.24167,69923
14.25000,70733
14.25833,71545
14.26667,72357
14.27500,73165
14.28333,73962
14.29167,74742
14.30000,75496
14.30833,76213
14.31667,76882
14.32500,77491
14.33333,78027
14.34167,78477
14.35000,78828
14.35833,79071
14.36667,79194
14.37500,79190
14.38333,79052
14.39167,78774
14.40000,78353
14.40833,77784
14.41667,77067
14.42500,76198
14.43333,75177
14.44167,74000
14.45000,72666
14.45833,71174
14.46667,69521
14.47500,67708
14.48333,65737
14.49167,63609
14.50000,61332
14.50833,58915
14.51667,56369
14.52500,53713
14.53333,50966
14.54167,48152
14.55000,45293
14.55833,42419
14.56667,39556
14.57500,36730
14.58333,33968
14.59167,31293
14.60000,28724
14.60833,26279
14.61667,23971
14.62500,21809
14.63333,19799
14.64167,17945
14.65000,16245
14.65833,14695
14.66667,13290
14.67500,12022
14.68333,10885
14.69167,9867
14.70000,8959
14.70833,8153
14.71667,7437
14.72500,6803
14.73333,6242
14.74167,5746
14.75000,5309
14.75833,4921
14.76667,4579
14.77500,4275
14.78333,4006
14.79167,3767
14.80000,3554
14.80833,3364
14.81667,3193
14.82500,3040
14.83333,2902
14.84167,2778
14.85000,2665
14.85833,2562
14.86667,2468
14.87500,2382
14.88333,2302
14.89167,2229
14.90000,2161
14.90833,2098
14.91667,2038
14.92500,1982
14.93333,1930
14.94167,1881
14.95000,1834
14.95833,1791
14.96667,1750
14.97500,1711
14.98333,1673
14.99167,1637
15.00000,1604
15.00833,1572
15.01667,1541
15.02500,1512
15.03333,1484
15.04167,1458
15.05000,1433
15.05833,1409
15.06667,1386
15.07500,1364
15.08333,1344
15.09167,1325
15.10000,1306
15.10833,1288
15.11667,1272
15.12500,1256
15.13333,1241
15.14167,1227
15.15000,1214
15.15833,1202
15.16667,1191
15.17500,1182
15.18333,1174
15.19167,1167
15.20000,1162
15.20833,1159
15.21667,1159
15.22500,1161
15.23333,1167
15.24167,1177
15.25000,1192
15.25833,1214
15.26667,1243
15.27500,1280
15.28333,1326
15.29167,1384
15.30000,1456
15.30833,1543
15.31667,1648
15.32500,1773
15.33333,1921
15.34167,2095
15.35000,2297
15.35833,2531
15.36667,2801
15.37500,3110
15.38333,3460
15.39167,3856
15.40000,4300
15.40833,4796
15.41667,5347
15.42500,5956
15.43333,6624
15.44167,7355
15.45000,8149
15.45833,9008
15.46667,9932
15.47500,10923
15.48333,11978
15.49167,13096
15.50000,14276
15.50833,15513
15.51667,16805
15.52500,18148
15.53333,19536
15.54167,20964
15.55000,22427
15.55833,23917
15.56667,25428
15.57500,26952
15.58333,28483
15.59167,30013
15.60000,31533
15.60833,33038
15.61667,34519
15.62500,35969
15.63333,37382
15.64167,38752
15.65000,40071
15.65833,41335
15.66667,42539
15.67500,43677
15.68333,44747
15.69167,45744
15.70000,46665
15.70833,47507
15.71667,48268
15.72500,48948
15.73333,49543
15.74167,50054
15.75000,50479
15.75833,50818
15.76667,51072
15.77500,51239
15.78333,51320
15.79167,51317
15.80000,51229
15.80833,51058
15.81667,50805
15.82500,50470
15.83333,50057
15.84167,49566
15.85000,49000
15.85833,48362
15.86667,47653
15.87500,46879
15.88333,46040
15.89167,45142
15.90000,44187
15.90833,43180
15.91667,42125
15.92500,41026
15.93333,39889
15.94167,38717
15.95000,37516
15.95833,36291
15.96667,35047
15.97500,33789
15.98333,32522
15.99167,31250
16.00000,29980
16.00833,28714
16.01667,27458
16.02500,26215
16.03333,24990
16.04167,23786
16.05000,22606
16.05833,21453
16.06667,20332
16.07500,19243
16.08333,18189
16.09167,17172
16.10000,16192
16.10833,15252
16.11667,14351
16.12500,13491
16.13333,12671
16.14167,11892
16.15000,11153
16.15833,10454
16.16667,9794
16.17500,9172
16.18333,8587
16.19167,8039
16.20000,7525
16.20833,7045
16.21667,6597
16.22500,6179
16.23333,5791
16.24167,5431
16.25000,5097
16.25833,4788
16.26667,4502
16.27500,4239
16.28333,3996
16.29167,3772
16.30000,3566
16.30833,3376
16.31667,3201
16.32500,3041
16.33333,2894
16.34167,2759
16.35000,2634
16.35833,2520
16.36667,2415
16.37500,2319
16.38333,2231
16.39167,2150
16.40000,2075
16.40833,2006
16.41667,1942
16.42500,1884
16.43333,1829
16.44167,1779
16.45000,1732
16.45833,1688
16.46667,1647
16.47500,1608
16.48333,1572
16.49167,1537
16.50000,1505
16.50833,1474
16.51667,1445
16.52500,1416
16.53333,1389
16.54167,1363
16.55000,1337
16.55833,1313
16.56667,1289
16.57500,1266
16.58333,1244
16.59167,1222
16.60000,1201
16.60833,1180
16.61667,1160
16.62500,1140
16.63333,1120
16.64167,1101
16.65000,1083
16.65833,1064
16.66667,1046
16.67500,1027
16.68333,1009
16.69167,991
16.70000,974
16.70833,957
16.71667,941
16.72500,925
16.73333,909
16.74167,895
16.75000,880
16.75833,866
16.76667,853
16.77500,840
16.78333,828
16.79167,816
16.80000,805
16.80833,794
16.81667,783
16.82500,773
16.83333,763
16.84167,753
16.85000,745
16.85833,736
16.86667,728
16.87500,721
16.88333,714
16.89167,707
16.90000,701
16.90833,695
16.91667,690
16.92500,684
16.93333,679
16.94167,675
16.95000,670
16.95833,666
16.96667,662
16.97500,659
16.98333,656
16.99167,653
17.00000,650
17.00833,648
17.01667,645
17.02500,643
17.03333,641
17.04167,639
17.05000,636
17.05833,634
17.06667,632
17.07500,631
17.08333,630
17.09167,628
17.10000,627
17.10833,626
17.11667,625
17.12500,625
17.13333,624
17.14167,623
17.15000,622
17.15833,622
17.16667,621
17.17500,621
17.18333,620
17.19167,619
17.20000,619
17.20833,619
17.21667,618
17.22500,618
17.23333,618
17.24167,618
17.25000,617
17.25833,617
17.26667,617
17.27500,617
17.28333,616
17.29167,616
17.30000,616
17.30833,616
17.31667,616
17.32500,616
17.33333,615
17.34167,615
17.35000,616
17.35833,616
17.36667,615
17.37500,616
17.38333,616
17.39167,617
17.40000,617
17.40833,618
17.41667,619
17.42500,620
17.43333,621
17.44167,622
17.45000,623
17.45833,625
17.46667,627
17.47500,628
17.48333,631
17.49167,634
17.50000,637
17.50833,640
17.51667,644
17.52500,647
17.53333,651
17.54167,655
17.55000,660
17.55833,664
17.56667,669
17.57500,674
17.58333,680
17.59167,686
17.60000,691
17.60833,697
17.61667,703
17.62500,709
17.63333,715
17.64167,721
17.65000,727
17.65833,734
17.66667,740
17.67500,746
17.68333,752
17.69167,759
17.70000,765
17.70833,770
17.71667,776
17.72500,782
17.73333,788
17.74167,793
17.75000,798
17.75833,804
17.76667,808
17.77500,813
17.78333,818
17.79167,822
17.80000,826
17.80833,829
17.81667,832
17.82500,835
17.83333,837
17.84167,840
17.85000,842
17.85833,844
17.86667,845
17.87500,846
17.88333,846
17.89167,846
17.90000,846
17.90833,845
17.91667,844
17.92500,843
17.93333,841
17.94167,838
17.95000,836
17.95833,832
17.96667,829
17.97500,825
17.98333,821
17.99167,816
18.00000,811
18.00833,806
18.01667,800
18.02500,794
18.03333,788
18.04167,781
18.05000,774
18.05833,767
18.06667,760
18.07500,752
18.08333,745
18.09167,736
18.10000,728
18.10833,720
18.11667,712
18.12500,704
18.13333,696
18.14167,688
18.15000,679
18.15833,671
18.16667,663
18.17500,655
18.18333,647
18.19167,638
18.20000,630
18.20833,622
18.21667,614
18.22500,607
18.23333,600
18.24167,592
18.25000,585
18.25833,578
18.26667,571
18.27500,564
18.28333,558
18.29167,552
18.30000,547
18.30833,542
18.31667,536
18.32500,532
18.33333,527
18.34167,522
18.35000,518
18.35833,515
18.36667,511
18.37500,508
18.38333,505
18.39167,502
18.40000,499
18.40833,497
18.41667,495
18.42500,494
18.43333,493
18.44167,493
18.45000,492
18.45833,492
18.46667,492
18.47500,492
18.48333,492
18.49167,493
18.50000,494
18.50833,495
18.51667,497
18.52500,498
18.53333,500
18.54167,503
18.55000,506
18.55833,509
18.56667,512
18.57500,515
18.58333,519
18.59167,523
18.60000,527
18.60833,532
18.61667,535
18.62500,539
18.63333,543
18.64167,548
18.65000,552
18.65833,557
18.66667,562
18.67500,567
18.68333,572
18.69167,578
18.70000,583
18.70833,588
18.71667,593
18.72500,598
18.73333,603
18.74167,609
18.75000,614
18.75833,620
18.76667,626
18.77500,631
18.78333,637
18.79167,642
18.80000,648
18.80833,653
18.81667,658
18.82500,664
18.83333,669
18.84167,674
18.85000,679
18.85833,684
18.86667,689
18.87500,694
18.88333,698
18.89167,702
18.90000,707
18.90833,711
18.91667,715
18.92500,720
18.93333,724
18.94167,727
18.95000,730
18.95833,733
18.96667,736
18.97500,739
18.98333,741
18.99167,743
19.00000,745
19.00833,747
19.01667,748
19.02500,750
19.03333,752
19.04167,753
19.05000,753
19.05833,754
19.06667,754
19.07500,753
19.08333,753
19.09167,753
19.10000,752
19.10833,751
19.11667,750
19.12500,748
19.13333,746
19.14167,744
19.15000,742
19.15833,739
19.16667,737
19.17500,734
19.18333,731
19.19167,727
19.20000,724
19.20833,720
19.21667,716
19.22500,712
19.23333,708
19.24167,703
19.25000,699
19.25833,694
19.26667,689
19.27500,684
19.28333,680
19.29167,674
19.30000,669
19.30833,663
19.31667,657
19.32500,651
19.33333,646
19.34167,640
19.35000,634
19.35833,628
19.36667,623
19.37500,616
19.38333,610
19.39167,605
19.40000,599
19.40833,593
19.41667,586
19.42500,580
19.43333,574
19.44167,568
19.45000,563
19.45833,557
19.46667,551
19.47500,545
19.48333,539
19.49167,533
19.50000,527
19.50833,522
19.51667,517
19.52500,512
19.53333,506
19.54167,501
19.55000,496
19.55833,490
19.56667,485
19.57500,480
19.58333,476
19.59167,471
19.60000,466
19.60833,461
19.61667,457
19.62500,453
19.63333,450
19.64167,446
19.65000,442
19.65833,439
19.66667,436
19.67500,433
19.68333,430
19.69167,428
19.70000,426
19.70833,424
19.71667,422
19.72500,420
19.73333,418
19.74167,418
19.75000,418
19.75833,418
19.76667,418
19.77500,419
19.78333,420
19.79167,422
19.80000,424
19.80833,427
19.81667,430
19.82500,433
19.83333,437
19.84167,442
19.85000,448
19.85833,453
19.86667,459
19.87500,466
19.88333,474
19.89167,482
19.90000,491
19.90833,500
19.91667,511
19.92500,521
19.93333,533
19.94167,545
19.95000,557
19.95833,570
19.96667,583
19.97500,597
19.98333,611
19.99167,626
20.00000,641
20.00833,656
20.01667,671
20.02500,686
20.03333,702
20.04167,718
20.05000,734
20.05833,751
20.06667,766
20.07500,782
20.08333,797
20.09167,812
20.10000,827
20.10833,842
20.11667,857
20.12500,872
20.13333,885
20.14167,899
20.15000,911
20.15833,924
20.16667,936
20.17500,947
20.18333,958
20.19167,968
20.20000,978
20.20833,987
20.21667,995
20.22500,1003
20.23333,1010
20.24167,1016
20.25000,1021
20.25833,1026
20.26667,1031
20.27500,1034
20.28333,1037
20.29167,1039
20.30000,1040
20.30833,1041
20.31667,1041
20.32500,1041
20.33333,1039
20.34167,1038
20.35000,1035
20.35833,1032
20.36667,1028
20.37500,1024
20.38333,1019
20.39167,1014
20.40000,1009
20.40833,1003
20.41667,996
20.42500,990
20.43333,983
20.44167,976
20.45000,968
20.45833,961
20.46667,953
20.47500,946
20.48333,939
20.49167,931
20.50000,924
20.50833,918
20.51667,911
20.52500,905
20.53333,899
20.54167,894
20.55000,889
20.55833,885
20.56667,882
20.57500,879
20.58333,877
20.59167,876
20.60000,875
20.60833,875
20.61667,876
20.62500,878
20.63333,881
20.64167,885
20.65000,889
20.65833,894
20.66667,900
20.67500,907
20.68333,914
20.69167,922
20.70000,930
20.70833,939
20.71667,949
20.72500,958
20.73333,968
20.74167,979
20.75000,989
20.75833,1000
20.76667,1010
20.77500,1021
20.78333,1032
20.79167,1043
20.80000,1054
20.80833,1065
20.81667,1075
20.82500,1084
20.83333,1094
20.84167,1103
20.85000,1112
20.85833,1120
20.86667,1127
20.87500,1135
20.88333,1142
20.89167,1148
20.90000,1155
20.90833,1160
20.91667,1165
20.92500,1169
20.93333,1173
20.94167,1176
20.95000,1178
20.95833,1180
20.96667,1182
20.97500,1182
20.98333,1183
20.99167,1182
21.00000,1181
21.00833,1179
21.01667,1177
21.02500,1174
21.03333,1171
21.04167,1167
21.05000,1162
21.05833,1156
21.06667,1150
21.07500,1143
21.08333,1136
21.09167,1128
21.10000,1120
21.10833,1111
21.11667,1101
21.12500,1090
21.13333,1079
21.14167,1067
21.15000,1055
21.15833,1043
21.16667,1031
21.17500,1018
21.18333,1004
21.19167,991
21.20000,977
21.20833,962
21.21667,948
21.22500,933
21.23333,918
21.24167,903
21.25000,889
21.25833,874
21.26667,860
21.27500,846
21.28333,832
21.29167,818
21.30000,805
21.30833,792
21.31667,780
21.32500,768
21.33333,757
21.34167,747
21.35000,737
21.35833,728
21.36667,720
21.37500,712
21.38333,706
21.39167,701
21.40000,697
21.40833,694
21.41667,693
21.42500,693
21.43333,694
21.44167,697
21.45000,701
21.45833,706
21.46667,713
21.47500,721
21.48333,731
21.49167,743
21.50000,756
21.50833,770
21.51667,786
21.52500,803
21.53333,821
21.54167,842
21.55000,863
21.55833,886
21.56667,910
21.57500,934
21.58333,960
21.59167,987
21.60000,1014
21.60833,1042
21.61667,1070
21.62500,1099
21.63333,1128
21.64167,1158
21.65000,1187
21.65833,1216
21.66667,1246
21.67500,1275
21.68333,1303
21.69167,1332
21.70000,1359
21.70833,1386
21.71667,1413
21.72500,1438
21.73333,1462
21.74167,1485
21.75000,1507
21.75833,1528
21.76667,1548
21.77500,1567
21.78333,1585
21.79167,1602
21.80000,1618
21.80833,1632
21.81667,1646
21.82500,1658
21.83333,1669
21.84167,1679
21.85000,1688
21.85833,1696
21.86667,1703
21.87500,1708
21.88333,1712
21.89167,1715
21.90000,1717
21.90833,1717
21.91667,1716
21.92500,1714
21.93333,1711
21.94167,1707
21.95000,1701
21.95833,1694
21.96667,1686
21.97500,1676
21.98333,1665
21.99167,1652
22.00000,1639
22.00833,1624
22.01667,1608
22.02500,1591
22.03333,1573
22.04167,1553
22.05000,1532
22.05833,1510
22.06667,1486
22.07500,1462
22.08333,1436
22.09167,1410
22.10000,1384
22.10833,1357
22.11667,1328
22.12500,1299
22.13333,1270
22.14167,1240
22.15000,1209
22.15833,1178
22.16667,1147
22.17500,1116
22.18333,1084
22.19167,1053
22.20000,1022
22.20833,992
22.21667,961
22.22500,931
22.23333,902
22.24167,873
22.25000,845
22.25833,817
22.26667,790
22.27500,763
22.28333,738
22.29167,714
22.30000,690
22.30833,667
22.31667,644
22.32500,623
22.33333,603
22.34167,583
22.35000,564
22.35833,546
22.36667,529
22.37500,513
22.38333,498
22.39167,484
22.40000,470
22.40833,457
22.41667,446
22.42500,434
22.43333,424
22.44167,414
22.45000,405
22.45833,397
22.46667,390
22.47500,384
22.48333,378
22.49167,372
22.50000,368
22.50833,364
22.51667,360
22.52500,358
22.53333,356
22.54167,355
22.55000,354
22.55833,354
22.56667,354
22.57500,356
22.58333,358
22.59167,361
22.60000,364
22.60833,368
22.61667,373
22.62500,379
22.63333,386
22.64167,393
22.65000,401
22.65833,410
22.66667,420
22.67500,430
22.68333,442
22.69167,454
22.70000,467
22.70833,482
22.71667,497
22.72500,513
22.73333,530
22.74167,548
22.75000,566
22.75833,585
22.76667,605
22.77500,626
22.78333,647
22.79167,669
22.80000,691
22.80833,714
22.81667,738
22.82500,762
22.83333,787
22.84167,812
22.85000,837
22.85833,861
22.86667,886
22.87500,912
22.88333,937
22.89167,962
22.90000,986
22.90833,1011
22.91667,1035
22.92500,1059
22.93333,1083
22.94167,1106
22.95000,1129
22.95833,1152
22.96667,1173
22.97500,1194
22.98333,1215
22.99167,1234
23.00000,1254
23.00833,1272
23.01667,1290
23.02500,1306
23.03333,1322
23.04167,1337
23.05000,1350
23.05833,1363
23.06667,1375
23.07500,1387
23.08333,1398
23.09167,1407
23.10000,1415
23.10833,1422
23.11667,1429
23.12500,1434
23.13333,1439
23.14167,1442
23.15000,1444
23.15833,1445
23.16667,1445
23.17500,1444
23.18333,1442
23.19167,1438
23.20000,1434
23.20833,1428
23.21667,1421
23.22500,1412
23.23333,1402
23.24167,1392
23.25000,1380
23.25833,1367
23.26667,1354
23.27500,1339
23.28333,1323
23.29167,1306
23.30000,1288
23.30833,1270
23.31667,1251
23.32500,1231
23.33333,1210
23.34167,1189
23.35000,1167
23.35833,1145
23.36667,1122
23.37500,1100
23.38333,1077
23.39167,1054
23.40000,1031
23.40833,1007
23.41667,984
23.42500,961
23.43333,938
23.44167,915
23.45000,892
23.45833,870
23.46667,848
23.47500,826
23.48333,805
23.49167,784
23.50000,764
23.50833,744
23.51667,726
23.52500,708
23.53333,690
23.54167,673
23.55000,657
23.55833,641
23.56667,626
23.57500,612
23.58333,598
23.59167,585
23.60000,572
23.60833,560
23.61667,548
23.62500,538
23.63333,528
23.64167,518
23.65000,509
23.65833,500
23.66667,491
23.67500,484
23.68333,476
23.69167,470
23.70000,463
23.70833,457
23.71667,452
23.72500,446
23.73333,441
23.74167,436
23.75000,432
23.75833,427
23.76667,423
23.77500,419
23.78333,415
23.79167,412
23.80000,409
23.80833,406
23.81667,403
23.82500,400
23.83333,398
23.84167,395
23.85000,393
23.85833,390
23.86667,388
23.87500,386
23.88333,384
23.89167,382
23.90000,380
23.90833,378
23.91667,375
23.92500,374
23.93333,372
23.94167,370
23.95000,369
23.95833,367
23.96667,366
23.97500,364
23.98333,363
23.99167,361
24.00000,360
24.00833,358
24.01667,357
24.02500,355
24.03333,354
24.04167,352
24.05000,351
24.05833,349
24.06667,348
24.07500,346
24.08333,345
24.09167,343
24.10000,342
24.10833,341
24.11667,339
24.12500,338
24.13333,337
24.14167,335
24.15000,334
24.15833,333
24.16667,332
24.17500,330
24.18333,329
24.19167,329
24.20000,328
24.20833,327
24.21667,326
24.22500,326
24.23333,325
24.24167,324
24.25000,324
24.25833,323
24.26667,323
24.27500,323
24.28333,323
24.29167,322
24.30000,322
24.30833,322
24.31667,323
24.32500,324
24.33333,325
24.34167,326
24.35000,328
24.35833,330
24.36667,332
24.37500,335
24.38333,339
24.39167,343
24.40000,349
24.40833,355
24.41667,363
24.42500,371
24.43333,380
24.44167,391
24.45000,402
24.45833,415
24.46667,430
24.47500,446
24.48333,464
24.49167,485
24.50000,507
24.50833,532
24.51667,559
24.52500,588
24.53333,619
24.54167,654
24.55000,692
24.55833,732
24.56667,776
24.57500,823
24.58333,873
24.59167,927
24.60000,983
24.60833,1043
24.61667,1106
24.62500,1172
24.63333,1241
24.64167,1314
24.65000,1390
24.65833,1470
24.66667,1552
24.67500,1637
24.68333,1725
24.69167,1815
24.70000,1907
24.70833,2002
24.71667,2099
24.72500,2198
24.73333,2298
24.74167,2399
24.75000,2501
24.75833,2604
24.76667,2707
24.77500,2810
24.78333,2914
24.79167,3017
24.80000,3119
24.80833,3220
24.81667,3320
24.82500,3419
24.83333,3517
24.84167,3612
24.85000,3706
24.85833,3798
24.86667,3887
24.87500,3975
24.88333,4059
24.89167,4141
24.90000,4221
24.90833,4298
24.91667,4372
24.92500,4443
24.93333,4510
24.94167,4576
24.95000,4638
24.95833,4696
24.96667,4751
24.97500,4803
24.98333,4852
24.99167,4897
25.00000,4940
25.00833,4980
25.01667,5016
25.02500,5048
25.03333,5078
25.04167,5104
25.05000,5126
25.05833,5145
25.06667,5161
25.07500,5174
25.08333,5182
25.09167,5187
25.10000,5187
25.10833,5184
25.11667,5177
25.12500,5166
25.13333,5152
25.14167,5133
25.15000,5111
25.15833,5084
25.16667,5053
25.17500,5018
25.18333,4979
25.19167,4937
25.20000,4890
25.20833,4839
25.21667,4784
25.22500,4726
25.23333,4664
25.24167,4598
25.25000,4528
25.25833,4456
25.26667,4380
25.27500,4301
25.28333,4220
25.29167,4136
25.30000,4050
25.30833,3962
25.31667,3872
25.32500,3780
25.33333,3686
25.34167,3592
25.35000,3496
25.35833,3400
25.36667,3303
25.37500,3206
25.38333,3109
25.39167,3013
25.40000,2916
25.40833,2820
25.41667,2725
25.42500,2631
25.43333,2538
25.44167,2447
25.45000,2357
25.45833,2269
25.46667,2183
25.47500,2098
25.48333,2016
25.49167,1935
25.50000,1857
25.50833,1781
25.51667,1708
25.52500,1637
25.53333,1569
25.54167,1503
25.55000,1440
25.55833,1379
25.56667,1321
25.57500,1264
25.58333,1211
25.59167,1160
25.60000,1111
25.60833,1064
25.61667,1019
25.62500,976
25.63333,936
25.64167,898
25.65000,861
25.65833,827
25.66667,795
25.67500,765
25.68333,736
25.69167,709
25.70000,683
25.70833,658
25.71667,635
25.72500,613
25.73333,592
25.74167,573
25.75000,555
25.75833,538
25.76667,521
25.77500,506
25.78333,492
25.79167,478
25.80000,465
25.80833,452
25.81667,440
25.82500,429
25.83333,418
25.84167,408
25.85000,398
25.85833,389
25.86667,381
25.87500,373
25.88333,365
25.89167,357
25.90000,349
25.90833,342
25.91667,335
25.92500,328
25.93333,322
25.94167,316
25.95000,310
25.95833,304
25.96667,298
25.97500,292
25.98333,286
25.99167,280
26.00000,275
26.00833,269
26.01667,264
26.02500,259
26.03333,254
26.04167,249
26.05000,244
26.05833,239
26.06667,234
26.07500,230
26.08333,225
26.09167,221
26.10000,217
26.10833,213
26.11667,209
26.12500,205
26.13333,201
26.14167,197
26.15000,194
26.15833,190
26.16667,187
26.17500,183
26.18333,180
26.19167,177
26.20000,174
26.20833,171
26.21667,169
26.22500,166
26.23333,163
26.24167,160
26.25000,158
26.25833,156
26.26667,153
26.27500,151
26.28333,149
26.29167,148
26.30000,146
26.30833,145
26.31667,143
26.32500,141
26.33333,139
26.34167,138
26.35000,137
26.35833,136
26.36667,135
26.37500,134
26.38333,133
26.39167,132
26.40000,132
26.40833,131
26.41667,131
26.42500,130
26.43333,129
26.44167,129
26.45000,129
26.45833,128
26.46667,128
26.47500,127
26.48333,127
26.49167,127
26.50000,126
26.50833,126
26.51667,126
26.52500,126
26.53333,126
26.54167,126
26.55000,126
26.55833,126
26.56667,126
26.57500,127
26.58333,127
26.59167,126
26.60000,126
26.60833,126
26.61667,126
26.62500,126
26.63333,126
26.64167,127
26.65000,127
26.65833,127
26.66667,128
26.67500,128
26.68333,128
26.69167,128
26.70000,128
26.70833,128
26.71667,129
26.72500,129
26.73333,130
26.74167,130
26.75000,130
26.75833,130
26.76667,131
26.77500,131
26.78333,131
26.79167,131
26.80000,131
26.80833,131
26.81667,131
26.82500,132
26.83333,132
26.84167,132
26.85000,132
26.85833,132
26.86667,133
26.87500,133
26.88333,133
26.89167,133
26.90000,133
26.90833,133
26.91667,134
26.92500,134
26.93333,134
26.94167,134
26.95000,134
26.95833,134
26.96667,134
26.97500,134
26.98333,134
26.99167,134
27.00000,135
27.00833,135
27.01667,135
27.02500,135
27.03333,135
27.04167,135
27.05000,136
27.05833,136
27.06667,136
27.07500,136
27.08333,137
27.09167,137
27.10000,137
27.10833,137
27.11667,137
27.12500,137
27.13333,137
27.14167,138
27.15000,138
27.15833,138
27.16667,138
27.17500,137
27.18333,137
27.19167,136
27.20000,136
27.20833,137
27.21667,136
27.22500,136
27.23333,136
27.24167,135
27.25000,135
27.25833,135
27.26667,135
27.27500,135
27.28333,135
27.29167,135
27.30000,135
27.30833,135
27.31667,135
27.32500,134
27.33333,134
27.34167,133
27.35000,133
27.35833,132
27.36667,132
27.37500,132
27.38333,131
27.39167,131
27.40000,130
27.40833,130
27.41667,130
27.42500,129
27.43333,129
27.44167,128
27.45000,128
27.45833,127
27.46667,127
27.47500,126
27.48333,125
27.49167,125
27.50000,124
27.50833,122
27.51667,122
27.52500,121
27.53333,121
27.54167,120
27.55000,119
27.55833,118
27.56667,117
27.57500,116
27.58333,116
27.59167,115
27.60000,114
27.60833,114
27.61667,113
27.62500,112
27.63333,111
27.64167,109
27.65000,109
27.65833,108
27.66667,107
27.67500,107
27.68333,106
27.69167,105
27.70000,103
27.70833,102
27.71667,101
27.72500,100
27.73333,99
27.74167,98
27.75000,97
27.75833,97
27.76667,96
27.77500,95
27.78333,95
27.79167,94
27.80000,93
27.80833,92
27.81667,91
27.82500,91
27.83333,90
27.84167,90
27.85000,89
27.85833,89
27.86667,88
27.87500,88
27.88333,88
27.89167,88
27.90000,87
27.90833,86
27.91667,86
27.92500,86
27.93333,85
27.94167,85
27.95000,84
27.95833,84
27.96667,84
27.97500,84
27.98333,84
27.99167,84
28.00000,84
28.00833,84
28.01667,84
28.02500,84
28.03333,84
28.04167,84
28.05000,84
28.05833,85
28.06667,85
28.07500,85
28.08333,85
28.09167,86
28.10000,86
28.10833,86
28.11667,87
28.12500,87
28.13333,87
28.14167,88
28.15000,88
28.15833,88
28.16667,88
28.17500,88
28.18333,88
28.19167,88
28.20000,88
28.20833,89
28.21667,90
28.22500,90
28.23333,91
28.24167,91
28.25000,92
28.25833,92
28.26667,93
28.27500,93
28.28333,94
28.29167,94
28.30000,95
28.30833,96
28.31667,97
28.32500,98
28.33333,99
28.34167,101
28.35000,102
28.35833,104
28.36667,106
28.37500,108
28.38333,110
28.39167,113
28.40000,115
28.40833,118
28.41667,122
28.42500,125
28.43333,130
28.44167,135
28.45000,140
28.45833,145
28.46667,152
28.47500,159
28.48333,167
28.49167,175
28.50000,184
28.50833,194
28.51667,204
28.52500,216
28.53333,228
28.54167,242
28.55000,256
28.55833,272
28.56667,289
28.57500,307
28.58333,327
28.59167,348
28.60000,370
28.60833,394
28.61667,419
28.62500,446
28.63333,474
28.64167,504
28.65000,536
28.65833,569
28.66667,604
28.67500,641
28.68333,679
28.69167,719
28.70000,760
28.70833,802
28.71667,846
28.72500,893
28.73333,940
28.74167,989
28.75000,1040
28.75833,1091
28.76667,1145
28.77500,1199
28.78333,1255
28.79167,1311
28.80000,1368
28.80833,1426
28.81667,1485
28.82500,1544
28.83333,1604
28.84167,1665
28.85000,1726
28.85833,1786
28.86667,1847
28.87500,1908
28.88333,1968
28.89167,2028
28.90000,2088
28.90833,2147
28.91667,2205
28.92500,2263
28.93333,2320
28.94167,2376
28.95000,2430
28.95833,2483
28.96667,2535
28.97500,2585
28.98333,2634
28.99167,2682
29.00000,2728
29.00833,2772
29.01667,2814
29.02500,2855
29.03333,2893
29.04167,2931
29.05000,2967
29.05833,3001
29.06667,3033
29.07500,3062
29.08333,3091
29.09167,3117
29.10000,3142
29.10833,3164
29.11667,3185
29.12500,3204
29.13333,3222
29.14167,3237
29.15000,3251
29.15833,3263
29.16667,3273
29.17500,3282
29.18333,3289
29.19167,3294
29.20000,3298
29.20833,3301
29.21667,3301
29.22500,3300
29.23333,3298
29.24167,3294
29.25000,3288
29.25833,3280
29.26667,3271
29.27500,3261
29.28333,3249
29.29167,3235
29.30000,3220
29.30833,3203
29.31667,3184
29.32500,3164
29.33333,3142
29.34167,3118
29.35000,3093
29.35833,3066
29.36667,3037
29.37500,3008
29.38333,2976
29.39167,2943
29.40000,2909
29.40833,2872
29.41667,2835
29.42500,2795
29.43333,2755
29.44167,2713
29.45000,2670
29.45833,2625
29.46667,2579
29.47500,2533
29.48333,2485
29.49167,2436
29.50000,2386
29.50833,2336
29.51667,2284
29.52500,2232
29.53333,2179
29.54167,2126
29.55000,2073
29.55833,2020
29.56667,1966
29.57500,1913
29.58333,1859
29.59167,1804
29.60000,1750
29.60833,1696
29.61667,1643
29.62500,1590
29.63333,1538
29.64167,1486
29.65000,1435
29.65833,1385
29.66667,1335
29.67500,1286
29.68333,1238
29.69167,1190
29.70000,1144
29.70833,1100
29.71667,1056
29.72500,1013
29.73333,971
29.74167,931
29.75000,892
29.75833,853
29.76667,816
29.77500,780
29.78333,745
29.79167,712
29.80000,680
29.80833,649
29.81667,619
29.82500,590
29.83333,563
29.84167,537
29.85000,511
29.85833,487
29.86667,464
29.87500,442
29.88333,421
29.89167,400
29.90000,381
29.90833,363
29.91667,345
29.92500,329
29.93333,314
29.94167,299
29.95000,285
29.95833,272
29.96667,259
29.97500,247
29.98333,235
29.99167,224
30.00000,214
30.00833,205
30.01667,195
30.02500,187
30.03333,179
30.04167,171
30.05000,164
30.05833,157
30.06667,151
30.07500,145
30.08333,138
30.09167,133
30.10000,127
30.10833,122
30.11667,117
30.12500,112
30.13333,107
30.14167,103
30.15000,99
30.15833,95
30.16667,92
30.17500,88
30.18333,84
30.19167,81
30.20000,78
30.20833,74
30.21667,71
30.22500,68
30.23333,65
30.24167,62
30.25000,59
30.25833,56
30.26667,53
30.27500,50
30.28333,48
30.29167,45
30.30000,43
30.30833,41
30.31667,39
30.32500,37
30.33333,35
30.34167,32
30.35000,30
30.35833,28
30.36667,26
30.37500,25
30.38333,24
30.39167,22
30.40000,20
30.40833,19
30.41667,18
30.42500,17
30.43333,16
30.44167,15
30.45000,14
30.45833,14
30.46667,13
30.47500,13
30.48333,13
30.49167,12
30.50000,12
30.50833,11
30.51667,11
30.52500,11
30.53333,11
30.54167,10
30.55000,11
30.55833,11
30.56667,11
30.57500,12
30.58333,13
30.59167,14
30.60000,14
30.60833,15
30.61667,16
30.62500,17
30.63333,18
30.64167,19
30.65000,21
30.65833,22
30.66667,24
30.67500,26
30.68333,28
30.69167,29
30.70000,31
30.70833,33
30.71667,35
30.72500,37
30.73333,39
30.74167,42
30.75000,44
30.75833,46
30.76667,49
30.77500,51
30.78333,54
30.79167,57
30.80000,59
30.80833,62
30.81667,65
30.82500,67
30.83333,70
30.84167,73
30.85000,76
30.85833,79
30.86667,82
30.87500,85
30.88333,88
30.89167,91
30.90000,94
30.90833,97
30.91667,99
30.92500,102
30.93333,105
30.94167,107
30.95000,110
30.95833,113
30.96667,116
30.97500,119
30.98333,121
30.99167,124
31.00000,126
31.00833,129
31.01667,131
31.02500,134
31.03333,136
31.04167,139
31.05000,141
31.05833,143
31.06667,145
31.07500,147
31.08333,149
31.09167,152
31.10000,154
31.10833,155
31.11667,156
31.12500,158
31.13333,159
31.14167,160
31.15000,161
31.15833,163
31.16667,164
31.17500,165
31.18333,166
31.19167,167
31.20000,167
31.20833,168
31.21667,169
31.22500,170
31.23333,170
31.24167,171
31.25000,171
31.25833,171
31.26667,171
31.27500,171
31.28333,170
31.29167,170
31.30000,170
31.30833,170
31.31667,169
31.32500,169
31.33333,169
31.34167,169
31.35000,169
31.35833,168
31.36667,167
31.37500,166
31.38333,166
31.39167,165
31.40000,164
31.40833,163
31.41667,162
31.42500,161
31.43333,161
31.44167,160
31.45000,159
31.45833,158
31.46667,158
31.47500,157
31.48333,157
31.49167,157
31.50000,156
31.50833,156
31.51667,155
31.52500,155
31.53333,154
31.54167,154
31.55000,154
31.55833,154
31.56667,154
31.57500,155
31.58333,156
31.59167,157
31.60000,158
31.60833,158
31.61667,159
31.62500,161
31.63333,162
31.64167,164
31.65000,167
31.65833,169
31.66667,171
31.67500,174
31.68333,177
31.69167,180
31.70000,183
31.70833,186
31.71667,190
31.72500,195
31.73333,199
31.74167,204
31.75000,209
31.75833,214
31.76667,220
31.77500,226
31.78333,232
31.79167,238
31.80000,244
31.80833,251
31.81667,258
31.82500,265
31.83333,272
31.84167,280
31.85000,288
31.85833,295
31.86667,303
31.87500,311
31.88333,319
31.89167,327
31.90000,336
31.90833,344
31.91667,353
31.92500,361
31.93333,370
31.94167,379
31.95000,388
31.95833,397
31.96667,405
31.97500,414
31.98333,422
31.99167,431
32.00000,439
32.00833,448
32.01667,456
32.02500,464
32.03333,472
32.04167,480
32.05000,487
32.05833,495
32.06667,502
32.07500,510
32.08333,518
32.09167,525
32.10000,532
32.10833,539
32.11667,546
32.12500,553
32.13333,559
32.14167,565
32.15000,571
32.15833,577
32.16667,583
32.17500,588
32.18333,594
32.19167,599
32.20000,603
32.20833,608
32.21667,612
32.22500,616
32.23333,621
32.24167,624
32.25000,628
32.25833,631
32.26667,634
32.27500,636
32.28333,639
32.29167,642
32.30000,644
32.30833,646
32.31667,647
32.32500,649
32.33333,650
32.34167,651
32.35000,652
32.35833,653
32.36667,653
32.37500,653
32.38333,653
32.39167,653
32.40000,652
32.40833,651
32.41667,650
32.42500,648
32.43333,646
32.44167,644
32.45000,642
32.45833,640
32.46667,637
32.47500,634
32.48333,631
32.49167,627
32.50000,623
32.50833,619
32.51667,614
32.52500,610
32.53333,605
32.54167,600
32.55000,594
32.55833,589
32.56667,584
32.57500,579
32.58333,573
32.59167,567
32.60000,561
32.60833,554
32.61667,548
32.62500,541
32.63333,535
32.64167,528
32.65000,521
32.65833,515
32.66667,508
32.67500,502
32.68333,495
32.69167,489
32.70000,482
32.70833,476
32.71667,469
32.72500,463
32.73333,457
32.74167,450
32.75000,444
32.75833,438
32.76667,432
32.77500,426
32.78333,420
32.79167,415
32.80000,410
32.80833,405
32.81667,400
32.82500,395
32.83333,390
32.84167,386
32.85000,382
32.85833,378
32.86667,374
32.87500,370
32.88333,367
32.89167,364
32.90000,360
32.90833,357
32.91667,354
32.92500,351
32.93333,349
32.94167,346
32.95000,344
32.95833,342
32.96667,341
32.97500,339
32.98333,337
32.99167,336
33.00000,334
33.00833,333
33.01667,332
33.02500,330
33.03333,329
33.04167,328
33.05000,328
33.05833,327
33.06667,327
33.07500,326
33.08333,326
33.09167,325
33.10000,325
33.10833,324
33.11667,324
33.12500,323
33.13333,322
33.14167,322
33.15000,321
33.15833,321
33.16667,321
33.17500,320
33.18333,320
33.19167,320
33.20000,320
33.20833,319
33.21667,319
33.22500,318
33.23333,318
33.24167,318
33.25000,317
33.25833,316
33.26667,315
33.27500,314
33.28333,313
33.29167,312
33.30000,311
33.30833,310
33.31667,309
33.32500,308
33.33333,306
33.34167,305
33.35000,303
33.35833,302
33.36667,301
33.37500,299
33.38333,297
33.39167,295
33.40000,294
33.40833,292
33.41667,290
33.42500,288
33.43333,286
33.44167,284
33.45000,282
33.45833,280
33.46667,278
33.47500,276
33.48333,274
33.49167,272
33.50000,269
33.50833,266
33.51667,264
33.52500,261
33.53333,259
33.54167,256
33.55000,253
33.55833,251
33.56667,248
33.57500,245
33.58333,242
33.59167,239
33.60000,236
33.60833,233
33.61667,230
33.62500,227
33.63333,224
33.64167,221
33.65000,218
33.65833,214
33.66667,211
33.67500,208
33.68333,204
33.69167,201
33.70000,198
33.70833,194
33.71667,191
33.72500,188
33.73333,185
33.74167,181
33.75000,178
33.75833,175
33.76667,172
33.77500,169
33.78333,166
33.79167,163
33.80000,160
33.80833,156
33.81667,153
33.82500,150
33.83333,147
33.84167,144
33.85000,141
33.85833,137
33.86667,134
33.87500,131
33.88333,128
33.89167,125
33.90000,122
33.90833,119
33.91667,116
33.92500,113
33.93333,110
33.94167,107
33.95000,104
33.95833,102
33.96667,100
33.97500,98
33.98333,95
33.99167,93
34.00000,90
34.00833,88
34.01667,85
34.02500,83
34.03333,81
34.04167,78
34.05000,76
34.05833,74
34.06667,72
34.07500,70
34.08333,68
34.09167,65
34.10000,64
34.10833,62
34.11667,60
34.12500,58
34.13333,57
34.14167,55
34.15000,53
34.15833,52
34.16667,50
34.17500,49
34.18333,48
34.19167,46
34.20000,45
34.20833,44
34.21667,43
34.22500,41
34.23333,41
34.24167,39
34.25000,38
34.25833,37
34.26667,36
34.27500,35
34.28333,34
34.29167,33
34.30000,32
34.30833,31
34.31667,30
34.32500,29
34.33333,29
34.34167,28
34.35000,27
34.35833,27
34.36667,26
34.37500,25
34.38333,25
34.39167,24
34.40000,23
34.40833,23
34.41667,22
34.42500,22
34.43333,21
34.44167,21
34.45000,20
34.45833,19
34.46667,19
34.47500,19
34.48333,18
34.49167,18
34.50000,17
34.50833,16
34.51667,16
34.52500,16
34.53333,15
34.54167,15
34.55000,14
34.55833,14
34.56667,14
34.57500,13
34.58333,13
34.59167,12
34.60000,12
34.60833,12
34.61667,12
34.62500,12
34.63333,12
34.64167,12
34.65000,12
34.65833,11
34.66667,11
34.67500,11
34.68333,11
34.69167,10
34.70000,10
34.70833,10
34.71667,10
34.72500,9
34.73333,9
34.74167,8
34.75000,8
34.75833,8
34.76667,8
34.77500,8
34.78333,8
34.79167,7
34.80000,7
34.80833,7
34.81667,6
34.82500,6
34.83333,6
34.84167,6
34.85000,6
34.85833,6
34.86667,6
34.87500,6
34.88333,6
34.89167,6
34.90000,6
34.90833,5
34.91667,5
34.92500,5
34.93333,5
34.94167,5
34.95000,5
34.95833,5
34.96667,5
34.97500,5
34.98333,5
34.99167,4
35.00000,4
35.00833,4
35.01667,4
35.02500,4
35.03333,4
35.04167,3
35.05000,3
35.05833,4
35.06667,4
35.07500,4
35.08333,4
35.09167,5
35.10000,5
35.10833,5
35.11667,4
35.12500,4
35.13333,4
35.14167,4
35.15000,4
35.15833,4
35.16667,4
35.17500,3
35.18333,4
35.19167,4
35.20000,4
35.20833,4
35.21667,3
35.22500,4
35.23333,4
35.24167,4
35.25000,5
35.25833,5
35.26667,5
35.27500,6
35.28333,6
35.29167,6
35.30000,6
35.30833,6
35.31667,6
35.32500,7
35.33333,7
35.34167,7
35.35000,7
35.35833,7
35.36667,7
35.37500,8
35.38333,8
35.39167,8
35.40000,8
35.40833,8
35.41667,8
35.42500,8
35.43333,8
35.44167,8
35.45000,9
35.45833,9
35.46667,9
35.47500,9
35.48333,9
35.49167,9
35.50000,10
35.50833,10
35.51667,10
35.52500,10
35.53333,10
35.54167,11
35.55000,11
35.55833,11
35.56667,11
35.57500,11
35.58333,11
35.59167,12
35.60000,12
35.60833,12
35.61667,12
35.62500,12
35.63333,12
35.64167,12
35.65000,12
35.65833,12
35.66667,12
35.67500,12
35.68333,12
35.69167,13
35.70000,13
35.70833,13
35.71667,13
35.72500,13
35.73333,13
35.74167,13
35.75000,13
35.75833,13
35.76667,13
35.77500,13
35.78333,13
35.79167,13
35.80000,13
35.80833,13
35.81667,13
35.82500,13
35.83333,14
35.84167,15
35.85000,15
35.85833,15
35.86667,15
35.87500,16
35.88333,16
35.89167,16
35.90000,16
35.90833,17
35.91667,17
35.92500,18
35.93333,18
35.94167,18
35.95000,19
35.95833,19
35.96667,19
35.97500,19
35.98333,19
35.99167,19
36.00000,19
36.00833,19
36.01667,20
36.02500,20
36.03333,21
36.04167,21
36.05000,21
36.05833,21
36.06667,21
36.07500,21
36.08333,21
36.09167,22
36.10000,22
36.10833,22
36.11667,22
36.12500,23
36.13333,23
36.14167,23
36.15000,23
36.15833,24
36.16667,24
36.17500,24
36.18333,24
36.19167,25
36.20000,25
36.20833,25
36.21667,26
36.22500,26
36.23333,26
36.24167,27
36.25000,27
36.25833,27
36.26667,27
36.27500,28
36.28333,28
36.29167,28
36.30000,28
36.30833,29
36.31667,29
36.32500,29
36.33333,30
36.34167,30
36.35000,30
36.35833,31
36.36667,30
36.37500,30
36.38333,30
36.39167,31
36.40000,31
36.40833,32
36.41667,32
36.42500,32
36.43333,33
36.44167,33
36.45000,33
36.45833,34
36.46667,34
36.47500,34
36.48333,34
36.49167,35
36.50000,36
36.50833,36
36.51667,37
36.52500,37
36.53333,38
36.54167,38
36.55000,38
36.55833,39
36.56667,39
36.57500,39
36.58333,40
36.59167,40
36.60000,41
36.60833,41
36.61667,42
36.62500,42
36.63333,42
36.64167,43
36.65000,44
36.65833,44
36.66667,45
36.67500,46
36.68333,46
36.69167,46
36.70000,47
36.70833,48
36.71667,48
36.72500,49
36.73333,49
36.74167,50
36.75000,50
36.75833,51
36.76667,51
36.77500,52
36.78333,52
36.79167,53
36.80000,53
36.80833,53
36.81667,53
36.82500,54
36.83333,54
36.84167,55
36.85000,55
36.85833,56
36.86667,56
36.87500,57
36.88333,58
36.89167,58
36.90000,59
36.90833,59
36.91667,60
36.92500,61
36.93333,61
36.94167,62
36.95000,63
36.95833,63
36.96667,63
36.97500,64
36.98333,64
36.99167,65
37.00000,66
37.00833,66
37.01667,67
37.02500,68
37.03333,68
37.04167,69
37.05000,70
37.05833,71
37.06667,72
37.07500,73
37.08333,74
37.09167,74
37.10000,75
37.10833,75
37.11667,76
37.12500,77
37.13333,77
37.14167,78
37.15000,78
37.15833,79
37.16667,79
37.17500,80
37.18333,81
37.19167,82
37.20000,83
37.20833,84
37.21667,85
37.22500,86
37.23333,86
37.24167,87
37.25000,88
37.25833,89
37.26667,90
37.27500,91
37.28333,91
37.29167,92
37.30000,93
37.30833,93
37.31667,94
37.32500,95
37.33333,96
37.34167,97
37.35000,98
37.35833,99
37.36667,99
37.37500,100
37.38333,101
37.39167,102
37.40000,102
37.40833,103
37.41667,103
37.42500,104
37.43333,105
37.44167,105
37.45000,106
37.45833,106
37.46667,107
37.47500,108
37.48333,109
37.49167,109
37.50000,110
37.50833,111
37.51667,111
37.52500,112
37.53333,113
37.54167,113
37.55000,114
37.55833,114
37.56667,115
37.57500,115
37.58333,116
37.59167,116
37.60000,116
37.60833,117
37.61667,117
37.62500,116
37.63333,116
37.64167,117
37.65000,117
37.65833,117
37.66667,118
37.67500,118
37.68333,117
37.69167,117
37.70000,117
37.70833,118
37.71667,118
37.72500,119
37.73333,118
37.74167,118
37.75000,118
37.75833,118
37.76667,118
37.77500,117
37.78333,117
37.79167,117
37.80000,116
37.80833,116
37.81667,116
37.82500,115
37.83333,114
37.84167,113
37.85000,112
37.85833,112
37.86667,111
37.87500,111
37.88333,111
37.89167,110
37.90000,110
37.90833,109
37.91667,108
37.92500,107
37.93333,106
37.94167,106
37.95000,105
37.95833,105
37.96667,104
37.97500,104
37.98333,103
37.99167,102
38.00000,101
38.00833,100
38.01667,99
38.02500,98
38.03333,97
38.04167,96
38.05000,94
38.05833,93
38.06667,92
38.07500,91
38.08333,90
38.09167,89
38.10000,88
38.10833,87
38.11667,86
38.12500,84
38.13333,83
38.14167,82
38.15000,81
38.15833,79
38.16667,78
38.17500,77
38.18333,75
38.19167,74
38.20000,73
38.20833,72
38.21667,71
38.22500,70
38.23333,68
38.24167,67
38.25000,66
38.25833,65
38.26667,64
38.27500,62
38.28333,61
38.29167,60
38.30000,59
38.30833,57
38.31667,55
38.32500,54
38.33333,53
38.34167,52
38.35000,51
38.35833,50
38.36667,49
38.37500,47
38.38333,46
38.39167,44
38.40000,43
38.40833,42
38.41667,41
38.42500,40
38.43333,39
38.44167,38
38.45000,36
38.45833,35
38.46667,34
38.47500,33
38.48333,31
38.49167,30
38.50000,29
38.50833,28
38.51667,27
38.52500,26
38.53333,26
38.54167,25
38.55000,24
38.55833,22
38.56667,21
38.57500,20
38.58333,19
38.59167,18
38.60000,17
38.60833,16
38.61667,15
38.62500,14
38.63333,14
38.64167,13
38.65000,12
38.65833,12
38.66667,11
38.67500,10
38.68333,9
38.69167,8
38.70000,7
38.70833,7
38.71667,6
38.72500,6
38.73333,6
38.74167,5
38.75000,5
38.75833,4
38.76667,4
38.77500,4
38.78333,3
38.79167,3
38.80000,2
38.80833,2
38.81667,1
38.82500,1
38.83333,0
38.84167,-0
38.85000,-1
38.85833,-1
38.86667,-1
38.87500,-0
38.88333,-1
38.89167,-1
38.90000,-2
38.90833,-2
38.91667,-3
38.92500,-3
38.93333,-3
38.94167,-3
38.95000,-3
38.95833,-3
38.96667,-3
38.97500,-3
38.98333,-3
38.99167,-3
39.00000,-3
39.00833,-2
39.01667,-2
39.02500,-2
39.03333,-2
39.04167,-3
39.05000,-3
39.05833,-3
39.06667,-4
39.07500,-3
39.08333,-3
39.09167,-3
39.10000,-3
39.10833,-3
39.11667,-3
39.12500,-3
39.13333,-2
39.14167,-2
39.15000,-2
39.15833,-2
39.16667,-2
39.17500,-2
39.18333,-2
39.19167,-1
39.20000,-1
39.20833,-1
39.21667,-0
39.22500,-0
39.23333,0
39.24167,1
39.25000,1
39.25833,2
39.26667,2
39.27500,2
39.28333,2
39.29167,2
39.30000,2
39.30833,3
39.31667,4
39.32500,4
39.33333,5
39.34167,5
39.35000,6
39.35833,7
39.36667,7
39.37500,8
39.38333,8
39.39167,9
39.40000,9
39.40833,9
39.41667,10
39.42500,10
39.43333,10
39.44167,10
39.45000,11
39.45833,11
39.46667,12
39.47500,12
39.48333,12
39.49167,13
39.50000,14
39.50833,15
39.51667,15
39.52500,15
39.53333,15
39.54167,15
39.55000,16
39.55833,16
39.56667,16
39.57500,17
39.58333,17
39.59167,18
39.60000,18
39.60833,19
39.61667,19
39.62500,19
39.63333,20
39.64167,20
39.65000,21
39.65833,21
39.66667,21
39.67500,21
39.68333,21
39.69167,22
39.70000,22
39.70833,23
39.71667,23
39.72500,23
39.73333,23
39.74167,24
39.75000,24
39.75833,24
39.76667,25
39.77500,26
39.78333,26
39.79167,26
39.80000,27
39.80833,27
39.81667,28
39.82500,28
39.83333,27
39.84167,27
39.85000,27
39.85833,28
39.86667,28
39.87500,28
39.88333,28
39.89167,28
39.90000,28
39.90833,28
39.91667,29
39.92500,29
39.93333,29
39.94167,29
39.95000,29
39.95833,30
39.96667,30
39.97500,30
39.98333,30
39.99167,30
40.00000,30
40.00833,30
40.01667,30
40.02500,30
40.03333,30
40.04167,30
40.05000,30
40.05833,30
40.06667,30
40.07500,31
40.08333,31
40.09167,31
40.10000,30
40.10833,30
40.11667,30
40.12500,30
40.13333,30
40.14167,30
40.15000,30
40.15833,30
40.16667,29
40.17500,29
40.18333,30
40.19167,30
40.20000,30
40.20833,30
40.21667,30
40.22500,29
40.23333,29
40.24167,29
40.25000,28
40.25833,28
40.26667,28
40.27500,28
40.28333,28
40.29167,28
40.30000,28
40.30833,28
40.31667,28
40.32500,28
40.33333,27
40.34167,27
40.35000,27
40.35833,27
40.36667,26
40.37500,27
40.38333,27
40.39167,27
40.40000,27
40.40833,27
40.41667,27
40.42500,27
40.43333,26
40.44167,26
40.45000,26
40.45833,26
40.46667,26
40.47500,26
40.48333,25
40.49167,25
40.50000,25
40.50833,25
40.51667,25
40.52500,25
40.53333,25
40.54167,25
40.55000,25
40.55833,25
40.56667,25
40.57500,25
40.58333,25
40.59167,25
40.60000,25
40.60833,25
40.61667,25
40.62500,25
40.63333,25
40.64167,25
40.65000,25
40.65833,25
40.66667,25
40.67500,25
40.68333,26
40.69167,26
40.70000,27
40.70833,27
40.71667,27
40.72500,28
40.73333,27
40.74167,28
40.75000,28
40.75833,29
40.76667,29
40.77500,29
40.78333,29
40.79167,29
40.80000,29
40.80833,29
40.81667,30
40.82500,30
40.83333,31
40.84167,32
40.85000,32
40.85833,32
40.86667,33
40.87500,34
40.88333,34
40.89167,35
40.90000,36
40.90833,36
40.91667,37
40.92500,38
40.93333,38
40.94167,39
40.95000,39
40.95833,40
40.96667,41
40.97500,41
40.98333,42
40.99167,43
41.00000,44
41.00833,45
41.01667,45
41.02500,46
41.03333,47
41.04167,48
41.05000,49
41.05833,50
41.06667,51
41.07500,52
41.08333,53
41.09167,54
41.10000,55
41.10833,56
41.11667,57
41.12500,58
41.13333,59
41.14167,59
41.15000,60
41.15833,61
41.16667,62
41.17500,63
41.18333,64
41.19167,66
41.20000,67
41.20833,68
41.21667,69
41.22500,70
41.23333,71
41.24167,72
41.25000,73
41.25833,75
41.26667,76
41.27500,77
41.28333,79
41.29167,80
41.30000,81
41.30833,82
41.31667,84
41.32500,85
41.33333,87
41.34167,88
41.35000,89
41.35833,90
41.36667,92
41.37500,93
41.38333,94
41.39167,95
41.40000,97
41.40833,98
41.41667,99
41.42500,101
41.43333,102
41.44167,104
41.45000,105
41.45833,107
41.46667,108
41.47500,109
41.48333,110
41.49167,112
41.50000,113
41.50833,115
41.51667,117
41.52500,119
41.53333,120
41.54167,122
41.55000,123
41.55833,124
41.56667,126
41.57500,127
41.58333,129
41.59167,130
41.60000,132
41.60833,133
41.61667,135
41.62500,136
41.63333,137
41.64167,138
41.65000,139
41.65833,140
41.66667,141
41.67500,143
41.68333,144
41.69167,145
41.70000,147
41.70833,148
41.71667,150
41.72500,151
41.73333,152
41.74167,153
41.75000,155
41.75833,156
41.76667,157
41.77500,158
41.78333,159
41.79167,161
41.80000,162
41.80833,163
41.81667,164
41.82500,165
41.83333,166
41.84167,167
41.85000,168
41.85833,169
41.86667,170
41.87500,172
41.88333,173
41.89167,174
41.90000,174
41.90833,175
41.91667,176
41.92500,178
41.93333,179
41.94167,180
41.95000,181
41.95833,182
41.96667,182
41.97500,183
41.98333,184
41.99167,185
42.00000,185
42.00833,186
42.01667,186
42.02500,187
42.03333,188
42.04167,189
42.05000,189
42.05833,190
42.06667,191
42.07500,191
42.08333,192
42.09167,192
42.10000,193
42.10833,193
42.11667,193
42.12500,194
42.13333,194
42.14167,195
42.15000,195
42.15833,195
42.16667,196
42.17500,196
42.18333,196
42.19167,196
42.20000,197
42.20833,197
42.21667,197
42.22500,197
42.23333,197
42.24167,197
42.25000,197
42.25833,197
42.26667,197
42.27500,197
42.28333,197
42.29167,197
42.30000,197
42.30833,196
42.31667,196
42.32500,196
42.33333,196
42.34167,196
42.35000,195
42.35833,196
42.36667,196
42.37500,196
42.38333,195
42.39167,195
42.40000,195
42.40833,195
42.41667,194
42.42500,194
42.43333,194
42.44167,193
42.45000,193
42.45833,192
42.46667,192
42.47500,191
42.48333,191
42.49167,191
42.50000,190
42.50833,190
42.51667,189
42.52500,188
42.53333,187
42.54167,187
42.55000,186
42.55833,185
42.56667,185
42.57500,184
42.58333,183
42.59167,183
42.60000,182
42.60833,181
42.61667,180
42.62500,180
42.63333,179
42.64167,179
42.65000,178
42.65833,177
42.66667,176
42.67500,175
42.68333,174
42.69167,173
42.70000,173
42.70833,172
42.71667,171
42.72500,170
42.73333,170
42.74167,169
42.75000,168
42.75833,167
42.76667,167
42.77500,166
42.78333,165
42.79167,164
42.80000,163
42.80833,162
42.81667,161
42.82500,160
42.83333,159
42.84167,159
42.85000,158
42.85833,157
42.86667,156
42.87500,155
42.88333,154
42.89167,153
42.90000,152
42.90833,150
42.91667,149
42.92500,149
42.93333,148
42.94167,147
42.95000,146
42.95833,145
42.96667,144
42.97500,143
42.98333,142
42.99167,141
43.00000,140
43.00833,139
43.01667,138
43.02500,136
43.03333,135
43.04167,134
43.05000,133
43.05833,132
43.06667,132
43.07500,131
43.08333,130
43.09167,129
43.10000,127
43.10833,126
43.11667,125
43.12500,124
43.13333,123
43.14167,122
43.15000,121
43.15833,120
43.16667,119
43.17500,118
43.18333,117
43.19167,116
43.20000,115
43.20833,114
43.21667,113
43.22500,112
43.23333,111
43.24167,110
43.25000,109
43.25833,108
43.26667,106
43.27500,105
43.28333,104
43.29167,103
43.30000,102
43.30833,101
43.31667,100
43.32500,99
43.33333,98
43.34167,97
43.35000,97
43.35833,96
43.36667,95
43.37500,94
43.38333,93
43.39167,92
43.40000,91
43.40833,90
43.41667,89
43.42500,88
43.43333,87
43.44167,86
43.45000,85
43.45833,84
43.46667,84
43.47500,83
43.48333,82
43.49167,81
43.50000,80
43.50833,79
43.51667,78
43.52500,78
43.53333,77
43.54167,76
43.55000,75
43.55833,74
43.56667,73
43.57500,72
43.58333,71
43.59167,71
43.60000,70
43.60833,69
43.61667,68
43.62500,68
43.63333,67
43.64167,66
43.65000,66
43.65833,65
43.66667,63
43.67500,62
43.68333,61
43.69167,60
43.70000,59
43.70833,59
43.71667,58
43.72500,57
43.73333,56
43.74167,56
43.75000,55
43.75833,54
43.76667,53
43.77500,52
43.78333,51
43.79167,51
43.80000,50
43.80833,49
43.81667,49
43.82500,48
43.83333,47
43.84167,46
43.85000,46
43.85833,45
43.86667,45
43.87500,44
43.88333,43
43.89167,43
43.90000,42
43.90833,42
43.91667,40
43.92500,39
43.93333,38
43.94167,38
43.95000,37
43.95833,37
43.96667,36
43.97500,36
43.98333,36
43.99167,35
44.00000,34
44.00833,34
44.01667,33
44.02500,32
44.03333,32
44.04167,31
44.05000,30
44.05833,29
44.06667,28
44.07500,28
44.08333,27
44.09167,27
44.10000,26
44.10833,26
44.11667,26
44.12500,25
44.13333,24
44.14167,23
44.15000,23
44.15833,23
44.16667,22
44.17500,22
44.18333,21
44.19167,21
44.20000,21
44.20833,20
44.21667,20
44.22500,19
44.23333,19
44.24167,18
44.25000,18
44.25833,17
44.26667,17
44.27500,16
44.28333,16
44.29167,16
44.30000,15
44.30833,15
44.31667,14
44.32500,14
44.33333,13
44.34167,13
44.35000,12
44.35833,12
44.36667,11
44.37500,10
44.38333,10
44.39167,10
44.40000,10
44.40833,10
44.41667,9
44.42500,9
44.43333,9
44.44167,9
44.45000,8
44.45833,8
44.46667,8
44.47500,7
44.48333,7
44.49167,7
44.50000,6
44.50833,6
44.51667,5
44.52500,5
44.53333,5
44.54167,4
44.55000,4
44.55833,4
44.56667,4
44.57500,4
44.58333,4
44.59167,4
44.60000,3
44.60833,3
44.61667,2
44.62500,2
44.63333,2
44.64167,1
44.65000,1
44.65833,1
44.66667,0
44.67500,0
44.68333,0
44.69167,-0
44.70000,-1
44.70833,-1
44.71667,-1
44.72500,-1
44.73333,-1
44.74167,-1
44.75000,-1
44.75833,-2
44.76667,-2
44.77500,-2
44.78333,-2
44.79167,-2
44.80000,-2
44.80833,-2
44.81667,-2
44.82500,-2
44.83333,-2
44.84167,-2
44.85000,-2
44.85833,-2
44.86667,-3
44.87500,-3
44.88333,-3
44.89167,-3
44.90000,-3
44.90833,-3
44.91667,-3
44.92500,-3
44.93333,-4
44.94167,-4
44.95000,-4
44.95833,-4
44.96667,-4
44.97500,-4
44.98333,-4
44.99167,-4
45.00000,-4
45.00833,-4
45.01667,-4
45.02500,-4
45.03333,-4
45.04167,-4
45.05000,-3
45.05833,-3
45.06667,-3
45.07500,-3
45.08333,-2
45.09167,-2
45.10000,-2
45.10833,-2
45.11667,-2
45.12500,-2
45.13333,-2
45.14167,-2
45.15000,-2
45.15833,-2
45.16667,-2
45.17500,-2
45.18333,-2
45.19167,-2
45.20000,-2
45.20833,-2
45.21667,-2
45.22500,-2
45.23333,-1
45.24167,-1
45.25000,-1
45.25833,-1
45.26667,-2
45.27500,-2
45.28333,-1
45.29167,-1
45.30000,-1
45.30833,-1
45.31667,-1
45.32500,-1
45.33333,-1
45.34167,-1
45.35000,-1
45.35833,-0
45.36667,-0
45.37500,-1
45.38333,-1
45.39167,-1
45.40000,-1
45.40833,-1
45.41667,-1
45.42500,-1
45.43333,-1
45.44167,-1
45.45000,-0
45.45833,-0
45.46667,0
45.47500,0
45.48333,0
45.49167,1
45.50000,1
45.50833,1
45.51667,0
45.52500,0
45.53333,0
45.54167,1
45.55000,1
45.55833,1
45.56667,0
45.57500,0
45.58333,0
45.59167,0
45.60000,0
45.60833,0
45.61667,0
45.62500,1
45.63333,1
45.64167,0
45.65000,0
45.65833,1
45.66667,0
45.67500,1
45.68333,0
45.69167,0
45.70000,-0
45.70833,-0
45.71667,-0
45.72500,-0
45.73333,-0
45.74167,-0
45.75000,-0
45.75833,-0
45.76667,-0
45.77500,-1
45.78333,-1
45.79167,-1
45.80000,-0
45.80833,0
45.81667,0
45.82500,0
45.83333,0
45.84167,-0
45.85000,-1
45.85833,-1
45.86667,-1
45.87500,-1
45.88333,-1
45.89167,-2
45.90000,-2
45.90833,-2
45.91667,-2
45.92500,-2
45.93333,-2
45.94167,-2
45.95000,-2
45.95833,-2
45.96667,-2
45.97500,-3
45.98333,-3
45.99167,-3
46.00000,-4
46.00833,-4
46.01667,-5
46.02500,-5
46.03333,-5
46.04167,-5
46.05000,-5
46.05833,-5
46.06667,-5
46.07500,-5
46.08333,-6
46.09167,-6
46.10000,-6
46.10833,-6
46.11667,-6
46.12500,-6
46.13333,-6
46.14167,-6
46.15000,-6
46.15833,-7
46.16667,-8
46.17500,-8
46.18333,-9
46.19167,-9
46.20000,-10
46.20833,-10
46.21667,-10
46.22500,-11
46.23333,-11
46.24167,-11
46.25000,-11
46.25833,-11
46.26667,-11
46.27500,-11
46.28333,-11
46.29167,-12
46.30000,-12
46.30833,-12
46.31667,-13
46.32500,-13
46.33333,-14
46.34167,-14
46.35000,-14
46.35833,-14
46.36667,-14
46.37500,-15
46.38333,-15
46.39167,-16
46.40000,-16
46.40833,-17
46.41667,-17
46.42500,-17
46.43333,-18
46.44167,-18
46.45000,-19
46.45833,-19
46.46667,-19
46.47500,-20
46.48333,-20
46.49167,-20
46.50000,-20
46.50833,-21
46.51667,-21
46.52500,-21
46.53333,-21
46.54167,-21
46.55000,-21
46.55833,-21
46.56667,-22
46.57500,-22
46.58333,-23
46.59167,-23
46.60000,-23
46.60833,-24
46.61667,-24
46.62500,-24
46.63333,-24
46.64167,-24
46.65000,-24
46.65833,-24
46.66667,-24
46.67500,-25
46.68333,-25
46.69167,-25
46.70000,-26
46.70833,-26
46.71667,-27
46.72500,-27
46.73333,-28
46.74167,-28
46.75000,-28
46.75833,-28
46.76667,-28
46.77500,-28
46.78333,-28
46.79167,-28
46.80000,-29
46.80833,-29
46.81667,-29
46.82500,-28
46.83333,-28
46.84167,-28
46.85000,-28
46.85833,-28
46.86667,-28
46.87500,-28
46.88333,-28
46.89167,-28
46.90000,-28
46.90833,-28
46.91667,-28
46.92500,-29
46.93333,-29
46.94167,-29
46.95000,-29
46.95833,-28
46.96667,-28
46.97500,-28
46.98333,-27
46.99167,-27
47.00000,-27
47.00833,-27
47.01667,-27
47.02500,-26
47.03333,-26
47.04167,-26
47.05000,-25
47.05833,-25
47.06667,-25
47.07500,-24
47.08333,-24
47.09167,-23
47.10000,-23
47.10833,-23
47.11667,-22
47.12500,-22
47.13333,-22
47.14167,-21
47.15000,-21
47.15833,-21
47.16667,-21
47.17500,-20
47.18333,-19
47.19167,-18
47.20000,-18
47.20833,-18
47.21667,-17
47.22500,-16
47.23333,-15
47.24167,-15
47.25000,-14
47.25833,-13
47.26667,-13
47.27500,-12
47.28333,-11
47.29167,-11
47.30000,-10
47.30833,-9
47.31667,-9
47.32500,-7
47.33333,-7
47.34167,-6
47.35000,-5
47.35833,-5
47.36667,-4
47.37500,-3
47.38333,-3
47.39167,-2
47.40000,-1
47.40833,-0
47.41667,1
47.42500,1
47.43333,2
47.44167,2
47.45000,3
47.45833,4
47.46667,5
47.47500,6
47.48333,7
47.49167,8
47.50000,9
47.50833,10
47.51667,11
47.52500,12
47.53333,12
47.54167,13
47.55000,14
47.55833,15
47.56667,16
47.57500,17
47.58333,18
47.59167,19
47.60000,20
47.60833,20
47.61667,21
47.62500,21
47.63333,22
47.64167,23
47.65000,24
47.65833,24
47.66667,25
47.67500,25
47.68333,26
47.69167,26
47.70000,27
47.70833,28
47.71667,28
47.72500,29
47.73333,30
47.74167,30
47.75000,31
47.75833,31
47.76667,32
47.77500,33
47.78333,33
47.79167,34
47.80000,35
47.80833,35
47.81667,36
47.82500,36
47.83333,37
47.84167,38
47.85000,38
47.85833,39
47.86667,39
47.87500,39
47.88333,40
47.89167,41
47.90000,41
47.90833,42
47.91667,42
47.92500,42
47.93333,43
47.94167,43
47.95000,44
47.95833,45
47.96667,45
47.97500,46
47.98333,46
47.99167,46
48.00000,46
48.00833,46
48.01667,47
48.02500,47
48.03333,48
48.04167,48
48.05000,48
48.05833,48
48.06667,48
48.07500,48
48.08333,49
48.09167,49
48.10000,49
48.10833,50
48.11667,50
48.12500,50
48.13333,50
48.14167,49
48.15000,49
48.15833,50
48.16667,50
48.17500,51
48.18333,51
48.19167,51
48.20000,51
48.20833,51
48.21667,52
48.22500,52
48.23333,53
48.24167,53
48.25000,53
48.25833,53
48.26667,53
48.27500,54
48.28333,53
48.29167,53
48.30000,54
48.30833,54
48.31667,53
48.32500,54
48.33333,54
48.34167,54
48.35000,54
48.35833,54
48.36667,54
48.37500,54
48.38333,54
48.39167,54
48.40000,54
48.40833,54
48.41667,54
48.42500,54
48.43333,55
48.44167,55
48.45000,55
48.45833,56
48.46667,56
48.47500,56
48.48333,56
48.49167,56
48.50000,56
48.50833,56
48.51667,57
48.52500,57
48.53333,57
48.54167,57
48.55000,57
48.55833,57
48.56667,57
48.57500,57
48.58333,57
48.59167,58
48.60000,58
48.60833,58
48.61667,59
48.62500,59
48.63333,59
48.64167,59
48.65000,59
48.65833,60
48.66667,60
48.67500,60
48.68333,60
48.69167,60
48.70000,61
48.70833,61
48.71667,61
48.72500,61
48.73333,61
48.74167,61
48.75000,61
48.75833,61
48.76667,62
48.77500,62
48.78333,62
48.79167,63
48.80000,63
48.80833,62
48.81667,62
48.82500,63
48.83333,63
48.84167,63
48.85000,63
48.85833,64
48.86667,64
48.87500,64
48.88333,64
48.89167,64
48.90000,64
48.90833,64
48.91667,64
48.92500,64
48.93333,65
48.94167,64
48.95000,64
48.95833,64
48.96667,64
48.97500,65
48.98333,65
48.99167,65
49.00000,65
49.00833,64
49.01667,64
49.02500,65
49.03333,65
49.04167,65
49.05000,64
49.05833,64
49.06667,64
49.07500,64
49.08333,65
49.09167,65
49.10000,65
49.10833,65
49.11667,65
49.12500,65
49.13333,64
49.14167,64
49.15000,64
49.15833,64
49.16667,64
49.17500,64
49.18333,64
49.19167,64
49.20000,64
49.20833,64
49.21667,64
49.22500,64
49.23333,63
49.24167,63
49.25000,63
49.25833,63
49.26667,62
49.27500,62
49.28333,62
49.29167,62
49.30000,62
49.30833,62
49.31667,62
49.32500,62
49.33333,61
49.34167,61
49.35000,61
49.35833,60
49.36667,60
49.37500,59
49.38333,59
49.39167,60
49.40000,59
49.40833,59
49.41667,59
49.42500,58
49.43333,58
49.44167,57
49.45000,57
49.45833,57
49.46667,57
49.47500,56
49.48333,56
49.49167,56
49.50000,55
49.50833,55
49.51667,55
49.52500,54
49.53333,53
49.54167,53
49.55000,53
49.55833,52
49.56667,52
49.57500,51
49.58333,50
49.59167,49
49.60000,48
49.60833,48
49.61667,47
49.62500,46
49.63333,46
49.64167,46
49.65000,46
49.65833,45
49.66667,45
49.67500,44
49.68333,43
49.69167,42
49.70000,41
49.70833,40
49.71667,40
49.72500,39
49.73333,38
49.74167,37
49.75000,36
49.75833,35
49.76667,35
49.77500,34
49.78333,33
49.79167,32
49.80000,32
49.80833,31
49.81667,31
49.82500,30
49.83333,29
49.84167,28
49.85000,27
49.85833,27
49.86667,26
49.87500,25
49.88333,25
49.89167,24
49.90000,24
49.90833,23
49.91667,22
49.92500,21
49.93333,20
49.94167,19
49.95000,18
49.95833,17
49.96667,16
49.97500,15
49.98333,15
49.99167,14
50.00000,13

