[Header]
Application Name,LabSolutions
Version,5.97 SP1
Data File Name,C:\Users\cremerlab\Desktop\Richa\Oct_18th_2022_yield_expt\Oct 18th 2022 yield expt_10182022_001_031.lcd
Output Date,10/19/2022
Output Time,6:51:26 PM

[File Information]
Type,Data File
Generated,10/19/2022 6:01:06 PM
Generated by,System Administrator
Modified,10/19/2022 6:51:26 PM
Modified by,System Administrator

[Sample Information]
Operator Name,System Administrator
Acquired,10/19/2022 6:01:25 PM
Sample Type,0:Unknown
Level,0
Sample Name,101822_BT_Trp_2
Sample ID,001
ISTD Amount1,1
ISTD Amount2,1
ISTD Amount3,1
ISTD Amount4,1
ISTD Amount5,1
ISTD Amount6,1
ISTD Amount7,1
ISTD Amount8,1
ISTD Amount9,1
ISTD Amount10,1
ISTD Amount11,1
ISTD Amount12,1
ISTD Amount13,1
ISTD Amount14,1
ISTD Amount15,1
ISTD Amount16,1
ISTD Amount17,1
ISTD Amount18,1
ISTD Amount19,1
ISTD Amount20,1
ISTD Amount21,1
ISTD Amount22,1
ISTD Amount23,1
ISTD Amount24,1
ISTD Amount25,1
ISTD Amount26,1
ISTD Amount27,1
ISTD Amount28,1
ISTD Amount29,1
ISTD Amount30,1
ISTD Amount31,1
ISTD Amount32,1
Sample Amount,1
Dilution Factor,1
Vial#,30
Injection Volume,20

[Original Files]
Data File,C:\Users\cremerlab\Desktop\Richa\Oct_18th_2022_yield_expt\Oct 18th 2022 yield expt_10182022_001_031.lcd
Method File,C:\Users\cremerlab\Desktop\Richa\acetate_excretion.lcm
Batch File,C:\Users\cremerlab\Desktop\Richa\Oct_18th_2022_yield_expt\Oct 18th 2022 yield expt.lcb
Report Format File,c:\LabSolutions\System\DEFAULT.lsr

[File Description]


[Configuration]
Instrument Name,HPLC-PC-Instrument1
Instrument #,1
Line #,1
# of Detectors,2
Detector ID,Detector A,Detector B
Detector Name,Detector A,Detector B
# of Channels,1,1

[Peak Table(Detector A)]
# of Peaks,0

[Peak Table(Detector B)]
# of Peaks,12
Peak#,R.Time,I.Time,F.Time,Area,Height,A/H,Conc.,Mark,ID#,Name,k',Plate #,Plate Ht.,Tailing,Resolution,Sep.Factor,Area Ratio,Height Ratio,Conc. %,Norm Conc.
1,10.483,10.275,10.517,1461,205,7.122,0.000,   ,,,0.000,5437,27.591,0.000,0.000,0.000,0,0,0.000,0.000
2,11.035,10.517,12.375,2347554,118766,19.766,0.000, V ,,,0.053,7440,20.162,0.976,1.021,0.000,0,0,0.000,0.000
3,14.364,12.675,15.208,3693367,78400,47.109,0.000,   ,,,0.370,2466,60.827,0.654,3.990,7.038,0,0,0.000,0.000
4,15.782,15.208,17.192,1548019,52786,29.326,0.000, V ,,,0.505,6832,21.956,1.147,1.477,1.366,0,0,0.000,0.000
5,17.882,17.408,18.458,8569,283,30.328,0.000,   ,,,0.706,7525,19.934,1.040,2.644,1.396,0,0,0.000,0.000
6,19.067,18.467,19.750,11499,293,39.250,0.000,   ,,,0.819,4890,30.676,1.050,1.236,1.160,0,0,0.000,0.000
7,20.307,19.800,20.792,13750,468,29.360,0.000,   ,,,0.937,10678,14.048,0.985,1.322,1.145,0,0,0.000,0.000
8,21.910,21.350,22.583,48823,1439,33.926,0.000,   ,,,1.090,9408,15.944,1.067,1.897,1.163,0,0,0.000,0.000
9,23.173,22.642,24.275,10337,247,41.785,0.000,   ,,,1.210,8104,18.510,1.518,1.307,1.111,0,0,0.000,0.000
10,25.095,24.317,26.383,160373,3878,41.356,0.000,   ,,,1.394,8858,16.933,1.147,1.834,1.151,0,0,0.000,0.000
11,29.199,28.317,30.533,139587,2896,48.201,0.000,   ,,,1.785,8855,16.940,1.135,3.557,1.281,0,0,0.000,0.000
12,32.382,31.633,33.008,12552,293,42.880,0.000,   ,,,2.089,13138,11.417,0.931,2.684,1.170,0,0,0.000,0.000

[LC Chromatogram(Detector B-Ch1)]
Interval(msec),500
# of Points,6001
Start Time(min),0.000
End Time(min),50.000
Intensity Units,mV
Intensity Multiplier,0.001
R.Time (min),Intensity
0.00000,-18
0.00833,-18
0.01667,-6
0.02500,0
0.03333,-0
0.04167,-1
0.05000,-1
0.05833,-2
0.06667,-3
0.07500,-3
0.08333,-3
0.09167,-3
0.10000,-3
0.10833,-4
0.11667,-4
0.12500,-4
0.13333,-5
0.14167,-5
0.15000,-6
0.15833,-6
0.16667,-7
0.17500,-7
0.18333,-7
0.19167,-7
0.20000,-7
0.20833,-7
0.21667,-7
0.22500,-7
0.23333,-7
0.24167,-8
0.25000,-8
0.25833,-8
0.26667,-8
0.27500,-8
0.28333,-9
0.29167,-9
0.30000,-9
0.30833,-9
0.31667,-10
0.32500,-10
0.33333,-10
0.34167,-10
0.35000,-10
0.35833,-10
0.36667,-10
0.37500,-10
0.38333,-11
0.39167,-11
0.40000,-11
0.40833,-11
0.41667,-11
0.42500,-10
0.43333,-10
0.44167,-10
0.45000,-10
0.45833,-10
0.46667,-10
0.47500,-10
0.48333,-10
0.49167,-10
0.50000,-10
0.50833,-10
0.51667,-10
0.52500,-9
0.53333,-9
0.54167,-10
0.55000,-10
0.55833,-10
0.56667,-10
0.57500,-10
0.58333,-10
0.59167,-9
0.60000,-9
0.60833,-9
0.61667,-9
0.62500,-9
0.63333,-8
0.64167,-9
0.65000,-9
0.65833,-9
0.66667,-9
0.67500,-9
0.68333,-8
0.69167,-8
0.70000,-8
0.70833,-8
0.71667,-8
0.72500,-7
0.73333,-7
0.74167,-8
0.75000,-8
0.75833,-8
0.76667,-8
0.77500,-7
0.78333,-7
0.79167,-7
0.80000,-7
0.80833,-7
0.81667,-7
0.82500,-6
0.83333,-6
0.84167,-6
0.85000,-5
0.85833,-5
0.86667,-5
0.87500,-5
0.88333,-5
0.89167,-5
0.90000,-5
0.90833,-6
0.91667,-6
0.92500,-6
0.93333,-5
0.94167,-5
0.95000,-5
0.95833,-5
0.96667,-4
0.97500,-3
0.98333,-3
0.99167,-3
1.00000,-3
1.00833,-3
1.01667,-2
1.02500,-2
1.03333,-2
1.04167,-1
1.05000,-1
1.05833,-0
1.06667,0
1.07500,1
1.08333,0
1.09167,0
1.10000,0
1.10833,1
1.11667,1
1.12500,1
1.13333,1
1.14167,1
1.15000,1
1.15833,1
1.16667,2
1.17500,2
1.18333,2
1.19167,1
1.20000,2
1.20833,2
1.21667,2
1.22500,2
1.23333,2
1.24167,2
1.25000,2
1.25833,2
1.26667,2
1.27500,2
1.28333,2
1.29167,3
1.30000,3
1.30833,3
1.31667,3
1.32500,3
1.33333,3
1.34167,3
1.35000,3
1.35833,3
1.36667,3
1.37500,3
1.38333,3
1.39167,3
1.40000,3
1.40833,4
1.41667,4
1.42500,4
1.43333,4
1.44167,4
1.45000,4
1.45833,4
1.46667,4
1.47500,4
1.48333,4
1.49167,4
1.50000,5
1.50833,5
1.51667,4
1.52500,4
1.53333,4
1.54167,4
1.55000,4
1.55833,5
1.56667,5
1.57500,5
1.58333,5
1.59167,4
1.60000,4
1.60833,4
1.61667,4
1.62500,4
1.63333,4
1.64167,4
1.65000,4
1.65833,3
1.66667,3
1.67500,4
1.68333,4
1.69167,4
1.70000,4
1.70833,4
1.71667,5
1.72500,5
1.73333,5
1.74167,5
1.75000,4
1.75833,4
1.76667,4
1.77500,4
1.78333,4
1.79167,4
1.80000,4
1.80833,4
1.81667,4
1.82500,4
1.83333,4
1.84167,4
1.85000,4
1.85833,4
1.86667,4
1.87500,4
1.88333,3
1.89167,3
1.90000,3
1.90833,3
1.91667,3
1.92500,3
1.93333,2
1.94167,2
1.95000,2
1.95833,2
1.96667,2
1.97500,2
1.98333,2
1.99167,1
2.00000,1
2.00833,1
2.01667,1
2.02500,0
2.03333,0
2.04167,0
2.05000,0
2.05833,-0
2.06667,-0
2.07500,-1
2.08333,-1
2.09167,-1
2.10000,-1
2.10833,-1
2.11667,-1
2.12500,-1
2.13333,-2
2.14167,-2
2.15000,-2
2.15833,-2
2.16667,-2
2.17500,-3
2.18333,-3
2.19167,-4
2.20000,-4
2.20833,-4
2.21667,-4
2.22500,-4
2.23333,-5
2.24167,-5
2.25000,-5
2.25833,-5
2.26667,-5
2.27500,-5
2.28333,-5
2.29167,-5
2.30000,-5
2.30833,-5
2.31667,-5
2.32500,-5
2.33333,-5
2.34167,-5
2.35000,-6
2.35833,-6
2.36667,-6
2.37500,-7
2.38333,-7
2.39167,-7
2.40000,-7
2.40833,-7
2.41667,-8
2.42500,-8
2.43333,-8
2.44167,-9
2.45000,-9
2.45833,-9
2.46667,-9
2.47500,-9
2.48333,-10
2.49167,-10
2.50000,-10
2.50833,-10
2.51667,-9
2.52500,-9
2.53333,-9
2.54167,-9
2.55000,-10
2.55833,-10
2.56667,-11
2.57500,-11
2.58333,-11
2.59167,-11
2.60000,-11
2.60833,-11
2.61667,-12
2.62500,-12
2.63333,-12
2.64167,-12
2.65000,-12
2.65833,-12
2.66667,-12
2.67500,-12
2.68333,-12
2.69167,-12
2.70000,-12
2.70833,-12
2.71667,-13
2.72500,-13
2.73333,-13
2.74167,-13
2.75000,-13
2.75833,-13
2.76667,-14
2.77500,-14
2.78333,-14
2.79167,-14
2.80000,-14
2.80833,-14
2.81667,-14
2.82500,-14
2.83333,-14
2.84167,-13
2.85000,-13
2.85833,-14
2.86667,-14
2.87500,-14
2.88333,-13
2.89167,-13
2.90000,-13
2.90833,-13
2.91667,-13
2.92500,-13
2.93333,-14
2.94167,-14
2.95000,-14
2.95833,-14
2.96667,-14
2.97500,-13
2.98333,-13
2.99167,-13
3.00000,-13
3.00833,-13
3.01667,-13
3.02500,-13
3.03333,-13
3.04167,-13
3.05000,-13
3.05833,-12
3.06667,-12
3.07500,-12
3.08333,-12
3.09167,-12
3.10000,-12
3.10833,-12
3.11667,-12
3.12500,-12
3.13333,-12
3.14167,-12
3.15000,-12
3.15833,-12
3.16667,-13
3.17500,-13
3.18333,-13
3.19167,-12
3.20000,-12
3.20833,-12
3.21667,-12
3.22500,-12
3.23333,-12
3.24167,-12
3.25000,-12
3.25833,-12
3.26667,-12
3.27500,-11
3.28333,-11
3.29167,-11
3.30000,-11
3.30833,-10
3.31667,-10
3.32500,-10
3.33333,-10
3.34167,-10
3.35000,-9
3.35833,-9
3.36667,-9
3.37500,-9
3.38333,-9
3.39167,-8
3.40000,-8
3.40833,-8
3.41667,-8
3.42500,-7
3.43333,-7
3.44167,-7
3.45000,-7
3.45833,-7
3.46667,-7
3.47500,-6
3.48333,-6
3.49167,-5
3.50000,-5
3.50833,-5
3.51667,-5
3.52500,-4
3.53333,-4
3.54167,-4
3.55000,-3
3.55833,-3
3.56667,-3
3.57500,-3
3.58333,-3
3.59167,-3
3.60000,-2
3.60833,-2
3.61667,-1
3.62500,-1
3.63333,-0
3.64167,-0
3.65000,0
3.65833,1
3.66667,1
3.67500,1
3.68333,2
3.69167,2
3.70000,2
3.70833,2
3.71667,2
3.72500,2
3.73333,3
3.74167,3
3.75000,3
3.75833,4
3.76667,5
3.77500,5
3.78333,5
3.79167,5
3.80000,6
3.80833,6
3.81667,7
3.82500,7
3.83333,8
3.84167,8
3.85000,8
3.85833,9
3.86667,10
3.87500,11
3.88333,11
3.89167,11
3.90000,12
3.90833,12
3.91667,13
3.92500,13
3.93333,14
3.94167,15
3.95000,15
3.95833,16
3.96667,17
3.97500,17
3.98333,18
3.99167,19
4.00000,20
4.00833,20
4.01667,21
4.02500,21
4.03333,22
4.04167,23
4.05000,24
4.05833,24
4.06667,24
4.07500,25
4.08333,26
4.09167,26
4.10000,27
4.10833,28
4.11667,29
4.12500,30
4.13333,30
4.14167,31
4.15000,32
4.15833,32
4.16667,33
4.17500,34
4.18333,34
4.19167,35
4.20000,36
4.20833,37
4.21667,38
4.22500,38
4.23333,39
4.24167,39
4.25000,40
4.25833,41
4.26667,42
4.27500,42
4.28333,43
4.29167,43
4.30000,44
4.30833,45
4.31667,46
4.32500,46
4.33333,47
4.34167,47
4.35000,47
4.35833,48
4.36667,49
4.37500,50
4.38333,50
4.39167,51
4.40000,51
4.40833,52
4.41667,53
4.42500,53
4.43333,53
4.44167,54
4.45000,54
4.45833,55
4.46667,55
4.47500,56
4.48333,57
4.49167,57
4.50000,58
4.50833,58
4.51667,58
4.52500,59
4.53333,59
4.54167,59
4.55000,59
4.55833,60
4.56667,60
4.57500,61
4.58333,61
4.59167,62
4.60000,62
4.60833,62
4.61667,63
4.62500,62
4.63333,62
4.64167,62
4.65000,62
4.65833,62
4.66667,62
4.67500,63
4.68333,63
4.69167,63
4.70000,64
4.70833,64
4.71667,64
4.72500,65
4.73333,65
4.74167,64
4.75000,64
4.75833,64
4.76667,64
4.77500,64
4.78333,64
4.79167,64
4.80000,64
4.80833,64
4.81667,64
4.82500,63
4.83333,63
4.84167,63
4.85000,63
4.85833,63
4.86667,62
4.87500,62
4.88333,61
4.89167,61
4.90000,61
4.90833,61
4.91667,60
4.92500,60
4.93333,60
4.94167,60
4.95000,60
4.95833,60
4.96667,60
4.97500,59
4.98333,59
4.99167,59
5.00000,59
5.00833,58
5.01667,58
5.02500,57
5.03333,57
5.04167,57
5.05000,56
5.05833,55
5.06667,55
5.07500,55
5.08333,54
5.09167,54
5.10000,54
5.10833,53
5.11667,53
5.12500,52
5.13333,51
5.14167,50
5.15000,50
5.15833,49
5.16667,49
5.17500,48
5.18333,48
5.19167,47
5.20000,47
5.20833,46
5.21667,46
5.22500,45
5.23333,45
5.24167,44
5.25000,44
5.25833,43
5.26667,43
5.27500,42
5.28333,41
5.29167,40
5.30000,39
5.30833,39
5.31667,38
5.32500,37
5.33333,36
5.34167,36
5.35000,35
5.35833,35
5.36667,34
5.37500,33
5.38333,32
5.39167,32
5.40000,32
5.40833,31
5.41667,30
5.42500,29
5.43333,28
5.44167,28
5.45000,27
5.45833,27
5.46667,26
5.47500,25
5.48333,24
5.49167,23
5.50000,23
5.50833,22
5.51667,21
5.52500,19
5.53333,18
5.54167,17
5.55000,16
5.55833,15
5.56667,14
5.57500,13
5.58333,13
5.59167,12
5.60000,12
5.60833,11
5.61667,11
5.62500,10
5.63333,9
5.64167,8
5.65000,7
5.65833,6
5.66667,5
5.67500,4
5.68333,3
5.69167,2
5.70000,2
5.70833,1
5.71667,0
5.72500,-0
5.73333,-1
5.74167,-1
5.75000,-2
5.75833,-3
5.76667,-4
5.77500,-5
5.78333,-6
5.79167,-7
5.80000,-8
5.80833,-8
5.81667,-9
5.82500,-10
5.83333,-11
5.84167,-11
5.85000,-12
5.85833,-13
5.86667,-14
5.87500,-15
5.88333,-15
5.89167,-16
5.90000,-17
5.90833,-17
5.91667,-18
5.92500,-19
5.93333,-19
5.94167,-19
5.95000,-20
5.95833,-21
5.96667,-21
5.97500,-22
5.98333,-23
5.99167,-23
6.00000,-23
6.00833,-24
6.01667,-24
6.02500,-24
6.03333,-25
6.04167,-25
6.05000,-26
6.05833,-26
6.06667,-27
6.07500,-27
6.08333,-28
6.09167,-28
6.10000,-29
6.10833,-30
6.11667,-31
6.12500,-31
6.13333,-31
6.14167,-32
6.15000,-32
6.15833,-32
6.16667,-33
6.17500,-33
6.18333,-33
6.19167,-33
6.20000,-34
6.20833,-34
6.21667,-34
6.22500,-35
6.23333,-35
6.24167,-36
6.25000,-36
6.25833,-37
6.26667,-38
6.27500,-38
6.28333,-38
6.29167,-38
6.30000,-38
6.30833,-38
6.31667,-38
6.32500,-38
6.33333,-38
6.34167,-39
6.35000,-39
6.35833,-40
6.36667,-40
6.37500,-40
6.38333,-41
6.39167,-41
6.40000,-41
6.40833,-41
6.41667,-41
6.42500,-41
6.43333,-42
6.44167,-42
6.45000,-42
6.45833,-42
6.46667,-42
6.47500,-42
6.48333,-42
6.49167,-42
6.50000,-42
6.50833,-42
6.51667,-42
6.52500,-42
6.53333,-42
6.54167,-42
6.55000,-42
6.55833,-42
6.56667,-43
6.57500,-43
6.58333,-43
6.59167,-43
6.60000,-43
6.60833,-43
6.61667,-43
6.62500,-43
6.63333,-43
6.64167,-43
6.65000,-43
6.65833,-43
6.66667,-44
6.67500,-44
6.68333,-44
6.69167,-45
6.70000,-45
6.70833,-45
6.71667,-45
6.72500,-45
6.73333,-45
6.74167,-45
6.75000,-45
6.75833,-45
6.76667,-45
6.77500,-45
6.78333,-45
6.79167,-45
6.80000,-44
6.80833,-44
6.81667,-44
6.82500,-45
6.83333,-45
6.84167,-45
6.85000,-45
6.85833,-45
6.86667,-45
6.87500,-45
6.88333,-45
6.89167,-45
6.90000,-45
6.90833,-45
6.91667,-45
6.92500,-45
6.93333,-45
6.94167,-45
6.95000,-46
6.95833,-46
6.96667,-46
6.97500,-46
6.98333,-46
6.99167,-46
7.00000,-46
7.00833,-45
7.01667,-45
7.02500,-45
7.03333,-45
7.04167,-45
7.05000,-45
7.05833,-45
7.06667,-45
7.07500,-45
7.08333,-45
7.09167,-45
7.10000,-45
7.10833,-45
7.11667,-45
7.12500,-46
7.13333,-46
7.14167,-46
7.15000,-45
7.15833,-45
7.16667,-46
7.17500,-46
7.18333,-46
7.19167,-46
7.20000,-46
7.20833,-46
7.21667,-45
7.22500,-45
7.23333,-46
7.24167,-46
7.25000,-46
7.25833,-46
7.26667,-46
7.27500,-46
7.28333,-46
7.29167,-46
7.30000,-45
7.30833,-45
7.31667,-44
7.32500,-44
7.33333,-44
7.34167,-44
7.35000,-44
7.35833,-45
7.36667,-45
7.37500,-45
7.38333,-45
7.39167,-46
7.40000,-46
7.40833,-46
7.41667,-45
7.42500,-45
7.43333,-45
7.44167,-45
7.45000,-46
7.45833,-46
7.46667,-46
7.47500,-46
7.48333,-46
7.49167,-46
7.50000,-46
7.50833,-46
7.51667,-46
7.52500,-46
7.53333,-46
7.54167,-46
7.55000,-46
7.55833,-46
7.56667,-46
7.57500,-45
7.58333,-45
7.59167,-46
7.60000,-46
7.60833,-46
7.61667,-46
7.62500,-46
7.63333,-46
7.64167,-47
7.65000,-46
7.65833,-46
7.66667,-46
7.67500,-46
7.68333,-46
7.69167,-46
7.70000,-46
7.70833,-46
7.71667,-46
7.72500,-46
7.73333,-46
7.74167,-46
7.75000,-46
7.75833,-46
7.76667,-46
7.77500,-46
7.78333,-46
7.79167,-46
7.80000,-47
7.80833,-47
7.81667,-48
7.82500,-48
7.83333,-47
7.84167,-47
7.85000,-47
7.85833,-47
7.86667,-46
7.87500,-47
7.88333,-47
7.89167,-47
7.90000,-47
7.90833,-47
7.91667,-47
7.92500,-47
7.93333,-47
7.94167,-47
7.95000,-47
7.95833,-47
7.96667,-47
7.97500,-47
7.98333,-47
7.99167,-46
8.00000,-46
8.00833,-46
8.01667,-46
8.02500,-46
8.03333,-46
8.04167,-46
8.05000,-46
8.05833,-47
8.06667,-47
8.07500,-47
8.08333,-47
8.09167,-47
8.10000,-47
8.10833,-46
8.11667,-47
8.12500,-47
8.13333,-48
8.14167,-48
8.15000,-48
8.15833,-48
8.16667,-47
8.17500,-47
8.18333,-47
8.19167,-47
8.20000,-47
8.20833,-47
8.21667,-47
8.22500,-47
8.23333,-47
8.24167,-48
8.25000,-48
8.25833,-48
8.26667,-48
8.27500,-48
8.28333,-48
8.29167,-48
8.30000,-48
8.30833,-48
8.31667,-48
8.32500,-47
8.33333,-47
8.34167,-48
8.35000,-48
8.35833,-48
8.36667,-48
8.37500,-48
8.38333,-48
8.39167,-48
8.40000,-48
8.40833,-48
8.41667,-48
8.42500,-48
8.43333,-48
8.44167,-48
8.45000,-48
8.45833,-48
8.46667,-48
8.47500,-48
8.48333,-47
8.49167,-47
8.50000,-47
8.50833,-47
8.51667,-47
8.52500,-47
8.53333,-48
8.54167,-48
8.55000,-48
8.55833,-48
8.56667,-48
8.57500,-48
8.58333,-48
8.59167,-48
8.60000,-48
8.60833,-48
8.61667,-48
8.62500,-47
8.63333,-47
8.64167,-47
8.65000,-47
8.65833,-47
8.66667,-47
8.67500,-47
8.68333,-47
8.69167,-47
8.70000,-47
8.70833,-47
8.71667,-47
8.72500,-47
8.73333,-48
8.74167,-48
8.75000,-48
8.75833,-48
8.76667,-48
8.77500,-47
8.78333,-47
8.79167,-47
8.80000,-47
8.80833,-47
8.81667,-47
8.82500,-47
8.83333,-47
8.84167,-47
8.85000,-47
8.85833,-47
8.86667,-47
8.87500,-47
8.88333,-47
8.89167,-47
8.90000,-47
8.90833,-47
8.91667,-47
8.92500,-47
8.93333,-47
8.94167,-47
8.95000,-47
8.95833,-46
8.96667,-46
8.97500,-46
8.98333,-46
8.99167,-46
9.00000,-46
9.00833,-46
9.01667,-46
9.02500,-46
9.03333,-46
9.04167,-46
9.05000,-46
9.05833,-46
9.06667,-46
9.07500,-46
9.08333,-46
9.09167,-46
9.10000,-46
9.10833,-46
9.11667,-46
9.12500,-46
9.13333,-45
9.14167,-45
9.15000,-45
9.15833,-45
9.16667,-45
9.17500,-46
9.18333,-46
9.19167,-46
9.20000,-46
9.20833,-46
9.21667,-46
9.22500,-46
9.23333,-46
9.24167,-45
9.25000,-45
9.25833,-45
9.26667,-45
9.27500,-45
9.28333,-45
9.29167,-45
9.30000,-45
9.30833,-45
9.31667,-44
9.32500,-44
9.33333,-44
9.34167,-44
9.35000,-44
9.35833,-44
9.36667,-44
9.37500,-44
9.38333,-45
9.39167,-45
9.40000,-45
9.40833,-45
9.41667,-44
9.42500,-44
9.43333,-44
9.44167,-44
9.45000,-43
9.45833,-43
9.46667,-43
9.47500,-44
9.48333,-44
9.49167,-44
9.50000,-44
9.50833,-44
9.51667,-44
9.52500,-44
9.53333,-43
9.54167,-43
9.55000,-43
9.55833,-43
9.56667,-43
9.57500,-43
9.58333,-43
9.59167,-43
9.60000,-43
9.60833,-43
9.61667,-43
9.62500,-43
9.63333,-44
9.64167,-44
9.65000,-44
9.65833,-43
9.66667,-43
9.67500,-43
9.68333,-43
9.69167,-43
9.70000,-43
9.70833,-42
9.71667,-42
9.72500,-43
9.73333,-43
9.74167,-43
9.75000,-44
9.75833,-44
9.76667,-44
9.77500,-44
9.78333,-44
9.79167,-43
9.80000,-43
9.80833,-43
9.81667,-44
9.82500,-44
9.83333,-43
9.84167,-43
9.85000,-43
9.85833,-43
9.86667,-43
9.87500,-43
9.88333,-43
9.89167,-43
9.90000,-43
9.90833,-43
9.91667,-42
9.92500,-42
9.93333,-42
9.94167,-42
9.95000,-43
9.95833,-43
9.96667,-42
9.97500,-42
9.98333,-43
9.99167,-43
10.00000,-43
10.00833,-43
10.01667,-43
10.02500,-43
10.03333,-43
10.04167,-43
10.05000,-43
10.05833,-43
10.06667,-42
10.07500,-42
10.08333,-41
10.09167,-40
10.10000,-40
10.10833,-39
10.11667,-38
10.12500,-38
10.13333,-38
10.14167,-37
10.15000,-37
10.15833,-36
10.16667,-35
10.17500,-33
10.18333,-33
10.19167,-32
10.20000,-31
10.20833,-30
10.21667,-28
10.22500,-27
10.23333,-25
10.24167,-24
10.25000,-22
10.25833,-20
10.26667,-18
10.27500,-16
10.28333,-14
10.29167,-10
10.30000,-7
10.30833,-3
10.31667,2
10.32500,7
10.33333,13
10.34167,21
10.35000,29
10.35833,40
10.36667,52
10.37500,65
10.38333,80
10.39167,96
10.40000,113
10.40833,131
10.41667,150
10.42500,169
10.43333,187
10.44167,204
10.45000,219
10.45833,232
10.46667,242
10.47500,249
10.48333,253
10.49167,253
10.50000,252
10.50833,250
10.51667,249
10.52500,252
10.53333,260
10.54167,278
10.55000,310
10.55833,359
10.56667,431
10.57500,532
10.58333,665
10.59167,839
10.60000,1057
10.60833,1326
10.61667,1654
10.62500,2045
10.63333,2505
10.64167,3041
10.65000,3659
10.65833,4362
10.66667,5157
10.67500,6049
10.68333,7041
10.69167,8137
10.70000,9342
10.70833,10659
10.71667,12090
10.72500,13638
10.73333,15305
10.74167,17091
10.75000,19000
10.75833,21031
10.76667,23184
10.77500,25461
10.78333,27860
10.79167,30381
10.80000,33022
10.80833,35782
10.81667,38658
10.82500,41648
10.83333,44749
10.84167,47956
10.85000,51266
10.85833,54672
10.86667,58169
10.87500,61750
10.88333,65405
10.89167,69126
10.90000,72900
10.90833,76714
10.91667,80551
10.92500,84394
10.93333,88218
10.94167,91999
10.95000,95707
10.95833,99305
10.96667,102756
10.97500,106014
10.98333,109031
10.99167,111754
11.00000,114128
11.00833,116094
11.01667,117594
11.02500,118574
11.03333,118983
11.04167,118779
11.05000,117930
11.05833,116418
11.06667,114240
11.07500,111414
11.08333,107973
11.09167,103969
11.10000,99470
11.10833,94558
11.11667,89323
11.12500,83861
11.13333,78269
11.14167,72640
11.15000,67062
11.15833,61612
11.16667,56356
11.17500,51346
11.18333,46624
11.19167,42217
11.20000,38141
11.20833,34401
11.21667,30997
11.22500,27917
11.23333,25148
11.24167,22671
11.25000,20464
11.25833,18505
11.26667,16773
11.27500,15243
11.28333,13896
11.29167,12710
11.30000,11666
11.30833,10748
11.31667,9940
11.32500,9226
11.33333,8596
11.34167,8038
11.35000,7542
11.35833,7099
11.36667,6704
11.37500,6348
11.38333,6028
11.39167,5737
11.40000,5471
11.40833,5228
11.41667,5004
11.42500,4796
11.43333,4603
11.44167,4422
11.45000,4253
11.45833,4093
11.46667,3943
11.47500,3800
11.48333,3665
11.49167,3535
11.50000,3411
11.50833,3293
11.51667,3180
11.52500,3071
11.53333,2967
11.54167,2867
11.55000,2771
11.55833,2679
11.56667,2591
11.57500,2507
11.58333,2426
11.59167,2348
11.60000,2274
11.60833,2202
11.61667,2134
11.62500,2068
11.63333,2006
11.64167,1945
11.65000,1887
11.65833,1832
11.66667,1779
11.67500,1728
11.68333,1679
11.69167,1632
11.70000,1587
11.70833,1544
11.71667,1503
11.72500,1464
11.73333,1426
11.74167,1390
11.75000,1356
11.75833,1323
11.76667,1291
11.77500,1262
11.78333,1233
11.79167,1206
11.80000,1180
11.80833,1154
11.81667,1131
11.82500,1108
11.83333,1086
11.84167,1064
11.85000,1044
11.85833,1024
11.86667,1006
11.87500,988
11.88333,971
11.89167,955
11.90000,939
11.90833,924
11.91667,910
11.92500,897
11.93333,884
11.94167,871
11.95000,860
11.95833,849
11.96667,838
11.97500,828
11.98333,818
11.99167,809
12.00000,799
12.00833,791
12.01667,782
12.02500,774
12.03333,766
12.04167,758
12.05000,750
12.05833,743
12.06667,737
12.07500,730
12.08333,724
12.09167,718
12.10000,712
12.10833,707
12.11667,701
12.12500,696
12.13333,691
12.14167,686
12.15000,681
12.15833,677
12.16667,674
12.17500,670
12.18333,666
12.19167,663
12.20000,660
12.20833,656
12.21667,653
12.22500,651
12.23333,649
12.24167,646
12.25000,644
12.25833,642
12.26667,640
12.27500,639
12.28333,638
12.29167,636
12.30000,635
12.30833,634
12.31667,633
12.32500,632
12.33333,631
12.34167,631
12.35000,630
12.35833,630
12.36667,629
12.37500,629
12.38333,629
12.39167,629
12.40000,628
12.40833,628
12.41667,627
12.42500,627
12.43333,626
12.44167,625
12.45000,625
12.45833,624
12.46667,623
12.47500,623
12.48333,622
12.49167,622
12.50000,621
12.50833,620
12.51667,619
12.52500,617
12.53333,616
12.54167,614
12.55000,613
12.55833,611
12.56667,609
12.57500,607
12.58333,605
12.59167,603
12.60000,601
12.60833,599
12.61667,598
12.62500,596
12.63333,594
12.64167,593
12.65000,592
12.65833,591
12.66667,591
12.67500,591
12.68333,591
12.69167,592
12.70000,594
12.70833,598
12.71667,602
12.72500,609
12.73333,616
12.74167,625
12.75000,636
12.75833,650
12.76667,666
12.77500,685
12.78333,707
12.79167,733
12.80000,762
12.80833,794
12.81667,830
12.82500,870
12.83333,915
12.84167,964
12.85000,1018
12.85833,1076
12.86667,1140
12.87500,1208
12.88333,1282
12.89167,1361
12.90000,1446
12.90833,1536
12.91667,1631
12.92500,1732
12.93333,1840
12.94167,1953
12.95000,2071
12.95833,2195
12.96667,2325
12.97500,2461
12.98333,2603
12.99167,2751
13.00000,2904
13.00833,3063
13.01667,3228
13.02500,3398
13.03333,3574
13.04167,3756
13.05000,3943
13.05833,4136
13.06667,4334
13.07500,4537
13.08333,4746
13.09167,4960
13.10000,5179
13.10833,5403
13.11667,5631
13.12500,5865
13.13333,6104
13.14167,6347
13.15000,6594
13.15833,6845
13.16667,7101
13.17500,7361
13.18333,7626
13.19167,7894
13.20000,8166
13.20833,8442
13.21667,8722
13.22500,9006
13.23333,9293
13.24167,9583
13.25000,9877
13.25833,10174
13.26667,10475
13.27500,10778
13.28333,11085
13.29167,11395
13.30000,11708
13.30833,12025
13.31667,12344
13.32500,12667
13.33333,12993
13.34167,13321
13.35000,13652
13.35833,13985
13.36667,14322
13.37500,14661
13.38333,15004
13.39167,15349
13.40000,15696
13.40833,16047
13.41667,16400
13.42500,16756
13.43333,17115
13.44167,17477
13.45000,17842
13.45833,18210
13.46667,18580
13.47500,18953
13.48333,19329
13.49167,19708
13.50000,20090
13.50833,20475
13.51667,20863
13.52500,21254
13.53333,21648
13.54167,22045
13.55000,22445
13.55833,22849
13.56667,23255
13.57500,23665
13.58333,24078
13.59167,24494
13.60000,24914
13.60833,25337
13.61667,25763
13.62500,26193
13.63333,26626
13.64167,27062
13.65000,27502
13.65833,27946
13.66667,28393
13.67500,28844
13.68333,29298
13.69167,29756
13.70000,30218
13.70833,30683
13.71667,31153
13.72500,31626
13.73333,32103
13.74167,32584
13.75000,33069
13.75833,33558
13.76667,34051
13.77500,34548
13.78333,35048
13.79167,35553
13.80000,36062
13.80833,36576
13.81667,37094
13.82500,37616
13.83333,38142
13.84167,38673
13.85000,39209
13.85833,39748
13.86667,40293
13.87500,40842
13.88333,41395
13.89167,41953
13.90000,42516
13.90833,43084
13.91667,43657
13.92500,44234
13.93333,44817
13.94167,45404
13.95000,45996
13.95833,46594
13.96667,47196
13.97500,47804
13.98333,48417
13.99167,49036
14.00000,49660
14.00833,50289
14.01667,50924
14.02500,51564
14.03333,52210
14.04167,52862
14.05000,53519
14.05833,54183
14.06667,54852
14.07500,55527
14.08333,56209
14.09167,56896
14.10000,57589
14.10833,58289
14.11667,58994
14.12500,59707
14.13333,60426
14.14167,61151
14.15000,61884
14.15833,62623
14.16667,63368
14.17500,64121
14.18333,64881
14.19167,65648
14.20000,66422
14.20833,67203
14.21667,67992
14.22500,68787
14.23333,69589
14.24167,70396
14.25000,71206
14.25833,72016
14.26667,72823
14.27500,73621
14.28333,74404
14.29167,75162
14.30000,75885
14.30833,76564
14.31667,77184
14.32500,77734
14.33333,78201
14.34167,78572
14.35000,78837
14.35833,78984
14.36667,79006
14.37500,78896
14.38333,78646
14.39167,78254
14.40000,77717
14.40833,77030
14.41667,76195
14.42500,75207
14.43333,74066
14.44167,72768
14.45000,71313
14.45833,69698
14.46667,67924
14.47500,65990
14.48333,63900
14.49167,61659
14.50000,59276
14.50833,56762
14.51667,54135
14.52500,51412
14.53333,48617
14.54167,45774
14.55000,42910
14.55833,40051
14.56667,37224
14.57500,34454
14.58333,31767
14.59167,29183
14.60000,26719
14.60833,24389
14.61667,22204
14.62500,20170
14.63333,18290
14.64167,16565
14.65000,14990
14.65833,13561
14.66667,12271
14.67500,11111
14.68333,10072
14.69167,9146
14.70000,8322
14.70833,7591
14.71667,6943
14.72500,6369
14.73333,5861
14.74167,5413
14.75000,5016
14.75833,4665
14.76667,4354
14.77500,4079
14.78333,3834
14.79167,3615
14.80000,3420
14.80833,3246
14.81667,3089
14.82500,2948
14.83333,2820
14.84167,2704
14.85000,2598
14.85833,2501
14.86667,2413
14.87500,2331
14.88333,2256
14.89167,2186
14.90000,2120
14.90833,2060
14.91667,2003
14.92500,1950
14.93333,1900
14.94167,1852
14.95000,1808
14.95833,1765
14.96667,1725
14.97500,1687
14.98333,1651
14.99167,1617
15.00000,1585
15.00833,1554
15.01667,1524
15.02500,1496
15.03333,1469
15.04167,1443
15.05000,1419
15.05833,1396
15.06667,1374
15.07500,1352
15.08333,1333
15.09167,1314
15.10000,1296
15.10833,1279
15.11667,1264
15.12500,1249
15.13333,1234
15.14167,1221
15.15000,1208
15.15833,1197
15.16667,1187
15.17500,1178
15.18333,1171
15.19167,1166
15.20000,1163
15.20833,1161
15.21667,1163
15.22500,1168
15.23333,1177
15.24167,1191
15.25000,1212
15.25833,1239
15.26667,1274
15.27500,1319
15.28333,1376
15.29167,1445
15.30000,1529
15.30833,1630
15.31667,1751
15.32500,1896
15.33333,2065
15.34167,2263
15.35000,2493
15.35833,2758
15.36667,3061
15.37500,3407
15.38333,3798
15.39167,4238
15.40000,4731
15.40833,5279
15.41667,5887
15.42500,6557
15.43333,7290
15.44167,8088
15.45000,8954
15.45833,9887
15.46667,10889
15.47500,11958
15.48333,13094
15.49167,14294
15.50000,15557
15.50833,16878
15.51667,18254
15.52500,19680
15.53333,21150
15.54167,22659
15.55000,24199
15.55833,25765
15.56667,27348
15.57500,28940
15.58333,30535
15.59167,32124
15.60000,33699
15.60833,35254
15.61667,36779
15.62500,38268
15.63333,39715
15.64167,41112
15.65000,42453
15.65833,43734
15.66667,44949
15.67500,46093
15.68333,47163
15.69167,48156
15.70000,49067
15.70833,49896
15.71667,50639
15.72500,51296
15.73333,51865
15.74167,52345
15.75000,52736
15.75833,53037
15.76667,53249
15.77500,53372
15.78333,53405
15.79167,53351
15.80000,53210
15.80833,52982
15.81667,52670
15.82500,52275
15.83333,51798
15.84167,51243
15.85000,50611
15.85833,49905
15.86667,49129
15.87500,48285
15.88333,47376
15.89167,46408
15.90000,45384
15.90833,44308
15.91667,43184
15.92500,42018
15.93333,40814
15.94167,39577
15.95000,38314
15.95833,37028
15.96667,35725
15.97500,34411
15.98333,33090
15.99167,31767
16.00000,30447
16.00833,29135
16.01667,27835
16.02500,26553
16.03333,25290
16.04167,24052
16.05000,22840
16.05833,21659
16.06667,20511
16.07500,19398
16.08333,18323
16.09167,17286
16.10000,16289
16.10833,15334
16.11667,14420
16.12500,13548
16.13333,12719
16.14167,11931
16.15000,11185
16.15833,10480
16.16667,9815
16.17500,9189
16.18333,8601
16.19167,8050
16.20000,7534
16.20833,7053
16.21667,6604
16.22500,6187
16.23333,5799
16.24167,5439
16.25000,5106
16.25833,4798
16.26667,4513
16.27500,4250
16.28333,4008
16.29167,3784
16.30000,3578
16.30833,3389
16.31667,3215
16.32500,3056
16.33333,2910
16.34167,2775
16.35000,2651
16.35833,2538
16.36667,2434
16.37500,2338
16.38333,2250
16.39167,2169
16.40000,2094
16.40833,2025
16.41667,1961
16.42500,1902
16.43333,1847
16.44167,1796
16.45000,1748
16.45833,1704
16.46667,1662
16.47500,1624
16.48333,1587
16.49167,1552
16.50000,1519
16.50833,1488
16.51667,1458
16.52500,1429
16.53333,1401
16.54167,1375
16.55000,1349
16.55833,1325
16.56667,1301
16.57500,1278
16.58333,1255
16.59167,1233
16.60000,1211
16.60833,1189
16.61667,1168
16.62500,1147
16.63333,1127
16.64167,1107
16.65000,1088
16.65833,1069
16.66667,1050
16.67500,1032
16.68333,1014
16.69167,996
16.70000,979
16.70833,963
16.71667,947
16.72500,931
16.73333,915
16.74167,900
16.75000,885
16.75833,871
16.76667,858
16.77500,846
16.78333,833
16.79167,821
16.80000,810
16.80833,799
16.81667,789
16.82500,779
16.83333,769
16.84167,761
16.85000,752
16.85833,744
16.86667,736
16.87500,729
16.88333,722
16.89167,716
16.90000,710
16.90833,704
16.91667,699
16.92500,694
16.93333,689
16.94167,685
16.95000,680
16.95833,676
16.96667,673
16.97500,669
16.98333,666
16.99167,663
17.00000,661
17.00833,659
17.01667,657
17.02500,654
17.03333,652
17.04167,650
17.05000,648
17.05833,647
17.06667,645
17.07500,644
17.08333,643
17.09167,642
17.10000,641
17.10833,640
17.11667,639
17.12500,638
17.13333,637
17.14167,636
17.15000,635
17.15833,635
17.16667,634
17.17500,634
17.18333,633
17.19167,633
17.20000,633
17.20833,633
17.21667,632
17.22500,632
17.23333,632
17.24167,631
17.25000,631
17.25833,631
17.26667,631
17.27500,631
17.28333,630
17.29167,630
17.30000,630
17.30833,630
17.31667,630
17.32500,629
17.33333,629
17.34167,629
17.35000,630
17.35833,630
17.36667,630
17.37500,630
17.38333,630
17.39167,631
17.40000,631
17.40833,632
17.41667,632
17.42500,633
17.43333,634
17.44167,636
17.45000,638
17.45833,640
17.46667,642
17.47500,644
17.48333,647
17.49167,650
17.50000,653
17.50833,656
17.51667,659
17.52500,663
17.53333,667
17.54167,671
17.55000,676
17.55833,680
17.56667,685
17.57500,690
17.58333,696
17.59167,702
17.60000,708
17.60833,714
17.61667,720
17.62500,726
17.63333,732
17.64167,738
17.65000,744
17.65833,751
17.66667,757
17.67500,763
17.68333,770
17.69167,776
17.70000,781
17.70833,787
17.71667,793
17.72500,798
17.73333,804
17.74167,809
17.75000,814
17.75833,818
17.76667,822
17.77500,827
17.78333,830
17.79167,834
17.80000,838
17.80833,841
17.81667,844
17.82500,847
17.83333,850
17.84167,852
17.85000,854
17.85833,855
17.86667,857
17.87500,857
17.88333,857
17.89167,857
17.90000,856
17.90833,855
17.91667,853
17.92500,851
17.93333,850
17.94167,847
17.95000,845
17.95833,842
17.96667,838
17.97500,835
17.98333,830
17.99167,826
18.00000,821
18.00833,816
18.01667,810
18.02500,803
18.03333,797
18.04167,790
18.05000,782
18.05833,775
18.06667,768
18.07500,760
18.08333,753
18.09167,745
18.10000,737
18.10833,729
18.11667,721
18.12500,713
18.13333,704
18.14167,696
18.15000,687
18.15833,679
18.16667,670
18.17500,662
18.18333,654
18.19167,646
18.20000,638
18.20833,630
18.21667,622
18.22500,615
18.23333,608
18.24167,601
18.25000,594
18.25833,587
18.26667,580
18.27500,574
18.28333,568
18.29167,562
18.30000,557
18.30833,552
18.31667,547
18.32500,541
18.33333,537
18.34167,533
18.35000,529
18.35833,525
18.36667,522
18.37500,519
18.38333,517
18.39167,515
18.40000,512
18.40833,510
18.41667,509
18.42500,507
18.43333,507
18.44167,506
18.45000,506
18.45833,505
18.46667,506
18.47500,506
18.48333,507
18.49167,508
18.50000,509
18.50833,511
18.51667,513
18.52500,515
18.53333,517
18.54167,519
18.55000,522
18.55833,525
18.56667,528
18.57500,531
18.58333,535
18.59167,538
18.60000,542
18.60833,546
18.61667,550
18.62500,555
18.63333,559
18.64167,564
18.65000,569
18.65833,573
18.66667,579
18.67500,584
18.68333,589
18.69167,594
18.70000,599
18.70833,604
18.71667,609
18.72500,614
18.73333,619
18.74167,625
18.75000,630
18.75833,636
18.76667,641
18.77500,646
18.78333,651
18.79167,656
18.80000,662
18.80833,667
18.81667,673
18.82500,678
18.83333,683
18.84167,689
18.85000,694
18.85833,699
18.86667,703
18.87500,708
18.88333,712
18.89167,716
18.90000,720
18.90833,724
18.91667,728
18.92500,731
18.93333,735
18.94167,738
18.95000,741
18.95833,745
18.96667,747
18.97500,750
18.98333,752
18.99167,754
19.00000,756
19.00833,758
19.01667,760
19.02500,761
19.03333,762
19.04167,763
19.05000,764
19.05833,765
19.06667,765
19.07500,765
19.08333,764
19.09167,763
19.10000,763
19.10833,761
19.11667,760
19.12500,758
19.13333,756
19.14167,754
19.15000,752
19.15833,750
19.16667,747
19.17500,744
19.18333,741
19.19167,737
19.20000,734
19.20833,730
19.21667,726
19.22500,722
19.23333,718
19.24167,714
19.25000,709
19.25833,705
19.26667,700
19.27500,695
19.28333,689
19.29167,683
19.30000,678
19.30833,673
19.31667,667
19.32500,662
19.33333,656
19.34167,650
19.35000,644
19.35833,638
19.36667,632
19.37500,626
19.38333,620
19.39167,615
19.40000,609
19.40833,603
19.41667,597
19.42500,591
19.43333,586
19.44167,580
19.45000,574
19.45833,568
19.46667,562
19.47500,556
19.48333,551
19.49167,545
19.50000,539
19.50833,533
19.51667,528
19.52500,522
19.53333,517
19.54167,511
19.55000,506
19.55833,502
19.56667,497
19.57500,492
19.58333,488
19.59167,483
19.60000,478
19.60833,474
19.61667,470
19.62500,466
19.63333,462
19.64167,458
19.65000,455
19.65833,451
19.66667,449
19.67500,446
19.68333,444
19.69167,441
19.70000,439
19.70833,437
19.71667,436
19.72500,435
19.73333,434
19.74167,433
19.75000,433
19.75833,433
19.76667,434
19.77500,435
19.78333,436
19.79167,438
19.80000,440
19.80833,443
19.81667,446
19.82500,451
19.83333,455
19.84167,460
19.85000,466
19.85833,472
19.86667,479
19.87500,486
19.88333,494
19.89167,502
19.90000,511
19.90833,521
19.91667,531
19.92500,542
19.93333,553
19.94167,565
19.95000,578
19.95833,591
19.96667,605
19.97500,619
19.98333,634
19.99167,648
20.00000,663
20.00833,679
20.01667,694
20.02500,709
20.03333,724
20.04167,740
20.05000,756
20.05833,772
20.06667,787
20.07500,803
20.08333,818
20.09167,833
20.10000,848
20.10833,863
20.11667,877
20.12500,892
20.13333,905
20.14167,918
20.15000,931
20.15833,943
20.16667,955
20.17500,965
20.18333,976
20.19167,986
20.20000,994
20.20833,1003
20.21667,1011
20.22500,1018
20.23333,1024
20.24167,1030
20.25000,1035
20.25833,1040
20.26667,1043
20.27500,1047
20.28333,1049
20.29167,1051
20.30000,1052
20.30833,1052
20.31667,1052
20.32500,1051
20.33333,1049
20.34167,1047
20.35000,1044
20.35833,1041
20.36667,1036
20.37500,1031
20.38333,1026
20.39167,1020
20.40000,1013
20.40833,1006
20.41667,999
20.42500,991
20.43333,983
20.44167,974
20.45000,965
20.45833,956
20.46667,946
20.47500,937
20.48333,927
20.49167,917
20.50000,907
20.50833,897
20.51667,887
20.52500,877
20.53333,867
20.54167,857
20.55000,847
20.55833,838
20.56667,828
20.57500,819
20.58333,810
20.59167,802
20.60000,794
20.60833,787
20.61667,780
20.62500,773
20.63333,767
20.64167,761
20.65000,756
20.65833,751
20.66667,746
20.67500,743
20.68333,739
20.69167,736
20.70000,733
20.70833,731
20.71667,729
20.72500,728
20.73333,726
20.74167,725
20.75000,724
20.75833,723
20.76667,723
20.77500,722
20.78333,722
20.79167,722
20.80000,722
20.80833,723
20.81667,723
20.82500,723
20.83333,723
20.84167,724
20.85000,724
20.85833,725
20.86667,726
20.87500,726
20.88333,726
20.89167,726
20.90000,726
20.90833,727
20.91667,727
20.92500,727
20.93333,726
20.94167,726
20.95000,725
20.95833,725
20.96667,724
20.97500,723
20.98333,722
20.99167,720
21.00000,718
21.00833,717
21.01667,715
21.02500,713
21.03333,711
21.04167,709
21.05000,706
21.05833,703
21.06667,701
21.07500,698
21.08333,694
21.09167,691
21.10000,686
21.10833,683
21.11667,679
21.12500,675
21.13333,670
21.14167,666
21.15000,662
21.15833,657
21.16667,652
21.17500,647
21.18333,643
21.19167,638
21.20000,633
21.20833,628
21.21667,623
21.22500,618
21.23333,613
21.24167,609
21.25000,604
21.25833,600
21.26667,595
21.27500,591
21.28333,587
21.29167,584
21.30000,581
21.30833,578
21.31667,576
21.32500,574
21.33333,572
21.34167,571
21.35000,571
21.35833,572
21.36667,573
21.37500,574
21.38333,577
21.39167,581
21.40000,585
21.40833,590
21.41667,597
21.42500,604
21.43333,613
21.44167,623
21.45000,635
21.45833,648
21.46667,662
21.47500,677
21.48333,694
21.49167,712
21.50000,732
21.50833,754
21.51667,776
21.52500,801
21.53333,826
21.54167,853
21.55000,881
21.55833,910
21.56667,940
21.57500,971
21.58333,1003
21.59167,1036
21.60000,1070
21.60833,1105
21.61667,1139
21.62500,1175
21.63333,1210
21.64167,1246
21.65000,1280
21.65833,1315
21.66667,1350
21.67500,1384
21.68333,1418
21.69167,1451
21.70000,1483
21.70833,1515
21.71667,1546
21.72500,1576
21.73333,1604
21.74167,1632
21.75000,1658
21.75833,1683
21.76667,1707
21.77500,1730
21.78333,1751
21.79167,1771
21.80000,1790
21.80833,1807
21.81667,1823
21.82500,1838
21.83333,1851
21.84167,1863
21.85000,1874
21.85833,1883
21.86667,1891
21.87500,1897
21.88333,1902
21.89167,1906
21.90000,1908
21.90833,1909
21.91667,1909
21.92500,1907
21.93333,1904
21.94167,1899
21.95000,1893
21.95833,1885
21.96667,1876
21.97500,1865
21.98333,1853
21.99167,1839
22.00000,1824
22.00833,1807
22.01667,1789
22.02500,1769
22.03333,1748
22.04167,1726
22.05000,1702
22.05833,1677
22.06667,1651
22.07500,1623
22.08333,1595
22.09167,1565
22.10000,1535
22.10833,1503
22.11667,1470
22.12500,1437
22.13333,1404
22.14167,1370
22.15000,1336
22.15833,1301
22.16667,1267
22.17500,1232
22.18333,1197
22.19167,1163
22.20000,1128
22.20833,1094
22.21667,1060
22.22500,1026
22.23333,993
22.24167,960
22.25000,928
22.25833,897
22.26667,866
22.27500,836
22.28333,807
22.29167,779
22.30000,752
22.30833,726
22.31667,701
22.32500,677
22.33333,654
22.34167,633
22.35000,612
22.35833,592
22.36667,573
22.37500,555
22.38333,537
22.39167,521
22.40000,506
22.40833,491
22.41667,478
22.42500,465
22.43333,454
22.44167,443
22.45000,432
22.45833,423
22.46667,414
22.47500,406
22.48333,398
22.49167,392
22.50000,385
22.50833,380
22.51667,374
22.52500,370
22.53333,365
22.54167,362
22.55000,358
22.55833,355
22.56667,352
22.57500,350
22.58333,348
22.59167,347
22.60000,346
22.60833,345
22.61667,345
22.62500,345
22.63333,345
22.64167,345
22.65000,346
22.65833,347
22.66667,349
22.67500,350
22.68333,352
22.69167,355
22.70000,357
22.70833,360
22.71667,363
22.72500,366
22.73333,370
22.74167,374
22.75000,378
22.75833,383
22.76667,388
22.77500,393
22.78333,398
22.79167,403
22.80000,408
22.80833,413
22.81667,418
22.82500,424
22.83333,429
22.84167,435
22.85000,440
22.85833,446
22.86667,452
22.87500,458
22.88333,463
22.89167,469
22.90000,474
22.90833,480
22.91667,486
22.92500,491
22.93333,497
22.94167,503
22.95000,508
22.95833,513
22.96667,518
22.97500,523
22.98333,529
22.99167,533
23.00000,538
23.00833,542
23.01667,546
23.02500,550
23.03333,553
23.04167,557
23.05000,560
23.05833,564
23.06667,567
23.07500,570
23.08333,573
23.09167,575
23.10000,578
23.10833,580
23.11667,582
23.12500,583
23.13333,585
23.14167,586
23.15000,587
23.15833,588
23.16667,588
23.17500,588
23.18333,588
23.19167,587
23.20000,587
23.20833,586
23.21667,584
23.22500,583
23.23333,582
23.24167,580
23.25000,578
23.25833,576
23.26667,573
23.27500,570
23.28333,568
23.29167,565
23.30000,562
23.30833,558
23.31667,555
23.32500,551
23.33333,547
23.34167,543
23.35000,539
23.35833,535
23.36667,531
23.37500,527
23.38333,523
23.39167,518
23.40000,513
23.40833,509
23.41667,505
23.42500,501
23.43333,496
23.44167,492
23.45000,488
23.45833,483
23.46667,479
23.47500,475
23.48333,472
23.49167,468
23.50000,465
23.50833,461
23.51667,458
23.52500,455
23.53333,452
23.54167,448
23.55000,445
23.55833,442
23.56667,439
23.57500,436
23.58333,434
23.59167,431
23.60000,429
23.60833,427
23.61667,425
23.62500,423
23.63333,421
23.64167,419
23.65000,417
23.65833,416
23.66667,414
23.67500,413
23.68333,411
23.69167,410
23.70000,409
23.70833,407
23.71667,405
23.72500,404
23.73333,402
23.74167,401
23.75000,400
23.75833,399
23.76667,398
23.77500,396
23.78333,395
23.79167,394
23.80000,393
23.80833,392
23.81667,390
23.82500,389
23.83333,388
23.84167,387
23.85000,386
23.85833,384
23.86667,383
23.87500,382
23.88333,381
23.89167,379
23.90000,378
23.90833,377
23.91667,376
23.92500,375
23.93333,374
23.94167,373
23.95000,372
23.95833,371
23.96667,370
23.97500,369
23.98333,367
23.99167,366
24.00000,365
24.00833,363
24.01667,362
24.02500,360
24.03333,359
24.04167,358
24.05000,356
24.05833,355
24.06667,354
24.07500,353
24.08333,352
24.09167,351
24.10000,350
24.10833,348
24.11667,347
24.12500,346
24.13333,346
24.14167,345
24.15000,344
24.15833,342
24.16667,341
24.17500,340
24.18333,340
24.19167,339
24.20000,338
24.20833,337
24.21667,336
24.22500,335
24.23333,334
24.24167,333
24.25000,332
24.25833,332
24.26667,332
24.27500,332
24.28333,331
24.29167,331
24.30000,331
24.30833,331
24.31667,331
24.32500,332
24.33333,333
24.34167,334
24.35000,335
24.35833,337
24.36667,340
24.37500,342
24.38333,346
24.39167,349
24.40000,353
24.40833,358
24.41667,364
24.42500,370
24.43333,378
24.44167,386
24.45000,396
24.45833,406
24.46667,418
24.47500,432
24.48333,447
24.49167,463
24.50000,481
24.50833,501
24.51667,523
24.52500,547
24.53333,573
24.54167,601
24.55000,632
24.55833,664
24.56667,699
24.57500,736
24.58333,776
24.59167,819
24.60000,864
24.60833,911
24.61667,962
24.62500,1015
24.63333,1070
24.64167,1128
24.65000,1189
24.65833,1252
24.66667,1317
24.67500,1385
24.68333,1454
24.69167,1525
24.70000,1599
24.70833,1673
24.71667,1750
24.72500,1827
24.73333,1906
24.74167,1985
24.75000,2065
24.75833,2146
24.76667,2227
24.77500,2308
24.78333,2389
24.79167,2470
24.80000,2550
24.80833,2628
24.81667,2706
24.82500,2783
24.83333,2859
24.84167,2933
24.85000,3006
24.85833,3078
24.86667,3147
24.87500,3215
24.88333,3280
24.89167,3344
24.90000,3405
24.90833,3464
24.91667,3521
24.92500,3576
24.93333,3628
24.94167,3678
24.95000,3725
24.95833,3770
24.96667,3813
24.97500,3852
24.98333,3890
24.99167,3925
25.00000,3957
25.00833,3987
25.01667,4015
25.02500,4039
25.03333,4061
25.04167,4080
25.05000,4097
25.05833,4111
25.06667,4122
25.07500,4130
25.08333,4136
25.09167,4138
25.10000,4138
25.10833,4135
25.11667,4128
25.12500,4119
25.13333,4106
25.14167,4090
25.15000,4071
25.15833,4049
25.16667,4023
25.17500,3994
25.18333,3962
25.19167,3927
25.20000,3890
25.20833,3849
25.21667,3805
25.22500,3759
25.23333,3709
25.24167,3657
25.25000,3602
25.25833,3545
25.26667,3485
25.27500,3422
25.28333,3358
25.29167,3291
25.30000,3224
25.30833,3154
25.31667,3083
25.32500,3010
25.33333,2936
25.34167,2862
25.35000,2787
25.35833,2711
25.36667,2636
25.37500,2560
25.38333,2485
25.39167,2409
25.40000,2334
25.40833,2260
25.41667,2186
25.42500,2113
25.43333,2041
25.44167,1970
25.45000,1901
25.45833,1832
25.46667,1766
25.47500,1700
25.48333,1636
25.49167,1574
25.50000,1514
25.50833,1455
25.51667,1398
25.52500,1344
25.53333,1291
25.54167,1240
25.55000,1191
25.55833,1144
25.56667,1099
25.57500,1056
25.58333,1015
25.59167,975
25.60000,937
25.60833,901
25.61667,867
25.62500,835
25.63333,804
25.64167,775
25.65000,747
25.65833,721
25.66667,696
25.67500,673
25.68333,650
25.69167,629
25.70000,608
25.70833,590
25.71667,572
25.72500,555
25.73333,539
25.74167,524
25.75000,510
25.75833,497
25.76667,485
25.77500,472
25.78333,461
25.79167,450
25.80000,439
25.80833,429
25.81667,420
25.82500,411
25.83333,403
25.84167,395
25.85000,387
25.85833,380
25.86667,372
25.87500,365
25.88333,358
25.89167,351
25.90000,344
25.90833,338
25.91667,332
25.92500,326
25.93333,320
25.94167,315
25.95000,309
25.95833,304
25.96667,299
25.97500,294
25.98333,289
25.99167,284
26.00000,279
26.00833,274
26.01667,269
26.02500,264
26.03333,259
26.04167,254
26.05000,250
26.05833,245
26.06667,240
26.07500,236
26.08333,232
26.09167,228
26.10000,224
26.10833,220
26.11667,216
26.12500,213
26.13333,210
26.14167,206
26.15000,203
26.15833,199
26.16667,196
26.17500,193
26.18333,189
26.19167,186
26.20000,183
26.20833,181
26.21667,178
26.22500,176
26.23333,173
26.24167,171
26.25000,169
26.25833,166
26.26667,164
26.27500,161
26.28333,159
26.29167,157
26.30000,156
26.30833,154
26.31667,153
26.32500,151
26.33333,150
26.34167,148
26.35000,147
26.35833,146
26.36667,145
26.37500,144
26.38333,143
26.39167,143
26.40000,142
26.40833,142
26.41667,141
26.42500,141
26.43333,141
26.44167,140
26.45000,140
26.45833,139
26.46667,139
26.47500,138
26.48333,138
26.49167,138
26.50000,137
26.50833,137
26.51667,137
26.52500,137
26.53333,138
26.54167,138
26.55000,138
26.55833,138
26.56667,138
26.57500,138
26.58333,138
26.59167,139
26.60000,139
26.60833,139
26.61667,139
26.62500,140
26.63333,140
26.64167,140
26.65000,141
26.65833,141
26.66667,141
26.67500,141
26.68333,141
26.69167,141
26.70000,141
26.70833,142
26.71667,142
26.72500,142
26.73333,142
26.74167,143
26.75000,143
26.75833,143
26.76667,143
26.77500,143
26.78333,144
26.79167,144
26.80000,144
26.80833,144
26.81667,144
26.82500,145
26.83333,145
26.84167,145
26.85000,145
26.85833,145
26.86667,145
26.87500,146
26.88333,146
26.89167,147
26.90000,147
26.90833,147
26.91667,147
26.92500,148
26.93333,148
26.94167,148
26.95000,149
26.95833,149
26.96667,149
26.97500,149
26.98333,150
26.99167,150
27.00000,150
27.00833,150
27.01667,150
27.02500,150
27.03333,151
27.04167,151
27.05000,151
27.05833,151
27.06667,151
27.07500,151
27.08333,151
27.09167,151
27.10000,151
27.10833,151
27.11667,151
27.12500,151
27.13333,151
27.14167,151
27.15000,151
27.15833,151
27.16667,151
27.17500,151
27.18333,151
27.19167,151
27.20000,151
27.20833,151
27.21667,151
27.22500,151
27.23333,151
27.24167,150
27.25000,150
27.25833,150
27.26667,150
27.27500,150
27.28333,150
27.29167,150
27.30000,150
27.30833,150
27.31667,150
27.32500,149
27.33333,149
27.34167,149
27.35000,148
27.35833,148
27.36667,148
27.37500,148
27.38333,147
27.39167,147
27.40000,146
27.40833,146
27.41667,145
27.42500,145
27.43333,145
27.44167,144
27.45000,144
27.45833,143
27.46667,143
27.47500,142
27.48333,142
27.49167,141
27.50000,140
27.50833,139
27.51667,139
27.52500,138
27.53333,137
27.54167,136
27.55000,136
27.55833,135
27.56667,134
27.57500,134
27.58333,133
27.59167,133
27.60000,132
27.60833,131
27.61667,130
27.62500,128
27.63333,127
27.64167,127
27.65000,126
27.65833,125
27.66667,124
27.67500,123
27.68333,122
27.69167,121
27.70000,120
27.70833,120
27.71667,119
27.72500,118
27.73333,117
27.74167,116
27.75000,115
27.75833,114
27.76667,114
27.77500,113
27.78333,112
27.79167,111
27.80000,110
27.80833,110
27.81667,109
27.82500,109
27.83333,108
27.84167,107
27.85000,106
27.85833,105
27.86667,105
27.87500,104
27.88333,103
27.89167,103
27.90000,103
27.90833,103
27.91667,103
27.92500,102
27.93333,102
27.94167,102
27.95000,102
27.95833,101
27.96667,101
27.97500,102
27.98333,102
27.99167,102
28.00000,102
28.00833,102
28.01667,102
28.02500,102
28.03333,102
28.04167,102
28.05000,102
28.05833,102
28.06667,102
28.07500,101
28.08333,101
28.09167,102
28.10000,102
28.10833,102
28.11667,103
28.12500,103
28.13333,103
28.14167,104
28.15000,104
28.15833,104
28.16667,105
28.17500,105
28.18333,105
28.19167,106
28.20000,106
28.20833,106
28.21667,107
28.22500,107
28.23333,108
28.24167,109
28.25000,110
28.25833,110
28.26667,110
28.27500,111
28.28333,111
28.29167,112
28.30000,113
28.30833,114
28.31667,115
28.32500,116
28.33333,117
28.34167,118
28.35000,120
28.35833,122
28.36667,124
28.37500,126
28.38333,128
28.39167,131
28.40000,134
28.40833,137
28.41667,141
28.42500,145
28.43333,149
28.44167,153
28.45000,158
28.45833,164
28.46667,170
28.47500,176
28.48333,184
28.49167,192
28.50000,201
28.50833,211
28.51667,222
28.52500,233
28.53333,246
28.54167,259
28.55000,274
28.55833,289
28.56667,306
28.57500,324
28.58333,343
28.59167,363
28.60000,384
28.60833,408
28.61667,432
28.62500,457
28.63333,484
28.64167,513
28.65000,543
28.65833,575
28.66667,608
28.67500,642
28.68333,678
28.69167,715
28.70000,754
28.70833,794
28.71667,835
28.72500,878
28.73333,922
28.74167,968
28.75000,1015
28.75833,1063
28.76667,1112
28.77500,1162
28.78333,1213
28.79167,1264
28.80000,1317
28.80833,1370
28.81667,1423
28.82500,1477
28.83333,1531
28.84167,1585
28.85000,1640
28.85833,1694
28.86667,1749
28.87500,1803
28.88333,1857
28.89167,1910
28.90000,1962
28.90833,2014
28.91667,2066
28.92500,2116
28.93333,2165
28.94167,2213
28.95000,2260
28.95833,2306
28.96667,2350
28.97500,2394
28.98333,2436
28.99167,2476
29.00000,2515
29.00833,2552
29.01667,2588
29.02500,2622
29.03333,2654
29.04167,2684
29.05000,2713
29.05833,2740
29.06667,2766
29.07500,2789
29.08333,2811
29.09167,2832
29.10000,2851
29.10833,2868
29.11667,2884
29.12500,2898
29.13333,2910
29.14167,2921
29.15000,2931
29.15833,2939
29.16667,2945
29.17500,2950
29.18333,2953
29.19167,2956
29.20000,2956
29.20833,2955
29.21667,2953
29.22500,2949
29.23333,2944
29.24167,2938
29.25000,2930
29.25833,2920
29.26667,2909
29.27500,2898
29.28333,2884
29.29167,2869
29.30000,2853
29.30833,2835
29.31667,2816
29.32500,2795
29.33333,2773
29.34167,2750
29.35000,2725
29.35833,2699
29.36667,2671
29.37500,2641
29.38333,2611
29.39167,2579
29.40000,2545
29.40833,2510
29.41667,2474
29.42500,2437
29.43333,2399
29.44167,2359
29.45000,2318
29.45833,2277
29.46667,2235
29.47500,2192
29.48333,2148
29.49167,2104
29.50000,2058
29.50833,2012
29.51667,1965
29.52500,1919
29.53333,1871
29.54167,1823
29.55000,1775
29.55833,1727
29.56667,1679
29.57500,1631
29.58333,1583
29.59167,1535
29.60000,1487
29.60833,1440
29.61667,1393
29.62500,1347
29.63333,1301
29.64167,1255
29.65000,1211
29.65833,1167
29.66667,1124
29.67500,1082
29.68333,1041
29.69167,1001
29.70000,962
29.70833,924
29.71667,886
29.72500,850
29.73333,814
29.74167,780
29.75000,746
29.75833,714
29.76667,683
29.77500,654
29.78333,625
29.79167,597
29.80000,570
29.80833,544
29.81667,520
29.82500,496
29.83333,473
29.84167,452
29.85000,431
29.85833,411
29.86667,393
29.87500,375
29.88333,358
29.89167,342
29.90000,327
29.90833,312
29.91667,298
29.92500,285
29.93333,272
29.94167,260
29.95000,248
29.95833,238
29.96667,228
29.97500,218
29.98333,209
29.99167,200
30.00000,192
30.00833,184
30.01667,176
30.02500,169
30.03333,162
30.04167,155
30.05000,149
30.05833,143
30.06667,138
30.07500,132
30.08333,127
30.09167,122
30.10000,117
30.10833,112
30.11667,108
30.12500,103
30.13333,99
30.14167,95
30.15000,91
30.15833,87
30.16667,83
30.17500,79
30.18333,75
30.19167,71
30.20000,67
30.20833,63
30.21667,60
30.22500,57
30.23333,54
30.24167,51
30.25000,47
30.25833,44
30.26667,41
30.27500,38
30.28333,36
30.29167,33
30.30000,30
30.30833,27
30.31667,24
30.32500,21
30.33333,18
30.34167,15
30.35000,12
30.35833,10
30.36667,7
30.37500,4
30.38333,2
30.39167,-1
30.40000,-3
30.40833,-4
30.41667,-6
30.42500,-8
30.43333,-9
30.44167,-11
30.45000,-13
30.45833,-14
30.46667,-16
30.47500,-17
30.48333,-18
30.49167,-19
30.50000,-20
30.50833,-21
30.51667,-21
30.52500,-21
30.53333,-22
30.54167,-22
30.55000,-22
30.55833,-22
30.56667,-21
30.57500,-21
30.58333,-21
30.59167,-21
30.60000,-20
30.60833,-20
30.61667,-19
30.62500,-18
30.63333,-17
30.64167,-16
30.65000,-14
30.65833,-13
30.66667,-11
30.67500,-9
30.68333,-8
30.69167,-6
30.70000,-4
30.70833,-2
30.71667,0
30.72500,2
30.73333,5
30.74167,8
30.75000,10
30.75833,13
30.76667,16
30.77500,19
30.78333,22
30.79167,25
30.80000,29
30.80833,32
30.81667,35
30.82500,38
30.83333,41
30.84167,45
30.85000,48
30.85833,51
30.86667,55
30.87500,58
30.88333,62
30.89167,65
30.90000,69
30.90833,72
30.91667,76
30.92500,80
30.93333,84
30.94167,87
30.95000,91
30.95833,94
30.96667,97
30.97500,101
30.98333,104
30.99167,108
31.00000,111
31.00833,115
31.01667,118
31.02500,121
31.03333,124
31.04167,126
31.05000,129
31.05833,132
31.06667,135
31.07500,138
31.08333,141
31.09167,143
31.10000,146
31.10833,148
31.11667,151
31.12500,153
31.13333,155
31.14167,157
31.15000,159
31.15833,161
31.16667,163
31.17500,164
31.18333,166
31.19167,167
31.20000,168
31.20833,169
31.21667,170
31.22500,170
31.23333,171
31.24167,172
31.25000,173
31.25833,174
31.26667,174
31.27500,175
31.28333,175
31.29167,176
31.30000,176
31.30833,176
31.31667,176
31.32500,175
31.33333,175
31.34167,174
31.35000,174
31.35833,174
31.36667,174
31.37500,174
31.38333,173
31.39167,173
31.40000,172
31.40833,172
31.41667,171
31.42500,171
31.43333,170
31.44167,169
31.45000,168
31.45833,168
31.46667,167
31.47500,166
31.48333,166
31.49167,165
31.50000,165
31.50833,164
31.51667,164
31.52500,163
31.53333,163
31.54167,162
31.55000,162
31.55833,162
31.56667,162
31.57500,162
31.58333,162
31.59167,163
31.60000,164
31.60833,165
31.61667,166
31.62500,166
31.63333,167
31.64167,169
31.65000,170
31.65833,172
31.66667,173
31.67500,175
31.68333,177
31.69167,179
31.70000,181
31.70833,184
31.71667,188
31.72500,191
31.73333,195
31.74167,198
31.75000,202
31.75833,205
31.76667,209
31.77500,214
31.78333,218
31.79167,223
31.80000,228
31.80833,233
31.81667,238
31.82500,244
31.83333,249
31.84167,254
31.85000,260
31.85833,266
31.86667,272
31.87500,278
31.88333,285
31.89167,291
31.90000,298
31.90833,305
31.91667,311
31.92500,318
31.93333,325
31.94167,332
31.95000,339
31.95833,346
31.96667,353
31.97500,359
31.98333,366
31.99167,373
32.00000,380
32.00833,386
32.01667,393
32.02500,399
32.03333,406
32.04167,412
32.05000,419
32.05833,425
32.06667,431
32.07500,437
32.08333,442
32.09167,448
32.10000,454
32.10833,459
32.11667,464
32.12500,470
32.13333,475
32.14167,481
32.15000,485
32.15833,490
32.16667,495
32.17500,499
32.18333,503
32.19167,507
32.20000,511
32.20833,514
32.21667,518
32.22500,521
32.23333,524
32.24167,528
32.25000,531
32.25833,533
32.26667,536
32.27500,539
32.28333,541
32.29167,544
32.30000,545
32.30833,547
32.31667,548
32.32500,550
32.33333,551
32.34167,552
32.35000,553
32.35833,553
32.36667,554
32.37500,554
32.38333,554
32.39167,554
32.40000,553
32.40833,553
32.41667,552
32.42500,551
32.43333,550
32.44167,549
32.45000,548
32.45833,546
32.46667,544
32.47500,542
32.48333,539
32.49167,537
32.50000,534
32.50833,532
32.51667,529
32.52500,525
32.53333,522
32.54167,519
32.55000,516
32.55833,512
32.56667,508
32.57500,503
32.58333,499
32.59167,495
32.60000,490
32.60833,486
32.61667,481
32.62500,477
32.63333,472
32.64167,468
32.65000,463
32.65833,458
32.66667,454
32.67500,449
32.68333,444
32.69167,440
32.70000,435
32.70833,430
32.71667,425
32.72500,421
32.73333,417
32.74167,413
32.75000,409
32.75833,404
32.76667,400
32.77500,396
32.78333,392
32.79167,388
32.80000,384
32.80833,381
32.81667,377
32.82500,374
32.83333,371
32.84167,369
32.85000,366
32.85833,363
32.86667,361
32.87500,359
32.88333,356
32.89167,354
32.90000,353
32.90833,351
32.91667,349
32.92500,348
32.93333,347
32.94167,346
32.95000,345
32.95833,343
32.96667,342
32.97500,342
32.98333,341
32.99167,340
33.00000,340
33.00833,340
33.01667,340
33.02500,340
33.03333,340
33.04167,340
33.05000,340
33.05833,341
33.06667,340
33.07500,340
33.08333,340
33.09167,340
33.10000,341
33.10833,341
33.11667,341
33.12500,341
33.13333,341
33.14167,342
33.15000,342
33.15833,342
33.16667,343
33.17500,343
33.18333,343
33.19167,343
33.20000,343
33.20833,343
33.21667,343
33.22500,342
33.23333,342
33.24167,342
33.25000,341
33.25833,341
33.26667,341
33.27500,340
33.28333,340
33.29167,339
33.30000,338
33.30833,337
33.31667,336
33.32500,335
33.33333,334
33.34167,333
33.35000,332
33.35833,331
33.36667,329
33.37500,328
33.38333,326
33.39167,324
33.40000,323
33.40833,321
33.41667,319
33.42500,317
33.43333,316
33.44167,314
33.45000,312
33.45833,310
33.46667,308
33.47500,306
33.48333,304
33.49167,302
33.50000,299
33.50833,297
33.51667,294
33.52500,292
33.53333,289
33.54167,287
33.55000,284
33.55833,282
33.56667,279
33.57500,277
33.58333,274
33.59167,271
33.60000,267
33.60833,264
33.61667,261
33.62500,257
33.63333,254
33.64167,251
33.65000,247
33.65833,244
33.66667,242
33.67500,239
33.68333,235
33.69167,232
33.70000,228
33.70833,225
33.71667,222
33.72500,219
33.73333,216
33.74167,213
33.75000,209
33.75833,206
33.76667,202
33.77500,198
33.78333,195
33.79167,192
33.80000,188
33.80833,185
33.81667,181
33.82500,178
33.83333,175
33.84167,171
33.85000,168
33.85833,165
33.86667,162
33.87500,159
33.88333,155
33.89167,152
33.90000,148
33.90833,145
33.91667,142
33.92500,139
33.93333,137
33.94167,134
33.95000,130
33.95833,127
33.96667,124
33.97500,121
33.98333,119
33.99167,116
34.00000,113
34.00833,111
34.01667,108
34.02500,105
34.03333,103
34.04167,101
34.05000,99
34.05833,97
34.06667,95
34.07500,92
34.08333,90
34.09167,88
34.10000,86
34.10833,84
34.11667,82
34.12500,81
34.13333,79
34.14167,77
34.15000,75
34.15833,74
34.16667,72
34.17500,70
34.18333,69
34.19167,68
34.20000,67
34.20833,65
34.21667,64
34.22500,63
34.23333,61
34.24167,60
34.25000,59
34.25833,58
34.26667,56
34.27500,55
34.28333,54
34.29167,53
34.30000,52
34.30833,51
34.31667,50
34.32500,49
34.33333,48
34.34167,47
34.35000,47
34.35833,46
34.36667,45
34.37500,45
34.38333,45
34.39167,44
34.40000,44
34.40833,43
34.41667,42
34.42500,42
34.43333,41
34.44167,40
34.45000,40
34.45833,39
34.46667,39
34.47500,38
34.48333,38
34.49167,37
34.50000,36
34.50833,36
34.51667,35
34.52500,35
34.53333,35
34.54167,34
34.55000,34
34.55833,33
34.56667,32
34.57500,32
34.58333,32
34.59167,31
34.60000,31
34.60833,31
34.61667,30
34.62500,30
34.63333,30
34.64167,30
34.65000,30
34.65833,29
34.66667,29
34.67500,29
34.68333,30
34.69167,30
34.70000,29
34.70833,29
34.71667,28
34.72500,28
34.73333,28
34.74167,28
34.75000,27
34.75833,27
34.76667,27
34.77500,26
34.78333,26
34.79167,26
34.80000,26
34.80833,26
34.81667,26
34.82500,26
34.83333,26
34.84167,26
34.85000,25
34.85833,25
34.86667,25
34.87500,25
34.88333,24
34.89167,24
34.90000,24
34.90833,24
34.91667,24
34.92500,24
34.93333,23
34.94167,23
34.95000,23
34.95833,23
34.96667,23
34.97500,23
34.98333,23
34.99167,23
35.00000,22
35.00833,22
35.01667,22
35.02500,22
35.03333,22
35.04167,22
35.05000,22
35.05833,22
35.06667,23
35.07500,22
35.08333,22
35.09167,22
35.10000,22
35.10833,22
35.11667,23
35.12500,23
35.13333,23
35.14167,23
35.15000,23
35.15833,23
35.16667,23
35.17500,23
35.18333,23
35.19167,23
35.20000,23
35.20833,23
35.21667,23
35.22500,24
35.23333,24
35.24167,24
35.25000,24
35.25833,24
35.26667,24
35.27500,23
35.28333,23
35.29167,23
35.30000,23
35.30833,23
35.31667,24
35.32500,24
35.33333,24
35.34167,24
35.35000,24
35.35833,25
35.36667,25
35.37500,25
35.38333,25
35.39167,25
35.40000,26
35.40833,26
35.41667,26
35.42500,26
35.43333,25
35.44167,25
35.45000,26
35.45833,26
35.46667,26
35.47500,27
35.48333,27
35.49167,27
35.50000,28
35.50833,28
35.51667,28
35.52500,28
35.53333,28
35.54167,28
35.55000,28
35.55833,28
35.56667,28
35.57500,28
35.58333,28
35.59167,28
35.60000,28
35.60833,28
35.61667,29
35.62500,29
35.63333,29
35.64167,29
35.65000,29
35.65833,29
35.66667,29
35.67500,29
35.68333,29
35.69167,30
35.70000,30
35.70833,30
35.71667,31
35.72500,31
35.73333,31
35.74167,32
35.75000,32
35.75833,32
35.76667,32
35.77500,32
35.78333,33
35.79167,33
35.80000,33
35.80833,33
35.81667,33
35.82500,33
35.83333,33
35.84167,33
35.85000,33
35.85833,34
35.86667,35
35.87500,35
35.88333,35
35.89167,35
35.90000,35
35.90833,35
35.91667,35
35.92500,36
35.93333,36
35.94167,36
35.95000,36
35.95833,36
35.96667,36
35.97500,37
35.98333,37
35.99167,37
36.00000,37
36.00833,38
36.01667,38
36.02500,38
36.03333,38
36.04167,38
36.05000,38
36.05833,39
36.06667,39
36.07500,39
36.08333,39
36.09167,39
36.10000,39
36.10833,40
36.11667,40
36.12500,41
36.13333,41
36.14167,41
36.15000,42
36.15833,42
36.16667,42
36.17500,42
36.18333,42
36.19167,43
36.20000,43
36.20833,43
36.21667,43
36.22500,43
36.23333,44
36.24167,44
36.25000,45
36.25833,45
36.26667,46
36.27500,46
36.28333,46
36.29167,47
36.30000,47
36.30833,48
36.31667,48
36.32500,48
36.33333,48
36.34167,48
36.35000,49
36.35833,49
36.36667,49
36.37500,50
36.38333,51
36.39167,51
36.40000,51
36.40833,51
36.41667,52
36.42500,52
36.43333,52
36.44167,52
36.45000,52
36.45833,52
36.46667,53
36.47500,54
36.48333,54
36.49167,55
36.50000,56
36.50833,56
36.51667,57
36.52500,57
36.53333,57
36.54167,57
36.55000,57
36.55833,58
36.56667,58
36.57500,58
36.58333,59
36.59167,59
36.60000,59
36.60833,60
36.61667,60
36.62500,61
36.63333,61
36.64167,61
36.65000,62
36.65833,62
36.66667,63
36.67500,64
36.68333,64
36.69167,65
36.70000,65
36.70833,66
36.71667,66
36.72500,67
36.73333,67
36.74167,67
36.75000,68
36.75833,69
36.76667,70
36.77500,70
36.78333,71
36.79167,71
36.80000,72
36.80833,72
36.81667,73
36.82500,73
36.83333,73
36.84167,74
36.85000,75
36.85833,75
36.86667,76
36.87500,76
36.88333,77
36.89167,77
36.90000,78
36.90833,78
36.91667,79
36.92500,79
36.93333,80
36.94167,80
36.95000,81
36.95833,82
36.96667,83
36.97500,84
36.98333,85
36.99167,85
37.00000,86
37.00833,86
37.01667,87
37.02500,88
37.03333,88
37.04167,89
37.05000,90
37.05833,90
37.06667,90
37.07500,91
37.08333,92
37.09167,92
37.10000,93
37.10833,94
37.11667,94
37.12500,95
37.13333,96
37.14167,97
37.15000,98
37.15833,99
37.16667,100
37.17500,100
37.18333,101
37.19167,102
37.20000,103
37.20833,104
37.21667,104
37.22500,105
37.23333,106
37.24167,107
37.25000,108
37.25833,109
37.26667,110
37.27500,111
37.28333,111
37.29167,112
37.30000,113
37.30833,113
37.31667,114
37.32500,115
37.33333,116
37.34167,116
37.35000,117
37.35833,118
37.36667,119
37.37500,120
37.38333,120
37.39167,121
37.40000,122
37.40833,123
37.41667,124
37.42500,125
37.43333,125
37.44167,126
37.45000,126
37.45833,127
37.46667,128
37.47500,128
37.48333,129
37.49167,130
37.50000,130
37.50833,131
37.51667,131
37.52500,132
37.53333,133
37.54167,133
37.55000,134
37.55833,135
37.56667,135
37.57500,135
37.58333,136
37.59167,136
37.60000,136
37.60833,137
37.61667,137
37.62500,138
37.63333,138
37.64167,138
37.65000,138
37.65833,138
37.66667,138
37.67500,138
37.68333,138
37.69167,138
37.70000,138
37.70833,139
37.71667,138
37.72500,138
37.73333,138
37.74167,138
37.75000,138
37.75833,137
37.76667,137
37.77500,137
37.78333,136
37.79167,136
37.80000,136
37.80833,136
37.81667,136
37.82500,135
37.83333,135
37.84167,134
37.85000,133
37.85833,132
37.86667,132
37.87500,131
37.88333,130
37.89167,130
37.90000,129
37.90833,129
37.91667,128
37.92500,128
37.93333,127
37.94167,127
37.95000,126
37.95833,125
37.96667,125
37.97500,124
37.98333,123
37.99167,122
38.00000,121
38.00833,120
38.01667,119
38.02500,118
38.03333,116
38.04167,115
38.05000,115
38.05833,114
38.06667,113
38.07500,112
38.08333,111
38.09167,110
38.10000,109
38.10833,108
38.11667,107
38.12500,106
38.13333,104
38.14167,103
38.15000,102
38.15833,101
38.16667,100
38.17500,99
38.18333,97
38.19167,96
38.20000,95
38.20833,94
38.21667,93
38.22500,91
38.23333,90
38.24167,89
38.25000,88
38.25833,86
38.26667,85
38.27500,83
38.28333,82
38.29167,81
38.30000,80
38.30833,79
38.31667,78
38.32500,77
38.33333,76
38.34167,74
38.35000,73
38.35833,71
38.36667,70
38.37500,69
38.38333,68
38.39167,67
38.40000,65
38.40833,64
38.41667,63
38.42500,61
38.43333,60
38.44167,59
38.45000,58
38.45833,57
38.46667,56
38.47500,55
38.48333,54
38.49167,53
38.50000,52
38.50833,50
38.51667,49
38.52500,48
38.53333,47
38.54167,46
38.55000,46
38.55833,45
38.56667,44
38.57500,43
38.58333,42
38.59167,41
38.60000,40
38.60833,39
38.61667,38
38.62500,37
38.63333,36
38.64167,35
38.65000,35
38.65833,34
38.66667,33
38.67500,32
38.68333,32
38.69167,31
38.70000,31
38.70833,31
38.71667,30
38.72500,30
38.73333,29
38.74167,28
38.75000,28
38.75833,27
38.76667,27
38.77500,26
38.78333,26
38.79167,25
38.80000,25
38.80833,24
38.81667,24
38.82500,23
38.83333,23
38.84167,23
38.85000,23
38.85833,22
38.86667,22
38.87500,22
38.88333,22
38.89167,21
38.90000,21
38.90833,21
38.91667,21
38.92500,20
38.93333,20
38.94167,20
38.95000,20
38.95833,20
38.96667,20
38.97500,20
38.98333,19
38.99167,19
39.00000,19
39.00833,19
39.01667,19
39.02500,19
39.03333,19
39.04167,19
39.05000,19
39.05833,19
39.06667,19
39.07500,19
39.08333,19
39.09167,19
39.10000,19
39.10833,20
39.11667,20
39.12500,20
39.13333,20
39.14167,20
39.15000,20
39.15833,20
39.16667,20
39.17500,20
39.18333,20
39.19167,20
39.20000,20
39.20833,20
39.21667,20
39.22500,20
39.23333,21
39.24167,21
39.25000,21
39.25833,21
39.26667,21
39.27500,20
39.28333,20
39.29167,21
39.30000,21
39.30833,21
39.31667,21
39.32500,21
39.33333,21
39.34167,21
39.35000,21
39.35833,21
39.36667,21
39.37500,21
39.38333,21
39.39167,21
39.40000,22
39.40833,22
39.41667,22
39.42500,22
39.43333,23
39.44167,23
39.45000,24
39.45833,24
39.46667,24
39.47500,24
39.48333,23
39.49167,24
39.50000,24
39.50833,24
39.51667,25
39.52500,25
39.53333,25
39.54167,26
39.55000,26
39.55833,26
39.56667,26
39.57500,26
39.58333,26
39.59167,26
39.60000,26
39.60833,26
39.61667,26
39.62500,26
39.63333,26
39.64167,26
39.65000,26
39.65833,26
39.66667,26
39.67500,26
39.68333,26
39.69167,26
39.70000,27
39.70833,27
39.71667,26
39.72500,27
39.73333,27
39.74167,27
39.75000,28
39.75833,28
39.76667,28
39.77500,28
39.78333,28
39.79167,28
39.80000,28
39.80833,29
39.81667,29
39.82500,29
39.83333,29
39.84167,29
39.85000,29
39.85833,29
39.86667,29
39.87500,29
39.88333,29
39.89167,29
39.90000,29
39.90833,29
39.91667,29
39.92500,30
39.93333,29
39.94167,29
39.95000,29
39.95833,29
39.96667,29
39.97500,29
39.98333,29
39.99167,29
40.00000,29
40.00833,30
40.01667,29
40.02500,29
40.03333,30
40.04167,30
40.05000,30
40.05833,30
40.06667,31
40.07500,31
40.08333,31
40.09167,31
40.10000,31
40.10833,30
40.11667,30
40.12500,30
40.13333,30
40.14167,30
40.15000,30
40.15833,30
40.16667,30
40.17500,30
40.18333,30
40.19167,31
40.20000,31
40.20833,31
40.21667,31
40.22500,31
40.23333,31
40.24167,31
40.25000,32
40.25833,32
40.26667,32
40.27500,32
40.28333,32
40.29167,33
40.30000,33
40.30833,33
40.31667,33
40.32500,33
40.33333,33
40.34167,33
40.35000,33
40.35833,33
40.36667,34
40.37500,34
40.38333,34
40.39167,34
40.40000,34
40.40833,34
40.41667,34
40.42500,34
40.43333,34
40.44167,34
40.45000,34
40.45833,34
40.46667,35
40.47500,35
40.48333,35
40.49167,36
40.50000,37
40.50833,37
40.51667,37
40.52500,37
40.53333,37
40.54167,38
40.55000,38
40.55833,39
40.56667,39
40.57500,39
40.58333,39
40.59167,39
40.60000,40
40.60833,40
40.61667,40
40.62500,41
40.63333,41
40.64167,41
40.65000,41
40.65833,42
40.66667,42
40.67500,43
40.68333,43
40.69167,43
40.70000,44
40.70833,44
40.71667,44
40.72500,45
40.73333,46
40.74167,46
40.75000,46
40.75833,46
40.76667,47
40.77500,48
40.78333,48
40.79167,49
40.80000,50
40.80833,50
40.81667,51
40.82500,51
40.83333,52
40.84167,52
40.85000,52
40.85833,53
40.86667,53
40.87500,54
40.88333,55
40.89167,56
40.90000,57
40.90833,57
40.91667,58
40.92500,58
40.93333,59
40.94167,60
40.95000,61
40.95833,62
40.96667,62
40.97500,64
40.98333,65
40.99167,65
41.00000,66
41.00833,67
41.01667,68
41.02500,69
41.03333,70
41.04167,70
41.05000,71
41.05833,71
41.06667,72
41.07500,73
41.08333,74
41.09167,76
41.10000,77
41.10833,78
41.11667,79
41.12500,79
41.13333,80
41.14167,81
41.15000,82
41.15833,83
41.16667,84
41.17500,85
41.18333,86
41.19167,87
41.20000,89
41.20833,90
41.21667,91
41.22500,92
41.23333,93
41.24167,94
41.25000,96
41.25833,97
41.26667,99
41.27500,100
41.28333,101
41.29167,102
41.30000,104
41.30833,105
41.31667,106
41.32500,107
41.33333,109
41.34167,110
41.35000,111
41.35833,112
41.36667,114
41.37500,115
41.38333,116
41.39167,118
41.40000,119
41.40833,121
41.41667,122
41.42500,123
41.43333,124
41.44167,126
41.45000,127
41.45833,129
41.46667,130
41.47500,131
41.48333,133
41.49167,134
41.50000,136
41.50833,137
41.51667,139
41.52500,140
41.53333,141
41.54167,143
41.55000,144
41.55833,146
41.56667,147
41.57500,148
41.58333,149
41.59167,151
41.60000,152
41.60833,154
41.61667,155
41.62500,157
41.63333,158
41.64167,160
41.65000,161
41.65833,163
41.66667,164
41.67500,166
41.68333,167
41.69167,169
41.70000,170
41.70833,171
41.71667,172
41.72500,173
41.73333,174
41.74167,175
41.75000,176
41.75833,177
41.76667,179
41.77500,180
41.78333,181
41.79167,182
41.80000,183
41.80833,184
41.81667,185
41.82500,187
41.83333,188
41.84167,190
41.85000,190
41.85833,191
41.86667,192
41.87500,194
41.88333,195
41.89167,196
41.90000,197
41.90833,197
41.91667,198
41.92500,199
41.93333,200
41.94167,201
41.95000,202
41.95833,203
41.96667,204
41.97500,204
41.98333,205
41.99167,206
42.00000,207
42.00833,207
42.01667,208
42.02500,208
42.03333,209
42.04167,210
42.05000,211
42.05833,211
42.06667,211
42.07500,212
42.08333,213
42.09167,213
42.10000,213
42.10833,214
42.11667,214
42.12500,215
42.13333,215
42.14167,216
42.15000,216
42.15833,216
42.16667,217
42.17500,217
42.18333,218
42.19167,218
42.20000,218
42.20833,218
42.21667,218
42.22500,219
42.23333,219
42.24167,219
42.25000,219
42.25833,218
42.26667,219
42.27500,219
42.28333,219
42.29167,219
42.30000,219
42.30833,219
42.31667,218
42.32500,218
42.33333,218
42.34167,218
42.35000,218
42.35833,218
42.36667,218
42.37500,218
42.38333,217
42.39167,217
42.40000,217
42.40833,216
42.41667,216
42.42500,215
42.43333,214
42.44167,214
42.45000,213
42.45833,213
42.46667,212
42.47500,212
42.48333,212
42.49167,211
42.50000,211
42.50833,210
42.51667,209
42.52500,209
42.53333,208
42.54167,208
42.55000,207
42.55833,207
42.56667,206
42.57500,205
42.58333,204
42.59167,204
42.60000,203
42.60833,203
42.61667,202
42.62500,202
42.63333,201
42.64167,200
42.65000,200
42.65833,199
42.66667,198
42.67500,197
42.68333,196
42.69167,195
42.70000,194
42.70833,194
42.71667,193
42.72500,192
42.73333,192
42.74167,191
42.75000,190
42.75833,189
42.76667,188
42.77500,187
42.78333,186
42.79167,185
42.80000,184
42.80833,183
42.81667,182
42.82500,181
42.83333,180
42.84167,180
42.85000,179
42.85833,178
42.86667,176
42.87500,175
42.88333,174
42.89167,173
42.90000,172
42.90833,171
42.91667,170
42.92500,169
42.93333,168
42.94167,168
42.95000,167
42.95833,166
42.96667,165
42.97500,163
42.98333,162
42.99167,162
43.00000,161
43.00833,160
43.01667,159
43.02500,158
43.03333,156
43.04167,155
43.05000,154
43.05833,153
43.06667,152
43.07500,151
43.08333,150
43.09167,149
43.10000,148
43.10833,147
43.11667,146
43.12500,145
43.13333,144
43.14167,143
43.15000,142
43.15833,141
43.16667,140
43.17500,139
43.18333,138
43.19167,137
43.20000,136
43.20833,135
43.21667,133
43.22500,132
43.23333,131
43.24167,130
43.25000,129
43.25833,128
43.26667,126
43.27500,125
43.28333,124
43.29167,123
43.30000,122
43.30833,122
43.31667,121
43.32500,120
43.33333,119
43.34167,118
43.35000,117
43.35833,117
43.36667,116
43.37500,115
43.38333,114
43.39167,113
43.40000,112
43.40833,112
43.41667,111
43.42500,110
43.43333,109
43.44167,108
43.45000,107
43.45833,106
43.46667,105
43.47500,104
43.48333,103
43.49167,102
43.50000,101
43.50833,100
43.51667,99
43.52500,98
43.53333,97
43.54167,96
43.55000,95
43.55833,94
43.56667,93
43.57500,92
43.58333,91
43.59167,91
43.60000,90
43.60833,90
43.61667,89
43.62500,89
43.63333,88
43.64167,87
43.65000,86
43.65833,85
43.66667,84
43.67500,83
43.68333,82
43.69167,81
43.70000,80
43.70833,79
43.71667,78
43.72500,78
43.73333,77
43.74167,76
43.75000,75
43.75833,75
43.76667,74
43.77500,73
43.78333,72
43.79167,72
43.80000,71
43.80833,70
43.81667,70
43.82500,69
43.83333,68
43.84167,68
43.85000,67
43.85833,66
43.86667,65
43.87500,65
43.88333,64
43.89167,63
43.90000,62
43.90833,61
43.91667,61
43.92500,60
43.93333,59
43.94167,59
43.95000,58
43.95833,58
43.96667,57
43.97500,57
43.98333,56
43.99167,56
44.00000,55
44.00833,55
44.01667,54
44.02500,53
44.03333,52
44.04167,51
44.05000,51
44.05833,50
44.06667,50
44.07500,49
44.08333,49
44.09167,49
44.10000,48
44.10833,47
44.11667,47
44.12500,46
44.13333,45
44.14167,45
44.15000,44
44.15833,44
44.16667,43
44.17500,42
44.18333,42
44.19167,41
44.20000,41
44.20833,41
44.21667,40
44.22500,39
44.23333,39
44.24167,38
44.25000,38
44.25833,37
44.26667,37
44.27500,36
44.28333,36
44.29167,35
44.30000,35
44.30833,35
44.31667,35
44.32500,35
44.33333,34
44.34167,34
44.35000,33
44.35833,33
44.36667,32
44.37500,32
44.38333,31
44.39167,31
44.40000,30
44.40833,30
44.41667,29
44.42500,29
44.43333,28
44.44167,27
44.45000,27
44.45833,27
44.46667,27
44.47500,26
44.48333,26
44.49167,26
44.50000,26
44.50833,26
44.51667,25
44.52500,25
44.53333,25
44.54167,25
44.55000,25
44.55833,24
44.56667,24
44.57500,23
44.58333,23
44.59167,23
44.60000,23
44.60833,23
44.61667,23
44.62500,22
44.63333,22
44.64167,22
44.65000,22
44.65833,21
44.66667,21
44.67500,21
44.68333,21
44.69167,21
44.70000,21
44.70833,20
44.71667,20
44.72500,19
44.73333,19
44.74167,19
44.75000,19
44.75833,18
44.76667,18
44.77500,18
44.78333,18
44.79167,17
44.80000,17
44.80833,17
44.81667,17
44.82500,17
44.83333,17
44.84167,16
44.85000,16
44.85833,16
44.86667,16
44.87500,16
44.88333,16
44.89167,16
44.90000,16
44.90833,15
44.91667,15
44.92500,15
44.93333,16
44.94167,16
44.95000,16
44.95833,16
44.96667,16
44.97500,16
44.98333,16
44.99167,16
45.00000,16
45.00833,16
45.01667,16
45.02500,16
45.03333,16
45.04167,16
45.05000,16
45.05833,16
45.06667,16
45.07500,16
45.08333,16
45.09167,16
45.10000,16
45.10833,16
45.11667,16
45.12500,16
45.13333,16
45.14167,16
45.15000,16
45.15833,16
45.16667,16
45.17500,17
45.18333,17
45.19167,17
45.20000,17
45.20833,17
45.21667,17
45.22500,17
45.23333,17
45.24167,17
45.25000,17
45.25833,18
45.26667,18
45.27500,18
45.28333,18
45.29167,19
45.30000,19
45.30833,19
45.31667,19
45.32500,19
45.33333,19
45.34167,18
45.35000,18
45.35833,18
45.36667,19
45.37500,19
45.38333,19
45.39167,19
45.40000,19
45.40833,19
45.41667,19
45.42500,19
45.43333,18
45.44167,18
45.45000,18
45.45833,19
45.46667,19
45.47500,19
45.48333,19
45.49167,19
45.50000,19
45.50833,19
45.51667,20
45.52500,20
45.53333,20
45.54167,20
45.55000,20
45.55833,20
45.56667,20
45.57500,21
45.58333,21
45.59167,21
45.60000,21
45.60833,21
45.61667,21
45.62500,21
45.63333,21
45.64167,21
45.65000,21
45.65833,21
45.66667,21
45.67500,20
45.68333,20
45.69167,20
45.70000,20
45.70833,20
45.71667,20
45.72500,20
45.73333,20
45.74167,20
45.75000,20
45.75833,20
45.76667,20
45.77500,20
45.78333,20
45.79167,20
45.80000,20
45.80833,20
45.81667,20
45.82500,20
45.83333,21
45.84167,21
45.85000,21
45.85833,21
45.86667,21
45.87500,20
45.88333,20
45.89167,20
45.90000,20
45.90833,20
45.91667,20
45.92500,20
45.93333,20
45.94167,19
45.95000,19
45.95833,19
45.96667,19
45.97500,18
45.98333,18
45.99167,18
46.00000,18
46.00833,18
46.01667,18
46.02500,18
46.03333,17
46.04167,17
46.05000,17
46.05833,17
46.06667,17
46.07500,16
46.08333,16
46.09167,16
46.10000,16
46.10833,16
46.11667,15
46.12500,15
46.13333,14
46.14167,14
46.15000,14
46.15833,14
46.16667,13
46.17500,13
46.18333,13
46.19167,13
46.20000,12
46.20833,12
46.21667,12
46.22500,12
46.23333,11
46.24167,11
46.25000,11
46.25833,10
46.26667,10
46.27500,9
46.28333,9
46.29167,9
46.30000,9
46.30833,8
46.31667,8
46.32500,8
46.33333,8
46.34167,7
46.35000,7
46.35833,7
46.36667,7
46.37500,7
46.38333,6
46.39167,6
46.40000,6
46.40833,5
46.41667,5
46.42500,4
46.43333,4
46.44167,3
46.45000,3
46.45833,3
46.46667,3
46.47500,3
46.48333,3
46.49167,3
46.50000,2
46.50833,2
46.51667,1
46.52500,1
46.53333,1
46.54167,1
46.55000,1
46.55833,1
46.56667,1
46.57500,0
46.58333,-0
46.59167,-0
46.60000,-1
46.60833,-1
46.61667,-2
46.62500,-2
46.63333,-2
46.64167,-3
46.65000,-3
46.65833,-3
46.66667,-3
46.67500,-3
46.68333,-3
46.69167,-3
46.70000,-3
46.70833,-3
46.71667,-3
46.72500,-3
46.73333,-3
46.74167,-4
46.75000,-4
46.75833,-4
46.76667,-5
46.77500,-5
46.78333,-5
46.79167,-5
46.80000,-5
46.80833,-5
46.81667,-5
46.82500,-5
46.83333,-5
46.84167,-5
46.85000,-6
46.85833,-6
46.86667,-6
46.87500,-6
46.88333,-6
46.89167,-7
46.90000,-7
46.90833,-6
46.91667,-6
46.92500,-5
46.93333,-5
46.94167,-5
46.95000,-5
46.95833,-5
46.96667,-5
46.97500,-4
46.98333,-4
46.99167,-4
47.00000,-4
47.00833,-4
47.01667,-3
47.02500,-3
47.03333,-3
47.04167,-3
47.05000,-3
47.05833,-3
47.06667,-3
47.07500,-3
47.08333,-2
47.09167,-2
47.10000,-1
47.10833,-1
47.11667,-0
47.12500,-0
47.13333,0
47.14167,1
47.15000,1
47.15833,1
47.16667,2
47.17500,3
47.18333,4
47.19167,5
47.20000,5
47.20833,6
47.21667,6
47.22500,7
47.23333,7
47.24167,8
47.25000,9
47.25833,9
47.26667,10
47.27500,11
47.28333,12
47.29167,12
47.30000,12
47.30833,13
47.31667,13
47.32500,14
47.33333,15
47.34167,16
47.35000,17
47.35833,18
47.36667,19
47.37500,19
47.38333,20
47.39167,21
47.40000,22
47.40833,23
47.41667,24
47.42500,24
47.43333,25
47.44167,26
47.45000,27
47.45833,27
47.46667,28
47.47500,29
47.48333,30
47.49167,31
47.50000,32
47.50833,33
47.51667,34
47.52500,35
47.53333,36
47.54167,36
47.55000,37
47.55833,38
47.56667,38
47.57500,39
47.58333,40
47.59167,41
47.60000,42
47.60833,42
47.61667,43
47.62500,44
47.63333,45
47.64167,45
47.65000,46
47.65833,47
47.66667,47
47.67500,48
47.68333,49
47.69167,49
47.70000,50
47.70833,51
47.71667,52
47.72500,53
47.73333,54
47.74167,54
47.75000,55
47.75833,55
47.76667,56
47.77500,56
47.78333,56
47.79167,56
47.80000,57
47.80833,58
47.81667,58
47.82500,59
47.83333,59
47.84167,60
47.85000,61
47.85833,61
47.86667,62
47.87500,63
47.88333,63
47.89167,64
47.90000,64
47.90833,64
47.91667,64
47.92500,65
47.93333,65
47.94167,66
47.95000,66
47.95833,67
47.96667,67
47.97500,67
47.98333,68
47.99167,69
48.00000,69
48.00833,70
48.01667,70
48.02500,70
48.03333,70
48.04167,70
48.05000,70
48.05833,70
48.06667,70
48.07500,70
48.08333,71
48.09167,71
48.10000,72
48.10833,72
48.11667,72
48.12500,72
48.13333,73
48.14167,73
48.15000,73
48.15833,73
48.16667,73
48.17500,74
48.18333,74
48.19167,74
48.20000,74
48.20833,75
48.21667,75
48.22500,75
48.23333,75
48.24167,75
48.25000,75
48.25833,76
48.26667,76
48.27500,76
48.28333,76
48.29167,76
48.30000,76
48.30833,76
48.31667,76
48.32500,76
48.33333,76
48.34167,76
48.35000,76
48.35833,77
48.36667,77
48.37500,77
48.38333,77
48.39167,78
48.40000,78
48.40833,77
48.41667,78
48.42500,78
48.43333,78
48.44167,78
48.45000,78
48.45833,78
48.46667,78
48.47500,78
48.48333,79
48.49167,79
48.50000,79
48.50833,79
48.51667,79
48.52500,80
48.53333,79
48.54167,79
48.55000,79
48.55833,79
48.56667,80
48.57500,80
48.58333,80
48.59167,80
48.60000,80
48.60833,80
48.61667,81
48.62500,81
48.63333,81
48.64167,81
48.65000,81
48.65833,81
48.66667,81
48.67500,81
48.68333,81
48.69167,81
48.70000,81
48.70833,81
48.71667,81
48.72500,81
48.73333,82
48.74167,82
48.75000,83
48.75833,83
48.76667,83
48.77500,84
48.78333,84
48.79167,84
48.80000,84
48.80833,84
48.81667,84
48.82500,84
48.83333,84
48.84167,84
48.85000,84
48.85833,84
48.86667,84
48.87500,84
48.88333,84
48.89167,85
48.90000,85
48.90833,85
48.91667,85
48.92500,85
48.93333,86
48.94167,86
48.95000,86
48.95833,86
48.96667,86
48.97500,86
48.98333,86
48.99167,86
49.00000,86
49.00833,86
49.01667,86
49.02500,86
49.03333,86
49.04167,86
49.05000,86
49.05833,87
49.06667,87
49.07500,87
49.08333,87
49.09167,87
49.10000,86
49.10833,86
49.11667,86
49.12500,86
49.13333,87
49.14167,87
49.15000,87
49.15833,87
49.16667,86
49.17500,86
49.18333,86
49.19167,86
49.20000,86
49.20833,86
49.21667,86
49.22500,86
49.23333,85
49.24167,85
49.25000,84
49.25833,84
49.26667,84
49.27500,84
49.28333,84
49.29167,83
49.30000,83
49.30833,83
49.31667,83
49.32500,83
49.33333,82
49.34167,82
49.35000,82
49.35833,82
49.36667,82
49.37500,82
49.38333,82
49.39167,82
49.40000,82
49.40833,81
49.41667,80
49.42500,80
49.43333,80
49.44167,79
49.45000,79
49.45833,79
49.46667,79
49.47500,79
49.48333,78
49.49167,78
49.50000,77
49.50833,76
49.51667,76
49.52500,76
49.53333,75
49.54167,75
49.55000,75
49.55833,74
49.56667,74
49.57500,73
49.58333,73
49.59167,72
49.60000,71
49.60833,71
49.61667,70
49.62500,69
49.63333,68
49.64167,67
49.65000,67
49.65833,67
49.66667,66
49.67500,65
49.68333,65
49.69167,64
49.70000,63
49.70833,63
49.71667,63
49.72500,62
49.73333,61
49.74167,60
49.75000,59
49.75833,58
49.76667,58
49.77500,57
49.78333,56
49.79167,56
49.80000,55
49.80833,55
49.81667,54
49.82500,53
49.83333,52
49.84167,52
49.85000,51
49.85833,51
49.86667,50
49.87500,49
49.88333,48
49.89167,47
49.90000,46
49.90833,45
49.91667,44
49.92500,44
49.93333,43
49.94167,42
49.95000,41
49.95833,40
49.96667,40
49.97500,39
49.98333,38
49.99167,37
50.00000,36

