[Header]
Application Name,LabSolutions
Version,5.97 SP1
Data File Name,C:\Users\cremerlab\Desktop\Richa\Oct_18th_2022_yield_expt\Oct 18th 2022 yield expt_10182022_001_005.lcd
Output Date,10/18/2022
Output Time,9:02:41 PM

[File Information]
Type,Data File
Generated,10/18/2022 8:12:23 PM
Generated by,System Administrator
Modified,10/18/2022 9:02:41 PM
Modified by,System Administrator

[Sample Information]
Operator Name,System Administrator
Acquired,10/18/2022 8:12:41 PM
Sample Type,0:Unknown
Level,0
Sample Name,101822_NCM_4
Sample ID,001
ISTD Amount1,1
ISTD Amount2,1
ISTD Amount3,1
ISTD Amount4,1
ISTD Amount5,1
ISTD Amount6,1
ISTD Amount7,1
ISTD Amount8,1
ISTD Amount9,1
ISTD Amount10,1
ISTD Amount11,1
ISTD Amount12,1
ISTD Amount13,1
ISTD Amount14,1
ISTD Amount15,1
ISTD Amount16,1
ISTD Amount17,1
ISTD Amount18,1
ISTD Amount19,1
ISTD Amount20,1
ISTD Amount21,1
ISTD Amount22,1
ISTD Amount23,1
ISTD Amount24,1
ISTD Amount25,1
ISTD Amount26,1
ISTD Amount27,1
ISTD Amount28,1
ISTD Amount29,1
ISTD Amount30,1
ISTD Amount31,1
ISTD Amount32,1
Sample Amount,1
Dilution Factor,1
Vial#,4
Injection Volume,20

[Original Files]
Data File,C:\Users\cremerlab\Desktop\Richa\Oct_18th_2022_yield_expt\Oct 18th 2022 yield expt_10182022_001_005.lcd
Method File,C:\Users\cremerlab\Desktop\Richa\acetate_excretion.lcm
Batch File,C:\Users\cremerlab\Desktop\Richa\Oct_18th_2022_yield_expt\Oct 18th 2022 yield expt.lcb
Report Format File,c:\LabSolutions\System\DEFAULT.lsr

[File Description]


[Configuration]
Instrument Name,HPLC-PC-Instrument1
Instrument #,1
Line #,1
# of Detectors,2
Detector ID,Detector A,Detector B
Detector Name,Detector A,Detector B
# of Channels,1,1

[Peak Table(Detector A)]
# of Peaks,0

[Peak Table(Detector B)]
# of Peaks,7
Peak#,R.Time,I.Time,F.Time,Area,Height,A/H,Conc.,Mark,ID#,Name,k',Plate #,Plate Ht.,Tailing,Resolution,Sep.Factor,Area Ratio,Height Ratio,Conc. %,Norm Conc.
1,11.030,10.558,12.633,2214131,114582,19.323,0.000,   ,,,0.000,7756,19.340,0.922,0.000,0.000,0,0,0.000,0.000
2,14.354,12.633,15.192,3710325,78091,47.513,0.000, V ,,,0.301,2450,61.236,0.652,4.002,0.000,0,0,0.000,0.000
3,15.772,15.192,18.133,1254700,41753,30.050,0.000, V ,,,0.430,6749,22.224,1.143,1.471,1.427,0,0,0.000,0.000
4,20.970,20.375,22.208,28558,642,44.506,0.000,   ,,,0.901,5890,25.469,1.501,5.586,2.096,0,0,0.000,0.000
5,23.135,22.408,24.008,67588,1859,36.351,0.000,   ,,,1.097,9232,16.248,1.023,2.106,1.218,0,0,0.000,0.000
6,25.085,24.275,26.233,197524,4945,39.948,0.000,   ,,,1.274,9159,16.378,1.050,1.939,1.161,0,0,0.000,0.000
7,32.373,30.792,33.467,54233,951,57.049,0.000,   ,,,1.935,8596,17.450,0.809,5.961,1.519,0,0,0.000,0.000

[LC Chromatogram(Detector B-Ch1)]
Interval(msec),500
# of Points,6001
Start Time(min),0.000
End Time(min),50.000
Intensity Units,mV
Intensity Multiplier,0.001
R.Time (min),Intensity
0.00000,0
0.00833,0
0.01667,0
0.02500,0
0.03333,0
0.04167,0
0.05000,0
0.05833,0
0.06667,0
0.07500,0
0.08333,1
0.09167,1
0.10000,1
0.10833,1
0.11667,1
0.12500,1
0.13333,1
0.14167,0
0.15000,0
0.15833,0
0.16667,0
0.17500,1
0.18333,1
0.19167,1
0.20000,1
0.20833,1
0.21667,1
0.22500,1
0.23333,1
0.24167,1
0.25000,1
0.25833,0
0.26667,-0
0.27500,-0
0.28333,-0
0.29167,-0
0.30000,-0
0.30833,-0
0.31667,-0
0.32500,0
0.33333,0
0.34167,0
0.35000,0
0.35833,0
0.36667,0
0.37500,0
0.38333,0
0.39167,0
0.40000,0
0.40833,0
0.41667,1
0.42500,1
0.43333,1
0.44167,1
0.45000,1
0.45833,1
0.46667,1
0.47500,1
0.48333,1
0.49167,1
0.50000,1
0.50833,0
0.51667,0
0.52500,0
0.53333,0
0.54167,0
0.55000,1
0.55833,1
0.56667,0
0.57500,1
0.58333,1
0.59167,0
0.60000,0
0.60833,-0
0.61667,-0
0.62500,-0
0.63333,-0
0.64167,0
0.65000,0
0.65833,0
0.66667,0
0.67500,0
0.68333,0
0.69167,0
0.70000,0
0.70833,0
0.71667,-0
0.72500,-1
0.73333,-1
0.74167,-1
0.75000,-0
0.75833,-0
0.76667,-1
0.77500,-1
0.78333,-1
0.79167,-1
0.80000,-1
0.80833,-1
0.81667,-1
0.82500,-1
0.83333,-1
0.84167,-1
0.85000,-1
0.85833,-1
0.86667,-1
0.87500,-1
0.88333,-1
0.89167,-2
0.90000,-2
0.90833,-2
0.91667,-2
0.92500,-2
0.93333,-2
0.94167,-2
0.95000,-2
0.95833,-2
0.96667,-2
0.97500,-2
0.98333,-2
0.99167,-2
1.00000,-1
1.00833,-1
1.01667,-1
1.02500,-1
1.03333,-2
1.04167,-2
1.05000,-2
1.05833,-2
1.06667,-2
1.07500,-2
1.08333,-2
1.09167,-2
1.10000,-1
1.10833,-1
1.11667,-1
1.12500,-1
1.13333,-2
1.14167,-2
1.15000,-3
1.15833,-3
1.16667,-4
1.17500,-4
1.18333,-4
1.19167,-4
1.20000,-4
1.20833,-4
1.21667,-4
1.22500,-4
1.23333,-4
1.24167,-4
1.25000,-4
1.25833,-4
1.26667,-3
1.27500,-3
1.28333,-3
1.29167,-3
1.30000,-3
1.30833,-3
1.31667,-3
1.32500,-4
1.33333,-4
1.34167,-4
1.35000,-5
1.35833,-5
1.36667,-5
1.37500,-6
1.38333,-6
1.39167,-5
1.40000,-5
1.40833,-5
1.41667,-5
1.42500,-5
1.43333,-5
1.44167,-5
1.45000,-5
1.45833,-6
1.46667,-6
1.47500,-6
1.48333,-5
1.49167,-5
1.50000,-5
1.50833,-6
1.51667,-6
1.52500,-6
1.53333,-6
1.54167,-6
1.55000,-5
1.55833,-5
1.56667,-6
1.57500,-6
1.58333,-6
1.59167,-6
1.60000,-6
1.60833,-6
1.61667,-6
1.62500,-6
1.63333,-6
1.64167,-5
1.65000,-5
1.65833,-5
1.66667,-5
1.67500,-6
1.68333,-6
1.69167,-6
1.70000,-6
1.70833,-7
1.71667,-7
1.72500,-7
1.73333,-7
1.74167,-6
1.75000,-6
1.75833,-6
1.76667,-6
1.77500,-6
1.78333,-6
1.79167,-6
1.80000,-6
1.80833,-6
1.81667,-6
1.82500,-6
1.83333,-6
1.84167,-6
1.85000,-6
1.85833,-5
1.86667,-5
1.87500,-5
1.88333,-6
1.89167,-6
1.90000,-6
1.90833,-6
1.91667,-5
1.92500,-5
1.93333,-5
1.94167,-5
1.95000,-6
1.95833,-6
1.96667,-7
1.97500,-6
1.98333,-6
1.99167,-6
2.00000,-6
2.00833,-6
2.01667,-6
2.02500,-6
2.03333,-6
2.04167,-6
2.05000,-6
2.05833,-6
2.06667,-5
2.07500,-6
2.08333,-6
2.09167,-7
2.10000,-7
2.10833,-8
2.11667,-8
2.12500,-8
2.13333,-8
2.14167,-8
2.15000,-8
2.15833,-7
2.16667,-7
2.17500,-7
2.18333,-7
2.19167,-7
2.20000,-7
2.20833,-7
2.21667,-7
2.22500,-7
2.23333,-7
2.24167,-6
2.25000,-6
2.25833,-6
2.26667,-6
2.27500,-6
2.28333,-6
2.29167,-6
2.30000,-6
2.30833,-6
2.31667,-6
2.32500,-6
2.33333,-7
2.34167,-7
2.35000,-7
2.35833,-6
2.36667,-7
2.37500,-7
2.38333,-7
2.39167,-7
2.40000,-7
2.40833,-7
2.41667,-7
2.42500,-7
2.43333,-7
2.44167,-7
2.45000,-7
2.45833,-7
2.46667,-7
2.47500,-6
2.48333,-7
2.49167,-7
2.50000,-7
2.50833,-6
2.51667,-6
2.52500,-6
2.53333,-6
2.54167,-6
2.55000,-6
2.55833,-6
2.56667,-6
2.57500,-6
2.58333,-6
2.59167,-7
2.60000,-7
2.60833,-7
2.61667,-7
2.62500,-6
2.63333,-6
2.64167,-6
2.65000,-6
2.65833,-6
2.66667,-6
2.67500,-7
2.68333,-7
2.69167,-7
2.70000,-7
2.70833,-7
2.71667,-7
2.72500,-7
2.73333,-8
2.74167,-8
2.75000,-8
2.75833,-9
2.76667,-8
2.77500,-9
2.78333,-9
2.79167,-9
2.80000,-9
2.80833,-8
2.81667,-8
2.82500,-7
2.83333,-7
2.84167,-7
2.85000,-7
2.85833,-7
2.86667,-7
2.87500,-7
2.88333,-7
2.89167,-6
2.90000,-6
2.90833,-6
2.91667,-7
2.92500,-7
2.93333,-8
2.94167,-8
2.95000,-8
2.95833,-9
2.96667,-9
2.97500,-8
2.98333,-8
2.99167,-8
3.00000,-8
3.00833,-8
3.01667,-9
3.02500,-9
3.03333,-8
3.04167,-8
3.05000,-8
3.05833,-8
3.06667,-8
3.07500,-9
3.08333,-9
3.09167,-9
3.10000,-9
3.10833,-9
3.11667,-9
3.12500,-9
3.13333,-9
3.14167,-8
3.15000,-8
3.15833,-8
3.16667,-8
3.17500,-8
3.18333,-7
3.19167,-7
3.20000,-7
3.20833,-7
3.21667,-7
3.22500,-7
3.23333,-7
3.24167,-7
3.25000,-7
3.25833,-7
3.26667,-7
3.27500,-7
3.28333,-7
3.29167,-7
3.30000,-7
3.30833,-8
3.31667,-8
3.32500,-8
3.33333,-8
3.34167,-8
3.35000,-8
3.35833,-8
3.36667,-8
3.37500,-8
3.38333,-8
3.39167,-8
3.40000,-9
3.40833,-8
3.41667,-8
3.42500,-8
3.43333,-8
3.44167,-8
3.45000,-8
3.45833,-8
3.46667,-8
3.47500,-8
3.48333,-9
3.49167,-9
3.50000,-9
3.50833,-9
3.51667,-8
3.52500,-8
3.53333,-8
3.54167,-8
3.55000,-8
3.55833,-8
3.56667,-8
3.57500,-8
3.58333,-7
3.59167,-7
3.60000,-7
3.60833,-7
3.61667,-7
3.62500,-8
3.63333,-8
3.64167,-8
3.65000,-8
3.65833,-8
3.66667,-8
3.67500,-8
3.68333,-8
3.69167,-8
3.70000,-8
3.70833,-8
3.71667,-8
3.72500,-8
3.73333,-8
3.74167,-8
3.75000,-8
3.75833,-7
3.76667,-7
3.77500,-7
3.78333,-7
3.79167,-8
3.80000,-8
3.80833,-8
3.81667,-8
3.82500,-8
3.83333,-8
3.84167,-8
3.85000,-8
3.85833,-8
3.86667,-8
3.87500,-8
3.88333,-8
3.89167,-8
3.90000,-8
3.90833,-8
3.91667,-8
3.92500,-8
3.93333,-8
3.94167,-8
3.95000,-8
3.95833,-8
3.96667,-8
3.97500,-7
3.98333,-7
3.99167,-7
4.00000,-7
4.00833,-7
4.01667,-7
4.02500,-7
4.03333,-7
4.04167,-7
4.05000,-7
4.05833,-7
4.06667,-7
4.07500,-7
4.08333,-8
4.09167,-8
4.10000,-8
4.10833,-8
4.11667,-8
4.12500,-8
4.13333,-8
4.14167,-8
4.15000,-8
4.15833,-8
4.16667,-8
4.17500,-8
4.18333,-8
4.19167,-8
4.20000,-8
4.20833,-8
4.21667,-7
4.22500,-7
4.23333,-8
4.24167,-8
4.25000,-8
4.25833,-8
4.26667,-8
4.27500,-8
4.28333,-8
4.29167,-8
4.30000,-8
4.30833,-8
4.31667,-8
4.32500,-8
4.33333,-8
4.34167,-8
4.35000,-8
4.35833,-8
4.36667,-8
4.37500,-8
4.38333,-8
4.39167,-8
4.40000,-8
4.40833,-8
4.41667,-8
4.42500,-8
4.43333,-8
4.44167,-7
4.45000,-7
4.45833,-7
4.46667,-8
4.47500,-8
4.48333,-8
4.49167,-8
4.50000,-8
4.50833,-8
4.51667,-8
4.52500,-8
4.53333,-9
4.54167,-9
4.55000,-9
4.55833,-9
4.56667,-9
4.57500,-9
4.58333,-9
4.59167,-9
4.60000,-9
4.60833,-9
4.61667,-9
4.62500,-9
4.63333,-9
4.64167,-10
4.65000,-10
4.65833,-10
4.66667,-10
4.67500,-10
4.68333,-9
4.69167,-9
4.70000,-10
4.70833,-9
4.71667,-9
4.72500,-9
4.73333,-9
4.74167,-9
4.75000,-9
4.75833,-9
4.76667,-9
4.77500,-9
4.78333,-9
4.79167,-9
4.80000,-9
4.80833,-9
4.81667,-8
4.82500,-8
4.83333,-8
4.84167,-8
4.85000,-8
4.85833,-8
4.86667,-8
4.87500,-8
4.88333,-8
4.89167,-8
4.90000,-8
4.90833,-9
4.91667,-9
4.92500,-9
4.93333,-9
4.94167,-9
4.95000,-9
4.95833,-9
4.96667,-9
4.97500,-9
4.98333,-9
4.99167,-9
5.00000,-9
5.00833,-9
5.01667,-9
5.02500,-9
5.03333,-9
5.04167,-9
5.05000,-9
5.05833,-9
5.06667,-9
5.07500,-9
5.08333,-10
5.09167,-10
5.10000,-10
5.10833,-9
5.11667,-9
5.12500,-9
5.13333,-8
5.14167,-8
5.15000,-8
5.15833,-8
5.16667,-9
5.17500,-9
5.18333,-9
5.19167,-9
5.20000,-9
5.20833,-9
5.21667,-9
5.22500,-8
5.23333,-8
5.24167,-8
5.25000,-8
5.25833,-8
5.26667,-8
5.27500,-8
5.28333,-8
5.29167,-8
5.30000,-8
5.30833,-8
5.31667,-8
5.32500,-8
5.33333,-8
5.34167,-8
5.35000,-8
5.35833,-8
5.36667,-8
5.37500,-9
5.38333,-9
5.39167,-9
5.40000,-9
5.40833,-10
5.41667,-10
5.42500,-10
5.43333,-10
5.44167,-10
5.45000,-10
5.45833,-10
5.46667,-10
5.47500,-10
5.48333,-10
5.49167,-10
5.50000,-10
5.50833,-9
5.51667,-9
5.52500,-9
5.53333,-9
5.54167,-9
5.55000,-9
5.55833,-9
5.56667,-9
5.57500,-9
5.58333,-10
5.59167,-9
5.60000,-9
5.60833,-8
5.61667,-8
5.62500,-9
5.63333,-9
5.64167,-9
5.65000,-9
5.65833,-9
5.66667,-9
5.67500,-9
5.68333,-9
5.69167,-10
5.70000,-10
5.70833,-10
5.71667,-10
5.72500,-10
5.73333,-9
5.74167,-9
5.75000,-9
5.75833,-9
5.76667,-9
5.77500,-9
5.78333,-9
5.79167,-9
5.80000,-9
5.80833,-9
5.81667,-9
5.82500,-9
5.83333,-9
5.84167,-9
5.85000,-9
5.85833,-9
5.86667,-9
5.87500,-9
5.88333,-9
5.89167,-9
5.90000,-9
5.90833,-9
5.91667,-8
5.92500,-9
5.93333,-9
5.94167,-9
5.95000,-9
5.95833,-9
5.96667,-9
5.97500,-9
5.98333,-9
5.99167,-9
6.00000,-10
6.00833,-9
6.01667,-9
6.02500,-9
6.03333,-9
6.04167,-9
6.05000,-9
6.05833,-9
6.06667,-10
6.07500,-9
6.08333,-10
6.09167,-10
6.10000,-10
6.10833,-10
6.11667,-10
6.12500,-10
6.13333,-10
6.14167,-10
6.15000,-10
6.15833,-10
6.16667,-10
6.17500,-10
6.18333,-9
6.19167,-9
6.20000,-10
6.20833,-10
6.21667,-10
6.22500,-10
6.23333,-10
6.24167,-9
6.25000,-9
6.25833,-10
6.26667,-10
6.27500,-10
6.28333,-10
6.29167,-10
6.30000,-10
6.30833,-10
6.31667,-10
6.32500,-10
6.33333,-10
6.34167,-10
6.35000,-10
6.35833,-10
6.36667,-10
6.37500,-10
6.38333,-11
6.39167,-11
6.40000,-11
6.40833,-10
6.41667,-10
6.42500,-10
6.43333,-10
6.44167,-11
6.45000,-11
6.45833,-11
6.46667,-11
6.47500,-11
6.48333,-10
6.49167,-10
6.50000,-10
6.50833,-11
6.51667,-11
6.52500,-11
6.53333,-10
6.54167,-10
6.55000,-10
6.55833,-10
6.56667,-10
6.57500,-10
6.58333,-10
6.59167,-10
6.60000,-10
6.60833,-10
6.61667,-10
6.62500,-10
6.63333,-10
6.64167,-11
6.65000,-10
6.65833,-10
6.66667,-10
6.67500,-10
6.68333,-10
6.69167,-10
6.70000,-10
6.70833,-10
6.71667,-10
6.72500,-10
6.73333,-10
6.74167,-10
6.75000,-10
6.75833,-11
6.76667,-11
6.77500,-11
6.78333,-11
6.79167,-11
6.80000,-11
6.80833,-11
6.81667,-11
6.82500,-11
6.83333,-11
6.84167,-11
6.85000,-11
6.85833,-11
6.86667,-11
6.87500,-11
6.88333,-11
6.89167,-11
6.90000,-11
6.90833,-11
6.91667,-11
6.92500,-10
6.93333,-10
6.94167,-10
6.95000,-11
6.95833,-11
6.96667,-10
6.97500,-10
6.98333,-10
6.99167,-10
7.00000,-10
7.00833,-10
7.01667,-10
7.02500,-9
7.03333,-9
7.04167,-9
7.05000,-9
7.05833,-10
7.06667,-10
7.07500,-11
7.08333,-11
7.09167,-11
7.10000,-10
7.10833,-10
7.11667,-10
7.12500,-10
7.13333,-10
7.14167,-10
7.15000,-10
7.15833,-11
7.16667,-10
7.17500,-10
7.18333,-10
7.19167,-10
7.20000,-10
7.20833,-10
7.21667,-10
7.22500,-11
7.23333,-11
7.24167,-11
7.25000,-11
7.25833,-11
7.26667,-11
7.27500,-11
7.28333,-11
7.29167,-11
7.30000,-11
7.30833,-11
7.31667,-11
7.32500,-11
7.33333,-11
7.34167,-11
7.35000,-11
7.35833,-11
7.36667,-11
7.37500,-11
7.38333,-11
7.39167,-11
7.40000,-11
7.40833,-11
7.41667,-11
7.42500,-11
7.43333,-11
7.44167,-11
7.45000,-10
7.45833,-11
7.46667,-11
7.47500,-11
7.48333,-11
7.49167,-11
7.50000,-11
7.50833,-11
7.51667,-11
7.52500,-11
7.53333,-11
7.54167,-11
7.55000,-11
7.55833,-11
7.56667,-11
7.57500,-12
7.58333,-11
7.59167,-11
7.60000,-11
7.60833,-11
7.61667,-11
7.62500,-11
7.63333,-11
7.64167,-11
7.65000,-11
7.65833,-11
7.66667,-11
7.67500,-11
7.68333,-11
7.69167,-11
7.70000,-11
7.70833,-11
7.71667,-11
7.72500,-12
7.73333,-12
7.74167,-12
7.75000,-12
7.75833,-11
7.76667,-11
7.77500,-11
7.78333,-11
7.79167,-12
7.80000,-11
7.80833,-11
7.81667,-11
7.82500,-11
7.83333,-11
7.84167,-11
7.85000,-11
7.85833,-11
7.86667,-11
7.87500,-11
7.88333,-10
7.89167,-10
7.90000,-10
7.90833,-10
7.91667,-10
7.92500,-10
7.93333,-10
7.94167,-10
7.95000,-10
7.95833,-11
7.96667,-11
7.97500,-11
7.98333,-11
7.99167,-11
8.00000,-11
8.00833,-11
8.01667,-11
8.02500,-11
8.03333,-11
8.04167,-11
8.05000,-12
8.05833,-12
8.06667,-13
8.07500,-13
8.08333,-12
8.09167,-12
8.10000,-11
8.10833,-11
8.11667,-11
8.12500,-11
8.13333,-11
8.14167,-11
8.15000,-11
8.15833,-12
8.16667,-12
8.17500,-12
8.18333,-12
8.19167,-12
8.20000,-12
8.20833,-12
8.21667,-12
8.22500,-11
8.23333,-11
8.24167,-12
8.25000,-12
8.25833,-12
8.26667,-12
8.27500,-12
8.28333,-11
8.29167,-11
8.30000,-11
8.30833,-11
8.31667,-11
8.32500,-11
8.33333,-12
8.34167,-12
8.35000,-12
8.35833,-12
8.36667,-12
8.37500,-12
8.38333,-12
8.39167,-12
8.40000,-12
8.40833,-12
8.41667,-12
8.42500,-12
8.43333,-12
8.44167,-12
8.45000,-12
8.45833,-12
8.46667,-12
8.47500,-12
8.48333,-12
8.49167,-12
8.50000,-12
8.50833,-12
8.51667,-12
8.52500,-12
8.53333,-12
8.54167,-12
8.55000,-12
8.55833,-12
8.56667,-12
8.57500,-11
8.58333,-11
8.59167,-11
8.60000,-11
8.60833,-11
8.61667,-11
8.62500,-12
8.63333,-12
8.64167,-12
8.65000,-12
8.65833,-12
8.66667,-12
8.67500,-12
8.68333,-12
8.69167,-13
8.70000,-12
8.70833,-12
8.71667,-12
8.72500,-11
8.73333,-11
8.74167,-11
8.75000,-11
8.75833,-11
8.76667,-11
8.77500,-11
8.78333,-12
8.79167,-12
8.80000,-12
8.80833,-12
8.81667,-12
8.82500,-12
8.83333,-12
8.84167,-12
8.85000,-12
8.85833,-12
8.86667,-12
8.87500,-12
8.88333,-13
8.89167,-13
8.90000,-12
8.90833,-12
8.91667,-12
8.92500,-12
8.93333,-12
8.94167,-12
8.95000,-12
8.95833,-12
8.96667,-12
8.97500,-12
8.98333,-12
8.99167,-11
9.00000,-11
9.00833,-11
9.01667,-11
9.02500,-11
9.03333,-11
9.04167,-12
9.05000,-12
9.05833,-12
9.06667,-12
9.07500,-12
9.08333,-12
9.09167,-12
9.10000,-12
9.10833,-12
9.11667,-12
9.12500,-12
9.13333,-12
9.14167,-12
9.15000,-12
9.15833,-12
9.16667,-12
9.17500,-12
9.18333,-12
9.19167,-12
9.20000,-12
9.20833,-12
9.21667,-12
9.22500,-12
9.23333,-12
9.24167,-12
9.25000,-12
9.25833,-12
9.26667,-12
9.27500,-12
9.28333,-13
9.29167,-13
9.30000,-13
9.30833,-13
9.31667,-13
9.32500,-12
9.33333,-12
9.34167,-12
9.35000,-12
9.35833,-11
9.36667,-11
9.37500,-11
9.38333,-11
9.39167,-11
9.40000,-12
9.40833,-12
9.41667,-12
9.42500,-12
9.43333,-12
9.44167,-12
9.45000,-12
9.45833,-12
9.46667,-12
9.47500,-12
9.48333,-12
9.49167,-12
9.50000,-12
9.50833,-12
9.51667,-12
9.52500,-12
9.53333,-12
9.54167,-12
9.55000,-12
9.55833,-12
9.56667,-12
9.57500,-11
9.58333,-11
9.59167,-11
9.60000,-11
9.60833,-11
9.61667,-11
9.62500,-11
9.63333,-10
9.64167,-10
9.65000,-11
9.65833,-11
9.66667,-12
9.67500,-12
9.68333,-12
9.69167,-12
9.70000,-12
9.70833,-12
9.71667,-12
9.72500,-12
9.73333,-12
9.74167,-12
9.75000,-12
9.75833,-12
9.76667,-12
9.77500,-12
9.78333,-12
9.79167,-12
9.80000,-12
9.80833,-12
9.81667,-12
9.82500,-12
9.83333,-12
9.84167,-12
9.85000,-12
9.85833,-12
9.86667,-12
9.87500,-12
9.88333,-12
9.89167,-12
9.90000,-12
9.90833,-12
9.91667,-12
9.92500,-12
9.93333,-12
9.94167,-11
9.95000,-11
9.95833,-11
9.96667,-12
9.97500,-12
9.98333,-12
9.99167,-12
10.00000,-12
10.00833,-11
10.01667,-11
10.02500,-12
10.03333,-12
10.04167,-12
10.05000,-12
10.05833,-12
10.06667,-11
10.07500,-11
10.08333,-11
10.09167,-11
10.10000,-10
10.10833,-10
10.11667,-11
10.12500,-10
10.13333,-10
10.14167,-10
10.15000,-10
10.15833,-10
10.16667,-10
10.17500,-10
10.18333,-10
10.19167,-10
10.20000,-10
10.20833,-10
10.21667,-11
10.22500,-11
10.23333,-11
10.24167,-11
10.25000,-11
10.25833,-11
10.26667,-10
10.27500,-10
10.28333,-10
10.29167,-10
10.30000,-10
10.30833,-10
10.31667,-10
10.32500,-10
10.33333,-10
10.34167,-10
10.35000,-10
10.35833,-11
10.36667,-13
10.37500,-15
10.38333,-19
10.39167,-23
10.40000,-30
10.40833,-39
10.41667,-51
10.42500,-66
10.43333,-85
10.44167,-109
10.45000,-138
10.45833,-172
10.46667,-213
10.47500,-259
10.48333,-311
10.49167,-368
10.50000,-429
10.50833,-492
10.51667,-554
10.52500,-614
10.53333,-667
10.54167,-711
10.55000,-739
10.55833,-749
10.56667,-733
10.57500,-687
10.58333,-605
10.59167,-481
10.60000,-309
10.60833,-83
10.61667,204
10.62500,558
10.63333,983
10.64167,1487
10.65000,2075
10.65833,2751
10.66667,3521
10.67500,4389
10.68333,5359
10.69167,6436
10.70000,7622
10.70833,8920
10.71667,10334
10.72500,11865
10.73333,13515
10.74167,15286
10.75000,17178
10.75833,19193
10.76667,21331
10.77500,23592
10.78333,25974
10.79167,28477
10.80000,31100
10.80833,33840
10.81667,36697
10.82500,39665
10.83333,42743
10.84167,45925
10.85000,49207
10.85833,52584
10.86667,56050
10.87500,59595
10.88333,63212
10.89167,66889
10.90000,70614
10.90833,74372
10.91667,78145
10.92500,81912
10.93333,85651
10.94167,89332
10.95000,92924
10.95833,96390
10.96667,99688
10.97500,102773
10.98333,105594
10.99167,108097
11.00000,110227
11.00833,111925
11.01667,113135
11.02500,113805
11.03333,113887
11.04167,113344
11.05000,112150
11.05833,110293
11.06667,107780
11.07500,104634
11.08333,100898
11.09167,96632
11.10000,91910
11.10833,86818
11.11667,81452
11.12500,75908
11.13333,70283
11.14167,64670
11.15000,59152
11.15833,53802
11.16667,48679
11.17500,43831
11.18333,39293
11.19167,35087
11.20000,31224
11.20833,27705
11.21667,24524
11.22500,21667
11.23333,19118
11.24167,16854
11.25000,14855
11.25833,13096
11.26667,11555
11.27500,10208
11.28333,9034
11.29167,8013
11.30000,7125
11.30833,6354
11.31667,5685
11.32500,5104
11.33333,4599
11.34167,4160
11.35000,3777
11.35833,3442
11.36667,3149
11.37500,2892
11.38333,2665
11.39167,2465
11.40000,2287
11.40833,2128
11.41667,1987
11.42500,1860
11.43333,1745
11.44167,1642
11.45000,1547
11.45833,1462
11.46667,1383
11.47500,1311
11.48333,1245
11.49167,1184
11.50000,1127
11.50833,1074
11.51667,1024
11.52500,978
11.53333,935
11.54167,895
11.55000,857
11.55833,822
11.56667,788
11.57500,756
11.58333,726
11.59167,698
11.60000,671
11.60833,646
11.61667,622
11.62500,599
11.63333,577
11.64167,557
11.65000,538
11.65833,519
11.66667,501
11.67500,485
11.68333,469
11.69167,454
11.70000,439
11.70833,426
11.71667,413
11.72500,401
11.73333,389
11.74167,378
11.75000,368
11.75833,358
11.76667,349
11.77500,340
11.78333,331
11.79167,324
11.80000,317
11.80833,310
11.81667,303
11.82500,297
11.83333,291
11.84167,285
11.85000,280
11.85833,275
11.86667,271
11.87500,267
11.88333,263
11.89167,260
11.90000,256
11.90833,253
11.91667,250
11.92500,247
11.93333,244
11.94167,242
11.95000,240
11.95833,237
11.96667,235
11.97500,233
11.98333,231
11.99167,229
12.00000,227
12.00833,225
12.01667,224
12.02500,223
12.03333,221
12.04167,220
12.05000,218
12.05833,217
12.06667,216
12.07500,215
12.08333,213
12.09167,212
12.10000,211
12.10833,210
12.11667,208
12.12500,207
12.13333,205
12.14167,203
12.15000,201
12.15833,200
12.16667,198
12.17500,196
12.18333,194
12.19167,193
12.20000,191
12.20833,190
12.21667,188
12.22500,187
12.23333,185
12.24167,183
12.25000,182
12.25833,181
12.26667,179
12.27500,177
12.28333,175
12.29167,174
12.30000,172
12.30833,170
12.31667,168
12.32500,166
12.33333,165
12.34167,163
12.35000,162
12.35833,160
12.36667,159
12.37500,158
12.38333,156
12.39167,155
12.40000,153
12.40833,152
12.41667,151
12.42500,150
12.43333,149
12.44167,147
12.45000,146
12.45833,144
12.46667,142
12.47500,141
12.48333,140
12.49167,138
12.50000,137
12.50833,136
12.51667,134
12.52500,133
12.53333,132
12.54167,130
12.55000,129
12.55833,128
12.56667,127
12.57500,126
12.58333,125
12.59167,124
12.60000,123
12.60833,121
12.61667,120
12.62500,120
12.63333,120
12.64167,120
12.65000,120
12.65833,121
12.66667,122
12.67500,124
12.68333,127
12.69167,130
12.70000,134
12.70833,140
12.71667,146
12.72500,154
12.73333,165
12.74167,177
12.75000,191
12.75833,208
12.76667,227
12.77500,249
12.78333,275
12.79167,303
12.80000,335
12.80833,371
12.81667,411
12.82500,454
12.83333,502
12.84167,555
12.85000,611
12.85833,673
12.86667,740
12.87500,812
12.88333,889
12.89167,971
12.90000,1058
12.90833,1151
12.91667,1249
12.92500,1352
12.93333,1461
12.94167,1575
12.95000,1695
12.95833,1821
12.96667,1952
12.97500,2089
12.98333,2231
12.99167,2379
13.00000,2533
13.00833,2692
13.01667,2856
13.02500,3026
13.03333,3201
13.04167,3382
13.05000,3568
13.05833,3759
13.06667,3955
13.07500,4157
13.08333,4363
13.09167,4575
13.10000,4791
13.10833,5012
13.11667,5237
13.12500,5467
13.13333,5702
13.14167,5941
13.15000,6185
13.15833,6433
13.16667,6684
13.17500,6940
13.18333,7200
13.19167,7464
13.20000,7733
13.20833,8004
13.21667,8280
13.22500,8559
13.23333,8841
13.24167,9128
13.25000,9417
13.25833,9709
13.26667,10006
13.27500,10306
13.28333,10609
13.29167,10916
13.30000,11226
13.30833,11539
13.31667,11855
13.32500,12174
13.33333,12496
13.34167,12821
13.35000,13149
13.35833,13480
13.36667,13815
13.37500,14152
13.38333,14493
13.39167,14837
13.40000,15184
13.40833,15534
13.41667,15887
13.42500,16242
13.43333,16601
13.44167,16963
13.45000,17328
13.45833,17696
13.46667,18067
13.47500,18441
13.48333,18819
13.49167,19199
13.50000,19582
13.50833,19969
13.51667,20359
13.52500,20752
13.53333,21148
13.54167,21547
13.55000,21950
13.55833,22356
13.56667,22765
13.57500,23178
13.58333,23594
13.59167,24013
13.60000,24436
13.60833,24862
13.61667,25291
13.62500,25723
13.63333,26159
13.64167,26598
13.65000,27041
13.65833,27487
13.66667,27937
13.67500,28391
13.68333,28849
13.69167,29310
13.70000,29775
13.70833,30245
13.71667,30718
13.72500,31194
13.73333,31675
13.74167,32159
13.75000,32647
13.75833,33139
13.76667,33635
13.77500,34135
13.78333,34639
13.79167,35148
13.80000,35661
13.80833,36178
13.81667,36699
13.82500,37224
13.83333,37754
13.84167,38288
13.85000,38827
13.85833,39370
13.86667,39918
13.87500,40471
13.88333,41028
13.89167,41589
13.90000,42156
13.90833,42727
13.91667,43303
13.92500,43884
13.93333,44470
13.94167,45061
13.95000,45658
13.95833,46259
13.96667,46865
13.97500,47477
13.98333,48093
13.99167,48715
14.00000,49343
14.00833,49977
14.01667,50615
14.02500,51260
14.03333,51910
14.04167,52565
14.05000,53227
14.05833,53894
14.06667,54567
14.07500,55247
14.08333,55932
14.09167,56624
14.10000,57321
14.10833,58025
14.11667,58735
14.12500,59453
14.13333,60176
14.14167,60906
14.15000,61643
14.15833,62387
14.16667,63137
14.17500,63894
14.18333,64658
14.19167,65430
14.20000,66208
14.20833,66993
14.21667,67785
14.22500,68583
14.23333,69386
14.24167,70191
14.25000,70996
14.25833,71796
14.26667,72586
14.27500,73358
14.28333,74104
14.29167,74815
14.30000,75477
14.30833,76080
14.31667,76611
14.32500,77057
14.33333,77407
14.34167,77648
14.35000,77772
14.35833,77769
14.36667,77633
14.37500,77360
14.38333,76944
14.39167,76383
14.40000,75675
14.40833,74818
14.41667,73809
14.42500,72648
14.43333,71331
14.44167,69857
14.45000,68225
14.45833,66433
14.46667,64483
14.47500,62379
14.48333,60124
14.49167,57730
14.50000,55209
14.50833,52577
14.51667,49853
14.52500,47061
14.53333,44224
14.54167,41370
14.55000,38525
14.55833,35716
14.56667,32968
14.57500,30305
14.58333,27746
14.59167,25310
14.60000,23009
14.60833,20853
14.61667,18848
14.62500,16998
14.63333,15301
14.64167,13755
14.65000,12353
14.65833,11089
14.66667,9954
14.67500,8939
14.68333,8036
14.69167,7233
14.70000,6522
14.70833,5893
14.71667,5338
14.72500,4848
14.73333,4416
14.74167,4036
14.75000,3701
14.75833,3404
14.76667,3143
14.77500,2911
14.78333,2707
14.79167,2525
14.80000,2363
14.80833,2218
14.81667,2089
14.82500,1973
14.83333,1868
14.84167,1774
14.85000,1688
14.85833,1610
14.86667,1538
14.87500,1472
14.88333,1412
14.89167,1357
14.90000,1306
14.90833,1259
14.91667,1214
14.92500,1173
14.93333,1134
14.94167,1098
14.95000,1065
14.95833,1033
14.96667,1004
14.97500,976
14.98333,950
14.99167,925
15.00000,901
15.00833,880
15.01667,859
15.02500,839
15.03333,821
15.04167,803
15.05000,786
15.05833,770
15.06667,755
15.07500,741
15.08333,728
15.09167,716
15.10000,705
15.10833,693
15.11667,683
15.12500,673
15.13333,664
15.14167,656
15.15000,649
15.15833,643
15.16667,638
15.17500,634
15.18333,631
15.19167,630
15.20000,630
15.20833,633
15.21667,638
15.22500,648
15.23333,661
15.24167,679
15.25000,702
15.25833,732
15.26667,769
15.27500,815
15.28333,872
15.29167,942
15.30000,1025
15.30833,1124
15.31667,1241
15.32500,1379
15.33333,1540
15.34167,1726
15.35000,1940
15.35833,2185
15.36667,2465
15.37500,2781
15.38333,3135
15.39167,3532
15.40000,3972
15.40833,4460
15.41667,4996
15.42500,5583
15.43333,6221
15.44167,6913
15.45000,7657
15.45833,8455
15.46667,9305
15.47500,10207
15.48333,11158
15.49167,12158
15.50000,13203
15.50833,14289
15.51667,15414
15.52500,16571
15.53333,17757
15.54167,18966
15.55000,20193
15.55833,21433
15.56667,22680
15.57500,23927
15.58333,25168
15.59167,26397
15.60000,27609
15.60833,28796
15.61667,29955
15.62500,31079
15.63333,32164
15.64167,33206
15.65000,34199
15.65833,35140
15.66667,36027
15.67500,36855
15.68333,37621
15.69167,38324
15.70000,38963
15.70833,39534
15.71667,40037
15.72500,40471
15.73333,40836
15.74167,41129
15.75000,41351
15.75833,41503
15.76667,41584
15.77500,41595
15.78333,41535
15.79167,41407
15.80000,41211
15.80833,40947
15.81667,40618
15.82500,40225
15.83333,39770
15.84167,39254
15.85000,38681
15.85833,38052
15.86667,37371
15.87500,36640
15.88333,35862
15.89167,35040
15.90000,34179
15.90833,33282
15.91667,32354
15.92500,31397
15.93333,30417
15.94167,29417
15.95000,28400
15.95833,27373
15.96667,26338
15.97500,25300
15.98333,24261
15.99167,23227
16.00000,22201
16.00833,21186
16.01667,20185
16.02500,19202
16.03333,18238
16.04167,17297
16.05000,16381
16.05833,15491
16.06667,14629
16.07500,13797
16.08333,12995
16.09167,12226
16.10000,11488
16.10833,10783
16.11667,10111
16.12500,9472
16.13333,8865
16.14167,8291
16.15000,7748
16.15833,7235
16.16667,6753
16.17500,6300
16.18333,5876
16.19167,5478
16.20000,5108
16.20833,4762
16.21667,4440
16.22500,4141
16.23333,3863
16.24167,3606
16.25000,3367
16.25833,3145
16.26667,2941
16.27500,2752
16.28333,2578
16.29167,2418
16.30000,2270
16.30833,2134
16.31667,2009
16.32500,1894
16.33333,1789
16.34167,1692
16.35000,1603
16.35833,1521
16.36667,1445
16.37500,1376
16.38333,1312
16.39167,1253
16.40000,1199
16.40833,1149
16.41667,1103
16.42500,1060
16.43333,1020
16.44167,984
16.45000,950
16.45833,919
16.46667,889
16.47500,861
16.48333,835
16.49167,811
16.50000,788
16.50833,766
16.51667,745
16.52500,726
16.53333,707
16.54167,689
16.55000,673
16.55833,657
16.56667,642
16.57500,628
16.58333,613
16.59167,599
16.60000,585
16.60833,572
16.61667,559
16.62500,546
16.63333,535
16.64167,523
16.65000,513
16.65833,502
16.66667,492
16.67500,482
16.68333,473
16.69167,463
16.70000,453
16.70833,444
16.71667,435
16.72500,427
16.73333,419
16.74167,412
16.75000,404
16.75833,397
16.76667,389
16.77500,383
16.78333,376
16.79167,370
16.80000,364
16.80833,359
16.81667,353
16.82500,348
16.83333,343
16.84167,338
16.85000,333
16.85833,329
16.86667,324
16.87500,320
16.88333,316
16.89167,313
16.90000,309
16.90833,305
16.91667,301
16.92500,298
16.93333,295
16.94167,292
16.95000,290
16.95833,287
16.96667,284
16.97500,282
16.98333,280
16.99167,277
17.00000,275
17.00833,273
17.01667,270
17.02500,268
17.03333,266
17.04167,264
17.05000,262
17.05833,260
17.06667,258
17.07500,257
17.08333,255
17.09167,253
17.10000,251
17.10833,250
17.11667,248
17.12500,246
17.13333,245
17.14167,243
17.15000,241
17.15833,239
17.16667,238
17.17500,236
17.18333,235
17.19167,233
17.20000,231
17.20833,230
17.21667,228
17.22500,227
17.23333,226
17.24167,224
17.25000,223
17.25833,221
17.26667,220
17.27500,218
17.28333,217
17.29167,215
17.30000,213
17.30833,212
17.31667,210
17.32500,209
17.33333,207
17.34167,206
17.35000,204
17.35833,203
17.36667,202
17.37500,201
17.38333,200
17.39167,198
17.40000,196
17.40833,195
17.41667,193
17.42500,192
17.43333,191
17.44167,189
17.45000,188
17.45833,187
17.46667,186
17.47500,185
17.48333,183
17.49167,182
17.50000,180
17.50833,179
17.51667,178
17.52500,176
17.53333,175
17.54167,174
17.55000,172
17.55833,171
17.56667,169
17.57500,168
17.58333,166
17.59167,165
17.60000,164
17.60833,163
17.61667,161
17.62500,160
17.63333,159
17.64167,158
17.65000,157
17.65833,156
17.66667,155
17.67500,153
17.68333,152
17.69167,151
17.70000,150
17.70833,150
17.71667,149
17.72500,147
17.73333,146
17.74167,145
17.75000,144
17.75833,143
17.76667,142
17.77500,141
17.78333,140
17.79167,139
17.80000,138
17.80833,137
17.81667,136
17.82500,136
17.83333,135
17.84167,134
17.85000,133
17.85833,132
17.86667,132
17.87500,131
17.88333,130
17.89167,129
17.90000,128
17.90833,126
17.91667,126
17.92500,126
17.93333,125
17.94167,124
17.95000,124
17.95833,123
17.96667,123
17.97500,122
17.98333,121
17.99167,120
18.00000,119
18.00833,119
18.01667,118
18.02500,117
18.03333,117
18.04167,116
18.05000,116
18.05833,115
18.06667,114
18.07500,113
18.08333,111
18.09167,111
18.10000,110
18.10833,110
18.11667,109
18.12500,109
18.13333,109
18.14167,108
18.15000,107
18.15833,107
18.16667,107
18.17500,106
18.18333,105
18.19167,105
18.20000,104
18.20833,103
18.21667,102
18.22500,102
18.23333,102
18.24167,101
18.25000,101
18.25833,100
18.26667,99
18.27500,99
18.28333,99
18.29167,98
18.30000,98
18.30833,98
18.31667,98
18.32500,97
18.33333,97
18.34167,97
18.35000,96
18.35833,96
18.36667,95
18.37500,95
18.38333,94
18.39167,94
18.40000,93
18.40833,93
18.41667,92
18.42500,92
18.43333,91
18.44167,91
18.45000,91
18.45833,90
18.46667,90
18.47500,89
18.48333,89
18.49167,88
18.50000,88
18.50833,88
18.51667,88
18.52500,88
18.53333,87
18.54167,87
18.55000,87
18.55833,87
18.56667,86
18.57500,86
18.58333,85
18.59167,85
18.60000,85
18.60833,84
18.61667,84
18.62500,84
18.63333,84
18.64167,83
18.65000,82
18.65833,82
18.66667,82
18.67500,81
18.68333,81
18.69167,80
18.70000,80
18.70833,80
18.71667,80
18.72500,80
18.73333,79
18.74167,79
18.75000,79
18.75833,79
18.76667,78
18.77500,77
18.78333,77
18.79167,77
18.80000,76
18.80833,76
18.81667,75
18.82500,75
18.83333,74
18.84167,74
18.85000,73
18.85833,73
18.86667,72
18.87500,72
18.88333,71
18.89167,71
18.90000,71
18.90833,71
18.91667,70
18.92500,70
18.93333,70
18.94167,70
18.95000,70
18.95833,70
18.96667,70
18.97500,70
18.98333,69
18.99167,69
19.00000,69
19.00833,69
19.01667,69
19.02500,68
19.03333,68
19.04167,68
19.05000,67
19.05833,68
19.06667,67
19.07500,67
19.08333,67
19.09167,67
19.10000,67
19.10833,67
19.11667,67
19.12500,67
19.13333,67
19.14167,67
19.15000,67
19.15833,67
19.16667,67
19.17500,67
19.18333,67
19.19167,66
19.20000,66
19.20833,65
19.21667,65
19.22500,65
19.23333,65
19.24167,65
19.25000,65
19.25833,64
19.26667,64
19.27500,63
19.28333,63
19.29167,63
19.30000,63
19.30833,63
19.31667,63
19.32500,63
19.33333,63
19.34167,63
19.35000,63
19.35833,63
19.36667,63
19.37500,63
19.38333,62
19.39167,62
19.40000,62
19.40833,61
19.41667,60
19.42500,59
19.43333,59
19.44167,59
19.45000,58
19.45833,58
19.46667,57
19.47500,57
19.48333,56
19.49167,55
19.50000,55
19.50833,54
19.51667,54
19.52500,53
19.53333,53
19.54167,52
19.55000,52
19.55833,51
19.56667,50
19.57500,49
19.58333,49
19.59167,48
19.60000,48
19.60833,47
19.61667,46
19.62500,46
19.63333,45
19.64167,45
19.65000,44
19.65833,44
19.66667,43
19.67500,43
19.68333,43
19.69167,42
19.70000,42
19.70833,41
19.71667,41
19.72500,40
19.73333,40
19.74167,39
19.75000,39
19.75833,39
19.76667,38
19.77500,38
19.78333,37
19.79167,37
19.80000,37
19.80833,36
19.81667,36
19.82500,36
19.83333,35
19.84167,35
19.85000,35
19.85833,35
19.86667,34
19.87500,34
19.88333,33
19.89167,33
19.90000,33
19.90833,32
19.91667,32
19.92500,32
19.93333,32
19.94167,31
19.95000,31
19.95833,32
19.96667,32
19.97500,32
19.98333,32
19.99167,32
20.00000,32
20.00833,32
20.01667,32
20.02500,32
20.03333,32
20.04167,32
20.05000,32
20.05833,32
20.06667,32
20.07500,32
20.08333,31
20.09167,31
20.10000,31
20.10833,30
20.11667,30
20.12500,30
20.13333,30
20.14167,30
20.15000,30
20.15833,29
20.16667,29
20.17500,29
20.18333,29
20.19167,29
20.20000,29
20.20833,30
20.21667,30
20.22500,30
20.23333,30
20.24167,30
20.25000,30
20.25833,30
20.26667,30
20.27500,30
20.28333,30
20.29167,30
20.30000,30
20.30833,30
20.31667,30
20.32500,30
20.33333,31
20.34167,31
20.35000,31
20.35833,32
20.36667,33
20.37500,34
20.38333,35
20.39167,36
20.40000,38
20.40833,39
20.41667,41
20.42500,43
20.43333,46
20.44167,48
20.45000,51
20.45833,55
20.46667,59
20.47500,63
20.48333,68
20.49167,73
20.50000,78
20.50833,85
20.51667,91
20.52500,99
20.53333,107
20.54167,115
20.55000,124
20.55833,134
20.56667,144
20.57500,155
20.58333,167
20.59167,179
20.60000,192
20.60833,205
20.61667,219
20.62500,233
20.63333,247
20.64167,262
20.65000,277
20.65833,293
20.66667,308
20.67500,324
20.68333,339
20.69167,355
20.70000,371
20.70833,386
20.71667,402
20.72500,417
20.73333,433
20.74167,448
20.75000,462
20.75833,477
20.76667,491
20.77500,504
20.78333,518
20.79167,530
20.80000,543
20.80833,554
20.81667,565
20.82500,576
20.83333,586
20.84167,596
20.85000,604
20.85833,613
20.86667,621
20.87500,628
20.88333,635
20.89167,641
20.90000,647
20.90833,652
20.91667,656
20.92500,660
20.93333,663
20.94167,666
20.95000,668
20.95833,670
20.96667,670
20.97500,670
20.98333,670
20.99167,669
21.00000,667
21.00833,665
21.01667,663
21.02500,660
21.03333,657
21.04167,653
21.05000,648
21.05833,643
21.06667,637
21.07500,631
21.08333,625
21.09167,618
21.10000,611
21.10833,603
21.11667,596
21.12500,587
21.13333,579
21.14167,570
21.15000,560
21.15833,551
21.16667,542
21.17500,532
21.18333,523
21.19167,513
21.20000,503
21.20833,494
21.21667,484
21.22500,474
21.23333,464
21.24167,455
21.25000,446
21.25833,436
21.26667,427
21.27500,417
21.28333,408
21.29167,400
21.30000,391
21.30833,382
21.31667,374
21.32500,366
21.33333,358
21.34167,351
21.35000,344
21.35833,337
21.36667,330
21.37500,324
21.38333,318
21.39167,312
21.40000,306
21.40833,300
21.41667,295
21.42500,290
21.43333,285
21.44167,280
21.45000,275
21.45833,271
21.46667,267
21.47500,262
21.48333,258
21.49167,255
21.50000,251
21.50833,248
21.51667,245
21.52500,242
21.53333,239
21.54167,236
21.55000,233
21.55833,229
21.56667,226
21.57500,223
21.58333,220
21.59167,217
21.60000,213
21.60833,210
21.61667,206
21.62500,203
21.63333,199
21.64167,196
21.65000,192
21.65833,188
21.66667,184
21.67500,180
21.68333,176
21.69167,172
21.70000,168
21.70833,164
21.71667,160
21.72500,156
21.73333,152
21.74167,147
21.75000,143
21.75833,138
21.76667,134
21.77500,129
21.78333,125
21.79167,120
21.80000,116
21.80833,112
21.81667,108
21.82500,104
21.83333,100
21.84167,96
21.85000,92
21.85833,88
21.86667,84
21.87500,81
21.88333,77
21.89167,74
21.90000,71
21.90833,68
21.91667,65
21.92500,62
21.93333,59
21.94167,57
21.95000,54
21.95833,52
21.96667,49
21.97500,47
21.98333,46
21.99167,44
22.00000,42
22.00833,40
22.01667,38
22.02500,37
22.03333,35
22.04167,33
22.05000,31
22.05833,30
22.06667,29
22.07500,28
22.08333,27
22.09167,26
22.10000,25
22.10833,24
22.11667,23
22.12500,23
22.13333,22
22.14167,22
22.15000,21
22.15833,21
22.16667,21
22.17500,20
22.18333,19
22.19167,19
22.20000,19
22.20833,18
22.21667,18
22.22500,18
22.23333,18
22.24167,18
22.25000,18
22.25833,18
22.26667,18
22.27500,18
22.28333,17
22.29167,17
22.30000,18
22.30833,18
22.31667,19
22.32500,19
22.33333,19
22.34167,19
22.35000,19
22.35833,20
22.36667,20
22.37500,21
22.38333,22
22.39167,23
22.40000,24
22.40833,25
22.41667,26
22.42500,28
22.43333,29
22.44167,31
22.45000,33
22.45833,35
22.46667,37
22.47500,40
22.48333,43
22.49167,46
22.50000,50
22.50833,55
22.51667,59
22.52500,65
22.53333,71
22.54167,77
22.55000,84
22.55833,92
22.56667,100
22.57500,109
22.58333,119
22.59167,130
22.60000,142
22.60833,155
22.61667,169
22.62500,184
22.63333,200
22.64167,217
22.65000,236
22.65833,256
22.66667,277
22.67500,300
22.68333,323
22.69167,348
22.70000,374
22.70833,402
22.71667,431
22.72500,461
22.73333,492
22.74167,525
22.75000,559
22.75833,593
22.76667,629
22.77500,666
22.78333,704
22.79167,742
22.80000,781
22.80833,820
22.81667,860
22.82500,900
22.83333,941
22.84167,981
22.85000,1022
22.85833,1063
22.86667,1103
22.87500,1143
22.88333,1183
22.89167,1223
22.90000,1261
22.90833,1300
22.91667,1337
22.92500,1374
22.93333,1410
22.94167,1445
22.95000,1479
22.95833,1512
22.96667,1544
22.97500,1575
22.98333,1605
22.99167,1633
23.00000,1660
23.00833,1686
23.01667,1710
23.02500,1732
23.03333,1753
23.04167,1772
23.05000,1790
23.05833,1807
23.06667,1822
23.07500,1835
23.08333,1847
23.09167,1857
23.10000,1865
23.10833,1872
23.11667,1877
23.12500,1880
23.13333,1881
23.14167,1880
23.15000,1878
23.15833,1873
23.16667,1867
23.17500,1858
23.18333,1847
23.19167,1835
23.20000,1820
23.20833,1804
23.21667,1786
23.22500,1766
23.23333,1744
23.24167,1721
23.25000,1695
23.25833,1668
23.26667,1639
23.27500,1609
23.28333,1577
23.29167,1544
23.30000,1510
23.30833,1474
23.31667,1437
23.32500,1400
23.33333,1362
23.34167,1322
23.35000,1282
23.35833,1242
23.36667,1201
23.37500,1160
23.38333,1119
23.39167,1078
23.40000,1037
23.40833,997
23.41667,957
23.42500,916
23.43333,877
23.44167,838
23.45000,799
23.45833,762
23.46667,725
23.47500,689
23.48333,655
23.49167,621
23.50000,589
23.50833,557
23.51667,526
23.52500,497
23.53333,468
23.54167,442
23.55000,416
23.55833,391
23.56667,368
23.57500,345
23.58333,323
23.59167,303
23.60000,283
23.60833,265
23.61667,248
23.62500,232
23.63333,217
23.64167,202
23.65000,189
23.65833,176
23.66667,164
23.67500,153
23.68333,143
23.69167,134
23.70000,125
23.70833,117
23.71667,109
23.72500,102
23.73333,95
23.74167,88
23.75000,82
23.75833,77
23.76667,72
23.77500,67
23.78333,63
23.79167,60
23.80000,56
23.80833,53
23.81667,50
23.82500,47
23.83333,44
23.84167,41
23.85000,39
23.85833,37
23.86667,35
23.87500,34
23.88333,32
23.89167,30
23.90000,29
23.90833,27
23.91667,26
23.92500,25
23.93333,24
23.94167,23
23.95000,21
23.95833,20
23.96667,20
23.97500,19
23.98333,19
23.99167,18
24.00000,18
24.00833,18
24.01667,17
24.02500,17
24.03333,16
24.04167,16
24.05000,15
24.05833,15
24.06667,14
24.07500,14
24.08333,13
24.09167,13
24.10000,13
24.10833,13
24.11667,13
24.12500,13
24.13333,12
24.14167,12
24.15000,12
24.15833,12
24.16667,12
24.17500,12
24.18333,12
24.19167,12
24.20000,11
24.20833,11
24.21667,12
24.22500,12
24.23333,12
24.24167,12
24.25000,12
24.25833,12
24.26667,13
24.27500,13
24.28333,14
24.29167,15
24.30000,16
24.30833,18
24.31667,19
24.32500,21
24.33333,24
24.34167,26
24.35000,29
24.35833,34
24.36667,38
24.37500,43
24.38333,49
24.39167,56
24.40000,63
24.40833,71
24.41667,81
24.42500,91
24.43333,103
24.44167,116
24.45000,131
24.45833,148
24.46667,166
24.47500,186
24.48333,209
24.49167,233
24.50000,259
24.50833,288
24.51667,320
24.52500,354
24.53333,391
24.54167,431
24.55000,474
24.55833,520
24.56667,569
24.57500,621
24.58333,677
24.59167,737
24.60000,799
24.60833,865
24.61667,934
24.62500,1006
24.63333,1082
24.64167,1160
24.65000,1242
24.65833,1326
24.66667,1414
24.67500,1505
24.68333,1598
24.69167,1693
24.70000,1789
24.70833,1888
24.71667,1988
24.72500,2089
24.73333,2192
24.74167,2295
24.75000,2399
24.75833,2503
24.76667,2608
24.77500,2712
24.78333,2815
24.79167,2918
24.80000,3020
24.80833,3121
24.81667,3221
24.82500,3319
24.83333,3415
24.84167,3508
24.85000,3600
24.85833,3690
24.86667,3777
24.87500,3861
24.88333,3942
24.89167,4021
24.90000,4098
24.90833,4171
24.91667,4241
24.92500,4308
24.93333,4372
24.94167,4434
24.95000,4491
24.95833,4546
24.96667,4598
24.97500,4646
24.98333,4691
24.99167,4732
25.00000,4771
25.00833,4806
25.01667,4837
25.02500,4866
25.03333,4891
25.04167,4911
25.05000,4928
25.05833,4942
25.06667,4953
25.07500,4960
25.08333,4963
25.09167,4961
25.10000,4956
25.10833,4946
25.11667,4933
25.12500,4915
25.13333,4894
25.14167,4868
25.15000,4838
25.15833,4804
25.16667,4766
25.17500,4723
25.18333,4677
25.19167,4626
25.20000,4572
25.20833,4513
25.21667,4451
25.22500,4385
25.23333,4316
25.24167,4243
25.25000,4167
25.25833,4088
25.26667,4006
25.27500,3921
25.28333,3834
25.29167,3745
25.30000,3653
25.30833,3560
25.31667,3465
25.32500,3368
25.33333,3271
25.34167,3173
25.35000,3074
25.35833,2975
25.36667,2875
25.37500,2776
25.38333,2677
25.39167,2578
25.40000,2481
25.40833,2384
25.41667,2289
25.42500,2195
25.43333,2102
25.44167,2011
25.45000,1922
25.45833,1835
25.46667,1750
25.47500,1667
25.48333,1586
25.49167,1508
25.50000,1432
25.50833,1359
25.51667,1288
25.52500,1220
25.53333,1154
25.54167,1091
25.55000,1030
25.55833,972
25.56667,917
25.57500,864
25.58333,814
25.59167,766
25.60000,721
25.60833,677
25.61667,636
25.62500,597
25.63333,560
25.64167,525
25.65000,492
25.65833,461
25.66667,432
25.67500,405
25.68333,379
25.69167,355
25.70000,332
25.70833,311
25.71667,291
25.72500,272
25.73333,255
25.74167,239
25.75000,224
25.75833,210
25.76667,197
25.77500,185
25.78333,173
25.79167,163
25.80000,153
25.80833,144
25.81667,136
25.82500,128
25.83333,121
25.84167,114
25.85000,108
25.85833,102
25.86667,97
25.87500,92
25.88333,87
25.89167,82
25.90000,78
25.90833,75
25.91667,71
25.92500,68
25.93333,65
25.94167,62
25.95000,59
25.95833,56
25.96667,54
25.97500,52
25.98333,51
25.99167,49
26.00000,48
26.00833,46
26.01667,44
26.02500,43
26.03333,42
26.04167,41
26.05000,40
26.05833,39
26.06667,38
26.07500,37
26.08333,36
26.09167,35
26.10000,34
26.10833,34
26.11667,33
26.12500,32
26.13333,32
26.14167,31
26.15000,30
26.15833,30
26.16667,29
26.17500,28
26.18333,28
26.19167,27
26.20000,26
26.20833,26
26.21667,25
26.22500,25
26.23333,25
26.24167,25
26.25000,24
26.25833,24
26.26667,23
26.27500,23
26.28333,22
26.29167,22
26.30000,22
26.30833,22
26.31667,21
26.32500,21
26.33333,21
26.34167,21
26.35000,21
26.35833,21
26.36667,21
26.37500,20
26.38333,20
26.39167,20
26.40000,19
26.40833,19
26.41667,19
26.42500,18
26.43333,18
26.44167,18
26.45000,18
26.45833,18
26.46667,18
26.47500,18
26.48333,18
26.49167,17
26.50000,17
26.50833,18
26.51667,18
26.52500,18
26.53333,17
26.54167,17
26.55000,17
26.55833,17
26.56667,17
26.57500,17
26.58333,17
26.59167,16
26.60000,16
26.60833,16
26.61667,16
26.62500,15
26.63333,15
26.64167,15
26.65000,14
26.65833,14
26.66667,14
26.67500,14
26.68333,14
26.69167,14
26.70000,14
26.70833,14
26.71667,14
26.72500,14
26.73333,14
26.74167,14
26.75000,14
26.75833,13
26.76667,13
26.77500,13
26.78333,12
26.79167,13
26.80000,12
26.80833,12
26.81667,12
26.82500,12
26.83333,12
26.84167,12
26.85000,11
26.85833,11
26.86667,11
26.87500,11
26.88333,11
26.89167,10
26.90000,10
26.90833,10
26.91667,10
26.92500,9
26.93333,9
26.94167,9
26.95000,8
26.95833,8
26.96667,8
26.97500,8
26.98333,8
26.99167,8
27.00000,8
27.00833,8
27.01667,9
27.02500,9
27.03333,8
27.04167,8
27.05000,8
27.05833,8
27.06667,8
27.07500,7
27.08333,7
27.09167,7
27.10000,6
27.10833,6
27.11667,5
27.12500,5
27.13333,4
27.14167,4
27.15000,3
27.15833,3
27.16667,3
27.17500,2
27.18333,2
27.19167,1
27.20000,0
27.20833,0
27.21667,-0
27.22500,-1
27.23333,-2
27.24167,-3
27.25000,-4
27.25833,-5
27.26667,-5
27.27500,-6
27.28333,-7
27.29167,-8
27.30000,-9
27.30833,-10
27.31667,-11
27.32500,-12
27.33333,-14
27.34167,-15
27.35000,-16
27.35833,-18
27.36667,-20
27.37500,-21
27.38333,-23
27.39167,-24
27.40000,-26
27.40833,-27
27.41667,-29
27.42500,-31
27.43333,-33
27.44167,-35
27.45000,-37
27.45833,-38
27.46667,-40
27.47500,-41
27.48333,-43
27.49167,-45
27.50000,-47
27.50833,-50
27.51667,-52
27.52500,-53
27.53333,-55
27.54167,-57
27.55000,-59
27.55833,-62
27.56667,-64
27.57500,-65
27.58333,-67
27.59167,-69
27.60000,-71
27.60833,-73
27.61667,-75
27.62500,-77
27.63333,-79
27.64167,-81
27.65000,-83
27.65833,-86
27.66667,-88
27.67500,-90
27.68333,-92
27.69167,-94
27.70000,-96
27.70833,-97
27.71667,-98
27.72500,-100
27.73333,-101
27.74167,-103
27.75000,-105
27.75833,-106
27.76667,-108
27.77500,-109
27.78333,-110
27.79167,-111
27.80000,-112
27.80833,-113
27.81667,-114
27.82500,-115
27.83333,-116
27.84167,-117
27.85000,-117
27.85833,-118
27.86667,-118
27.87500,-118
27.88333,-118
27.89167,-119
27.90000,-119
27.90833,-119
27.91667,-119
27.92500,-119
27.93333,-119
27.94167,-119
27.95000,-118
27.95833,-118
27.96667,-117
27.97500,-116
27.98333,-116
27.99167,-115
28.00000,-114
28.00833,-113
28.01667,-112
28.02500,-111
28.03333,-110
28.04167,-109
28.05000,-107
28.05833,-106
28.06667,-105
28.07500,-103
28.08333,-102
28.09167,-100
28.10000,-98
28.10833,-96
28.11667,-94
28.12500,-92
28.13333,-91
28.14167,-89
28.15000,-88
28.15833,-86
28.16667,-84
28.17500,-82
28.18333,-80
28.19167,-79
28.20000,-77
28.20833,-75
28.21667,-73
28.22500,-72
28.23333,-70
28.24167,-68
28.25000,-67
28.25833,-66
28.26667,-64
28.27500,-63
28.28333,-61
28.29167,-59
28.30000,-57
28.30833,-55
28.31667,-53
28.32500,-52
28.33333,-51
28.34167,-50
28.35000,-48
28.35833,-47
28.36667,-45
28.37500,-44
28.38333,-42
28.39167,-41
28.40000,-40
28.40833,-38
28.41667,-37
28.42500,-36
28.43333,-35
28.44167,-33
28.45000,-32
28.45833,-31
28.46667,-30
28.47500,-29
28.48333,-28
28.49167,-27
28.50000,-26
28.50833,-25
28.51667,-24
28.52500,-24
28.53333,-23
28.54167,-23
28.55000,-22
28.55833,-22
28.56667,-21
28.57500,-20
28.58333,-20
28.59167,-19
28.60000,-19
28.60833,-18
28.61667,-18
28.62500,-18
28.63333,-18
28.64167,-17
28.65000,-17
28.65833,-16
28.66667,-15
28.67500,-15
28.68333,-14
28.69167,-14
28.70000,-13
28.70833,-13
28.71667,-12
28.72500,-12
28.73333,-11
28.74167,-11
28.75000,-11
28.75833,-11
28.76667,-11
28.77500,-11
28.78333,-11
28.79167,-11
28.80000,-11
28.80833,-11
28.81667,-11
28.82500,-11
28.83333,-11
28.84167,-11
28.85000,-11
28.85833,-11
28.86667,-11
28.87500,-10
28.88333,-10
28.89167,-10
28.90000,-10
28.90833,-10
28.91667,-10
28.92500,-10
28.93333,-10
28.94167,-10
28.95000,-10
28.95833,-11
28.96667,-10
28.97500,-11
28.98333,-11
28.99167,-12
29.00000,-12
29.00833,-13
29.01667,-13
29.02500,-14
29.03333,-14
29.04167,-14
29.05000,-14
29.05833,-14
29.06667,-15
29.07500,-16
29.08333,-16
29.09167,-16
29.10000,-17
29.10833,-17
29.11667,-18
29.12500,-18
29.13333,-18
29.14167,-19
29.15000,-19
29.15833,-20
29.16667,-20
29.17500,-21
29.18333,-22
29.19167,-22
29.20000,-23
29.20833,-23
29.21667,-23
29.22500,-24
29.23333,-24
29.24167,-25
29.25000,-25
29.25833,-26
29.26667,-27
29.27500,-27
29.28333,-28
29.29167,-28
29.30000,-29
29.30833,-29
29.31667,-30
29.32500,-31
29.33333,-31
29.34167,-31
29.35000,-32
29.35833,-33
29.36667,-34
29.37500,-35
29.38333,-35
29.39167,-36
29.40000,-36
29.40833,-37
29.41667,-37
29.42500,-37
29.43333,-38
29.44167,-38
29.45000,-38
29.45833,-39
29.46667,-39
29.47500,-40
29.48333,-40
29.49167,-40
29.50000,-40
29.50833,-40
29.51667,-41
29.52500,-42
29.53333,-42
29.54167,-42
29.55000,-43
29.55833,-43
29.56667,-43
29.57500,-43
29.58333,-44
29.59167,-44
29.60000,-44
29.60833,-44
29.61667,-44
29.62500,-44
29.63333,-44
29.64167,-44
29.65000,-45
29.65833,-45
29.66667,-45
29.67500,-45
29.68333,-44
29.69167,-44
29.70000,-44
29.70833,-44
29.71667,-44
29.72500,-44
29.73333,-44
29.74167,-44
29.75000,-44
29.75833,-43
29.76667,-43
29.77500,-43
29.78333,-43
29.79167,-43
29.80000,-43
29.80833,-43
29.81667,-43
29.82500,-43
29.83333,-42
29.84167,-42
29.85000,-42
29.85833,-42
29.86667,-42
29.87500,-42
29.88333,-42
29.89167,-41
29.90000,-42
29.90833,-42
29.91667,-42
29.92500,-42
29.93333,-42
29.94167,-42
29.95000,-42
29.95833,-43
29.96667,-43
29.97500,-43
29.98333,-43
29.99167,-44
30.00000,-44
30.00833,-45
30.01667,-45
30.02500,-46
30.03333,-47
30.04167,-48
30.05000,-49
30.05833,-50
30.06667,-51
30.07500,-52
30.08333,-53
30.09167,-54
30.10000,-55
30.10833,-56
30.11667,-58
30.12500,-59
30.13333,-61
30.14167,-62
30.15000,-64
30.15833,-65
30.16667,-67
30.17500,-69
30.18333,-71
30.19167,-73
30.20000,-75
30.20833,-77
30.21667,-79
30.22500,-82
30.23333,-84
30.24167,-86
30.25000,-88
30.25833,-90
30.26667,-92
30.27500,-95
30.28333,-98
30.29167,-100
30.30000,-102
30.30833,-104
30.31667,-107
30.32500,-109
30.33333,-112
30.34167,-114
30.35000,-117
30.35833,-119
30.36667,-121
30.37500,-124
30.38333,-126
30.39167,-129
30.40000,-131
30.40833,-134
30.41667,-137
30.42500,-139
30.43333,-142
30.44167,-144
30.45000,-146
30.45833,-148
30.46667,-150
30.47500,-152
30.48333,-154
30.49167,-156
30.50000,-158
30.50833,-160
30.51667,-162
30.52500,-164
30.53333,-166
30.54167,-167
30.55000,-169
30.55833,-170
30.56667,-172
30.57500,-173
30.58333,-174
30.59167,-175
30.60000,-176
30.60833,-177
30.61667,-177
30.62500,-178
30.63333,-179
30.64167,-179
30.65000,-180
30.65833,-180
30.66667,-180
30.67500,-181
30.68333,-181
30.69167,-181
30.70000,-181
30.70833,-181
30.71667,-181
30.72500,-180
30.73333,-179
30.74167,-179
30.75000,-178
30.75833,-177
30.76667,-176
30.77500,-175
30.78333,-173
30.79167,-172
30.80000,-171
30.80833,-170
30.81667,-169
30.82500,-167
30.83333,-166
30.84167,-164
30.85000,-161
30.85833,-159
30.86667,-157
30.87500,-155
30.88333,-153
30.89167,-151
30.90000,-148
30.90833,-146
30.91667,-144
30.92500,-142
30.93333,-139
30.94167,-137
30.95000,-134
30.95833,-131
30.96667,-129
30.97500,-126
30.98333,-123
30.99167,-121
31.00000,-118
31.00833,-115
31.01667,-113
31.02500,-110
31.03333,-107
31.04167,-104
31.05000,-102
31.05833,-99
31.06667,-96
31.07500,-94
31.08333,-91
31.09167,-89
31.10000,-86
31.10833,-84
31.11667,-82
31.12500,-79
31.13333,-77
31.14167,-75
31.15000,-72
31.15833,-70
31.16667,-68
31.17500,-66
31.18333,-64
31.19167,-62
31.20000,-60
31.20833,-58
31.21667,-57
31.22500,-55
31.23333,-53
31.24167,-52
31.25000,-50
31.25833,-49
31.26667,-47
31.27500,-46
31.28333,-45
31.29167,-43
31.30000,-42
31.30833,-41
31.31667,-40
31.32500,-38
31.33333,-37
31.34167,-35
31.35000,-34
31.35833,-32
31.36667,-31
31.37500,-29
31.38333,-28
31.39167,-27
31.40000,-26
31.40833,-25
31.41667,-24
31.42500,-23
31.43333,-22
31.44167,-20
31.45000,-19
31.45833,-18
31.46667,-18
31.47500,-16
31.48333,-15
31.49167,-14
31.50000,-12
31.50833,-10
31.51667,-9
31.52500,-7
31.53333,-5
31.54167,-3
31.55000,-1
31.55833,2
31.56667,4
31.57500,7
31.58333,10
31.59167,13
31.60000,16
31.60833,20
31.61667,24
31.62500,27
31.63333,31
31.64167,35
31.65000,40
31.65833,45
31.66667,50
31.67500,55
31.68333,61
31.69167,67
31.70000,73
31.70833,80
31.71667,87
31.72500,94
31.73333,102
31.74167,110
31.75000,118
31.75833,127
31.76667,136
31.77500,146
31.78333,156
31.79167,166
31.80000,176
31.80833,187
31.81667,199
31.82500,211
31.83333,223
31.84167,235
31.85000,247
31.85833,259
31.86667,272
31.87500,285
31.88333,299
31.89167,312
31.90000,327
31.90833,341
31.91667,354
31.92500,368
31.93333,382
31.94167,397
31.95000,411
31.95833,426
31.96667,440
31.97500,454
31.98333,469
31.99167,483
32.00000,498
32.00833,512
32.01667,526
32.02500,540
32.03333,553
32.04167,567
32.05000,581
32.05833,595
32.06667,608
32.07500,621
32.08333,634
32.09167,647
32.10000,659
32.10833,671
32.11667,682
32.12500,694
32.13333,704
32.14167,715
32.15000,726
32.15833,736
32.16667,746
32.17500,755
32.18333,764
32.19167,772
32.20000,781
32.20833,789
32.21667,797
32.22500,804
32.23333,811
32.24167,817
32.25000,823
32.25833,829
32.26667,835
32.27500,841
32.28333,845
32.29167,850
32.30000,854
32.30833,857
32.31667,860
32.32500,863
32.33333,865
32.34167,867
32.35000,869
32.35833,870
32.36667,871
32.37500,871
32.38333,870
32.39167,870
32.40000,869
32.40833,868
32.41667,866
32.42500,864
32.43333,860
32.44167,857
32.45000,853
32.45833,848
32.46667,844
32.47500,838
32.48333,833
32.49167,827
32.50000,820
32.50833,812
32.51667,804
32.52500,796
32.53333,787
32.54167,778
32.55000,769
32.55833,759
32.56667,749
32.57500,739
32.58333,727
32.59167,716
32.60000,704
32.60833,693
32.61667,680
32.62500,668
32.63333,656
32.64167,643
32.65000,629
32.65833,616
32.66667,602
32.67500,588
32.68333,574
32.69167,560
32.70000,546
32.70833,532
32.71667,517
32.72500,503
32.73333,488
32.74167,474
32.75000,459
32.75833,445
32.76667,431
32.77500,417
32.78333,403
32.79167,390
32.80000,376
32.80833,362
32.81667,349
32.82500,336
32.83333,323
32.84167,311
32.85000,299
32.85833,287
32.86667,275
32.87500,263
32.88333,251
32.89167,240
32.90000,229
32.90833,219
32.91667,209
32.92500,199
32.93333,189
32.94167,179
32.95000,170
32.95833,161
32.96667,153
32.97500,145
32.98333,137
32.99167,129
33.00000,122
33.00833,115
33.01667,109
33.02500,102
33.03333,96
33.04167,90
33.05000,85
33.05833,79
33.06667,74
33.07500,69
33.08333,64
33.09167,60
33.10000,56
33.10833,52
33.11667,48
33.12500,44
33.13333,41
33.14167,37
33.15000,34
33.15833,31
33.16667,28
33.17500,25
33.18333,23
33.19167,20
33.20000,18
33.20833,16
33.21667,14
33.22500,12
33.23333,10
33.24167,9
33.25000,7
33.25833,5
33.26667,4
33.27500,2
33.28333,1
33.29167,-1
33.30000,-2
33.30833,-3
33.31667,-4
33.32500,-5
33.33333,-7
33.34167,-7
33.35000,-8
33.35833,-8
33.36667,-9
33.37500,-10
33.38333,-11
33.39167,-12
33.40000,-12
33.40833,-13
33.41667,-13
33.42500,-14
33.43333,-15
33.44167,-15
33.45000,-15
33.45833,-16
33.46667,-16
33.47500,-17
33.48333,-17
33.49167,-17
33.50000,-18
33.50833,-18
33.51667,-18
33.52500,-19
33.53333,-20
33.54167,-20
33.55000,-21
33.55833,-21
33.56667,-21
33.57500,-21
33.58333,-22
33.59167,-22
33.60000,-22
33.60833,-22
33.61667,-22
33.62500,-22
33.63333,-22
33.64167,-23
33.65000,-23
33.65833,-24
33.66667,-24
33.67500,-24
33.68333,-24
33.69167,-24
33.70000,-24
33.70833,-24
33.71667,-24
33.72500,-24
33.73333,-24
33.74167,-24
33.75000,-24
33.75833,-24
33.76667,-24
33.77500,-24
33.78333,-24
33.79167,-25
33.80000,-25
33.80833,-25
33.81667,-25
33.82500,-25
33.83333,-25
33.84167,-25
33.85000,-25
33.85833,-25
33.86667,-24
33.87500,-24
33.88333,-24
33.89167,-24
33.90000,-24
33.90833,-24
33.91667,-24
33.92500,-23
33.93333,-23
33.94167,-23
33.95000,-23
33.95833,-23
33.96667,-23
33.97500,-23
33.98333,-23
33.99167,-23
34.00000,-23
34.00833,-23
34.01667,-23
34.02500,-23
34.03333,-22
34.04167,-22
34.05000,-22
34.05833,-21
34.06667,-21
34.07500,-20
34.08333,-20
34.09167,-20
34.10000,-20
34.10833,-20
34.11667,-20
34.12500,-20
34.13333,-19
34.14167,-19
34.15000,-19
34.15833,-19
34.16667,-19
34.17500,-19
34.18333,-19
34.19167,-18
34.20000,-18
34.20833,-18
34.21667,-17
34.22500,-17
34.23333,-17
34.24167,-17
34.25000,-17
34.25833,-17
34.26667,-17
34.27500,-17
34.28333,-17
34.29167,-17
34.30000,-17
34.30833,-17
34.31667,-17
34.32500,-17
34.33333,-17
34.34167,-16
34.35000,-16
34.35833,-16
34.36667,-16
34.37500,-15
34.38333,-15
34.39167,-15
34.40000,-15
34.40833,-15
34.41667,-15
34.42500,-15
34.43333,-15
34.44167,-15
34.45000,-15
34.45833,-15
34.46667,-15
34.47500,-15
34.48333,-15
34.49167,-15
34.50000,-15
34.50833,-15
34.51667,-15
34.52500,-15
34.53333,-15
34.54167,-15
34.55000,-15
34.55833,-15
34.56667,-15
34.57500,-15
34.58333,-15
34.59167,-15
34.60000,-15
34.60833,-14
34.61667,-14
34.62500,-14
34.63333,-14
34.64167,-14
34.65000,-14
34.65833,-15
34.66667,-14
34.67500,-14
34.68333,-15
34.69167,-15
34.70000,-15
34.70833,-15
34.71667,-15
34.72500,-15
34.73333,-15
34.74167,-15
34.75000,-15
34.75833,-15
34.76667,-15
34.77500,-15
34.78333,-15
34.79167,-15
34.80000,-16
34.80833,-15
34.81667,-15
34.82500,-15
34.83333,-15
34.84167,-16
34.85000,-16
34.85833,-16
34.86667,-15
34.87500,-15
34.88333,-16
34.89167,-15
34.90000,-15
34.90833,-16
34.91667,-16
34.92500,-15
34.93333,-15
34.94167,-15
34.95000,-16
34.95833,-16
34.96667,-16
34.97500,-16
34.98333,-16
34.99167,-16
35.00000,-16
35.00833,-16
35.01667,-16
35.02500,-17
35.03333,-17
35.04167,-17
35.05000,-16
35.05833,-16
35.06667,-16
35.07500,-16
35.08333,-17
35.09167,-17
35.10000,-17
35.10833,-17
35.11667,-17
35.12500,-17
35.13333,-17
35.14167,-17
35.15000,-17
35.15833,-17
35.16667,-17
35.17500,-17
35.18333,-16
35.19167,-17
35.20000,-17
35.20833,-17
35.21667,-17
35.22500,-17
35.23333,-17
35.24167,-17
35.25000,-17
35.25833,-17
35.26667,-17
35.27500,-17
35.28333,-17
35.29167,-17
35.30000,-17
35.30833,-17
35.31667,-16
35.32500,-16
35.33333,-16
35.34167,-16
35.35000,-16
35.35833,-16
35.36667,-17
35.37500,-17
35.38333,-17
35.39167,-17
35.40000,-17
35.40833,-17
35.41667,-17
35.42500,-17
35.43333,-17
35.44167,-18
35.45000,-18
35.45833,-18
35.46667,-18
35.47500,-18
35.48333,-18
35.49167,-17
35.50000,-17
35.50833,-17
35.51667,-17
35.52500,-18
35.53333,-18
35.54167,-18
35.55000,-18
35.55833,-18
35.56667,-18
35.57500,-18
35.58333,-18
35.59167,-17
35.60000,-17
35.60833,-18
35.61667,-18
35.62500,-17
35.63333,-18
35.64167,-17
35.65000,-18
35.65833,-18
35.66667,-18
35.67500,-18
35.68333,-18
35.69167,-18
35.70000,-18
35.70833,-18
35.71667,-18
35.72500,-18
35.73333,-18
35.74167,-18
35.75000,-18
35.75833,-18
35.76667,-18
35.77500,-18
35.78333,-18
35.79167,-19
35.80000,-18
35.80833,-18
35.81667,-18
35.82500,-18
35.83333,-18
35.84167,-18
35.85000,-18
35.85833,-18
35.86667,-18
35.87500,-18
35.88333,-18
35.89167,-18
35.90000,-18
35.90833,-18
35.91667,-18
35.92500,-18
35.93333,-18
35.94167,-18
35.95000,-18
35.95833,-18
35.96667,-18
35.97500,-18
35.98333,-18
35.99167,-19
36.00000,-19
36.00833,-19
36.01667,-19
36.02500,-18
36.03333,-18
36.04167,-18
36.05000,-18
36.05833,-18
36.06667,-18
36.07500,-18
36.08333,-18
36.09167,-19
36.10000,-18
36.10833,-18
36.11667,-18
36.12500,-18
36.13333,-18
36.14167,-18
36.15000,-18
36.15833,-18
36.16667,-18
36.17500,-18
36.18333,-18
36.19167,-18
36.20000,-19
36.20833,-19
36.21667,-19
36.22500,-19
36.23333,-19
36.24167,-19
36.25000,-19
36.25833,-19
36.26667,-18
36.27500,-19
36.28333,-19
36.29167,-19
36.30000,-19
36.30833,-18
36.31667,-18
36.32500,-18
36.33333,-18
36.34167,-18
36.35000,-18
36.35833,-19
36.36667,-19
36.37500,-19
36.38333,-19
36.39167,-19
36.40000,-19
36.40833,-19
36.41667,-19
36.42500,-19
36.43333,-19
36.44167,-19
36.45000,-19
36.45833,-19
36.46667,-19
36.47500,-19
36.48333,-19
36.49167,-19
36.50000,-19
36.50833,-19
36.51667,-18
36.52500,-18
36.53333,-18
36.54167,-18
36.55000,-18
36.55833,-19
36.56667,-19
36.57500,-19
36.58333,-19
36.59167,-18
36.60000,-18
36.60833,-18
36.61667,-19
36.62500,-19
36.63333,-19
36.64167,-19
36.65000,-19
36.65833,-19
36.66667,-18
36.67500,-18
36.68333,-18
36.69167,-18
36.70000,-18
36.70833,-18
36.71667,-18
36.72500,-17
36.73333,-18
36.74167,-18
36.75000,-18
36.75833,-18
36.76667,-18
36.77500,-18
36.78333,-18
36.79167,-19
36.80000,-19
36.80833,-19
36.81667,-19
36.82500,-19
36.83333,-19
36.84167,-19
36.85000,-19
36.85833,-19
36.86667,-18
36.87500,-18
36.88333,-18
36.89167,-18
36.90000,-18
36.90833,-18
36.91667,-18
36.92500,-18
36.93333,-18
36.94167,-18
36.95000,-18
36.95833,-18
36.96667,-18
36.97500,-18
36.98333,-18
36.99167,-18
37.00000,-17
37.00833,-17
37.01667,-17
37.02500,-17
37.03333,-17
37.04167,-17
37.05000,-17
37.05833,-17
37.06667,-17
37.07500,-17
37.08333,-17
37.09167,-18
37.10000,-18
37.10833,-18
37.11667,-18
37.12500,-18
37.13333,-18
37.14167,-18
37.15000,-18
37.15833,-17
37.16667,-17
37.17500,-17
37.18333,-18
37.19167,-18
37.20000,-18
37.20833,-18
37.21667,-18
37.22500,-17
37.23333,-17
37.24167,-17
37.25000,-17
37.25833,-17
37.26667,-17
37.27500,-17
37.28333,-17
37.29167,-17
37.30000,-17
37.30833,-17
37.31667,-17
37.32500,-17
37.33333,-17
37.34167,-17
37.35000,-17
37.35833,-16
37.36667,-16
37.37500,-16
37.38333,-16
37.39167,-16
37.40000,-16
37.40833,-16
37.41667,-17
37.42500,-17
37.43333,-17
37.44167,-17
37.45000,-17
37.45833,-17
37.46667,-17
37.47500,-17
37.48333,-17
37.49167,-17
37.50000,-17
37.50833,-17
37.51667,-17
37.52500,-17
37.53333,-17
37.54167,-17
37.55000,-17
37.55833,-17
37.56667,-17
37.57500,-17
37.58333,-17
37.59167,-17
37.60000,-17
37.60833,-17
37.61667,-17
37.62500,-17
37.63333,-18
37.64167,-18
37.65000,-18
37.65833,-18
37.66667,-18
37.67500,-18
37.68333,-18
37.69167,-17
37.70000,-17
37.70833,-17
37.71667,-17
37.72500,-17
37.73333,-17
37.74167,-17
37.75000,-17
37.75833,-18
37.76667,-18
37.77500,-18
37.78333,-18
37.79167,-17
37.80000,-17
37.80833,-17
37.81667,-17
37.82500,-17
37.83333,-17
37.84167,-17
37.85000,-17
37.85833,-18
37.86667,-18
37.87500,-18
37.88333,-17
37.89167,-17
37.90000,-17
37.90833,-17
37.91667,-18
37.92500,-18
37.93333,-18
37.94167,-18
37.95000,-18
37.95833,-18
37.96667,-18
37.97500,-18
37.98333,-18
37.99167,-18
38.00000,-19
38.00833,-19
38.01667,-19
38.02500,-18
38.03333,-18
38.04167,-18
38.05000,-18
38.05833,-18
38.06667,-19
38.07500,-19
38.08333,-19
38.09167,-19
38.10000,-19
38.10833,-19
38.11667,-19
38.12500,-19
38.13333,-19
38.14167,-19
38.15000,-19
38.15833,-19
38.16667,-19
38.17500,-20
38.18333,-20
38.19167,-20
38.20000,-20
38.20833,-19
38.21667,-19
38.22500,-19
38.23333,-20
38.24167,-20
38.25000,-20
38.25833,-20
38.26667,-20
38.27500,-20
38.28333,-20
38.29167,-20
38.30000,-21
38.30833,-21
38.31667,-21
38.32500,-21
38.33333,-21
38.34167,-21
38.35000,-21
38.35833,-22
38.36667,-21
38.37500,-21
38.38333,-21
38.39167,-21
38.40000,-22
38.40833,-22
38.41667,-22
38.42500,-22
38.43333,-22
38.44167,-22
38.45000,-22
38.45833,-22
38.46667,-22
38.47500,-22
38.48333,-22
38.49167,-22
38.50000,-22
38.50833,-22
38.51667,-23
38.52500,-23
38.53333,-22
38.54167,-22
38.55000,-22
38.55833,-22
38.56667,-22
38.57500,-22
38.58333,-22
38.59167,-22
38.60000,-22
38.60833,-22
38.61667,-23
38.62500,-23
38.63333,-23
38.64167,-23
38.65000,-23
38.65833,-23
38.66667,-23
38.67500,-23
38.68333,-23
38.69167,-23
38.70000,-23
38.70833,-24
38.71667,-24
38.72500,-24
38.73333,-24
38.74167,-24
38.75000,-25
38.75833,-25
38.76667,-25
38.77500,-26
38.78333,-26
38.79167,-26
38.80000,-25
38.80833,-25
38.81667,-25
38.82500,-25
38.83333,-25
38.84167,-25
38.85000,-25
38.85833,-25
38.86667,-25
38.87500,-25
38.88333,-25
38.89167,-26
38.90000,-26
38.90833,-26
38.91667,-26
38.92500,-26
38.93333,-26
38.94167,-26
38.95000,-26
38.95833,-26
38.96667,-26
38.97500,-26
38.98333,-26
38.99167,-26
39.00000,-26
39.00833,-26
39.01667,-27
39.02500,-27
39.03333,-26
39.04167,-27
39.05000,-27
39.05833,-26
39.06667,-27
39.07500,-27
39.08333,-27
39.09167,-27
39.10000,-27
39.10833,-27
39.11667,-27
39.12500,-27
39.13333,-27
39.14167,-27
39.15000,-27
39.15833,-27
39.16667,-27
39.17500,-28
39.18333,-27
39.19167,-27
39.20000,-27
39.20833,-27
39.21667,-27
39.22500,-27
39.23333,-28
39.24167,-28
39.25000,-28
39.25833,-28
39.26667,-28
39.27500,-28
39.28333,-28
39.29167,-27
39.30000,-27
39.30833,-27
39.31667,-28
39.32500,-28
39.33333,-27
39.34167,-27
39.35000,-27
39.35833,-27
39.36667,-27
39.37500,-27
39.38333,-27
39.39167,-27
39.40000,-27
39.40833,-27
39.41667,-27
39.42500,-27
39.43333,-27
39.44167,-27
39.45000,-27
39.45833,-26
39.46667,-26
39.47500,-26
39.48333,-26
39.49167,-26
39.50000,-26
39.50833,-26
39.51667,-26
39.52500,-26
39.53333,-26
39.54167,-26
39.55000,-27
39.55833,-27
39.56667,-27
39.57500,-27
39.58333,-27
39.59167,-27
39.60000,-27
39.60833,-27
39.61667,-27
39.62500,-27
39.63333,-27
39.64167,-26
39.65000,-26
39.65833,-26
39.66667,-26
39.67500,-26
39.68333,-27
39.69167,-27
39.70000,-26
39.70833,-26
39.71667,-26
39.72500,-26
39.73333,-26
39.74167,-26
39.75000,-26
39.75833,-26
39.76667,-27
39.77500,-26
39.78333,-26
39.79167,-26
39.80000,-26
39.80833,-26
39.81667,-26
39.82500,-26
39.83333,-26
39.84167,-26
39.85000,-26
39.85833,-26
39.86667,-26
39.87500,-26
39.88333,-25
39.89167,-25
39.90000,-26
39.90833,-26
39.91667,-26
39.92500,-27
39.93333,-27
39.94167,-27
39.95000,-27
39.95833,-27
39.96667,-27
39.97500,-27
39.98333,-27
39.99167,-27
40.00000,-27
40.00833,-27
40.01667,-27
40.02500,-27
40.03333,-27
40.04167,-27
40.05000,-27
40.05833,-26
40.06667,-26
40.07500,-27
40.08333,-27
40.09167,-27
40.10000,-27
40.10833,-27
40.11667,-27
40.12500,-27
40.13333,-27
40.14167,-27
40.15000,-27
40.15833,-27
40.16667,-28
40.17500,-28
40.18333,-28
40.19167,-28
40.20000,-28
40.20833,-28
40.21667,-28
40.22500,-28
40.23333,-28
40.24167,-28
40.25000,-28
40.25833,-28
40.26667,-28
40.27500,-28
40.28333,-28
40.29167,-28
40.30000,-29
40.30833,-29
40.31667,-29
40.32500,-29
40.33333,-29
40.34167,-29
40.35000,-29
40.35833,-29
40.36667,-29
40.37500,-29
40.38333,-29
40.39167,-29
40.40000,-29
40.40833,-29
40.41667,-29
40.42500,-30
40.43333,-30
40.44167,-30
40.45000,-30
40.45833,-31
40.46667,-31
40.47500,-31
40.48333,-30
40.49167,-30
40.50000,-30
40.50833,-30
40.51667,-30
40.52500,-30
40.53333,-31
40.54167,-31
40.55000,-31
40.55833,-31
40.56667,-31
40.57500,-31
40.58333,-31
40.59167,-31
40.60000,-31
40.60833,-31
40.61667,-31
40.62500,-31
40.63333,-31
40.64167,-32
40.65000,-31
40.65833,-31
40.66667,-31
40.67500,-31
40.68333,-31
40.69167,-31
40.70000,-31
40.70833,-31
40.71667,-31
40.72500,-31
40.73333,-31
40.74167,-31
40.75000,-31
40.75833,-32
40.76667,-32
40.77500,-32
40.78333,-32
40.79167,-32
40.80000,-33
40.80833,-33
40.81667,-33
40.82500,-33
40.83333,-33
40.84167,-33
40.85000,-33
40.85833,-33
40.86667,-33
40.87500,-32
40.88333,-32
40.89167,-32
40.90000,-32
40.90833,-32
40.91667,-32
40.92500,-32
40.93333,-32
40.94167,-32
40.95000,-32
40.95833,-32
40.96667,-32
40.97500,-32
40.98333,-33
40.99167,-33
41.00000,-33
41.00833,-33
41.01667,-33
41.02500,-34
41.03333,-34
41.04167,-34
41.05000,-33
41.05833,-33
41.06667,-33
41.07500,-33
41.08333,-33
41.09167,-33
41.10000,-33
41.10833,-33
41.11667,-33
41.12500,-33
41.13333,-33
41.14167,-32
41.15000,-32
41.15833,-32
41.16667,-32
41.17500,-32
41.18333,-32
41.19167,-33
41.20000,-33
41.20833,-33
41.21667,-33
41.22500,-33
41.23333,-33
41.24167,-33
41.25000,-33
41.25833,-33
41.26667,-33
41.27500,-33
41.28333,-33
41.29167,-33
41.30000,-33
41.30833,-33
41.31667,-33
41.32500,-33
41.33333,-33
41.34167,-33
41.35000,-33
41.35833,-33
41.36667,-33
41.37500,-33
41.38333,-33
41.39167,-33
41.40000,-33
41.40833,-33
41.41667,-33
41.42500,-34
41.43333,-34
41.44167,-34
41.45000,-34
41.45833,-34
41.46667,-34
41.47500,-33
41.48333,-33
41.49167,-33
41.50000,-34
41.50833,-33
41.51667,-33
41.52500,-33
41.53333,-34
41.54167,-34
41.55000,-34
41.55833,-34
41.56667,-34
41.57500,-34
41.58333,-34
41.59167,-34
41.60000,-34
41.60833,-34
41.61667,-34
41.62500,-34
41.63333,-34
41.64167,-34
41.65000,-34
41.65833,-34
41.66667,-34
41.67500,-34
41.68333,-34
41.69167,-34
41.70000,-34
41.70833,-33
41.71667,-34
41.72500,-34
41.73333,-34
41.74167,-34
41.75000,-34
41.75833,-34
41.76667,-34
41.77500,-34
41.78333,-33
41.79167,-33
41.80000,-33
41.80833,-33
41.81667,-33
41.82500,-33
41.83333,-33
41.84167,-33
41.85000,-33
41.85833,-33
41.86667,-33
41.87500,-33
41.88333,-33
41.89167,-33
41.90000,-33
41.90833,-33
41.91667,-33
41.92500,-33
41.93333,-34
41.94167,-34
41.95000,-34
41.95833,-34
41.96667,-35
41.97500,-35
41.98333,-35
41.99167,-34
42.00000,-34
42.00833,-34
42.01667,-34
42.02500,-34
42.03333,-34
42.04167,-34
42.05000,-33
42.05833,-33
42.06667,-33
42.07500,-34
42.08333,-34
42.09167,-34
42.10000,-34
42.10833,-34
42.11667,-34
42.12500,-34
42.13333,-34
42.14167,-33
42.15000,-33
42.15833,-33
42.16667,-33
42.17500,-33
42.18333,-33
42.19167,-33
42.20000,-33
42.20833,-33
42.21667,-33
42.22500,-33
42.23333,-33
42.24167,-33
42.25000,-33
42.25833,-33
42.26667,-33
42.27500,-32
42.28333,-32
42.29167,-32
42.30000,-32
42.30833,-32
42.31667,-32
42.32500,-32
42.33333,-32
42.34167,-32
42.35000,-32
42.35833,-33
42.36667,-33
42.37500,-32
42.38333,-32
42.39167,-32
42.40000,-32
42.40833,-32
42.41667,-32
42.42500,-32
42.43333,-32
42.44167,-31
42.45000,-31
42.45833,-31
42.46667,-31
42.47500,-32
42.48333,-32
42.49167,-32
42.50000,-32
42.50833,-32
42.51667,-32
42.52500,-32
42.53333,-32
42.54167,-32
42.55000,-32
42.55833,-32
42.56667,-32
42.57500,-31
42.58333,-31
42.59167,-31
42.60000,-31
42.60833,-31
42.61667,-31
42.62500,-31
42.63333,-31
42.64167,-32
42.65000,-32
42.65833,-32
42.66667,-32
42.67500,-32
42.68333,-32
42.69167,-32
42.70000,-32
42.70833,-32
42.71667,-32
42.72500,-32
42.73333,-31
42.74167,-31
42.75000,-31
42.75833,-31
42.76667,-32
42.77500,-32
42.78333,-32
42.79167,-32
42.80000,-32
42.80833,-32
42.81667,-32
42.82500,-32
42.83333,-31
42.84167,-31
42.85000,-31
42.85833,-31
42.86667,-31
42.87500,-31
42.88333,-32
42.89167,-32
42.90000,-32
42.90833,-32
42.91667,-32
42.92500,-32
42.93333,-32
42.94167,-32
42.95000,-32
42.95833,-32
42.96667,-32
42.97500,-32
42.98333,-32
42.99167,-32
43.00000,-33
43.00833,-33
43.01667,-33
43.02500,-33
43.03333,-32
43.04167,-32
43.05000,-32
43.05833,-32
43.06667,-32
43.07500,-32
43.08333,-32
43.09167,-32
43.10000,-32
43.10833,-32
43.11667,-32
43.12500,-32
43.13333,-32
43.14167,-32
43.15000,-32
43.15833,-32
43.16667,-32
43.17500,-32
43.18333,-32
43.19167,-32
43.20000,-32
43.20833,-33
43.21667,-33
43.22500,-33
43.23333,-33
43.24167,-33
43.25000,-33
43.25833,-33
43.26667,-33
43.27500,-33
43.28333,-33
43.29167,-33
43.30000,-33
43.30833,-33
43.31667,-33
43.32500,-33
43.33333,-33
43.34167,-33
43.35000,-33
43.35833,-33
43.36667,-33
43.37500,-33
43.38333,-33
43.39167,-33
43.40000,-32
43.40833,-32
43.41667,-32
43.42500,-32
43.43333,-32
43.44167,-32
43.45000,-32
43.45833,-32
43.46667,-32
43.47500,-32
43.48333,-32
43.49167,-32
43.50000,-32
43.50833,-32
43.51667,-32
43.52500,-32
43.53333,-32
43.54167,-32
43.55000,-32
43.55833,-32
43.56667,-32
43.57500,-32
43.58333,-32
43.59167,-32
43.60000,-32
43.60833,-32
43.61667,-32
43.62500,-32
43.63333,-32
43.64167,-32
43.65000,-33
43.65833,-33
43.66667,-33
43.67500,-33
43.68333,-33
43.69167,-33
43.70000,-33
43.70833,-33
43.71667,-32
43.72500,-32
43.73333,-32
43.74167,-31
43.75000,-31
43.75833,-31
43.76667,-31
43.77500,-31
43.78333,-31
43.79167,-31
43.80000,-31
43.80833,-31
43.81667,-32
43.82500,-32
43.83333,-32
43.84167,-32
43.85000,-32
43.85833,-32
43.86667,-32
43.87500,-32
43.88333,-32
43.89167,-32
43.90000,-32
43.90833,-32
43.91667,-32
43.92500,-32
43.93333,-32
43.94167,-32
43.95000,-32
43.95833,-31
43.96667,-31
43.97500,-31
43.98333,-31
43.99167,-32
44.00000,-32
44.00833,-33
44.01667,-33
44.02500,-33
44.03333,-33
44.04167,-33
44.05000,-33
44.05833,-33
44.06667,-33
44.07500,-33
44.08333,-33
44.09167,-32
44.10000,-32
44.10833,-32
44.11667,-32
44.12500,-32
44.13333,-32
44.14167,-32
44.15000,-32
44.15833,-32
44.16667,-32
44.17500,-33
44.18333,-33
44.19167,-32
44.20000,-33
44.20833,-33
44.21667,-33
44.22500,-33
44.23333,-33
44.24167,-33
44.25000,-33
44.25833,-34
44.26667,-34
44.27500,-34
44.28333,-33
44.29167,-34
44.30000,-33
44.30833,-33
44.31667,-33
44.32500,-33
44.33333,-33
44.34167,-32
44.35000,-32
44.35833,-32
44.36667,-32
44.37500,-32
44.38333,-32
44.39167,-32
44.40000,-32
44.40833,-32
44.41667,-32
44.42500,-32
44.43333,-32
44.44167,-32
44.45000,-32
44.45833,-33
44.46667,-33
44.47500,-33
44.48333,-33
44.49167,-32
44.50000,-33
44.50833,-33
44.51667,-33
44.52500,-33
44.53333,-33
44.54167,-33
44.55000,-34
44.55833,-34
44.56667,-34
44.57500,-34
44.58333,-34
44.59167,-34
44.60000,-34
44.60833,-34
44.61667,-34
44.62500,-34
44.63333,-35
44.64167,-35
44.65000,-34
44.65833,-34
44.66667,-34
44.67500,-34
44.68333,-34
44.69167,-34
44.70000,-33
44.70833,-33
44.71667,-33
44.72500,-34
44.73333,-34
44.74167,-34
44.75000,-34
44.75833,-34
44.76667,-34
44.77500,-34
44.78333,-35
44.79167,-35
44.80000,-34
44.80833,-34
44.81667,-34
44.82500,-34
44.83333,-34
44.84167,-35
44.85000,-35
44.85833,-35
44.86667,-35
44.87500,-35
44.88333,-35
44.89167,-35
44.90000,-34
44.90833,-34
44.91667,-34
44.92500,-34
44.93333,-35
44.94167,-35
44.95000,-35
44.95833,-36
44.96667,-36
44.97500,-35
44.98333,-35
44.99167,-35
45.00000,-36
45.00833,-36
45.01667,-36
45.02500,-36
45.03333,-36
45.04167,-36
45.05000,-35
45.05833,-35
45.06667,-35
45.07500,-35
45.08333,-35
45.09167,-36
45.10000,-36
45.10833,-36
45.11667,-36
45.12500,-36
45.13333,-36
45.14167,-36
45.15000,-36
45.15833,-36
45.16667,-36
45.17500,-36
45.18333,-35
45.19167,-35
45.20000,-35
45.20833,-35
45.21667,-35
45.22500,-35
45.23333,-35
45.24167,-35
45.25000,-35
45.25833,-35
45.26667,-36
45.27500,-36
45.28333,-36
45.29167,-36
45.30000,-36
45.30833,-36
45.31667,-36
45.32500,-36
45.33333,-36
45.34167,-35
45.35000,-35
45.35833,-35
45.36667,-35
45.37500,-35
45.38333,-35
45.39167,-34
45.40000,-34
45.40833,-35
45.41667,-34
45.42500,-34
45.43333,-34
45.44167,-34
45.45000,-35
45.45833,-35
45.46667,-35
45.47500,-35
45.48333,-35
45.49167,-35
45.50000,-35
45.50833,-35
45.51667,-35
45.52500,-35
45.53333,-35
45.54167,-35
45.55000,-36
45.55833,-36
45.56667,-35
45.57500,-35
45.58333,-35
45.59167,-35
45.60000,-35
45.60833,-35
45.61667,-35
45.62500,-35
45.63333,-36
45.64167,-36
45.65000,-36
45.65833,-36
45.66667,-36
45.67500,-36
45.68333,-36
45.69167,-36
45.70000,-36
45.70833,-36
45.71667,-35
45.72500,-36
45.73333,-36
45.74167,-36
45.75000,-36
45.75833,-36
45.76667,-35
45.77500,-35
45.78333,-35
45.79167,-35
45.80000,-35
45.80833,-36
45.81667,-36
45.82500,-36
45.83333,-35
45.84167,-35
45.85000,-35
45.85833,-35
45.86667,-36
45.87500,-36
45.88333,-36
45.89167,-36
45.90000,-36
45.90833,-36
45.91667,-36
45.92500,-36
45.93333,-36
45.94167,-36
45.95000,-36
45.95833,-36
45.96667,-37
45.97500,-37
45.98333,-37
45.99167,-37
46.00000,-37
46.00833,-37
46.01667,-37
46.02500,-37
46.03333,-37
46.04167,-37
46.05000,-37
46.05833,-37
46.06667,-37
46.07500,-37
46.08333,-37
46.09167,-37
46.10000,-36
46.10833,-37
46.11667,-37
46.12500,-37
46.13333,-37
46.14167,-37
46.15000,-36
46.15833,-36
46.16667,-36
46.17500,-36
46.18333,-36
46.19167,-36
46.20000,-36
46.20833,-36
46.21667,-36
46.22500,-36
46.23333,-36
46.24167,-36
46.25000,-36
46.25833,-36
46.26667,-36
46.27500,-36
46.28333,-36
46.29167,-36
46.30000,-36
46.30833,-37
46.31667,-37
46.32500,-37
46.33333,-38
46.34167,-38
46.35000,-38
46.35833,-38
46.36667,-37
46.37500,-37
46.38333,-37
46.39167,-37
46.40000,-37
46.40833,-37
46.41667,-37
46.42500,-37
46.43333,-37
46.44167,-38
46.45000,-38
46.45833,-38
46.46667,-38
46.47500,-38
46.48333,-38
46.49167,-37
46.50000,-37
46.50833,-36
46.51667,-36
46.52500,-36
46.53333,-36
46.54167,-36
46.55000,-36
46.55833,-37
46.56667,-37
46.57500,-37
46.58333,-37
46.59167,-37
46.60000,-36
46.60833,-36
46.61667,-37
46.62500,-37
46.63333,-37
46.64167,-37
46.65000,-37
46.65833,-37
46.66667,-37
46.67500,-37
46.68333,-37
46.69167,-37
46.70000,-37
46.70833,-37
46.71667,-37
46.72500,-37
46.73333,-37
46.74167,-37
46.75000,-37
46.75833,-37
46.76667,-37
46.77500,-36
46.78333,-36
46.79167,-36
46.80000,-36
46.80833,-36
46.81667,-36
46.82500,-36
46.83333,-36
46.84167,-36
46.85000,-37
46.85833,-37
46.86667,-37
46.87500,-37
46.88333,-37
46.89167,-37
46.90000,-37
46.90833,-37
46.91667,-37
46.92500,-36
46.93333,-36
46.94167,-37
46.95000,-37
46.95833,-36
46.96667,-36
46.97500,-36
46.98333,-37
46.99167,-37
47.00000,-37
47.00833,-37
47.01667,-37
47.02500,-37
47.03333,-37
47.04167,-37
47.05000,-36
47.05833,-36
47.06667,-36
47.07500,-36
47.08333,-37
47.09167,-37
47.10000,-37
47.10833,-37
47.11667,-37
47.12500,-37
47.13333,-37
47.14167,-37
47.15000,-37
47.15833,-37
47.16667,-37
47.17500,-37
47.18333,-37
47.19167,-37
47.20000,-37
47.20833,-37
47.21667,-37
47.22500,-36
47.23333,-36
47.24167,-36
47.25000,-36
47.25833,-36
47.26667,-36
47.27500,-36
47.28333,-36
47.29167,-36
47.30000,-36
47.30833,-36
47.31667,-37
47.32500,-37
47.33333,-37
47.34167,-37
47.35000,-38
47.35833,-38
47.36667,-38
47.37500,-38
47.38333,-38
47.39167,-37
47.40000,-37
47.40833,-37
47.41667,-37
47.42500,-37
47.43333,-37
47.44167,-37
47.45000,-37
47.45833,-37
47.46667,-37
47.47500,-37
47.48333,-37
47.49167,-37
47.50000,-37
47.50833,-37
47.51667,-37
47.52500,-37
47.53333,-37
47.54167,-37
47.55000,-37
47.55833,-37
47.56667,-37
47.57500,-37
47.58333,-37
47.59167,-37
47.60000,-36
47.60833,-36
47.61667,-36
47.62500,-36
47.63333,-36
47.64167,-36
47.65000,-36
47.65833,-36
47.66667,-36
47.67500,-36
47.68333,-36
47.69167,-37
47.70000,-37
47.70833,-37
47.71667,-37
47.72500,-37
47.73333,-37
47.74167,-37
47.75000,-37
47.75833,-37
47.76667,-37
47.77500,-37
47.78333,-37
47.79167,-37
47.80000,-37
47.80833,-37
47.81667,-37
47.82500,-37
47.83333,-37
47.84167,-37
47.85000,-37
47.85833,-37
47.86667,-37
47.87500,-37
47.88333,-37
47.89167,-37
47.90000,-37
47.90833,-38
47.91667,-38
47.92500,-37
47.93333,-37
47.94167,-37
47.95000,-37
47.95833,-37
47.96667,-37
47.97500,-37
47.98333,-37
47.99167,-37
48.00000,-37
48.00833,-38
48.01667,-37
48.02500,-37
48.03333,-37
48.04167,-37
48.05000,-37
48.05833,-37
48.06667,-37
48.07500,-37
48.08333,-38
48.09167,-38
48.10000,-38
48.10833,-38
48.11667,-38
48.12500,-38
48.13333,-38
48.14167,-38
48.15000,-38
48.15833,-38
48.16667,-38
48.17500,-38
48.18333,-38
48.19167,-38
48.20000,-38
48.20833,-38
48.21667,-38
48.22500,-37
48.23333,-37
48.24167,-38
48.25000,-38
48.25833,-38
48.26667,-38
48.27500,-38
48.28333,-38
48.29167,-38
48.30000,-38
48.30833,-38
48.31667,-38
48.32500,-38
48.33333,-38
48.34167,-38
48.35000,-38
48.35833,-38
48.36667,-38
48.37500,-38
48.38333,-39
48.39167,-39
48.40000,-39
48.40833,-38
48.41667,-39
48.42500,-39
48.43333,-39
48.44167,-39
48.45000,-39
48.45833,-39
48.46667,-39
48.47500,-39
48.48333,-38
48.49167,-38
48.50000,-39
48.50833,-39
48.51667,-39
48.52500,-39
48.53333,-39
48.54167,-39
48.55000,-39
48.55833,-39
48.56667,-39
48.57500,-39
48.58333,-39
48.59167,-39
48.60000,-38
48.60833,-38
48.61667,-38
48.62500,-39
48.63333,-39
48.64167,-39
48.65000,-40
48.65833,-40
48.66667,-40
48.67500,-40
48.68333,-39
48.69167,-39
48.70000,-39
48.70833,-39
48.71667,-39
48.72500,-39
48.73333,-38
48.74167,-39
48.75000,-39
48.75833,-39
48.76667,-39
48.77500,-39
48.78333,-39
48.79167,-39
48.80000,-39
48.80833,-39
48.81667,-39
48.82500,-39
48.83333,-39
48.84167,-39
48.85000,-39
48.85833,-39
48.86667,-39
48.87500,-40
48.88333,-40
48.89167,-40
48.90000,-39
48.90833,-39
48.91667,-39
48.92500,-39
48.93333,-39
48.94167,-39
48.95000,-39
48.95833,-39
48.96667,-39
48.97500,-39
48.98333,-39
48.99167,-39
49.00000,-39
49.00833,-38
49.01667,-38
49.02500,-38
49.03333,-39
49.04167,-39
49.05000,-39
49.05833,-39
49.06667,-39
49.07500,-39
49.08333,-39
49.09167,-39
49.10000,-39
49.10833,-39
49.11667,-39
49.12500,-39
49.13333,-39
49.14167,-39
49.15000,-39
49.15833,-39
49.16667,-39
49.17500,-39
49.18333,-39
49.19167,-39
49.20000,-39
49.20833,-39
49.21667,-39
49.22500,-38
49.23333,-38
49.24167,-38
49.25000,-38
49.25833,-38
49.26667,-38
49.27500,-38
49.28333,-38
49.29167,-38
49.30000,-38
49.30833,-38
49.31667,-38
49.32500,-39
49.33333,-39
49.34167,-39
49.35000,-40
49.35833,-40
49.36667,-40
49.37500,-40
49.38333,-40
49.39167,-39
49.40000,-39
49.40833,-39
49.41667,-39
49.42500,-39
49.43333,-39
49.44167,-39
49.45000,-39
49.45833,-39
49.46667,-39
49.47500,-39
49.48333,-39
49.49167,-39
49.50000,-39
49.50833,-39
49.51667,-39
49.52500,-39
49.53333,-39
49.54167,-39
49.55000,-39
49.55833,-39
49.56667,-39
49.57500,-39
49.58333,-39
49.59167,-39
49.60000,-38
49.60833,-38
49.61667,-38
49.62500,-38
49.63333,-38
49.64167,-39
49.65000,-39
49.65833,-39
49.66667,-39
49.67500,-38
49.68333,-38
49.69167,-38
49.70000,-38
49.70833,-37
49.71667,-37
49.72500,-37
49.73333,-37
49.74167,-37
49.75000,-37
49.75833,-37
49.76667,-38
49.77500,-38
49.78333,-38
49.79167,-37
49.80000,-37
49.80833,-37
49.81667,-37
49.82500,-37
49.83333,-37
49.84167,-37
49.85000,-37
49.85833,-37
49.86667,-37
49.87500,-37
49.88333,-37
49.89167,-38
49.90000,-38
49.90833,-37
49.91667,-37
49.92500,-37
49.93333,-37
49.94167,-37
49.95000,-37
49.95833,-37
49.96667,-37
49.97500,-37
49.98333,-37
49.99167,-36
50.00000,-36

