File Path	chrom://marshall/Chromeleon7/HPLC_Ultimate_3000/Users/markusar/20230610_CMO_FP11_FP12.seq/302.smp/RI_1.channel/RI_1.chm
Channel	RI_1

Injection Information:
Data Vault	Chromeleon7
Injection	FP11_6_S3
Injection Number	8
Position	BA7
Comment	
Processing Method	
Instrument Method	run_25B_method
Type	Unknown
Status	Finished
Injection Date	10.06.2023
Injection Time	23:30:38
Injection Volume (µl)	20.000
Dilution Factor	1.0000
Weight	1.0000

Chromatogram Data Information:
Time Min. (min)	0.000000
Time Max. (min)	40.000000
Data Points	2401
Detector	RI
Generating Data System	Chromeleon 7.2.5.9507
Exporting Data System	Chromeleon 7.2.5.0
Operator	Instrument Controller
Signal Quantity	Refractive 
Signal Unit	µRIU
Signal Min.	-0.818875
Signal Max.	45.032750
Channel	RI_1
Driver Name	RID520Driver.dll
Channel Type	Evaluation
Min. Step (s)	1
Max. Step (s)	1
Average Step (s)	1

Signal Parameter Information:
Signal Info	

Chromatogram Data:
Time (min)	Step (s)	Value (µRIU)
0.000000	n.a.	-0.041625
0.016667	1	-0.042500
0.033333	1	-0.044375
0.050000	1	-0.045250
0.066667	1	-0.046125
0.083333	1	-0.047125
0.100000	1	-0.048500
0.116667	1	-0.049750
0.133333	1	-0.050500
0.150000	1	-0.051750
0.166667	1	-0.052875
0.183333	1	-0.053625
0.200000	1	-0.054750
0.216667	1	-0.056125
0.233333	1	-0.057125
0.250000	1	-0.058125
0.266667	1	-0.058750
0.283333	1	-0.060250
0.300000	1	-0.061250
0.316667	1	-0.062750
0.333333	1	-0.065250
0.350000	1	-0.069625
0.366667	1	-0.073375
0.383333	1	-0.074500
0.400000	1	-0.073000
0.416667	1	-0.070000
0.433333	1	-0.067875
0.450000	1	-0.066000
0.466667	1	-0.064000
0.483333	1	-0.062500
0.500000	1	-0.060500
0.516667	1	-0.058875
0.533333	1	-0.059125
0.550000	1	-0.060000
0.566667	1	-0.062000
0.583333	1	-0.064750
0.600000	1	-0.067500
0.616667	1	-0.069250
0.633333	1	-0.070375
0.650000	1	-0.071500
0.666667	1	-0.072125
0.683333	1	-0.072625
0.700000	1	-0.073500
0.716667	1	-0.074500
0.733333	1	-0.075125
0.750000	1	-0.075375
0.766667	1	-0.075875
0.783333	1	-0.076000
0.800000	1	-0.075875
0.816667	1	-0.076000
0.833333	1	-0.075875
0.850000	1	-0.075125
0.866667	1	-0.074375
0.883333	1	-0.074375
0.900000	1	-0.073625
0.916667	1	-0.072625
0.933333	1	-0.072500
0.950000	1	-0.072125
0.966667	1	-0.071375
0.983333	1	-0.070375
1.000000	1	-0.069500
1.016667	1	-0.068125
1.033333	1	-0.067250
1.050000	1	-0.065875
1.066667	1	-0.064750
1.083333	1	-0.064625
1.100000	1	-0.063500
1.116667	1	-0.062750
1.133333	1	-0.062250
1.150000	1	-0.061375
1.166667	1	-0.060250
1.183333	1	-0.059250
1.200000	1	-0.059000
1.216667	1	-0.058250
1.233333	1	-0.057625
1.250000	1	-0.056625
1.266667	1	-0.056125
1.283333	1	-0.055875
1.300000	1	-0.055625
1.316667	1	-0.055125
1.333333	1	-0.055000
1.350000	1	-0.054500
1.366667	1	-0.054375
1.383333	1	-0.054250
1.400000	1	-0.053750
1.416667	1	-0.054000
1.433333	1	-0.054750
1.450000	1	-0.055000
1.466667	1	-0.055250
1.483333	1	-0.054750
1.500000	1	-0.055125
1.516667	1	-0.055250
1.533333	1	-0.056250
1.550000	1	-0.056500
1.566667	1	-0.056875
1.583333	1	-0.057125
1.600000	1	-0.057375
1.616667	1	-0.058000
1.633333	1	-0.058750
1.650000	1	-0.059000
1.666667	1	-0.060125
1.683333	1	-0.061250
1.700000	1	-0.062000
1.716667	1	-0.062625
1.733333	1	-0.062875
1.750000	1	-0.063750
1.766667	1	-0.064875
1.783333	1	-0.064625
1.800000	1	-0.065375
1.816667	1	-0.065500
1.833333	1	-0.065875
1.850000	1	-0.066250
1.866667	1	-0.066750
1.883333	1	-0.067000
1.900000	1	-0.067375
1.916667	1	-0.067750
1.933333	1	-0.067875
1.950000	1	-0.066750
1.966667	1	-0.067000
1.983333	1	-0.067125
2.000000	1	-0.067750
2.016667	1	-0.067750
2.033333	1	-0.067625
2.050000	1	-0.068000
2.066667	1	-0.067875
2.083333	1	-0.068250
2.100000	1	-0.068500
2.116667	1	-0.068000
2.133333	1	-0.068250
2.150000	1	-0.068750
2.166667	1	-0.068375
2.183333	1	-0.068875
2.200000	1	-0.068250
2.216667	1	-0.067625
2.233333	1	-0.067375
2.250000	1	-0.067250
2.266667	1	-0.066625
2.283333	1	-0.066375
2.300000	1	-0.066375
2.316667	1	-0.065750
2.333333	1	-0.065750
2.350000	1	-0.065375
2.366667	1	-0.065375
2.383333	1	-0.064875
2.400000	1	-0.063875
2.416667	1	-0.063375
2.433333	1	-0.063125
2.450000	1	-0.062125
2.466667	1	-0.061500
2.483333	1	-0.061375
2.500000	1	-0.061000
2.516667	1	-0.060625
2.533333	1	-0.059375
2.550000	1	-0.058750
2.566667	1	-0.058125
2.583333	1	-0.057000
2.600000	1	-0.056125
2.616667	1	-0.055750
2.633333	1	-0.054625
2.650000	1	-0.054125
2.666667	1	-0.053375
2.683333	1	-0.052875
2.700000	1	-0.052625
2.716667	1	-0.051750
2.733333	1	-0.050625
2.750000	1	-0.050000
2.766667	1	-0.049250
2.783333	1	-0.048375
2.800000	1	-0.047375
2.816667	1	-0.046250
2.833333	1	-0.044750
2.850000	1	-0.043500
2.866667	1	-0.042125
2.883333	1	-0.040375
2.900000	1	-0.039375
2.916667	1	-0.038250
2.933333	1	-0.036625
2.950000	1	-0.035625
2.966667	1	-0.034250
2.983333	1	-0.033750
3.000000	1	-0.032375
3.016667	1	-0.031125
3.033333	1	-0.030000
3.050000	1	-0.028750
3.066667	1	-0.027375
3.083333	1	-0.026625
3.100000	1	-0.025875
3.116667	1	-0.025875
3.133333	1	-0.025375
3.150000	1	-0.025000
3.166667	1	-0.024125
3.183333	1	-0.023875
3.200000	1	-0.023500
3.216667	1	-0.022750
3.233333	1	-0.023000
3.250000	1	-0.022625
3.266667	1	-0.022625
3.283333	1	-0.022875
3.300000	1	-0.023000
3.316667	1	-0.023875
3.333333	1	-0.025000
3.350000	1	-0.025250
3.366667	1	-0.025875
3.383333	1	-0.026750
3.400000	1	-0.027000
3.416667	1	-0.027750
3.433333	1	-0.028500
3.450000	1	-0.029250
3.466667	1	-0.030750
3.483333	1	-0.032125
3.500000	1	-0.033500
3.516667	1	-0.034250
3.533333	1	-0.035375
3.550000	1	-0.037000
3.566667	1	-0.038750
3.583333	1	-0.039875
3.600000	1	-0.041000
3.616667	1	-0.042125
3.633333	1	-0.043375
3.650000	1	-0.044625
3.666667	1	-0.045875
3.683333	1	-0.046625
3.700000	1	-0.047750
3.716667	1	-0.048500
3.733333	1	-0.049500
3.750000	1	-0.051000
3.766667	1	-0.051750
3.783333	1	-0.053125
3.800000	1	-0.053875
3.816667	1	-0.054750
3.833333	1	-0.054625
3.850000	1	-0.055875
3.866667	1	-0.056000
3.883333	1	-0.057125
3.900000	1	-0.057625
3.916667	1	-0.058750
3.933333	1	-0.058750
3.950000	1	-0.060250
3.966667	1	-0.061000
3.983333	1	-0.061125
4.000000	1	-0.061750
4.016667	1	-0.062250
4.033333	1	-0.062125
4.050000	1	-0.062625
4.066667	1	-0.063000
4.083333	1	-0.063375
4.100000	1	-0.063250
4.116667	1	-0.063875
4.133333	1	-0.063375
4.150000	1	-0.063250
4.166667	1	-0.063375
4.183333	1	-0.063500
4.200000	1	-0.062750
4.216667	1	-0.062875
4.233333	1	-0.062375
4.250000	1	-0.062000
4.266667	1	-0.061500
4.283333	1	-0.061250
4.300000	1	-0.060625
4.316667	1	-0.060000
4.333333	1	-0.059500
4.350000	1	-0.058375
4.366667	1	-0.057500
4.383333	1	-0.056125
4.400000	1	-0.054500
4.416667	1	-0.053250
4.433333	1	-0.052250
4.450000	1	-0.050750
4.466667	1	-0.049750
4.483333	1	-0.048625
4.500000	1	-0.047500
4.516667	1	-0.046250
4.533333	1	-0.044625
4.550000	1	-0.043750
4.566667	1	-0.042625
4.583333	1	-0.040625
4.600000	1	-0.039250
4.616667	1	-0.038000
4.633333	1	-0.035750
4.650000	1	-0.034125
4.666667	1	-0.032750
4.683333	1	-0.031125
4.700000	1	-0.029625
4.716667	1	-0.028375
4.733333	1	-0.027000
4.750000	1	-0.024375
4.766667	1	-0.022000
4.783333	1	-0.020250
4.800000	1	-0.018500
4.816667	1	-0.016875
4.833333	1	-0.014875
4.850000	1	-0.012625
4.866667	1	-0.010125
4.883333	1	-0.008250
4.900000	1	-0.005500
4.916667	1	-0.003375
4.933333	1	-0.001375
4.950000	1	0.000875
4.966667	1	0.002875
4.983333	1	0.005000
5.000000	1	0.006875
5.016667	1	0.009250
5.033333	1	0.011875
5.050000	1	0.014000
5.066667	1	0.016250
5.083333	1	0.017625
5.100000	1	0.019750
5.116667	1	0.021625
5.133333	1	0.024500
5.150000	1	0.026625
5.166667	1	0.027625
5.183333	1	0.029500
5.200000	1	0.030625
5.216667	1	0.032250
5.233333	1	0.033875
5.250000	1	0.034875
5.266667	1	0.035375
5.283333	1	0.036125
5.300000	1	0.037625
5.316667	1	0.038375
5.333333	1	0.038875
5.350000	1	0.039250
5.366667	1	0.039625
5.383333	1	0.039750
5.400000	1	0.039500
5.416667	1	0.039250
5.433333	1	0.039000
5.450000	1	0.038750
5.466667	1	0.038625
5.483333	1	0.037625
5.500000	1	0.036750
5.516667	1	0.035625
5.533333	1	0.034500
5.550000	1	0.032500
5.566667	1	0.031250
5.583333	1	0.029875
5.600000	1	0.028125
5.616667	1	0.027125
5.633333	1	0.025875
5.650000	1	0.024125
5.666667	1	0.021875
5.683333	1	0.020375
5.700000	1	0.018250
5.716667	1	0.016000
5.733333	1	0.013875
5.750000	1	0.011875
5.766667	1	0.010500
5.783333	1	0.008750
5.800000	1	0.006750
5.816667	1	0.004375
5.833333	1	0.002875
5.850000	1	0.000375
5.866667	1	-0.000750
5.883333	1	-0.002000
5.900000	1	-0.004125
5.916667	1	-0.005875
5.933333	1	-0.006500
5.950000	1	-0.008000
5.966667	1	-0.009500
5.983333	1	-0.011625
6.000000	1	-0.012625
6.016667	1	-0.013750
6.033333	1	-0.014875
6.050000	1	-0.015375
6.066667	1	-0.015875
6.083333	1	-0.016625
6.100000	1	-0.017125
6.116667	1	-0.018000
6.133333	1	-0.018500
6.150000	1	-0.018250
6.166667	1	-0.019000
6.183333	1	-0.018250
6.200000	1	-0.018250
6.216667	1	-0.018375
6.233333	1	-0.018375
6.250000	1	-0.018000
6.266667	1	-0.017375
6.283333	1	-0.016875
6.300000	1	-0.016625
6.316667	1	-0.015750
6.333333	1	-0.014250
6.350000	1	-0.012875
6.366667	1	-0.011750
6.383333	1	-0.010375
6.400000	1	-0.009000
6.416667	1	-0.007625
6.433333	1	-0.006375
6.450000	1	-0.004625
6.466667	1	-0.002750
6.483333	1	-0.000750
6.500000	1	0.001375
6.516667	1	0.003750
6.533333	1	0.006125
6.550000	1	0.007625
6.566667	1	0.009375
6.583333	1	0.011750
6.600000	1	0.013875
6.616667	1	0.015750
6.633333	1	0.018000
6.650000	1	0.020250
6.666667	1	0.022250
6.683333	1	0.024125
6.700000	1	0.026250
6.716667	1	0.028250
6.733333	1	0.029375
6.750000	1	0.031125
6.766667	1	0.032500
6.783333	1	0.034750
6.800000	1	0.036250
6.816667	1	0.037125
6.833333	1	0.039000
6.850000	1	0.040000
6.866667	1	0.040750
6.883333	1	0.040875
6.900000	1	0.041500
6.916667	1	0.042125
6.933333	1	0.042000
6.950000	1	0.042375
6.966667	1	0.042500
6.983333	1	0.041875
7.000000	1	0.041625
7.016667	1	0.041875
7.033333	1	0.041125
7.050000	1	0.040250
7.066667	1	0.039375
7.083333	1	0.037750
7.100000	1	0.036500
7.116667	1	0.035625
7.133333	1	0.034250
7.150000	1	0.032500
7.166667	1	0.031125
7.183333	1	0.029500
7.200000	1	0.027875
7.216667	1	0.025250
7.233333	1	0.022750
7.250000	1	0.021125
7.266667	1	0.019500
7.283333	1	0.017000
7.300000	1	0.014875
7.316667	1	0.012375
7.333333	1	0.010500
7.350000	1	0.008750
7.366667	1	0.006625
7.383333	1	0.004125
7.400000	1	0.001875
7.416667	1	-0.000375
7.433333	1	-0.002375
7.450000	1	-0.003875
7.466667	1	-0.005750
7.483333	1	-0.008125
7.500000	1	-0.009625
7.516667	1	-0.011375
7.533333	1	-0.013000
7.550000	1	-0.014250
7.566667	1	-0.016375
7.583333	1	-0.017500
7.600000	1	-0.018750
7.616667	1	-0.020125
7.633333	1	-0.020750
7.650000	1	-0.021875
7.666667	1	-0.023125
7.683333	1	-0.023625
7.700000	1	-0.023500
7.716667	1	-0.023875
7.733333	1	-0.024125
7.750000	1	-0.024125
7.766667	1	-0.024625
7.783333	1	-0.025000
7.800000	1	-0.024875
7.816667	1	-0.025375
7.833333	1	-0.025250
7.850000	1	-0.024625
7.866667	1	-0.024625
7.883333	1	-0.024125
7.900000	1	-0.024500
7.916667	1	-0.023750
7.933333	1	-0.023125
7.950000	1	-0.022625
7.966667	1	-0.022000
7.983333	1	-0.021500
8.000000	1	-0.020750
8.016667	1	-0.020250
8.033333	1	-0.019375
8.050000	1	-0.018500
8.066667	1	-0.017625
8.083333	1	-0.016375
8.100000	1	-0.015625
8.116667	1	-0.014875
8.133333	1	-0.013625
8.150000	1	-0.013125
8.166667	1	-0.011375
8.183333	1	-0.011000
8.200000	1	-0.009500
8.216667	1	-0.008250
8.233333	1	-0.007625
8.250000	1	-0.006625
8.266667	1	-0.005500
8.283333	1	-0.004125
8.300000	1	-0.002375
8.316667	1	-0.001250
8.333333	1	-0.000250
8.350000	1	0.001000
8.366667	1	0.002500
8.383333	1	0.003625
8.400000	1	0.004625
8.416667	1	0.005000
8.433333	1	0.006250
8.450000	1	0.007375
8.466667	1	0.008250
8.483333	1	0.009500
8.500000	1	0.010625
8.516667	1	0.012500
8.533333	1	0.014000
8.550000	1	0.015250
8.566667	1	0.016250
8.583333	1	0.017250
8.600000	1	0.018125
8.616667	1	0.019500
8.633333	1	0.020000
8.650000	1	0.020250
8.666667	1	0.021250
8.683333	1	0.022250
8.700000	1	0.023250
8.716667	1	0.023625
8.733333	1	0.024125
8.750000	1	0.024500
8.766667	1	0.024625
8.783333	1	0.024875
8.800000	1	0.025250
8.816667	1	0.025625
8.833333	1	0.025500
8.850000	1	0.026000
8.866667	1	0.026125
8.883333	1	0.025875
8.900000	1	0.025750
8.916667	1	0.025375
8.933333	1	0.025250
8.950000	1	0.025000
8.966667	1	0.025500
8.983333	1	0.024875
9.000000	1	0.024250
9.016667	1	0.023875
9.033333	1	0.023750
9.050000	1	0.024000
9.066667	1	0.023875
9.083333	1	0.024000
9.100000	1	0.023375
9.116667	1	0.024125
9.133333	1	0.023500
9.150000	1	0.023375
9.166667	1	0.023000
9.183333	1	0.022375
9.200000	1	0.022750
9.216667	1	0.023000
9.233333	1	0.023000
9.250000	1	0.024000
9.266667	1	0.024125
9.283333	1	0.024750
9.300000	1	0.025750
9.316667	1	0.026625
9.333333	1	0.027500
9.350000	1	0.028750
9.366667	1	0.029500
9.383333	1	0.030000
9.400000	1	0.031500
9.416667	1	0.032750
9.433333	1	0.034875
9.450000	1	0.036750
9.466667	1	0.039125
9.483333	1	0.041250
9.500000	1	0.044125
9.516667	1	0.047250
9.533333	1	0.050750
9.550000	1	0.054500
9.566667	1	0.058875
9.583333	1	0.063625
9.600000	1	0.069125
9.616667	1	0.076500
9.633333	1	0.084625
9.650000	1	0.094000
9.666667	1	0.104625
9.683333	1	0.117125
9.700000	1	0.131000
9.716667	1	0.147500
9.733333	1	0.166000
9.750000	1	0.187375
9.766667	1	0.211875
9.783333	1	0.240625
9.800000	1	0.273000
9.816667	1	0.310625
9.833333	1	0.351375
9.850000	1	0.392750
9.866667	1	0.430625
9.883333	1	0.460500
9.900000	1	0.480375
9.916667	1	0.492750
9.933333	1	0.508875
9.950000	1	0.548000
9.966667	1	0.639500
9.983333	1	0.813750
10.000000	1	1.106000
10.016667	1	1.547125
10.033333	1	2.163750
10.050000	1	2.976250
10.066667	1	3.998500
10.083333	1	5.238125
10.100000	1	6.699500
10.116667	1	8.376000
10.133333	1	10.255000
10.150000	1	12.314875
10.166667	1	14.525625
10.183333	1	16.852250
10.200000	1	19.256000
10.216667	1	21.697250
10.233333	1	24.136250
10.250000	1	26.533750
10.266667	1	28.850125
10.283333	1	31.042875
10.300000	1	33.057750
10.316667	1	34.822000
10.333333	1	36.242750
10.350000	1	37.204625
10.366667	1	37.589750
10.383333	1	37.296750
10.400000	1	36.273125
10.416667	1	34.541125
10.433333	1	32.206000
10.450000	1	29.444250
10.466667	1	26.461500
10.483333	1	23.456750
10.500000	1	20.587625
10.516667	1	17.953375
10.533333	1	15.601125
10.550000	1	13.536250
10.566667	1	11.740750
10.583333	1	10.188500
10.600000	1	8.851000
10.616667	1	7.703875
10.633333	1	6.726000
10.650000	1	5.898500
10.666667	1	5.202500
10.683333	1	4.621625
10.700000	1	4.138625
10.716667	1	3.737375
10.733333	1	3.404125
10.750000	1	3.125250
10.766667	1	2.890875
10.783333	1	2.691000
10.800000	1	2.517625
10.816667	1	2.366875
10.833333	1	2.234375
10.850000	1	2.117000
10.866667	1	2.011875
10.883333	1	1.917250
10.900000	1	1.832125
10.916667	1	1.754250
10.933333	1	1.683250
10.950000	1	1.617125
10.966667	1	1.556625
10.983333	1	1.500250
11.000000	1	1.448250
11.016667	1	1.399875
11.033333	1	1.354500
11.050000	1	1.312000
11.066667	1	1.272500
11.083333	1	1.236250
11.100000	1	1.201125
11.116667	1	1.168625
11.133333	1	1.138750
11.150000	1	1.111375
11.166667	1	1.084125
11.183333	1	1.059625
11.200000	1	1.035625
11.216667	1	1.014125
11.233333	1	0.994125
11.250000	1	0.975250
11.266667	1	0.958000
11.283333	1	0.941250
11.300000	1	0.927125
11.316667	1	0.914000
11.333333	1	0.901750
11.350000	1	0.889500
11.366667	1	0.879750
11.383333	1	0.871125
11.400000	1	0.862750
11.416667	1	0.855375
11.433333	1	0.849000
11.450000	1	0.844000
11.466667	1	0.840000
11.483333	1	0.836875
11.500000	1	0.834375
11.516667	1	0.832250
11.533333	1	0.831375
11.550000	1	0.829875
11.566667	1	0.830375
11.583333	1	0.830500
11.600000	1	0.831625
11.616667	1	0.832750
11.633333	1	0.834750
11.650000	1	0.836625
11.666667	1	0.837875
11.683333	1	0.839875
11.700000	1	0.841750
11.716667	1	0.843625
11.733333	1	0.845625
11.750000	1	0.847250
11.766667	1	0.849375
11.783333	1	0.850375
11.800000	1	0.852500
11.816667	1	0.853625
11.833333	1	0.855125
11.850000	1	0.856125
11.866667	1	0.857125
11.883333	1	0.858000
11.900000	1	0.859750
11.916667	1	0.862125
11.933333	1	0.864500
11.950000	1	0.867625
11.966667	1	0.870875
11.983333	1	0.874375
12.000000	1	0.879500
12.016667	1	0.886125
12.033333	1	0.895125
12.050000	1	0.906500
12.066667	1	0.920500
12.083333	1	0.938500
12.100000	1	0.962250
12.116667	1	0.992750
12.133333	1	1.031125
12.150000	1	1.080500
12.166667	1	1.142250
12.183333	1	1.218625
12.200000	1	1.310750
12.216667	1	1.420250
12.233333	1	1.549000
12.250000	1	1.698875
12.266667	1	1.872125
12.283333	1	2.070125
12.300000	1	2.294875
12.316667	1	2.547250
12.333333	1	2.830875
12.350000	1	3.145375
12.366667	1	3.493500
12.383333	1	3.874750
12.400000	1	4.289375
12.416667	1	4.736750
12.433333	1	5.215375
12.450000	1	5.721125
12.466667	1	6.252750
12.483333	1	6.806875
12.500000	1	7.377375
12.516667	1	7.958250
12.533333	1	8.539375
12.550000	1	9.112500
12.566667	1	9.664500
12.583333	1	10.186250
12.600000	1	10.666875
12.616667	1	11.099875
12.633333	1	11.480750
12.650000	1	11.805750
12.666667	1	12.074625
12.683333	1	12.287750
12.700000	1	12.445500
12.716667	1	12.549375
12.733333	1	12.599000
12.750000	1	12.594750
12.766667	1	12.536250
12.783333	1	12.422375
12.800000	1	12.251625
12.816667	1	12.026375
12.833333	1	11.750750
12.850000	1	11.431750
12.866667	1	11.079000
12.883333	1	10.699500
12.900000	1	10.298375
12.916667	1	9.873250
12.933333	1	9.423125
12.950000	1	8.945500
12.966667	1	8.440750
12.983333	1	7.912000
13.000000	1	7.364000
13.016667	1	6.800375
13.033333	1	6.223125
13.050000	1	5.632375
13.066667	1	5.029250
13.083333	1	4.423125
13.100000	1	3.832625
13.116667	1	3.285875
13.133333	1	2.810125
13.150000	1	2.418375
13.166667	1	2.107625
13.183333	1	1.866375
13.200000	1	1.679750
13.216667	1	1.535000
13.233333	1	1.419875
13.250000	1	1.326125
13.266667	1	1.248750
13.283333	1	1.182875
13.300000	1	1.125375
13.316667	1	1.075125
13.333333	1	1.030125
13.350000	1	0.989125
13.366667	1	0.951625
13.383333	1	0.917000
13.400000	1	0.884750
13.416667	1	0.854750
13.433333	1	0.827625
13.450000	1	0.801750
13.466667	1	0.778375
13.483333	1	0.756125
13.500000	1	0.736125
13.516667	1	0.718500
13.533333	1	0.701875
13.550000	1	0.687125
13.566667	1	0.674375
13.583333	1	0.664375
13.600000	1	0.655625
13.616667	1	0.647875
13.633333	1	0.642125
13.650000	1	0.637375
13.666667	1	0.634000
13.683333	1	0.632000
13.700000	1	0.630750
13.716667	1	0.629500
13.733333	1	0.629875
13.750000	1	0.630000
13.766667	1	0.630625
13.783333	1	0.631750
13.800000	1	0.632125
13.816667	1	0.631500
13.833333	1	0.629125
13.850000	1	0.626250
13.866667	1	0.621625
13.883333	1	0.615375
13.900000	1	0.607750
13.916667	1	0.598375
13.933333	1	0.587375
13.950000	1	0.575000
13.966667	1	0.562375
13.983333	1	0.550125
14.000000	1	0.536875
14.016667	1	0.524375
14.033333	1	0.512750
14.050000	1	0.500875
14.066667	1	0.490500
14.083333	1	0.480500
14.100000	1	0.470875
14.116667	1	0.462750
14.133333	1	0.455625
14.150000	1	0.448250
14.166667	1	0.442875
14.183333	1	0.439250
14.200000	1	0.436000
14.216667	1	0.434000
14.233333	1	0.433250
14.250000	1	0.434125
14.266667	1	0.436625
14.283333	1	0.440500
14.300000	1	0.445250
14.316667	1	0.452125
14.333333	1	0.462125
14.350000	1	0.474000
14.366667	1	0.488250
14.383333	1	0.506625
14.400000	1	0.528250
14.416667	1	0.553750
14.433333	1	0.585000
14.450000	1	0.622375
14.466667	1	0.667125
14.483333	1	0.720125
14.500000	1	0.784625
14.516667	1	0.862250
14.533333	1	0.956750
14.550000	1	1.072625
14.566667	1	1.216375
14.583333	1	1.394625
14.600000	1	1.617125
14.616667	1	1.896000
14.633333	1	2.245375
14.650000	1	2.682125
14.666667	1	3.222875
14.683333	1	3.886875
14.700000	1	4.692125
14.716667	1	5.655500
14.733333	1	6.790750
14.750000	1	8.108500
14.766667	1	9.613625
14.783333	1	11.305625
14.800000	1	13.178375
14.816667	1	15.222250
14.833333	1	17.421750
14.850000	1	19.754875
14.866667	1	22.194875
14.883333	1	24.709875
14.900000	1	27.263875
14.916667	1	29.817500
14.933333	1	32.329250
14.950000	1	34.753250
14.966667	1	37.040000
14.983333	1	39.136750
15.000000	1	40.991875
15.016667	1	42.554375
15.033333	1	43.775625
15.050000	1	44.612375
15.066667	1	45.032750
15.083333	1	45.016375
15.100000	1	44.558500
15.116667	1	43.671875
15.133333	1	42.382875
15.150000	1	40.734000
15.166667	1	38.780375
15.183333	1	36.583750
15.200000	1	34.209625
15.216667	1	31.723750
15.233333	1	29.187125
15.250000	1	26.656750
15.266667	1	24.183250
15.283333	1	21.807500
15.300000	1	19.562625
15.316667	1	17.471750
15.333333	1	15.547375
15.350000	1	13.796125
15.366667	1	12.217250
15.383333	1	10.806875
15.400000	1	9.555000
15.416667	1	8.451000
15.433333	1	7.481375
15.450000	1	6.633125
15.466667	1	5.895250
15.483333	1	5.254250
15.500000	1	4.700375
15.516667	1	4.223000
15.533333	1	3.812375
15.550000	1	3.459250
15.566667	1	3.156625
15.583333	1	2.897000
15.600000	1	2.674250
15.616667	1	2.482875
15.633333	1	2.318750
15.650000	1	2.177625
15.666667	1	2.057000
15.683333	1	1.952500
15.700000	1	1.863125
15.716667	1	1.785500
15.733333	1	1.717000
15.750000	1	1.657250
15.766667	1	1.603500
15.783333	1	1.554750
15.800000	1	1.509125
15.816667	1	1.466125
15.833333	1	1.423500
15.850000	1	1.382750
15.866667	1	1.342125
15.883333	1	1.301625
15.900000	1	1.261500
15.916667	1	1.222125
15.933333	1	1.184125
15.950000	1	1.147250
15.966667	1	1.111875
15.983333	1	1.078125
16.000000	1	1.047000
16.016667	1	1.018125
16.033333	1	0.991750
16.050000	1	0.967375
16.066667	1	0.945500
16.083333	1	0.926375
16.100000	1	0.910125
16.116667	1	0.895375
16.133333	1	0.883750
16.150000	1	0.874125
16.166667	1	0.866250
16.183333	1	0.860625
16.200000	1	0.856625
16.216667	1	0.854000
16.233333	1	0.852875
16.250000	1	0.852750
16.266667	1	0.853000
16.283333	1	0.853875
16.300000	1	0.854250
16.316667	1	0.855250
16.333333	1	0.856250
16.350000	1	0.855750
16.366667	1	0.854500
16.383333	1	0.852125
16.400000	1	0.849500
16.416667	1	0.845250
16.433333	1	0.839375
16.450000	1	0.832625
16.466667	1	0.824250
16.483333	1	0.815125
16.500000	1	0.805500
16.516667	1	0.794750
16.533333	1	0.785000
16.550000	1	0.775500
16.566667	1	0.765625
16.583333	1	0.756625
16.600000	1	0.748875
16.616667	1	0.742250
16.633333	1	0.736125
16.650000	1	0.731375
16.666667	1	0.727375
16.683333	1	0.724625
16.700000	1	0.721750
16.716667	1	0.721125
16.733333	1	0.721750
16.750000	1	0.722125
16.766667	1	0.723125
16.783333	1	0.724875
16.800000	1	0.726500
16.816667	1	0.728875
16.833333	1	0.731875
16.850000	1	0.734375
16.866667	1	0.736875
16.883333	1	0.738875
16.900000	1	0.740625
16.916667	1	0.742375
16.933333	1	0.743625
16.950000	1	0.744750
16.966667	1	0.745875
16.983333	1	0.746125
17.000000	1	0.746000
17.016667	1	0.746000
17.033333	1	0.745375
17.050000	1	0.743625
17.066667	1	0.742125
17.083333	1	0.739000
17.100000	1	0.737125
17.116667	1	0.734750
17.133333	1	0.731875
17.150000	1	0.729500
17.166667	1	0.727000
17.183333	1	0.724250
17.200000	1	0.721875
17.216667	1	0.719500
17.233333	1	0.716500
17.250000	1	0.712750
17.266667	1	0.709250
17.283333	1	0.704750
17.300000	1	0.699250
17.316667	1	0.693500
17.333333	1	0.686250
17.350000	1	0.679250
17.366667	1	0.672375
17.383333	1	0.665125
17.400000	1	0.657625
17.416667	1	0.649875
17.433333	1	0.642250
17.450000	1	0.635500
17.466667	1	0.628625
17.483333	1	0.622625
17.500000	1	0.617500
17.516667	1	0.613375
17.533333	1	0.609875
17.550000	1	0.608125
17.566667	1	0.607750
17.583333	1	0.608500
17.600000	1	0.610250
17.616667	1	0.614000
17.633333	1	0.619125
17.650000	1	0.624750
17.666667	1	0.632250
17.683333	1	0.640625
17.700000	1	0.650875
17.716667	1	0.661750
17.733333	1	0.674375
17.750000	1	0.687625
17.766667	1	0.701750
17.783333	1	0.716375
17.800000	1	0.731625
17.816667	1	0.747375
17.833333	1	0.762625
17.850000	1	0.777625
17.866667	1	0.791625
17.883333	1	0.805625
17.900000	1	0.818250
17.916667	1	0.830125
17.933333	1	0.840750
17.950000	1	0.849125
17.966667	1	0.856875
17.983333	1	0.862750
18.000000	1	0.867375
18.016667	1	0.870125
18.033333	1	0.870875
18.050000	1	0.869250
18.066667	1	0.865750
18.083333	1	0.860625
18.100000	1	0.854000
18.116667	1	0.845500
18.133333	1	0.836625
18.150000	1	0.826500
18.166667	1	0.815250
18.183333	1	0.803125
18.200000	1	0.791000
18.216667	1	0.778250
18.233333	1	0.765125
18.250000	1	0.751500
18.266667	1	0.738500
18.283333	1	0.725875
18.300000	1	0.713375
18.316667	1	0.701750
18.333333	1	0.690750
18.350000	1	0.679875
18.366667	1	0.670375
18.383333	1	0.662125
18.400000	1	0.653875
18.416667	1	0.646125
18.433333	1	0.639250
18.450000	1	0.633875
18.466667	1	0.628625
18.483333	1	0.624500
18.500000	1	0.621250
18.516667	1	0.617875
18.533333	1	0.615250
18.550000	1	0.613250
18.566667	1	0.612125
18.583333	1	0.611625
18.600000	1	0.611875
18.616667	1	0.612375
18.633333	1	0.612375
18.650000	1	0.613625
18.666667	1	0.614500
18.683333	1	0.616125
18.700000	1	0.617000
18.716667	1	0.618750
18.733333	1	0.620500
18.750000	1	0.622375
18.766667	1	0.625250
18.783333	1	0.628250
18.800000	1	0.632250
18.816667	1	0.637000
18.833333	1	0.641750
18.850000	1	0.647625
18.866667	1	0.653750
18.883333	1	0.660625
18.900000	1	0.669000
18.916667	1	0.678250
18.933333	1	0.688750
18.950000	1	0.701250
18.966667	1	0.714500
18.983333	1	0.729625
19.000000	1	0.746750
19.016667	1	0.764625
19.033333	1	0.784625
19.050000	1	0.805750
19.066667	1	0.829375
19.083333	1	0.854250
19.100000	1	0.880500
19.116667	1	0.908750
19.133333	1	0.938125
19.150000	1	0.968875
19.166667	1	0.999750
19.183333	1	1.031750
19.200000	1	1.063250
19.216667	1	1.094500
19.233333	1	1.125500
19.250000	1	1.155000
19.266667	1	1.182625
19.283333	1	1.208375
19.300000	1	1.231250
19.316667	1	1.251250
19.333333	1	1.267375
19.350000	1	1.279125
19.366667	1	1.287250
19.383333	1	1.291125
19.400000	1	1.289750
19.416667	1	1.283750
19.433333	1	1.272250
19.450000	1	1.256250
19.466667	1	1.236625
19.483333	1	1.213250
19.500000	1	1.185625
19.516667	1	1.155625
19.533333	1	1.122125
19.550000	1	1.086875
19.566667	1	1.049500
19.583333	1	1.012750
19.600000	1	0.974875
19.616667	1	0.936750
19.633333	1	0.899625
19.650000	1	0.863250
19.666667	1	0.828375
19.683333	1	0.795625
19.700000	1	0.764875
19.716667	1	0.737625
19.733333	1	0.713625
19.750000	1	0.692000
19.766667	1	0.673750
19.783333	1	0.658750
19.800000	1	0.645750
19.816667	1	0.636750
19.833333	1	0.630750
19.850000	1	0.627750
19.866667	1	0.628000
19.883333	1	0.631375
19.900000	1	0.637125
19.916667	1	0.645875
19.933333	1	0.656000
19.950000	1	0.669250
19.966667	1	0.684375
19.983333	1	0.701000
20.000000	1	0.718750
20.016667	1	0.737375
20.033333	1	0.756625
20.050000	1	0.777000
20.066667	1	0.798875
20.083333	1	0.821000
20.100000	1	0.844000
20.116667	1	0.868000
20.133333	1	0.892500
20.150000	1	0.918250
20.166667	1	0.944500
20.183333	1	0.972125
20.200000	1	1.002500
20.216667	1	1.034750
20.233333	1	1.069500
20.250000	1	1.106625
20.266667	1	1.147875
20.283333	1	1.192875
20.300000	1	1.241375
20.316667	1	1.294500
20.333333	1	1.351375
20.350000	1	1.413000
20.366667	1	1.478625
20.383333	1	1.548625
20.400000	1	1.621250
20.416667	1	1.697875
20.433333	1	1.777000
20.450000	1	1.858125
20.466667	1	1.940125
20.483333	1	2.022250
20.500000	1	2.104250
20.516667	1	2.184875
20.533333	1	2.262000
20.550000	1	2.335250
20.566667	1	2.402750
20.583333	1	2.463250
20.600000	1	2.515000
20.616667	1	2.558375
20.633333	1	2.591500
20.650000	1	2.613375
20.666667	1	2.624625
20.683333	1	2.624250
20.700000	1	2.613250
20.716667	1	2.592125
20.733333	1	2.562000
20.750000	1	2.524125
20.766667	1	2.479375
20.783333	1	2.429250
20.800000	1	2.374750
20.816667	1	2.318750
20.833333	1	2.261250
20.850000	1	2.204250
20.866667	1	2.150375
20.883333	1	2.099375
20.900000	1	2.051250
20.916667	1	2.007750
20.933333	1	1.968250
20.950000	1	1.932875
20.966667	1	1.900125
20.983333	1	1.870625
21.000000	1	1.843125
21.016667	1	1.816875
21.033333	1	1.791125
21.050000	1	1.765000
21.066667	1	1.736500
21.083333	1	1.706000
21.100000	1	1.673000
21.116667	1	1.636250
21.133333	1	1.595625
21.150000	1	1.551000
21.166667	1	1.503375
21.183333	1	1.450375
21.200000	1	1.395250
21.216667	1	1.337250
21.233333	1	1.277125
21.250000	1	1.216250
21.266667	1	1.155750
21.283333	1	1.094500
21.300000	1	1.034875
21.316667	1	0.977250
21.333333	1	0.921750
21.350000	1	0.868750
21.366667	1	0.818750
21.383333	1	0.771500
21.400000	1	0.727250
21.416667	1	0.686375
21.433333	1	0.649125
21.450000	1	0.615750
21.466667	1	0.585125
21.483333	1	0.558125
21.500000	1	0.533250
21.516667	1	0.511625
21.533333	1	0.492250
21.550000	1	0.474750
21.566667	1	0.459750
21.583333	1	0.446375
21.600000	1	0.434875
21.616667	1	0.425250
21.633333	1	0.416750
21.650000	1	0.409000
21.666667	1	0.403500
21.683333	1	0.398000
21.700000	1	0.393750
21.716667	1	0.391250
21.733333	1	0.389750
21.750000	1	0.388750
21.766667	1	0.387625
21.783333	1	0.387375
21.800000	1	0.387375
21.816667	1	0.387875
21.833333	1	0.390000
21.850000	1	0.392875
21.866667	1	0.396375
21.883333	1	0.400625
21.900000	1	0.404875
21.916667	1	0.409750
21.933333	1	0.414875
21.950000	1	0.421125
21.966667	1	0.427500
21.983333	1	0.434000
22.000000	1	0.440250
22.016667	1	0.447375
22.033333	1	0.454500
22.050000	1	0.461250
22.066667	1	0.467250
22.083333	1	0.473500
22.100000	1	0.479750
22.116667	1	0.485125
22.133333	1	0.490125
22.150000	1	0.493500
22.166667	1	0.496125
22.183333	1	0.498000
22.200000	1	0.497625
22.216667	1	0.497875
22.233333	1	0.496250
22.250000	1	0.493625
22.266667	1	0.490250
22.283333	1	0.485750
22.300000	1	0.480875
22.316667	1	0.475625
22.333333	1	0.470125
22.350000	1	0.464625
22.366667	1	0.458250
22.383333	1	0.452000
22.400000	1	0.445500
22.416667	1	0.439250
22.433333	1	0.434125
22.450000	1	0.429500
22.466667	1	0.426250
22.483333	1	0.423500
22.500000	1	0.421375
22.516667	1	0.419375
22.533333	1	0.418125
22.550000	1	0.417500
22.566667	1	0.417125
22.583333	1	0.417250
22.600000	1	0.418250
22.616667	1	0.419750
22.633333	1	0.421375
22.650000	1	0.423625
22.666667	1	0.426250
22.683333	1	0.427875
22.700000	1	0.430250
22.716667	1	0.431750
22.733333	1	0.433375
22.750000	1	0.435250
22.766667	1	0.436250
22.783333	1	0.436875
22.800000	1	0.437625
22.816667	1	0.437875
22.833333	1	0.437500
22.850000	1	0.436625
22.866667	1	0.435750
22.883333	1	0.433750
22.900000	1	0.432000
22.916667	1	0.429750
22.933333	1	0.427125
22.950000	1	0.424000
22.966667	1	0.420250
22.983333	1	0.416625
23.000000	1	0.411750
23.016667	1	0.407625
23.033333	1	0.403250
23.050000	1	0.398375
23.066667	1	0.393750
23.083333	1	0.389125
23.100000	1	0.384750
23.116667	1	0.381125
23.133333	1	0.377375
23.150000	1	0.374125
23.166667	1	0.372000
23.183333	1	0.369375
23.200000	1	0.367375
23.216667	1	0.366500
23.233333	1	0.366750
23.250000	1	0.367375
23.266667	1	0.369750
23.283333	1	0.372375
23.300000	1	0.377000
23.316667	1	0.382125
23.333333	1	0.389375
23.350000	1	0.398250
23.366667	1	0.409125
23.383333	1	0.422625
23.400000	1	0.438500
23.416667	1	0.457750
23.433333	1	0.480000
23.450000	1	0.506375
23.466667	1	0.537125
23.483333	1	0.572625
23.500000	1	0.614125
23.516667	1	0.661000
23.533333	1	0.715375
23.550000	1	0.777000
23.566667	1	0.846750
23.583333	1	0.924375
23.600000	1	1.011500
23.616667	1	1.109625
23.633333	1	1.217750
23.650000	1	1.336500
23.666667	1	1.466250
23.683333	1	1.606625
23.700000	1	1.758500
23.716667	1	1.921000
23.733333	1	2.093375
23.750000	1	2.275000
23.766667	1	2.466500
23.783333	1	2.665375
23.800000	1	2.870625
23.816667	1	3.081375
23.833333	1	3.296500
23.850000	1	3.513500
23.866667	1	3.730750
23.883333	1	3.945750
23.900000	1	4.156625
23.916667	1	4.360125
23.933333	1	4.554125
23.950000	1	4.735375
23.966667	1	4.901500
23.983333	1	5.048750
24.000000	1	5.173875
24.016667	1	5.276625
24.033333	1	5.354125
24.050000	1	5.405000
24.066667	1	5.429125
24.083333	1	5.424750
24.100000	1	5.392000
24.116667	1	5.332500
24.133333	1	5.246000
24.150000	1	5.135375
24.166667	1	5.002125
24.183333	1	4.848125
24.200000	1	4.676375
24.216667	1	4.491250
24.233333	1	4.294125
24.250000	1	4.089125
24.266667	1	3.878875
24.283333	1	3.664875
24.300000	1	3.451000
24.316667	1	3.240000
24.333333	1	3.033625
24.350000	1	2.833625
24.366667	1	2.640750
24.383333	1	2.458000
24.400000	1	2.285875
24.416667	1	2.123500
24.433333	1	1.973250
24.450000	1	1.833750
24.466667	1	1.705125
24.483333	1	1.587875
24.500000	1	1.480500
24.516667	1	1.382000
24.533333	1	1.293250
24.550000	1	1.212375
24.566667	1	1.139875
24.583333	1	1.074250
24.600000	1	1.015250
24.616667	1	0.961250
24.633333	1	0.911875
24.650000	1	0.867750
24.666667	1	0.827500
24.683333	1	0.790250
24.700000	1	0.755500
24.716667	1	0.723375
24.733333	1	0.693000
24.750000	1	0.664125
24.766667	1	0.636625
24.783333	1	0.611250
24.800000	1	0.586375
24.816667	1	0.562625
24.833333	1	0.540250
24.850000	1	0.518625
24.866667	1	0.497625
24.883333	1	0.477375
24.900000	1	0.458625
24.916667	1	0.439500
24.933333	1	0.422375
24.950000	1	0.405625
24.966667	1	0.389750
24.983333	1	0.374375
25.000000	1	0.359875
25.016667	1	0.345625
25.033333	1	0.332625
25.050000	1	0.321375
25.066667	1	0.310250
25.083333	1	0.300250
25.100000	1	0.291625
25.116667	1	0.283375
25.133333	1	0.276000
25.150000	1	0.269375
25.166667	1	0.263250
25.183333	1	0.258000
25.200000	1	0.253500
25.216667	1	0.249875
25.233333	1	0.246375
25.250000	1	0.244625
25.266667	1	0.242750
25.283333	1	0.241375
25.300000	1	0.240250
25.316667	1	0.239500
25.333333	1	0.239250
25.350000	1	0.239875
25.366667	1	0.240750
25.383333	1	0.241375
25.400000	1	0.243000
25.416667	1	0.244625
25.433333	1	0.245500
25.450000	1	0.246625
25.466667	1	0.247875
25.483333	1	0.249875
25.500000	1	0.251500
25.516667	1	0.253125
25.533333	1	0.254125
25.550000	1	0.255375
25.566667	1	0.255750
25.583333	1	0.256875
25.600000	1	0.257750
25.616667	1	0.259000
25.633333	1	0.259750
25.650000	1	0.260375
25.666667	1	0.260875
25.683333	1	0.262000
25.700000	1	0.261875
25.716667	1	0.261750
25.733333	1	0.261500
25.750000	1	0.261125
25.766667	1	0.260625
25.783333	1	0.260500
25.800000	1	0.260000
25.816667	1	0.259250
25.833333	1	0.259125
25.850000	1	0.258625
25.866667	1	0.257750
25.883333	1	0.256875
25.900000	1	0.255375
25.916667	1	0.254750
25.933333	1	0.254000
25.950000	1	0.253250
25.966667	1	0.251625
25.983333	1	0.250500
26.000000	1	0.249750
26.016667	1	0.249625
26.033333	1	0.248625
26.050000	1	0.248375
26.066667	1	0.247750
26.083333	1	0.247625
26.100000	1	0.247875
26.116667	1	0.247750
26.133333	1	0.247875
26.150000	1	0.248375
26.166667	1	0.248625
26.183333	1	0.248750
26.200000	1	0.249375
26.216667	1	0.250125
26.233333	1	0.251125
26.250000	1	0.252375
26.266667	1	0.253375
26.283333	1	0.254750
26.300000	1	0.256875
26.316667	1	0.258125
26.333333	1	0.258875
26.350000	1	0.260375
26.366667	1	0.262500
26.383333	1	0.263250
26.400000	1	0.264000
26.416667	1	0.264500
26.433333	1	0.265500
26.450000	1	0.266250
26.466667	1	0.266625
26.483333	1	0.266000
26.500000	1	0.265625
26.516667	1	0.265250
26.533333	1	0.263500
26.550000	1	0.261375
26.566667	1	0.259500
26.583333	1	0.256750
26.600000	1	0.254000
26.616667	1	0.250500
26.633333	1	0.246875
26.650000	1	0.242375
26.666667	1	0.238125
26.683333	1	0.232750
26.700000	1	0.227750
26.716667	1	0.223000
26.733333	1	0.217500
26.750000	1	0.211500
26.766667	1	0.205750
26.783333	1	0.200250
26.800000	1	0.194250
26.816667	1	0.188500
26.833333	1	0.182125
26.850000	1	0.176875
26.866667	1	0.171375
26.883333	1	0.165875
26.900000	1	0.160625
26.916667	1	0.155500
26.933333	1	0.150875
26.950000	1	0.145875
26.966667	1	0.142250
26.983333	1	0.138500
27.000000	1	0.135000
27.016667	1	0.132250
27.033333	1	0.129125
27.050000	1	0.127750
27.066667	1	0.126375
27.083333	1	0.125375
27.100000	1	0.124375
27.116667	1	0.124250
27.133333	1	0.124250
27.150000	1	0.124750
27.166667	1	0.126125
27.183333	1	0.128375
27.200000	1	0.130500
27.216667	1	0.133250
27.233333	1	0.136500
27.250000	1	0.140875
27.266667	1	0.146125
27.283333	1	0.152000
27.300000	1	0.159375
27.316667	1	0.166750
27.333333	1	0.176000
27.350000	1	0.186125
27.366667	1	0.197625
27.383333	1	0.210375
27.400000	1	0.224875
27.416667	1	0.241375
27.433333	1	0.260250
27.450000	1	0.281500
27.466667	1	0.305750
27.483333	1	0.332375
27.500000	1	0.362125
27.516667	1	0.395250
27.533333	1	0.432000
27.550000	1	0.472625
27.566667	1	0.518125
27.583333	1	0.567125
27.600000	1	0.621750
27.616667	1	0.680250
27.633333	1	0.744000
27.650000	1	0.813125
27.666667	1	0.887250
27.683333	1	0.967500
27.700000	1	1.052375
27.716667	1	1.142875
27.733333	1	1.238125
27.750000	1	1.338500
27.766667	1	1.443000
27.783333	1	1.551375
27.800000	1	1.663625
27.816667	1	1.778875
27.833333	1	1.896875
27.850000	1	2.017500
27.866667	1	2.139875
27.883333	1	2.262750
27.900000	1	2.385500
27.916667	1	2.507000
27.933333	1	2.625750
27.950000	1	2.742125
27.966667	1	2.854125
27.983333	1	2.960625
28.000000	1	3.060625
28.016667	1	3.152625
28.033333	1	3.236875
28.050000	1	3.311500
28.066667	1	3.374500
28.083333	1	3.427125
28.100000	1	3.466375
28.116667	1	3.491750
28.133333	1	3.503500
28.150000	1	3.501500
28.166667	1	3.485125
28.183333	1	3.454375
28.200000	1	3.409750
28.216667	1	3.351125
28.233333	1	3.279500
28.250000	1	3.195125
28.266667	1	3.099250
28.283333	1	2.993000
28.300000	1	2.877500
28.316667	1	2.754500
28.333333	1	2.625250
28.350000	1	2.490125
28.366667	1	2.351500
28.383333	1	2.210625
28.400000	1	2.068250
28.416667	1	1.927375
28.433333	1	1.787125
28.450000	1	1.649250
28.466667	1	1.513625
28.483333	1	1.380625
28.500000	1	1.252375
28.516667	1	1.128375
28.533333	1	1.009250
28.550000	1	0.895250
28.566667	1	0.786375
28.583333	1	0.682125
28.600000	1	0.582500
28.616667	1	0.487750
28.633333	1	0.396500
28.650000	1	0.310375
28.666667	1	0.227375
28.683333	1	0.148000
28.700000	1	0.072250
28.716667	1	-0.000125
28.733333	1	-0.068875
28.750000	1	-0.135375
28.766667	1	-0.199500
28.783333	1	-0.260750
28.800000	1	-0.318250
28.816667	1	-0.374250
28.833333	1	-0.426000
28.850000	1	-0.476125
28.866667	1	-0.523500
28.883333	1	-0.567500
28.900000	1	-0.608125
28.916667	1	-0.645750
28.933333	1	-0.679875
28.950000	1	-0.711000
28.966667	1	-0.738125
28.983333	1	-0.761375
29.000000	1	-0.781250
29.016667	1	-0.796625
29.033333	1	-0.808125
29.050000	1	-0.815875
29.066667	1	-0.818875
29.083333	1	-0.818750
29.100000	1	-0.815125
29.116667	1	-0.807125
29.133333	1	-0.795625
29.150000	1	-0.779875
29.166667	1	-0.761375
29.183333	1	-0.738375
29.200000	1	-0.712750
29.216667	1	-0.684250
29.233333	1	-0.654000
29.250000	1	-0.621250
29.266667	1	-0.586625
29.283333	1	-0.550500
29.300000	1	-0.512750
29.316667	1	-0.473250
29.333333	1	-0.433125
29.350000	1	-0.392625
29.366667	1	-0.351625
29.383333	1	-0.310875
29.400000	1	-0.269750
29.416667	1	-0.229000
29.433333	1	-0.188875
29.450000	1	-0.150250
29.466667	1	-0.112000
29.483333	1	-0.074750
29.500000	1	-0.038875
29.516667	1	-0.004500
29.533333	1	0.028625
29.550000	1	0.060250
29.566667	1	0.090875
29.583333	1	0.119750
29.600000	1	0.146250
29.616667	1	0.171500
29.633333	1	0.195750
29.650000	1	0.217375
29.666667	1	0.237250
29.683333	1	0.256750
29.700000	1	0.274125
29.716667	1	0.289875
29.733333	1	0.304125
29.750000	1	0.317750
29.766667	1	0.329500
29.783333	1	0.339875
29.800000	1	0.349500
29.816667	1	0.357625
29.833333	1	0.365250
29.850000	1	0.371000
29.866667	1	0.376625
29.883333	1	0.381750
29.900000	1	0.385250
29.916667	1	0.388625
29.933333	1	0.392000
29.950000	1	0.394750
29.966667	1	0.396625
29.983333	1	0.399125
30.000000	1	0.401375
30.016667	1	0.403875
30.033333	1	0.406750
30.050000	1	0.409375
30.066667	1	0.412875
30.083333	1	0.417625
30.100000	1	0.422500
30.116667	1	0.427875
30.133333	1	0.434875
30.150000	1	0.442500
30.166667	1	0.452000
30.183333	1	0.463125
30.200000	1	0.477250
30.216667	1	0.492250
30.233333	1	0.509500
30.250000	1	0.529000
30.266667	1	0.551250
30.283333	1	0.576375
30.300000	1	0.605500
30.316667	1	0.637625
30.333333	1	0.673000
30.350000	1	0.712000
30.366667	1	0.755750
30.383333	1	0.803625
30.400000	1	0.856125
30.416667	1	0.913375
30.433333	1	0.976000
30.450000	1	1.043625
30.466667	1	1.115750
30.483333	1	1.193125
30.500000	1	1.275750
30.516667	1	1.363375
30.533333	1	1.455625
30.550000	1	1.552000
30.566667	1	1.653500
30.583333	1	1.759375
30.600000	1	1.868625
30.616667	1	1.981250
30.633333	1	2.096875
30.650000	1	2.214875
30.666667	1	2.334125
30.683333	1	2.453750
30.700000	1	2.573375
30.716667	1	2.691875
30.733333	1	2.808875
30.750000	1	2.922625
30.766667	1	3.032125
30.783333	1	3.136250
30.800000	1	3.235125
30.816667	1	3.327500
30.833333	1	3.411375
30.850000	1	3.485750
30.866667	1	3.550500
30.883333	1	3.604625
30.900000	1	3.648375
30.916667	1	3.680000
30.933333	1	3.699375
30.950000	1	3.706625
30.966667	1	3.701000
30.983333	1	3.683625
31.000000	1	3.654750
31.016667	1	3.613250
31.033333	1	3.561250
31.050000	1	3.498250
31.066667	1	3.424625
31.083333	1	3.341750
31.100000	1	3.251375
31.116667	1	3.153750
31.133333	1	3.049875
31.150000	1	2.941250
31.166667	1	2.827625
31.183333	1	2.711500
31.200000	1	2.593375
31.216667	1	2.475000
31.233333	1	2.355875
31.250000	1	2.236875
31.266667	1	2.119500
31.283333	1	2.004125
31.300000	1	1.892000
31.316667	1	1.783000
31.333333	1	1.677750
31.350000	1	1.576875
31.366667	1	1.479750
31.383333	1	1.387750
31.400000	1	1.300000
31.416667	1	1.217250
31.433333	1	1.138875
31.450000	1	1.065000
31.466667	1	0.996250
31.483333	1	0.932125
31.500000	1	0.871750
31.516667	1	0.816250
31.533333	1	0.765125
31.550000	1	0.718000
31.566667	1	0.674750
31.583333	1	0.634500
31.600000	1	0.597875
31.616667	1	0.563625
31.633333	1	0.532750
31.650000	1	0.504000
31.666667	1	0.477375
31.683333	1	0.453875
31.700000	1	0.432250
31.716667	1	0.412875
31.733333	1	0.395625
31.750000	1	0.380000
31.766667	1	0.366000
31.783333	1	0.353375
31.800000	1	0.341625
31.816667	1	0.331750
31.833333	1	0.322750
31.850000	1	0.314875
31.866667	1	0.308125
31.883333	1	0.301500
31.900000	1	0.295875
31.916667	1	0.290625
31.933333	1	0.285875
31.950000	1	0.281750
31.966667	1	0.278250
31.983333	1	0.274875
32.000000	1	0.272250
32.016667	1	0.269375
32.033333	1	0.266500
32.050000	1	0.264000
32.066667	1	0.261750
32.083333	1	0.259125
32.100000	1	0.256375
32.116667	1	0.252750
32.133333	1	0.250000
32.150000	1	0.246875
32.166667	1	0.243750
32.183333	1	0.240125
32.200000	1	0.236375
32.216667	1	0.232625
32.233333	1	0.228125
32.250000	1	0.222875
32.266667	1	0.217375
32.283333	1	0.211625
32.300000	1	0.205375
32.316667	1	0.199500
32.333333	1	0.193250
32.350000	1	0.186625
32.366667	1	0.180125
32.383333	1	0.172500
32.400000	1	0.165250
32.416667	1	0.157750
32.433333	1	0.150625
32.450000	1	0.142500
32.466667	1	0.134750
32.483333	1	0.127875
32.500000	1	0.120750
32.516667	1	0.113250
32.533333	1	0.106375
32.550000	1	0.099625
32.566667	1	0.093000
32.583333	1	0.087125
32.600000	1	0.081000
32.616667	1	0.074875
32.633333	1	0.068875
32.650000	1	0.063000
32.666667	1	0.057750
32.683333	1	0.052750
32.700000	1	0.046875
32.716667	1	0.042500
32.733333	1	0.037750
32.750000	1	0.034000
32.766667	1	0.030375
32.783333	1	0.026500
32.800000	1	0.023000
32.816667	1	0.020000
32.833333	1	0.016250
32.850000	1	0.012375
32.866667	1	0.009750
32.883333	1	0.006625
32.900000	1	0.003625
32.916667	1	0.000750
32.933333	1	-0.001000
32.950000	1	-0.004000
32.966667	1	-0.007000
32.983333	1	-0.009500
33.000000	1	-0.012000
33.016667	1	-0.014875
33.033333	1	-0.017125
33.050000	1	-0.020250
33.066667	1	-0.022875
33.083333	1	-0.025375
33.100000	1	-0.028500
33.116667	1	-0.030750
33.133333	1	-0.033125
33.150000	1	-0.035500
33.166667	1	-0.037625
33.183333	1	-0.039875
33.200000	1	-0.042000
33.216667	1	-0.044500
33.233333	1	-0.046250
33.250000	1	-0.048000
33.266667	1	-0.049875
33.283333	1	-0.051625
33.300000	1	-0.053500
33.316667	1	-0.055250
33.333333	1	-0.056750
33.350000	1	-0.058125
33.366667	1	-0.059375
33.383333	1	-0.060875
33.400000	1	-0.062125
33.416667	1	-0.063250
33.433333	1	-0.065000
33.450000	1	-0.066125
33.466667	1	-0.067250
33.483333	1	-0.068000
33.500000	1	-0.069500
33.516667	1	-0.070250
33.533333	1	-0.070750
33.550000	1	-0.071625
33.566667	1	-0.072500
33.583333	1	-0.073250
33.600000	1	-0.074250
33.616667	1	-0.075125
33.633333	1	-0.075500
33.650000	1	-0.076375
33.666667	1	-0.076875
33.683333	1	-0.077750
33.700000	1	-0.078375
33.716667	1	-0.078250
33.733333	1	-0.078125
33.750000	1	-0.078500
33.766667	1	-0.078750
33.783333	1	-0.078500
33.800000	1	-0.078375
33.816667	1	-0.079000
33.833333	1	-0.079375
33.850000	1	-0.079250
33.866667	1	-0.079375
33.883333	1	-0.079750
33.900000	1	-0.079250
33.916667	1	-0.079750
33.933333	1	-0.079000
33.950000	1	-0.077875
33.966667	1	-0.077000
33.983333	1	-0.076875
34.000000	1	-0.076625
34.016667	1	-0.076250
34.033333	1	-0.075375
34.050000	1	-0.074375
34.066667	1	-0.073125
34.083333	1	-0.072625
34.100000	1	-0.071125
34.116667	1	-0.070250
34.133333	1	-0.069125
34.150000	1	-0.068375
34.166667	1	-0.067250
34.183333	1	-0.066250
34.200000	1	-0.064625
34.216667	1	-0.063125
34.233333	1	-0.061250
34.250000	1	-0.059500
34.266667	1	-0.058750
34.283333	1	-0.057625
34.300000	1	-0.055875
34.316667	1	-0.054375
34.333333	1	-0.052500
34.350000	1	-0.050750
34.366667	1	-0.048750
34.383333	1	-0.047625
34.400000	1	-0.045875
34.416667	1	-0.044750
34.433333	1	-0.043375
34.450000	1	-0.042125
34.466667	1	-0.040375
34.483333	1	-0.038875
34.500000	1	-0.037125
34.516667	1	-0.034875
34.533333	1	-0.033625
34.550000	1	-0.032375
34.566667	1	-0.030375
34.583333	1	-0.029250
34.600000	1	-0.028000
34.616667	1	-0.026375
34.633333	1	-0.025000
34.650000	1	-0.023500
34.666667	1	-0.021750
34.683333	1	-0.020250
34.700000	1	-0.019125
34.716667	1	-0.018000
34.733333	1	-0.016250
34.750000	1	-0.014750
34.766667	1	-0.013875
34.783333	1	-0.012375
34.800000	1	-0.010500
34.816667	1	-0.009250
34.833333	1	-0.007500
34.850000	1	-0.006750
34.866667	1	-0.005375
34.883333	1	-0.004125
34.900000	1	-0.002875
34.916667	1	-0.001125
34.933333	1	0.000750
34.950000	1	0.002875
34.966667	1	0.004125
34.983333	1	0.005375
35.000000	1	0.007375
35.016667	1	0.009750
35.033333	1	0.012000
35.050000	1	0.013250
35.066667	1	0.015125
35.083333	1	0.017500
35.100000	1	0.019875
35.116667	1	0.023000
35.133333	1	0.025250
35.150000	1	0.028250
35.166667	1	0.030250
35.183333	1	0.032875
35.200000	1	0.035625
35.216667	1	0.038125
35.233333	1	0.040750
35.250000	1	0.042875
35.266667	1	0.045625
35.283333	1	0.048250
35.300000	1	0.051250
35.316667	1	0.054125
35.333333	1	0.056500
35.350000	1	0.059375
35.366667	1	0.061625
35.383333	1	0.063750
35.400000	1	0.066125
35.416667	1	0.068625
35.433333	1	0.070875
35.450000	1	0.072500
35.466667	1	0.074500
35.483333	1	0.076125
35.500000	1	0.077750
35.516667	1	0.080250
35.533333	1	0.081750
35.550000	1	0.083000
35.566667	1	0.084875
35.583333	1	0.085875
35.600000	1	0.087250
35.616667	1	0.088875
35.633333	1	0.089875
35.650000	1	0.091125
35.666667	1	0.092125
35.683333	1	0.093125
35.700000	1	0.094125
35.716667	1	0.094875
35.733333	1	0.095625
35.750000	1	0.096000
35.766667	1	0.096250
35.783333	1	0.096750
35.800000	1	0.097625
35.816667	1	0.098375
35.833333	1	0.098375
35.850000	1	0.099125
35.866667	1	0.099875
35.883333	1	0.099750
35.900000	1	0.099875
35.916667	1	0.099875
35.933333	1	0.100625
35.950000	1	0.100750
35.966667	1	0.100500
35.983333	1	0.100875
36.000000	1	0.101125
36.016667	1	0.101375
36.033333	1	0.100750
36.050000	1	0.099875
36.066667	1	0.099875
36.083333	1	0.100125
36.100000	1	0.099500
36.116667	1	0.098875
36.133333	1	0.098250
36.150000	1	0.097750
36.166667	1	0.096875
36.183333	1	0.096000
36.200000	1	0.095125
36.216667	1	0.093750
36.233333	1	0.092625
36.250000	1	0.091250
36.266667	1	0.090000
36.283333	1	0.088500
36.300000	1	0.086875
36.316667	1	0.085125
36.333333	1	0.083750
36.350000	1	0.082000
36.366667	1	0.079625
36.383333	1	0.077250
36.400000	1	0.074625
36.416667	1	0.072500
36.433333	1	0.069875
36.450000	1	0.068000
36.466667	1	0.065500
36.483333	1	0.063875
36.500000	1	0.061375
36.516667	1	0.058375
36.533333	1	0.055500
36.550000	1	0.052875
36.566667	1	0.050500
36.583333	1	0.048125
36.600000	1	0.045500
36.616667	1	0.042375
36.633333	1	0.039625
36.650000	1	0.037000
36.666667	1	0.034125
36.683333	1	0.031125
36.700000	1	0.027875
36.716667	1	0.025875
36.733333	1	0.022875
36.750000	1	0.020000
36.766667	1	0.016875
36.783333	1	0.014125
36.800000	1	0.010875
36.816667	1	0.007750
36.833333	1	0.005375
36.850000	1	0.002125
36.866667	1	-0.001250
36.883333	1	-0.003500
36.900000	1	-0.006375
36.916667	1	-0.009000
36.933333	1	-0.012125
36.950000	1	-0.014500
36.966667	1	-0.017625
36.983333	1	-0.020500
37.000000	1	-0.024125
37.016667	1	-0.027000
37.033333	1	-0.029625
37.050000	1	-0.031875
37.066667	1	-0.034250
37.083333	1	-0.037500
37.100000	1	-0.039500
37.116667	1	-0.042375
37.133333	1	-0.044500
37.150000	1	-0.046750
37.166667	1	-0.048500
37.183333	1	-0.050750
37.200000	1	-0.052750
37.216667	1	-0.055375
37.233333	1	-0.057250
37.250000	1	-0.059000
37.266667	1	-0.060750
37.283333	1	-0.062250
37.300000	1	-0.063625
37.316667	1	-0.065000
37.333333	1	-0.066250
37.350000	1	-0.067500
37.366667	1	-0.069000
37.383333	1	-0.070625
37.400000	1	-0.071750
37.416667	1	-0.072500
37.433333	1	-0.073250
37.450000	1	-0.073625
37.466667	1	-0.073875
37.483333	1	-0.075000
37.500000	1	-0.075125
37.516667	1	-0.074875
37.533333	1	-0.075375
37.550000	1	-0.075250
37.566667	1	-0.074750
37.583333	1	-0.074500
37.600000	1	-0.074375
37.616667	1	-0.073750
37.633333	1	-0.073500
37.650000	1	-0.073375
37.666667	1	-0.072875
37.683333	1	-0.071250
37.700000	1	-0.070750
37.716667	1	-0.070250
37.733333	1	-0.069625
37.750000	1	-0.069250
37.766667	1	-0.067625
37.783333	1	-0.066625
37.800000	1	-0.065750
37.816667	1	-0.065250
37.833333	1	-0.063750
37.850000	1	-0.062625
37.866667	1	-0.061750
37.883333	1	-0.060125
37.900000	1	-0.058375
37.916667	1	-0.056875
37.933333	1	-0.055375
37.950000	1	-0.053625
37.966667	1	-0.052375
37.983333	1	-0.051000
38.000000	1	-0.049125
38.016667	1	-0.047000
38.033333	1	-0.045375
38.050000	1	-0.043125
38.066667	1	-0.041000
38.083333	1	-0.038750
38.100000	1	-0.037125
38.116667	1	-0.035625
38.133333	1	-0.033750
38.150000	1	-0.032500
38.166667	1	-0.029875
38.183333	1	-0.028250
38.200000	1	-0.026375
38.216667	1	-0.024625
38.233333	1	-0.023625
38.250000	1	-0.022125
38.266667	1	-0.021000
38.283333	1	-0.021000
38.300000	1	-0.019625
38.316667	1	-0.018750
38.333333	1	-0.018125
38.350000	1	-0.017000
38.366667	1	-0.016250
38.383333	1	-0.015250
38.400000	1	-0.015250
38.416667	1	-0.015125
38.433333	1	-0.014750
38.450000	1	-0.014500
38.466667	1	-0.014375
38.483333	1	-0.014500
38.500000	1	-0.014625
38.516667	1	-0.014875
38.533333	1	-0.015125
38.550000	1	-0.016125
38.566667	1	-0.016625
38.583333	1	-0.017625
38.600000	1	-0.018625
38.616667	1	-0.018875
38.633333	1	-0.019750
38.650000	1	-0.020750
38.666667	1	-0.022000
38.683333	1	-0.022750
38.700000	1	-0.023875
38.716667	1	-0.024875
38.733333	1	-0.026375
38.750000	1	-0.028000
38.766667	1	-0.028750
38.783333	1	-0.030125
38.800000	1	-0.031250
38.816667	1	-0.032375
38.833333	1	-0.033875
38.850000	1	-0.034750
38.866667	1	-0.035875
38.883333	1	-0.036875
38.900000	1	-0.038375
38.916667	1	-0.038750
38.933333	1	-0.040375
38.950000	1	-0.041750
38.966667	1	-0.042750
38.983333	1	-0.043750
39.000000	1	-0.045125
39.016667	1	-0.045750
39.033333	1	-0.046875
39.050000	1	-0.047625
39.066667	1	-0.049125
39.083333	1	-0.049125
39.100000	1	-0.049375
39.116667	1	-0.050500
39.133333	1	-0.051250
39.150000	1	-0.051875
39.166667	1	-0.052625
39.183333	1	-0.053375
39.200000	1	-0.054500
39.216667	1	-0.055375
39.233333	1	-0.056000
39.250000	1	-0.055875
39.266667	1	-0.056875
39.283333	1	-0.057625
39.300000	1	-0.057750
39.316667	1	-0.057750
39.333333	1	-0.058625
39.350000	1	-0.058875
39.366667	1	-0.058875
39.383333	1	-0.058375
39.400000	1	-0.058375
39.416667	1	-0.058875
39.433333	1	-0.058750
39.450000	1	-0.058750
39.466667	1	-0.059375
39.483333	1	-0.059250
39.500000	1	-0.059000
39.516667	1	-0.059125
39.533333	1	-0.058625
39.550000	1	-0.058250
39.566667	1	-0.057875
39.583333	1	-0.057125
39.600000	1	-0.056375
39.616667	1	-0.055375
39.633333	1	-0.055250
39.650000	1	-0.054125
39.666667	1	-0.053250
39.683333	1	-0.052875
39.700000	1	-0.051750
39.716667	1	-0.050875
39.733333	1	-0.049625
39.750000	1	-0.047625
39.766667	1	-0.046375
39.783333	1	-0.045250
39.800000	1	-0.043875
39.816667	1	-0.042000
39.833333	1	-0.041125
39.850000	1	-0.040000
39.866667	1	-0.038500
39.883333	1	-0.036625
39.900000	1	-0.035375
39.916667	1	-0.033750
39.933333	1	-0.032250
39.950000	1	-0.030125
39.966667	1	-0.028375
39.983333	1	-0.027625
40.000000	1	-0.025750
