File Path	chrom://990-75db15j/XVault/Ultimate_3000/1256/20230531_CMO_stabTest _FP08_FP09.seq/159.smp/RI_1.channel/RI_1.chm
Channel	RI_1

Injection Information:
Data Vault	XVault
Injection	FP08_8_s1
Injection Number	45
Position	BA9
Comment	
Processing Method	
Instrument Method	run_25B_method
Type	Unknown
Status	Finished
Injection Date	02.06.2023
Injection Time	19:47:19
Injection Volume (µl)	20.000
Dilution Factor	1.0000
Weight	1.0000

Chromatogram Data Information:
Time Min. (min)	0.000000
Time Max. (min)	40.000000
Data Points	2401
Detector	RI
Generating Data System	Chromeleon 7.2.5.9507
Exporting Data System	Chromeleon 7.2.5.0
Operator	Instrument Controller
Signal Quantity	Refractive 
Signal Unit	µRIU
Signal Min.	-1.072750
Signal Max.	61.696750
Channel	RI_1
Driver Name	RID520Driver.dll
Channel Type	Evaluation
Min. Step (s)	1
Max. Step (s)	1
Average Step (s)	1

Signal Parameter Information:
Signal Info	

Chromatogram Data:
Time (min)	Step (s)	Value (µRIU)
0.000000	n.a.	-0.023000
0.016667	1	-0.022625
0.033333	1	-0.022125
0.050000	1	-0.021500
0.066667	1	-0.020875
0.083333	1	-0.020125
0.100000	1	-0.019000
0.116667	1	-0.017625
0.133333	1	-0.017500
0.150000	1	-0.017500
0.166667	1	-0.017250
0.183333	1	-0.016750
0.200000	1	-0.016500
0.216667	1	-0.015375
0.233333	1	-0.014125
0.250000	1	-0.013625
0.266667	1	-0.013375
0.283333	1	-0.013750
0.300000	1	-0.015750
0.316667	1	-0.019500
0.333333	1	-0.021250
0.350000	1	-0.020875
0.366667	1	-0.017125
0.383333	1	-0.012375
0.400000	1	-0.008125
0.416667	1	-0.004625
0.433333	1	-0.001750
0.450000	1	0.000500
0.466667	1	0.001625
0.483333	1	0.001375
0.500000	1	0.000125
0.516667	1	-0.002125
0.533333	1	-0.004375
0.550000	1	-0.006125
0.566667	1	-0.007250
0.583333	1	-0.008750
0.600000	1	-0.009750
0.616667	1	-0.010875
0.633333	1	-0.012125
0.650000	1	-0.012250
0.666667	1	-0.013375
0.683333	1	-0.014000
0.700000	1	-0.014375
0.716667	1	-0.015625
0.733333	1	-0.016500
0.750000	1	-0.016625
0.766667	1	-0.017500
0.783333	1	-0.017000
0.800000	1	-0.017875
0.816667	1	-0.017500
0.833333	1	-0.017875
0.850000	1	-0.017875
0.866667	1	-0.018125
0.883333	1	-0.017625
0.900000	1	-0.017000
0.916667	1	-0.016250
0.933333	1	-0.016375
0.950000	1	-0.016750
0.966667	1	-0.016625
0.983333	1	-0.016875
1.000000	1	-0.016500
1.016667	1	-0.015875
1.033333	1	-0.015500
1.050000	1	-0.014375
1.066667	1	-0.013875
1.083333	1	-0.013500
1.100000	1	-0.014125
1.116667	1	-0.014875
1.133333	1	-0.014875
1.150000	1	-0.014625
1.166667	1	-0.015000
1.183333	1	-0.015500
1.200000	1	-0.015750
1.216667	1	-0.016250
1.233333	1	-0.016375
1.250000	1	-0.016750
1.266667	1	-0.017250
1.283333	1	-0.017500
1.300000	1	-0.017375
1.316667	1	-0.017000
1.333333	1	-0.016875
1.350000	1	-0.017250
1.366667	1	-0.017750
1.383333	1	-0.017750
1.400000	1	-0.018750
1.416667	1	-0.019000
1.433333	1	-0.019000
1.450000	1	-0.019500
1.466667	1	-0.019625
1.483333	1	-0.019625
1.500000	1	-0.020125
1.516667	1	-0.020125
1.533333	1	-0.019500
1.550000	1	-0.020250
1.566667	1	-0.021000
1.583333	1	-0.020875
1.600000	1	-0.020750
1.616667	1	-0.020375
1.633333	1	-0.020625
1.650000	1	-0.020750
1.666667	1	-0.020125
1.683333	1	-0.019750
1.700000	1	-0.019750
1.716667	1	-0.019875
1.733333	1	-0.019750
1.750000	1	-0.020000
1.766667	1	-0.019625
1.783333	1	-0.019750
1.800000	1	-0.019750
1.816667	1	-0.019375
1.833333	1	-0.019000
1.850000	1	-0.018750
1.866667	1	-0.018375
1.883333	1	-0.018750
1.900000	1	-0.018625
1.916667	1	-0.019375
1.933333	1	-0.019250
1.950000	1	-0.019625
1.966667	1	-0.020125
1.983333	1	-0.020250
2.000000	1	-0.020500
2.016667	1	-0.020750
2.033333	1	-0.021250
2.050000	1	-0.022000
2.066667	1	-0.022000
2.083333	1	-0.023000
2.100000	1	-0.023875
2.116667	1	-0.024500
2.133333	1	-0.025000
2.150000	1	-0.026125
2.166667	1	-0.027000
2.183333	1	-0.028250
2.200000	1	-0.028875
2.216667	1	-0.030375
2.233333	1	-0.031375
2.250000	1	-0.032000
2.266667	1	-0.032750
2.283333	1	-0.033375
2.300000	1	-0.034250
2.316667	1	-0.035250
2.333333	1	-0.035750
2.350000	1	-0.036500
2.366667	1	-0.037250
2.383333	1	-0.038625
2.400000	1	-0.039250
2.416667	1	-0.039000
2.433333	1	-0.039000
2.450000	1	-0.039500
2.466667	1	-0.039750
2.483333	1	-0.039875
2.500000	1	-0.040500
2.516667	1	-0.040250
2.533333	1	-0.040000
2.550000	1	-0.039625
2.566667	1	-0.039125
2.583333	1	-0.038250
2.600000	1	-0.037750
2.616667	1	-0.038000
2.633333	1	-0.037375
2.650000	1	-0.036875
2.666667	1	-0.036000
2.683333	1	-0.035875
2.700000	1	-0.035250
2.716667	1	-0.034250
2.733333	1	-0.034000
2.750000	1	-0.033250
2.766667	1	-0.032750
2.783333	1	-0.031875
2.800000	1	-0.031125
2.816667	1	-0.030125
2.833333	1	-0.029625
2.850000	1	-0.029625
2.866667	1	-0.028750
2.883333	1	-0.028750
2.900000	1	-0.028625
2.916667	1	-0.028000
2.933333	1	-0.028750
2.950000	1	-0.029125
2.966667	1	-0.029625
2.983333	1	-0.029625
3.000000	1	-0.029625
3.016667	1	-0.030250
3.033333	1	-0.031500
3.050000	1	-0.031750
3.066667	1	-0.031875
3.083333	1	-0.032000
3.100000	1	-0.032250
3.116667	1	-0.033125
3.133333	1	-0.034250
3.150000	1	-0.034875
3.166667	1	-0.035625
3.183333	1	-0.037000
3.200000	1	-0.037875
3.216667	1	-0.038750
3.233333	1	-0.040375
3.250000	1	-0.041125
3.266667	1	-0.042000
3.283333	1	-0.043125
3.300000	1	-0.043500
3.316667	1	-0.044250
3.333333	1	-0.045250
3.350000	1	-0.046625
3.366667	1	-0.046875
3.383333	1	-0.047500
3.400000	1	-0.047500
3.416667	1	-0.048500
3.433333	1	-0.048875
3.450000	1	-0.048750
3.466667	1	-0.049125
3.483333	1	-0.049250
3.500000	1	-0.050375
3.516667	1	-0.050750
3.533333	1	-0.050875
3.550000	1	-0.050875
3.566667	1	-0.051375
3.583333	1	-0.051625
3.600000	1	-0.051500
3.616667	1	-0.051375
3.633333	1	-0.051625
3.650000	1	-0.051500
3.666667	1	-0.051125
3.683333	1	-0.050875
3.700000	1	-0.050625
3.716667	1	-0.050375
3.733333	1	-0.049625
3.750000	1	-0.049125
3.766667	1	-0.048875
3.783333	1	-0.048500
3.800000	1	-0.047500
3.816667	1	-0.046875
3.833333	1	-0.046375
3.850000	1	-0.045375
3.866667	1	-0.044875
3.883333	1	-0.044375
3.900000	1	-0.044000
3.916667	1	-0.043125
3.933333	1	-0.042125
3.950000	1	-0.040875
3.966667	1	-0.039625
3.983333	1	-0.038875
4.000000	1	-0.037500
4.016667	1	-0.036000
4.033333	1	-0.035000
4.050000	1	-0.033875
4.066667	1	-0.033000
4.083333	1	-0.032000
4.100000	1	-0.030750
4.116667	1	-0.030250
4.133333	1	-0.029875
4.150000	1	-0.028125
4.166667	1	-0.027500
4.183333	1	-0.026500
4.200000	1	-0.025875
4.216667	1	-0.024750
4.233333	1	-0.023625
4.250000	1	-0.022875
4.266667	1	-0.022500
4.283333	1	-0.021500
4.300000	1	-0.021375
4.316667	1	-0.020375
4.333333	1	-0.019750
4.350000	1	-0.018875
4.366667	1	-0.019000
4.383333	1	-0.017625
4.400000	1	-0.016625
4.416667	1	-0.016625
4.433333	1	-0.016625
4.450000	1	-0.015500
4.466667	1	-0.014375
4.483333	1	-0.013250
4.500000	1	-0.012125
4.516667	1	-0.011750
4.533333	1	-0.010750
4.550000	1	-0.009750
4.566667	1	-0.008625
4.583333	1	-0.007500
4.600000	1	-0.007000
4.616667	1	-0.005875
4.633333	1	-0.004500
4.650000	1	-0.004125
4.666667	1	-0.003625
4.683333	1	-0.003125
4.700000	1	-0.002375
4.716667	1	-0.001750
4.733333	1	-0.001000
4.750000	1	-0.000750
4.766667	1	-0.000875
4.783333	1	-0.001000
4.800000	1	0.000000
4.816667	1	0.000250
4.833333	1	0.000750
4.850000	1	0.000875
4.866667	1	0.000750
4.883333	1	0.000875
4.900000	1	0.000500
4.916667	1	0.000125
4.933333	1	-0.001000
4.950000	1	-0.001750
4.966667	1	-0.001625
4.983333	1	-0.001875
5.000000	1	-0.002750
5.016667	1	-0.003750
5.033333	1	-0.004750
5.050000	1	-0.005125
5.066667	1	-0.006000
5.083333	1	-0.006750
5.100000	1	-0.007750
5.116667	1	-0.008875
5.133333	1	-0.009875
5.150000	1	-0.010500
5.166667	1	-0.011625
5.183333	1	-0.012625
5.200000	1	-0.013625
5.216667	1	-0.014375
5.233333	1	-0.015125
5.250000	1	-0.016750
5.266667	1	-0.017750
5.283333	1	-0.018625
5.300000	1	-0.019500
5.316667	1	-0.020250
5.333333	1	-0.020875
5.350000	1	-0.021375
5.366667	1	-0.021500
5.383333	1	-0.022000
5.400000	1	-0.022375
5.416667	1	-0.022750
5.433333	1	-0.023000
5.450000	1	-0.023125
5.466667	1	-0.023750
5.483333	1	-0.024000
5.500000	1	-0.023500
5.516667	1	-0.024500
5.533333	1	-0.025125
5.550000	1	-0.024750
5.566667	1	-0.024750
5.583333	1	-0.024875
5.600000	1	-0.024750
5.616667	1	-0.024375
5.633333	1	-0.024875
5.650000	1	-0.025000
5.666667	1	-0.024875
5.683333	1	-0.025375
5.700000	1	-0.025125
5.716667	1	-0.025500
5.733333	1	-0.025750
5.750000	1	-0.025375
5.766667	1	-0.025500
5.783333	1	-0.025625
5.800000	1	-0.026000
5.816667	1	-0.026375
5.833333	1	-0.027250
5.850000	1	-0.028000
5.866667	1	-0.028375
5.883333	1	-0.029125
5.900000	1	-0.028625
5.916667	1	-0.029625
5.933333	1	-0.030375
5.950000	1	-0.031000
5.966667	1	-0.031250
5.983333	1	-0.031625
6.000000	1	-0.032000
6.016667	1	-0.032375
6.033333	1	-0.033375
6.050000	1	-0.034500
6.066667	1	-0.035375
6.083333	1	-0.036250
6.100000	1	-0.036625
6.116667	1	-0.037125
6.133333	1	-0.037875
6.150000	1	-0.038625
6.166667	1	-0.039750
6.183333	1	-0.040125
6.200000	1	-0.040250
6.216667	1	-0.041000
6.233333	1	-0.041250
6.250000	1	-0.041875
6.266667	1	-0.042000
6.283333	1	-0.042125
6.300000	1	-0.042125
6.316667	1	-0.042250
6.333333	1	-0.042375
6.350000	1	-0.041875
6.366667	1	-0.042250
6.383333	1	-0.042125
6.400000	1	-0.042000
6.416667	1	-0.042500
6.433333	1	-0.042875
6.450000	1	-0.042625
6.466667	1	-0.042250
6.483333	1	-0.042375
6.500000	1	-0.042750
6.516667	1	-0.042125
6.533333	1	-0.042125
6.550000	1	-0.041500
6.566667	1	-0.041625
6.583333	1	-0.041000
6.600000	1	-0.040500
6.616667	1	-0.040125
6.633333	1	-0.040250
6.650000	1	-0.040125
6.666667	1	-0.040250
6.683333	1	-0.040125
6.700000	1	-0.039250
6.716667	1	-0.039125
6.733333	1	-0.039000
6.750000	1	-0.038000
6.766667	1	-0.037500
6.783333	1	-0.037125
6.800000	1	-0.037625
6.816667	1	-0.037500
6.833333	1	-0.037375
6.850000	1	-0.037000
6.866667	1	-0.037000
6.883333	1	-0.037375
6.900000	1	-0.037250
6.916667	1	-0.036625
6.933333	1	-0.036250
6.950000	1	-0.036750
6.966667	1	-0.037000
6.983333	1	-0.037500
7.000000	1	-0.037500
7.016667	1	-0.037875
7.033333	1	-0.037875
7.050000	1	-0.037500
7.066667	1	-0.037875
7.083333	1	-0.038250
7.100000	1	-0.038750
7.116667	1	-0.039000
7.133333	1	-0.039125
7.150000	1	-0.039500
7.166667	1	-0.039750
7.183333	1	-0.040000
7.200000	1	-0.040625
7.216667	1	-0.040625
7.233333	1	-0.041000
7.250000	1	-0.041375
7.266667	1	-0.041750
7.283333	1	-0.041875
7.300000	1	-0.042875
7.316667	1	-0.042875
7.333333	1	-0.043375
7.350000	1	-0.043500
7.366667	1	-0.043500
7.383333	1	-0.043750
7.400000	1	-0.043625
7.416667	1	-0.043875
7.433333	1	-0.044125
7.450000	1	-0.044375
7.466667	1	-0.044500
7.483333	1	-0.045000
7.500000	1	-0.045875
7.516667	1	-0.046000
7.533333	1	-0.046750
7.550000	1	-0.047625
7.566667	1	-0.047750
7.583333	1	-0.048000
7.600000	1	-0.048000
7.616667	1	-0.047875
7.633333	1	-0.048125
7.650000	1	-0.048125
7.666667	1	-0.048000
7.683333	1	-0.047625
7.700000	1	-0.047750
7.716667	1	-0.047500
7.733333	1	-0.047375
7.750000	1	-0.046875
7.766667	1	-0.046250
7.783333	1	-0.045750
7.800000	1	-0.045750
7.816667	1	-0.045375
7.833333	1	-0.044250
7.850000	1	-0.043125
7.866667	1	-0.042500
7.883333	1	-0.042125
7.900000	1	-0.042125
7.916667	1	-0.041375
7.933333	1	-0.039875
7.950000	1	-0.039500
7.966667	1	-0.038250
7.983333	1	-0.038000
8.000000	1	-0.037125
8.016667	1	-0.036500
8.033333	1	-0.036500
8.050000	1	-0.036625
8.066667	1	-0.036625
8.083333	1	-0.036500
8.100000	1	-0.035625
8.116667	1	-0.034750
8.133333	1	-0.034000
8.150000	1	-0.034000
8.166667	1	-0.033750
8.183333	1	-0.033000
8.200000	1	-0.032875
8.216667	1	-0.032625
8.233333	1	-0.031875
8.250000	1	-0.031625
8.266667	1	-0.031125
8.283333	1	-0.030000
8.300000	1	-0.029750
8.316667	1	-0.029000
8.333333	1	-0.028875
8.350000	1	-0.028125
8.366667	1	-0.027875
8.383333	1	-0.027625
8.400000	1	-0.027625
8.416667	1	-0.027625
8.433333	1	-0.027375
8.450000	1	-0.027500
8.466667	1	-0.026875
8.483333	1	-0.026625
8.500000	1	-0.026500
8.516667	1	-0.026625
8.533333	1	-0.026125
8.550000	1	-0.025875
8.566667	1	-0.026000
8.583333	1	-0.025875
8.600000	1	-0.026125
8.616667	1	-0.026375
8.633333	1	-0.025750
8.650000	1	-0.025500
8.666667	1	-0.025500
8.683333	1	-0.025750
8.700000	1	-0.025750
8.716667	1	-0.025500
8.733333	1	-0.025000
8.750000	1	-0.025000
8.766667	1	-0.025250
8.783333	1	-0.024625
8.800000	1	-0.023000
8.816667	1	-0.023250
8.833333	1	-0.022875
8.850000	1	-0.022625
8.866667	1	-0.022000
8.883333	1	-0.022125
8.900000	1	-0.021875
8.916667	1	-0.021375
8.933333	1	-0.021250
8.950000	1	-0.022000
8.966667	1	-0.021625
8.983333	1	-0.021875
9.000000	1	-0.021750
9.016667	1	-0.022000
9.033333	1	-0.021875
9.050000	1	-0.022250
9.066667	1	-0.023000
9.083333	1	-0.023000
9.100000	1	-0.023000
9.116667	1	-0.023625
9.133333	1	-0.023375
9.150000	1	-0.023625
9.166667	1	-0.023500
9.183333	1	-0.023375
9.200000	1	-0.023875
9.216667	1	-0.024125
9.233333	1	-0.024000
9.250000	1	-0.023625
9.266667	1	-0.023375
9.283333	1	-0.022500
9.300000	1	-0.022000
9.316667	1	-0.022500
9.333333	1	-0.022625
9.350000	1	-0.021375
9.366667	1	-0.020625
9.383333	1	-0.020000
9.400000	1	-0.019000
9.416667	1	-0.018000
9.433333	1	-0.016375
9.450000	1	-0.015250
9.466667	1	-0.013000
9.483333	1	-0.010000
9.500000	1	-0.006750
9.516667	1	-0.002250
9.533333	1	0.001875
9.550000	1	0.007875
9.566667	1	0.014000
9.583333	1	0.021625
9.600000	1	0.030250
9.616667	1	0.040875
9.633333	1	0.053125
9.650000	1	0.066500
9.666667	1	0.082375
9.683333	1	0.099500
9.700000	1	0.118250
9.716667	1	0.139250
9.733333	1	0.160125
9.750000	1	0.180250
9.766667	1	0.199000
9.783333	1	0.215375
9.800000	1	0.227000
9.816667	1	0.234250
9.833333	1	0.236125
9.850000	1	0.230875
9.866667	1	0.218250
9.883333	1	0.194750
9.900000	1	0.162500
9.916667	1	0.131375
9.933333	1	0.124875
9.950000	1	0.180750
9.966667	1	0.352875
9.983333	1	0.704125
10.000000	1	1.296250
10.016667	1	2.185250
10.033333	1	3.414500
10.050000	1	5.012625
10.066667	1	6.995500
10.083333	1	9.366625
10.100000	1	12.114875
10.116667	1	15.213875
10.133333	1	18.622125
10.150000	1	22.277125
10.166667	1	26.093125
10.183333	1	29.955500
10.200000	1	33.721625
10.216667	1	37.215375
10.233333	1	40.235500
10.250000	1	42.578625
10.266667	1	44.064375
10.283333	1	44.569875
10.300000	1	44.055250
10.316667	1	42.580125
10.333333	1	40.290250
10.350000	1	37.396250
10.366667	1	34.134250
10.383333	1	30.728875
10.400000	1	27.367750
10.416667	1	24.187250
10.433333	1	21.274875
10.450000	1	18.672250
10.466667	1	16.383875
10.483333	1	14.394000
10.500000	1	12.672375
10.516667	1	11.186750
10.533333	1	9.903875
10.550000	1	8.792250
10.566667	1	7.827125
10.583333	1	6.988375
10.600000	1	6.257375
10.616667	1	5.621750
10.633333	1	5.070250
10.650000	1	4.593125
10.666667	1	4.180625
10.683333	1	3.825375
10.700000	1	3.517375
10.716667	1	3.251375
10.733333	1	3.019125
10.750000	1	2.816500
10.766667	1	2.638000
10.783333	1	2.480250
10.800000	1	2.339875
10.816667	1	2.213750
10.833333	1	2.100125
10.850000	1	1.997500
10.866667	1	1.905125
10.883333	1	1.821000
10.900000	1	1.744250
10.916667	1	1.674625
10.933333	1	1.610875
10.950000	1	1.552375
10.966667	1	1.498125
10.983333	1	1.448375
11.000000	1	1.402375
11.016667	1	1.360000
11.033333	1	1.321250
11.050000	1	1.285125
11.066667	1	1.252000
11.083333	1	1.221375
11.100000	1	1.192875
11.116667	1	1.166000
11.133333	1	1.141250
11.150000	1	1.118750
11.166667	1	1.097750
11.183333	1	1.078125
11.200000	1	1.060125
11.216667	1	1.042875
11.233333	1	1.026125
11.250000	1	1.010750
11.266667	1	0.995875
11.283333	1	0.982250
11.300000	1	0.969000
11.316667	1	0.956125
11.333333	1	0.944125
11.350000	1	0.933000
11.366667	1	0.921500
11.383333	1	0.910625
11.400000	1	0.900250
11.416667	1	0.890750
11.433333	1	0.881750
11.450000	1	0.874000
11.466667	1	0.866750
11.483333	1	0.860250
11.500000	1	0.854625
11.516667	1	0.849750
11.533333	1	0.846000
11.550000	1	0.842500
11.566667	1	0.840000
11.583333	1	0.838375
11.600000	1	0.837125
11.616667	1	0.836375
11.633333	1	0.835250
11.650000	1	0.834500
11.666667	1	0.834000
11.683333	1	0.833375
11.700000	1	0.833625
11.716667	1	0.832375
11.733333	1	0.831375
11.750000	1	0.830375
11.766667	1	0.829125
11.783333	1	0.827875
11.800000	1	0.827125
11.816667	1	0.827125
11.833333	1	0.827125
11.850000	1	0.828375
11.866667	1	0.831250
11.883333	1	0.834750
11.900000	1	0.839625
11.916667	1	0.846500
11.933333	1	0.855250
11.950000	1	0.866250
11.966667	1	0.879625
11.983333	1	0.895625
12.000000	1	0.913375
12.016667	1	0.935000
12.033333	1	0.960750
12.050000	1	0.989125
12.066667	1	1.022000
12.083333	1	1.061625
12.100000	1	1.108125
12.116667	1	1.163125
12.133333	1	1.230500
12.150000	1	1.311500
12.166667	1	1.409000
12.183333	1	1.524000
12.200000	1	1.659875
12.216667	1	1.819000
12.233333	1	2.001625
12.250000	1	2.209375
12.266667	1	2.444250
12.283333	1	2.707000
12.300000	1	2.999125
12.316667	1	3.322875
12.333333	1	3.679750
12.350000	1	4.072250
12.366667	1	4.504125
12.383333	1	4.977000
12.400000	1	5.492000
12.416667	1	6.046625
12.433333	1	6.639125
12.450000	1	7.261375
12.466667	1	7.902500
12.483333	1	8.546875
12.500000	1	9.175625
12.516667	1	9.765125
12.533333	1	10.291375
12.550000	1	10.733875
12.566667	1	11.076750
12.583333	1	11.315750
12.600000	1	11.453250
12.616667	1	11.497875
12.633333	1	11.461500
12.650000	1	11.358625
12.666667	1	11.202125
12.683333	1	11.004375
12.700000	1	10.776125
12.716667	1	10.527375
12.733333	1	10.265000
12.750000	1	9.995750
12.766667	1	9.723250
12.783333	1	9.452250
12.800000	1	9.184125
12.816667	1	8.922250
12.833333	1	8.666750
12.850000	1	8.419000
12.866667	1	8.177875
12.883333	1	7.943000
12.900000	1	7.713875
12.916667	1	7.488125
12.933333	1	7.266125
12.950000	1	7.045125
12.966667	1	6.823625
12.983333	1	6.599875
13.000000	1	6.372750
13.016667	1	6.140250
13.033333	1	5.900625
13.050000	1	5.649750
13.066667	1	5.386625
13.083333	1	5.106750
13.100000	1	4.807625
13.116667	1	4.486125
13.133333	1	4.141125
13.150000	1	3.773625
13.166667	1	3.391625
13.183333	1	3.008375
13.200000	1	2.643500
13.216667	1	2.317625
13.233333	1	2.041125
13.250000	1	1.816500
13.266667	1	1.638250
13.283333	1	1.497375
13.300000	1	1.384875
13.316667	1	1.293625
13.333333	1	1.218750
13.350000	1	1.156875
13.366667	1	1.104375
13.383333	1	1.059250
13.400000	1	1.019750
13.416667	1	0.985125
13.433333	1	0.954500
13.450000	1	0.928125
13.466667	1	0.904625
13.483333	1	0.883750
13.500000	1	0.866000
13.516667	1	0.850125
13.533333	1	0.836625
13.550000	1	0.825875
13.566667	1	0.817625
13.583333	1	0.811250
13.600000	1	0.806875
13.616667	1	0.803500
13.633333	1	0.801500
13.650000	1	0.799750
13.666667	1	0.798375
13.683333	1	0.797250
13.700000	1	0.796000
13.716667	1	0.793250
13.733333	1	0.789625
13.750000	1	0.784375
13.766667	1	0.778375
13.783333	1	0.770125
13.800000	1	0.760625
13.816667	1	0.751125
13.833333	1	0.740125
13.850000	1	0.728875
13.866667	1	0.716750
13.883333	1	0.704500
13.900000	1	0.691750
13.916667	1	0.679000
13.933333	1	0.667125
13.950000	1	0.655625
13.966667	1	0.644125
13.983333	1	0.633125
14.000000	1	0.623250
14.016667	1	0.614125
14.033333	1	0.605875
14.050000	1	0.599125
14.066667	1	0.593125
14.083333	1	0.588125
14.100000	1	0.584125
14.116667	1	0.581500
14.133333	1	0.580875
14.150000	1	0.580875
14.166667	1	0.582750
14.183333	1	0.587750
14.200000	1	0.595125
14.216667	1	0.605000
14.233333	1	0.618500
14.250000	1	0.636500
14.266667	1	0.658875
14.283333	1	0.686875
14.300000	1	0.721625
14.316667	1	0.763375
14.333333	1	0.814750
14.350000	1	0.876375
14.366667	1	0.950375
14.383333	1	1.037500
14.400000	1	1.139250
14.416667	1	1.258000
14.433333	1	1.395750
14.450000	1	1.555625
14.466667	1	1.738250
14.483333	1	1.947375
14.500000	1	2.186375
14.516667	1	2.458500
14.533333	1	2.769250
14.550000	1	3.124750
14.566667	1	3.531750
14.583333	1	4.001625
14.600000	1	4.547000
14.616667	1	5.186125
14.633333	1	5.943500
14.650000	1	6.847750
14.666667	1	7.932125
14.683333	1	9.238625
14.700000	1	10.808875
14.716667	1	12.683750
14.733333	1	14.903000
14.750000	1	17.493875
14.766667	1	20.470250
14.783333	1	23.820250
14.800000	1	27.513875
14.816667	1	31.495875
14.833333	1	35.683500
14.850000	1	39.966500
14.866667	1	44.213500
14.883333	1	48.278750
14.900000	1	52.014875
14.916667	1	55.283000
14.933333	1	57.961375
14.950000	1	59.958250
14.966667	1	61.211250
14.983333	1	61.696750
15.000000	1	61.428125
15.016667	1	60.448750
15.033333	1	58.827375
15.050000	1	56.652500
15.066667	1	54.023625
15.083333	1	51.046250
15.100000	1	47.827625
15.116667	1	44.466375
15.133333	1	41.048000
15.150000	1	37.649000
15.166667	1	34.332375
15.183333	1	31.148625
15.200000	1	28.132250
15.216667	1	25.305750
15.233333	1	22.682750
15.250000	1	20.269375
15.266667	1	18.067000
15.283333	1	16.069625
15.300000	1	14.271875
15.316667	1	12.660875
15.333333	1	11.226125
15.350000	1	9.953250
15.366667	1	8.830000
15.383333	1	7.842500
15.400000	1	6.976875
15.416667	1	6.221500
15.433333	1	5.564000
15.450000	1	4.993250
15.466667	1	4.501000
15.483333	1	4.076750
15.500000	1	3.712750
15.516667	1	3.402000
15.533333	1	3.138500
15.550000	1	2.914625
15.566667	1	2.725250
15.583333	1	2.564750
15.600000	1	2.429125
15.616667	1	2.312125
15.633333	1	2.211250
15.650000	1	2.122000
15.666667	1	2.041750
15.683333	1	1.968375
15.700000	1	1.899000
15.716667	1	1.832125
15.733333	1	1.768125
15.750000	1	1.706125
15.766667	1	1.646125
15.783333	1	1.587750
15.800000	1	1.530750
15.816667	1	1.476125
15.833333	1	1.423875
15.850000	1	1.372875
15.866667	1	1.325000
15.883333	1	1.279625
15.900000	1	1.236750
15.916667	1	1.197500
15.933333	1	1.159625
15.950000	1	1.124875
15.966667	1	1.092750
15.983333	1	1.063500
16.000000	1	1.036500
16.016667	1	1.012000
16.033333	1	0.989625
16.050000	1	0.969375
16.066667	1	0.951625
16.083333	1	0.936125
16.100000	1	0.923000
16.116667	1	0.911250
16.133333	1	0.901250
16.150000	1	0.893375
16.166667	1	0.887375
16.183333	1	0.881750
16.200000	1	0.877125
16.216667	1	0.873500
16.233333	1	0.870000
16.250000	1	0.867125
16.266667	1	0.864250
16.283333	1	0.861000
16.300000	1	0.858875
16.316667	1	0.855875
16.333333	1	0.852625
16.350000	1	0.849750
16.366667	1	0.846500
16.383333	1	0.843750
16.400000	1	0.841250
16.416667	1	0.839000
16.433333	1	0.837000
16.450000	1	0.835750
16.466667	1	0.834500
16.483333	1	0.834000
16.500000	1	0.833875
16.516667	1	0.834625
16.533333	1	0.835375
16.550000	1	0.836750
16.566667	1	0.839500
16.583333	1	0.841750
16.600000	1	0.845250
16.616667	1	0.849875
16.633333	1	0.854250
16.650000	1	0.858750
16.666667	1	0.863250
16.683333	1	0.868750
16.700000	1	0.873875
16.716667	1	0.879625
16.733333	1	0.885000
16.750000	1	0.890375
16.766667	1	0.894750
16.783333	1	0.899000
16.800000	1	0.902500
16.816667	1	0.905375
16.833333	1	0.907750
16.850000	1	0.909250
16.866667	1	0.910000
16.883333	1	0.908875
16.900000	1	0.907875
16.916667	1	0.905625
16.933333	1	0.903625
16.950000	1	0.902000
16.966667	1	0.900125
16.983333	1	0.898750
17.000000	1	0.898375
17.016667	1	0.897750
17.033333	1	0.897625
17.050000	1	0.897875
17.066667	1	0.898375
17.083333	1	0.898625
17.100000	1	0.899250
17.116667	1	0.900125
17.133333	1	0.899500
17.150000	1	0.898375
17.166667	1	0.896000
17.183333	1	0.893000
17.200000	1	0.889000
17.216667	1	0.883500
17.233333	1	0.877375
17.250000	1	0.869750
17.266667	1	0.861750
17.283333	1	0.853500
17.300000	1	0.844500
17.316667	1	0.835875
17.333333	1	0.826500
17.350000	1	0.817875
17.366667	1	0.809000
17.383333	1	0.800250
17.400000	1	0.792000
17.416667	1	0.784750
17.433333	1	0.778000
17.450000	1	0.771875
17.466667	1	0.767000
17.483333	1	0.763500
17.500000	1	0.760500
17.516667	1	0.759125
17.533333	1	0.759000
17.550000	1	0.759875
17.566667	1	0.763125
17.583333	1	0.767250
17.600000	1	0.771625
17.616667	1	0.777750
17.633333	1	0.785375
17.650000	1	0.794250
17.666667	1	0.803625
17.683333	1	0.813625
17.700000	1	0.825250
17.716667	1	0.836500
17.733333	1	0.849375
17.750000	1	0.862250
17.766667	1	0.874875
17.783333	1	0.887625
17.800000	1	0.899500
17.816667	1	0.911875
17.833333	1	0.922750
17.850000	1	0.932125
17.866667	1	0.939875
17.883333	1	0.947250
17.900000	1	0.952125
17.916667	1	0.955750
17.933333	1	0.957250
17.950000	1	0.956750
17.966667	1	0.954250
17.983333	1	0.949875
18.000000	1	0.943875
18.016667	1	0.937500
18.033333	1	0.928125
18.050000	1	0.918125
18.066667	1	0.907000
18.083333	1	0.895125
18.100000	1	0.882500
18.116667	1	0.870125
18.133333	1	0.857625
18.150000	1	0.844375
18.166667	1	0.831375
18.183333	1	0.818625
18.200000	1	0.805750
18.216667	1	0.793125
18.233333	1	0.781375
18.250000	1	0.770500
18.266667	1	0.760500
18.283333	1	0.750875
18.300000	1	0.742125
18.316667	1	0.733875
18.333333	1	0.727750
18.350000	1	0.721500
18.366667	1	0.717000
18.383333	1	0.712750
18.400000	1	0.709625
18.416667	1	0.706750
18.433333	1	0.704500
18.450000	1	0.703125
18.466667	1	0.701625
18.483333	1	0.700000
18.500000	1	0.699625
18.516667	1	0.699875
18.533333	1	0.700125
18.550000	1	0.700250
18.566667	1	0.700375
18.583333	1	0.700750
18.600000	1	0.701750
18.616667	1	0.702875
18.633333	1	0.704375
18.650000	1	0.707000
18.666667	1	0.708875
18.683333	1	0.711750
18.700000	1	0.715375
18.716667	1	0.720000
18.733333	1	0.725000
18.750000	1	0.730500
18.766667	1	0.736625
18.783333	1	0.743125
18.800000	1	0.749625
18.816667	1	0.757000
18.833333	1	0.764875
18.850000	1	0.773125
18.866667	1	0.782625
18.883333	1	0.792375
18.900000	1	0.803125
18.916667	1	0.816000
18.933333	1	0.830375
18.950000	1	0.846625
18.966667	1	0.864625
18.983333	1	0.885250
19.000000	1	0.908000
19.016667	1	0.933500
19.033333	1	0.961375
19.050000	1	0.991875
19.066667	1	1.024750
19.083333	1	1.060625
19.100000	1	1.097875
19.116667	1	1.135750
19.133333	1	1.174250
19.150000	1	1.212375
19.166667	1	1.249750
19.183333	1	1.285125
19.200000	1	1.318125
19.216667	1	1.347000
19.233333	1	1.371750
19.250000	1	1.391500
19.266667	1	1.405750
19.283333	1	1.415125
19.300000	1	1.418250
19.316667	1	1.415625
19.333333	1	1.407000
19.350000	1	1.392625
19.366667	1	1.372875
19.383333	1	1.347750
19.400000	1	1.319000
19.416667	1	1.285500
19.433333	1	1.249875
19.450000	1	1.211375
19.466667	1	1.171875
19.483333	1	1.131750
19.500000	1	1.091250
19.516667	1	1.051000
19.533333	1	1.011125
19.550000	1	0.972875
19.566667	1	0.935375
19.583333	1	0.900250
19.600000	1	0.867125
19.616667	1	0.837000
19.633333	1	0.809000
19.650000	1	0.783625
19.666667	1	0.761750
19.683333	1	0.743000
19.700000	1	0.728125
19.716667	1	0.716000
19.733333	1	0.706750
19.750000	1	0.701500
19.766667	1	0.699500
19.783333	1	0.700875
19.800000	1	0.705375
19.816667	1	0.712750
19.833333	1	0.722750
19.850000	1	0.735875
19.866667	1	0.750750
19.883333	1	0.767250
19.900000	1	0.784875
19.916667	1	0.802750
19.933333	1	0.821375
19.950000	1	0.840125
19.966667	1	0.857875
19.983333	1	0.875125
20.000000	1	0.891125
20.016667	1	0.905875
20.033333	1	0.918375
20.050000	1	0.929250
20.066667	1	0.938750
20.083333	1	0.946125
20.100000	1	0.952750
20.116667	1	0.959000
20.133333	1	0.964500
20.150000	1	0.970000
20.166667	1	0.975250
20.183333	1	0.981625
20.200000	1	0.988875
20.216667	1	0.998250
20.233333	1	1.010125
20.250000	1	1.023625
20.266667	1	1.040500
20.283333	1	1.059875
20.300000	1	1.082625
20.316667	1	1.108375
20.333333	1	1.137375
20.350000	1	1.167875
20.366667	1	1.201375
20.383333	1	1.235625
20.400000	1	1.270125
20.416667	1	1.304625
20.433333	1	1.337625
20.450000	1	1.367750
20.466667	1	1.395000
20.483333	1	1.419375
20.500000	1	1.439000
20.516667	1	1.454125
20.533333	1	1.465125
20.550000	1	1.472000
20.566667	1	1.474750
20.583333	1	1.474125
20.600000	1	1.469875
20.616667	1	1.464125
20.633333	1	1.457875
20.650000	1	1.452125
20.666667	1	1.448750
20.683333	1	1.448500
20.700000	1	1.454250
20.716667	1	1.465625
20.733333	1	1.484500
20.750000	1	1.511500
20.766667	1	1.546250
20.783333	1	1.589250
20.800000	1	1.640125
20.816667	1	1.698625
20.833333	1	1.762625
20.850000	1	1.830250
20.866667	1	1.899500
20.883333	1	1.967875
20.900000	1	2.034000
20.916667	1	2.094500
20.933333	1	2.146625
20.950000	1	2.189250
20.966667	1	2.219875
20.983333	1	2.236500
21.000000	1	2.238500
21.016667	1	2.226750
21.033333	1	2.200750
21.050000	1	2.160000
21.066667	1	2.107625
21.083333	1	2.044375
21.100000	1	1.972375
21.116667	1	1.893125
21.133333	1	1.806875
21.150000	1	1.718250
21.166667	1	1.626750
21.183333	1	1.534625
21.200000	1	1.443000
21.216667	1	1.353250
21.233333	1	1.267500
21.250000	1	1.185375
21.266667	1	1.107875
21.283333	1	1.035625
21.300000	1	0.968500
21.316667	1	0.906750
21.333333	1	0.849375
21.350000	1	0.797625
21.366667	1	0.749625
21.383333	1	0.707000
21.400000	1	0.668250
21.416667	1	0.633875
21.433333	1	0.603750
21.450000	1	0.576750
21.466667	1	0.552375
21.483333	1	0.531875
21.500000	1	0.513000
21.516667	1	0.496125
21.533333	1	0.482500
21.550000	1	0.470375
21.566667	1	0.459500
21.583333	1	0.449750
21.600000	1	0.440625
21.616667	1	0.432750
21.633333	1	0.426125
21.650000	1	0.420625
21.666667	1	0.415000
21.683333	1	0.410750
21.700000	1	0.407875
21.716667	1	0.405375
21.733333	1	0.404000
21.750000	1	0.403125
21.766667	1	0.403875
21.783333	1	0.405000
21.800000	1	0.407125
21.816667	1	0.409625
21.833333	1	0.413500
21.850000	1	0.417750
21.866667	1	0.423000
21.883333	1	0.428625
21.900000	1	0.434500
21.916667	1	0.441125
21.933333	1	0.448250
21.950000	1	0.454750
21.966667	1	0.461500
21.983333	1	0.467250
22.000000	1	0.472625
22.016667	1	0.477000
22.033333	1	0.480875
22.050000	1	0.483500
22.066667	1	0.485375
22.083333	1	0.485875
22.100000	1	0.485875
22.116667	1	0.484625
22.133333	1	0.481875
22.150000	1	0.477875
22.166667	1	0.473625
22.183333	1	0.468000
22.200000	1	0.462500
22.216667	1	0.456125
22.233333	1	0.449750
22.250000	1	0.444875
22.266667	1	0.438500
22.283333	1	0.432875
22.300000	1	0.428000
22.316667	1	0.424250
22.333333	1	0.419750
22.350000	1	0.416375
22.366667	1	0.414125
22.383333	1	0.412625
22.400000	1	0.411750
22.416667	1	0.411000
22.433333	1	0.411125
22.450000	1	0.412250
22.466667	1	0.414000
22.483333	1	0.415750
22.500000	1	0.419125
22.516667	1	0.422000
22.533333	1	0.424625
22.550000	1	0.427750
22.566667	1	0.431125
22.583333	1	0.433750
22.600000	1	0.437125
22.616667	1	0.440375
22.633333	1	0.443375
22.650000	1	0.447125
22.666667	1	0.449375
22.683333	1	0.451125
22.700000	1	0.452250
22.716667	1	0.453500
22.733333	1	0.454625
22.750000	1	0.454500
22.766667	1	0.454375
22.783333	1	0.453625
22.800000	1	0.451625
22.816667	1	0.449500
22.833333	1	0.446750
22.850000	1	0.444375
22.866667	1	0.440375
22.883333	1	0.436500
22.900000	1	0.433000
22.916667	1	0.428375
22.933333	1	0.423750
22.950000	1	0.418875
22.966667	1	0.413875
22.983333	1	0.409375
23.000000	1	0.405250
23.016667	1	0.400750
23.033333	1	0.397125
23.050000	1	0.394250
23.066667	1	0.391750
23.083333	1	0.390375
23.100000	1	0.389625
23.116667	1	0.389750
23.133333	1	0.391000
23.150000	1	0.392875
23.166667	1	0.396250
23.183333	1	0.400375
23.200000	1	0.405625
23.216667	1	0.411875
23.233333	1	0.419500
23.250000	1	0.428875
23.266667	1	0.439250
23.283333	1	0.452125
23.300000	1	0.465750
23.316667	1	0.481875
23.333333	1	0.500125
23.350000	1	0.520750
23.366667	1	0.542250
23.383333	1	0.566375
23.400000	1	0.593375
23.416667	1	0.623500
23.433333	1	0.656000
23.450000	1	0.693500
23.466667	1	0.734875
23.483333	1	0.781250
23.500000	1	0.832875
23.516667	1	0.891250
23.533333	1	0.955625
23.550000	1	1.028000
23.566667	1	1.109875
23.583333	1	1.201125
23.600000	1	1.303500
23.616667	1	1.416500
23.633333	1	1.543500
23.650000	1	1.682500
23.666667	1	1.834500
23.683333	1	1.998875
23.700000	1	2.176000
23.716667	1	2.363375
23.733333	1	2.562125
23.750000	1	2.767750
23.766667	1	2.978500
23.783333	1	3.191875
23.800000	1	3.404500
23.816667	1	3.612500
23.833333	1	3.811250
23.850000	1	3.997250
23.866667	1	4.167750
23.883333	1	4.318500
23.900000	1	4.446750
23.916667	1	4.549625
23.933333	1	4.625000
23.950000	1	4.671500
23.966667	1	4.689500
23.983333	1	4.677750
24.000000	1	4.638125
24.016667	1	4.571750
24.033333	1	4.479625
24.050000	1	4.364375
24.066667	1	4.229625
24.083333	1	4.078375
24.100000	1	3.913500
24.116667	1	3.738500
24.133333	1	3.556250
24.150000	1	3.368750
24.166667	1	3.180125
24.183333	1	2.993000
24.200000	1	2.808375
24.216667	1	2.630000
24.233333	1	2.458125
24.250000	1	2.295125
24.266667	1	2.140750
24.283333	1	1.997125
24.300000	1	1.863625
24.316667	1	1.739875
24.333333	1	1.625875
24.350000	1	1.521125
24.366667	1	1.426000
24.383333	1	1.340375
24.400000	1	1.263875
24.416667	1	1.195125
24.433333	1	1.133500
24.450000	1	1.078000
24.466667	1	1.028750
24.483333	1	0.984625
24.500000	1	0.944250
24.516667	1	0.908250
24.533333	1	0.875500
24.550000	1	0.845125
24.566667	1	0.817375
24.583333	1	0.791125
24.600000	1	0.766625
24.616667	1	0.743500
24.633333	1	0.721750
24.650000	1	0.700625
24.666667	1	0.680000
24.683333	1	0.659500
24.700000	1	0.640000
24.716667	1	0.620375
24.733333	1	0.601500
24.750000	1	0.583250
24.766667	1	0.564500
24.783333	1	0.546000
24.800000	1	0.528625
24.816667	1	0.511625
24.833333	1	0.495375
24.850000	1	0.479375
24.866667	1	0.465000
24.883333	1	0.451000
24.900000	1	0.436750
24.916667	1	0.424250
24.933333	1	0.412250
24.950000	1	0.400625
24.966667	1	0.389625
24.983333	1	0.379750
25.000000	1	0.370625
25.016667	1	0.362125
25.033333	1	0.354750
25.050000	1	0.347875
25.066667	1	0.342125
25.083333	1	0.336250
25.100000	1	0.332000
25.116667	1	0.328000
25.133333	1	0.324250
25.150000	1	0.321125
25.166667	1	0.318125
25.183333	1	0.316000
25.200000	1	0.314750
25.216667	1	0.314125
25.233333	1	0.314625
25.250000	1	0.314625
25.266667	1	0.315625
25.283333	1	0.316625
25.300000	1	0.318250
25.316667	1	0.319375
25.333333	1	0.320875
25.350000	1	0.322125
25.366667	1	0.324125
25.383333	1	0.326250
25.400000	1	0.327625
25.416667	1	0.330625
25.433333	1	0.333375
25.450000	1	0.335625
25.466667	1	0.337875
25.483333	1	0.339750
25.500000	1	0.340875
25.516667	1	0.342625
25.533333	1	0.344125
25.550000	1	0.345000
25.566667	1	0.345500
25.583333	1	0.345750
25.600000	1	0.346250
25.616667	1	0.346375
25.633333	1	0.345875
25.650000	1	0.345500
25.666667	1	0.345250
25.683333	1	0.345000
25.700000	1	0.344000
25.716667	1	0.342750
25.733333	1	0.341500
25.750000	1	0.339875
25.766667	1	0.338500
25.783333	1	0.337375
25.800000	1	0.335375
25.816667	1	0.332625
25.833333	1	0.330250
25.850000	1	0.327625
25.866667	1	0.324375
25.883333	1	0.321750
25.900000	1	0.318625
25.916667	1	0.314875
25.933333	1	0.310750
25.950000	1	0.306750
25.966667	1	0.301625
25.983333	1	0.296750
26.000000	1	0.292000
26.016667	1	0.286500
26.033333	1	0.281375
26.050000	1	0.276125
26.066667	1	0.270500
26.083333	1	0.264750
26.100000	1	0.259625
26.116667	1	0.254625
26.133333	1	0.249375
26.150000	1	0.245000
26.166667	1	0.240000
26.183333	1	0.236250
26.200000	1	0.232875
26.216667	1	0.229500
26.233333	1	0.227125
26.250000	1	0.225625
26.266667	1	0.224625
26.283333	1	0.223875
26.300000	1	0.223875
26.316667	1	0.224875
26.333333	1	0.226125
26.350000	1	0.228375
26.366667	1	0.230500
26.383333	1	0.232625
26.400000	1	0.235375
26.416667	1	0.238750
26.433333	1	0.242125
26.450000	1	0.245625
26.466667	1	0.249125
26.483333	1	0.253000
26.500000	1	0.256125
26.516667	1	0.259250
26.533333	1	0.261500
26.550000	1	0.264375
26.566667	1	0.266250
26.583333	1	0.267375
26.600000	1	0.268500
26.616667	1	0.269750
26.633333	1	0.270625
26.650000	1	0.270625
26.666667	1	0.271375
26.683333	1	0.271250
26.700000	1	0.271125
26.716667	1	0.270375
26.733333	1	0.269875
26.750000	1	0.269875
26.766667	1	0.269500
26.783333	1	0.269375
26.800000	1	0.269375
26.816667	1	0.270125
26.833333	1	0.270250
26.850000	1	0.270750
26.866667	1	0.271375
26.883333	1	0.272250
26.900000	1	0.272500
26.916667	1	0.273250
26.933333	1	0.275000
26.950000	1	0.277125
26.966667	1	0.279125
26.983333	1	0.282125
27.000000	1	0.285500
27.016667	1	0.289500
27.033333	1	0.293250
27.050000	1	0.298000
27.066667	1	0.302625
27.083333	1	0.307875
27.100000	1	0.313125
27.116667	1	0.319875
27.133333	1	0.326500
27.150000	1	0.333625
27.166667	1	0.341625
27.183333	1	0.350125
27.200000	1	0.359750
27.216667	1	0.370000
27.233333	1	0.380875
27.250000	1	0.392500
27.266667	1	0.404875
27.283333	1	0.418875
27.300000	1	0.433125
27.316667	1	0.448375
27.333333	1	0.463875
27.350000	1	0.481500
27.366667	1	0.500875
27.383333	1	0.520875
27.400000	1	0.541250
27.416667	1	0.563875
27.433333	1	0.588500
27.450000	1	0.614875
27.466667	1	0.643125
27.483333	1	0.675125
27.500000	1	0.709500
27.516667	1	0.746625
27.533333	1	0.787625
27.550000	1	0.833125
27.566667	1	0.883625
27.583333	1	0.938375
27.600000	1	0.999250
27.616667	1	1.065500
27.633333	1	1.137750
27.650000	1	1.217250
27.666667	1	1.303250
27.683333	1	1.396000
27.700000	1	1.495000
27.716667	1	1.600625
27.733333	1	1.712250
27.750000	1	1.830750
27.766667	1	1.953875
27.783333	1	2.081875
27.800000	1	2.212750
27.816667	1	2.345250
27.833333	1	2.478750
27.850000	1	2.611625
27.866667	1	2.741875
27.883333	1	2.868000
27.900000	1	2.988750
27.916667	1	3.101625
27.933333	1	3.204625
27.950000	1	3.296375
27.966667	1	3.375625
27.983333	1	3.440250
28.000000	1	3.490375
28.016667	1	3.524125
28.033333	1	3.541500
28.050000	1	3.541000
28.066667	1	3.524000
28.083333	1	3.489125
28.100000	1	3.437875
28.116667	1	3.369875
28.133333	1	3.287500
28.150000	1	3.191375
28.166667	1	3.084125
28.183333	1	2.965375
28.200000	1	2.837875
28.216667	1	2.702875
28.233333	1	2.562250
28.250000	1	2.416500
28.266667	1	2.269750
28.283333	1	2.121375
28.300000	1	1.973500
28.316667	1	1.827125
28.333333	1	1.683125
28.350000	1	1.543125
28.366667	1	1.407625
28.383333	1	1.277375
28.400000	1	1.152250
28.416667	1	1.032625
28.433333	1	0.917500
28.450000	1	0.808500
28.466667	1	0.704250
28.483333	1	0.604750
28.500000	1	0.509500
28.516667	1	0.418750
28.533333	1	0.331625
28.550000	1	0.247625
28.566667	1	0.166625
28.583333	1	0.088500
28.600000	1	0.013125
28.616667	1	-0.060250
28.633333	1	-0.131125
28.650000	1	-0.201750
28.666667	1	-0.271000
28.683333	1	-0.337500
28.700000	1	-0.403625
28.716667	1	-0.467250
28.733333	1	-0.529000
28.750000	1	-0.589625
28.766667	1	-0.646625
28.783333	1	-0.702125
28.800000	1	-0.755375
28.816667	1	-0.805375
28.833333	1	-0.851375
28.850000	1	-0.894125
28.866667	1	-0.932750
28.883333	1	-0.967125
28.900000	1	-0.997375
28.916667	1	-1.022750
28.933333	1	-1.043000
28.950000	1	-1.057250
28.966667	1	-1.067375
28.983333	1	-1.072625
29.000000	1	-1.072750
29.016667	1	-1.067500
29.033333	1	-1.056875
29.050000	1	-1.041000
29.066667	1	-1.020750
29.083333	1	-0.996250
29.100000	1	-0.968000
29.116667	1	-0.935125
29.133333	1	-0.899625
29.150000	1	-0.860500
29.166667	1	-0.819125
29.183333	1	-0.775375
29.200000	1	-0.730250
29.216667	1	-0.682500
29.233333	1	-0.635000
29.250000	1	-0.586625
29.266667	1	-0.537375
29.283333	1	-0.488250
29.300000	1	-0.439250
29.316667	1	-0.390625
29.333333	1	-0.343375
29.350000	1	-0.297500
29.366667	1	-0.252375
29.383333	1	-0.208750
29.400000	1	-0.166250
29.416667	1	-0.125125
29.433333	1	-0.086125
29.450000	1	-0.048875
29.466667	1	-0.013375
29.483333	1	0.019500
29.500000	1	0.050125
29.516667	1	0.079375
29.533333	1	0.107000
29.550000	1	0.132875
29.566667	1	0.156250
29.583333	1	0.178000
29.600000	1	0.197000
29.616667	1	0.214625
29.633333	1	0.230375
29.650000	1	0.245625
29.666667	1	0.258750
29.683333	1	0.269875
29.700000	1	0.279250
29.716667	1	0.287500
29.733333	1	0.294125
29.750000	1	0.299750
29.766667	1	0.304000
29.783333	1	0.307250
29.800000	1	0.309500
29.816667	1	0.311375
29.833333	1	0.312000
29.850000	1	0.312375
29.866667	1	0.311500
29.883333	1	0.310250
29.900000	1	0.308875
29.916667	1	0.307125
29.933333	1	0.305375
29.950000	1	0.303125
29.966667	1	0.301000
29.983333	1	0.298750
30.000000	1	0.296875
30.016667	1	0.294375
30.033333	1	0.293875
30.050000	1	0.292750
30.066667	1	0.291500
30.083333	1	0.290500
30.100000	1	0.290875
30.116667	1	0.291125
30.133333	1	0.291500
30.150000	1	0.292625
30.166667	1	0.293500
30.183333	1	0.295625
30.200000	1	0.297875
30.216667	1	0.301250
30.233333	1	0.304750
30.250000	1	0.308375
30.266667	1	0.313250
30.283333	1	0.318000
30.300000	1	0.324250
30.316667	1	0.330625
30.333333	1	0.337875
30.350000	1	0.346375
30.366667	1	0.355625
30.383333	1	0.365750
30.400000	1	0.376750
30.416667	1	0.388875
30.433333	1	0.402375
30.450000	1	0.416500
30.466667	1	0.432250
30.483333	1	0.448750
30.500000	1	0.467000
30.516667	1	0.487500
30.533333	1	0.508500
30.550000	1	0.530500
30.566667	1	0.554500
30.583333	1	0.579500
30.600000	1	0.604125
30.616667	1	0.630750
30.633333	1	0.657250
30.650000	1	0.684375
30.666667	1	0.710625
30.683333	1	0.737625
30.700000	1	0.763625
30.716667	1	0.789250
30.733333	1	0.813625
30.750000	1	0.836750
30.766667	1	0.857625
30.783333	1	0.876750
30.800000	1	0.894375
30.816667	1	0.908750
30.833333	1	0.920000
30.850000	1	0.928250
30.866667	1	0.933750
30.883333	1	0.936000
30.900000	1	0.934875
30.916667	1	0.930250
30.933333	1	0.923875
30.950000	1	0.913625
30.966667	1	0.900375
30.983333	1	0.884875
31.000000	1	0.866375
31.016667	1	0.846125
31.033333	1	0.824125
31.050000	1	0.800375
31.066667	1	0.775375
31.083333	1	0.749500
31.100000	1	0.722000
31.116667	1	0.694750
31.133333	1	0.667125
31.150000	1	0.639500
31.166667	1	0.612750
31.183333	1	0.586500
31.200000	1	0.560875
31.216667	1	0.535375
31.233333	1	0.510875
31.250000	1	0.487625
31.266667	1	0.465875
31.283333	1	0.445375
31.300000	1	0.426000
31.316667	1	0.407375
31.333333	1	0.390625
31.350000	1	0.375625
31.366667	1	0.362000
31.383333	1	0.349375
31.400000	1	0.338125
31.416667	1	0.328125
31.433333	1	0.318875
31.450000	1	0.310875
31.466667	1	0.303125
31.483333	1	0.296125
31.500000	1	0.290625
31.516667	1	0.285500
31.533333	1	0.281500
31.550000	1	0.278125
31.566667	1	0.275625
31.583333	1	0.272875
31.600000	1	0.271000
31.616667	1	0.269875
31.633333	1	0.269250
31.650000	1	0.269000
31.666667	1	0.268750
31.683333	1	0.269750
31.700000	1	0.271000
31.716667	1	0.272250
31.733333	1	0.273250
31.750000	1	0.275125
31.766667	1	0.277625
31.783333	1	0.280250
31.800000	1	0.282125
31.816667	1	0.285500
31.833333	1	0.289625
31.850000	1	0.292750
31.866667	1	0.295875
31.883333	1	0.299000
31.900000	1	0.303250
31.916667	1	0.307000
31.933333	1	0.310000
31.950000	1	0.313500
31.966667	1	0.316750
31.983333	1	0.320250
32.000000	1	0.323125
32.016667	1	0.324625
32.033333	1	0.326125
32.050000	1	0.327500
32.066667	1	0.328000
32.083333	1	0.327375
32.100000	1	0.327125
32.116667	1	0.326500
32.133333	1	0.324750
32.150000	1	0.322750
32.166667	1	0.320500
32.183333	1	0.316625
32.200000	1	0.313500
32.216667	1	0.309250
32.233333	1	0.304375
32.250000	1	0.299500
32.266667	1	0.294500
32.283333	1	0.289125
32.300000	1	0.284000
32.316667	1	0.278250
32.333333	1	0.272250
32.350000	1	0.266000
32.366667	1	0.260250
32.383333	1	0.254375
32.400000	1	0.248750
32.416667	1	0.243375
32.433333	1	0.237625
32.450000	1	0.231625
32.466667	1	0.226125
32.483333	1	0.221625
32.500000	1	0.216750
32.516667	1	0.211875
32.533333	1	0.208375
32.550000	1	0.204875
32.566667	1	0.201125
32.583333	1	0.197125
32.600000	1	0.193500
32.616667	1	0.189625
32.633333	1	0.185500
32.650000	1	0.182750
32.666667	1	0.179250
32.683333	1	0.174875
32.700000	1	0.171625
32.716667	1	0.168250
32.733333	1	0.164875
32.750000	1	0.161375
32.766667	1	0.157625
32.783333	1	0.153375
32.800000	1	0.149875
32.816667	1	0.146375
32.833333	1	0.142750
32.850000	1	0.138625
32.866667	1	0.134750
32.883333	1	0.131500
32.900000	1	0.128625
32.916667	1	0.125125
32.933333	1	0.121625
32.950000	1	0.118000
32.966667	1	0.115375
32.983333	1	0.112750
33.000000	1	0.109625
33.016667	1	0.107125
33.033333	1	0.104875
33.050000	1	0.102500
33.066667	1	0.100125
33.083333	1	0.098375
33.100000	1	0.096000
33.116667	1	0.093625
33.133333	1	0.091750
33.150000	1	0.090250
33.166667	1	0.088750
33.183333	1	0.087125
33.200000	1	0.085250
33.216667	1	0.083625
33.233333	1	0.081375
33.250000	1	0.079375
33.266667	1	0.078125
33.283333	1	0.076750
33.300000	1	0.075125
33.316667	1	0.073500
33.333333	1	0.072250
33.350000	1	0.070625
33.366667	1	0.068875
33.383333	1	0.066875
33.400000	1	0.065125
33.416667	1	0.063625
33.433333	1	0.062000
33.450000	1	0.060250
33.466667	1	0.057875
33.483333	1	0.056375
33.500000	1	0.055000
33.516667	1	0.053125
33.533333	1	0.050875
33.550000	1	0.049500
33.566667	1	0.047500
33.583333	1	0.045500
33.600000	1	0.043750
33.616667	1	0.042125
33.633333	1	0.041125
33.650000	1	0.039375
33.666667	1	0.038000
33.683333	1	0.036375
33.700000	1	0.035250
33.716667	1	0.034500
33.733333	1	0.033375
33.750000	1	0.032750
33.766667	1	0.032500
33.783333	1	0.031250
33.800000	1	0.031000
33.816667	1	0.029750
33.833333	1	0.028875
33.850000	1	0.028375
33.866667	1	0.028625
33.883333	1	0.028375
33.900000	1	0.028625
33.916667	1	0.029375
33.933333	1	0.029875
33.950000	1	0.030500
33.966667	1	0.031000
33.983333	1	0.032125
34.000000	1	0.033375
34.016667	1	0.034625
34.033333	1	0.036250
34.050000	1	0.037000
34.066667	1	0.037750
34.083333	1	0.039375
34.100000	1	0.040750
34.116667	1	0.042500
34.133333	1	0.043625
34.150000	1	0.045875
34.166667	1	0.047375
34.183333	1	0.049500
34.200000	1	0.050625
34.216667	1	0.052375
34.233333	1	0.054000
34.250000	1	0.055500
34.266667	1	0.057000
34.283333	1	0.058875
34.300000	1	0.060375
34.316667	1	0.062125
34.333333	1	0.063375
34.350000	1	0.064625
34.366667	1	0.066125
34.383333	1	0.066750
34.400000	1	0.068000
34.416667	1	0.068875
34.433333	1	0.069500
34.450000	1	0.070500
34.466667	1	0.070625
34.483333	1	0.071375
34.500000	1	0.072250
34.516667	1	0.073000
34.533333	1	0.073500
34.550000	1	0.074000
34.566667	1	0.074750
34.583333	1	0.074000
34.600000	1	0.074750
34.616667	1	0.075375
34.633333	1	0.075625
34.650000	1	0.076125
34.666667	1	0.076250
34.683333	1	0.076125
34.700000	1	0.076750
34.716667	1	0.077500
34.733333	1	0.078500
34.750000	1	0.080250
34.766667	1	0.081250
34.783333	1	0.082125
34.800000	1	0.083125
34.816667	1	0.083625
34.833333	1	0.084500
34.850000	1	0.085250
34.866667	1	0.085625
34.883333	1	0.086875
34.900000	1	0.089250
34.916667	1	0.091125
34.933333	1	0.092750
34.950000	1	0.094000
34.966667	1	0.095875
34.983333	1	0.097750
35.000000	1	0.099625
35.016667	1	0.101000
35.033333	1	0.102750
35.050000	1	0.104500
35.066667	1	0.106375
35.083333	1	0.108750
35.100000	1	0.111375
35.116667	1	0.113500
35.133333	1	0.115750
35.150000	1	0.118250
35.166667	1	0.120500
35.183333	1	0.121750
35.200000	1	0.123500
35.216667	1	0.125500
35.233333	1	0.127125
35.250000	1	0.128875
35.266667	1	0.130875
35.283333	1	0.133375
35.300000	1	0.135500
35.316667	1	0.136750
35.333333	1	0.139000
35.350000	1	0.141250
35.366667	1	0.142625
35.383333	1	0.144375
35.400000	1	0.145500
35.416667	1	0.146625
35.433333	1	0.148000
35.450000	1	0.149500
35.466667	1	0.149875
35.483333	1	0.150250
35.500000	1	0.151000
35.516667	1	0.152125
35.533333	1	0.152500
35.550000	1	0.153875
35.566667	1	0.153125
35.583333	1	0.152375
35.600000	1	0.152500
35.616667	1	0.153000
35.633333	1	0.153250
35.650000	1	0.152750
35.666667	1	0.152500
35.683333	1	0.152000
35.700000	1	0.152000
35.716667	1	0.151000
35.733333	1	0.151250
35.750000	1	0.150875
35.766667	1	0.150250
35.783333	1	0.148750
35.800000	1	0.148000
35.816667	1	0.146875
35.833333	1	0.146000
35.850000	1	0.145125
35.866667	1	0.145000
35.883333	1	0.144500
35.900000	1	0.143625
35.916667	1	0.142500
35.933333	1	0.142125
35.950000	1	0.141875
35.966667	1	0.140875
35.983333	1	0.140000
36.000000	1	0.139000
36.016667	1	0.138125
36.033333	1	0.138125
36.050000	1	0.137375
36.066667	1	0.136375
36.083333	1	0.136375
36.100000	1	0.135125
36.116667	1	0.134875
36.133333	1	0.133750
36.150000	1	0.133500
36.166667	1	0.132750
36.183333	1	0.132875
36.200000	1	0.131875
36.216667	1	0.131125
36.233333	1	0.130625
36.250000	1	0.130125
36.266667	1	0.129250
36.283333	1	0.129125
36.300000	1	0.128500
36.316667	1	0.128500
36.333333	1	0.128000
36.350000	1	0.128000
36.366667	1	0.127500
36.383333	1	0.126375
36.400000	1	0.125750
36.416667	1	0.125125
36.433333	1	0.125125
36.450000	1	0.125125
36.466667	1	0.125000
36.483333	1	0.124750
36.500000	1	0.124250
36.516667	1	0.123625
36.533333	1	0.123125
36.550000	1	0.122000
36.566667	1	0.122000
36.583333	1	0.121625
36.600000	1	0.120375
36.616667	1	0.118875
36.633333	1	0.118000
36.650000	1	0.116875
36.666667	1	0.115875
36.683333	1	0.113625
36.700000	1	0.112500
36.716667	1	0.110625
36.733333	1	0.108375
36.750000	1	0.107125
36.766667	1	0.104375
36.783333	1	0.102000
36.800000	1	0.099375
36.816667	1	0.097000
36.833333	1	0.094500
36.850000	1	0.092125
36.866667	1	0.089375
36.883333	1	0.086875
36.900000	1	0.084125
36.916667	1	0.082000
36.933333	1	0.079250
36.950000	1	0.076875
36.966667	1	0.074250
36.983333	1	0.072250
37.000000	1	0.069500
37.016667	1	0.067250
37.033333	1	0.064875
37.050000	1	0.062250
37.066667	1	0.060750
37.083333	1	0.059125
37.100000	1	0.057625
37.116667	1	0.055625
37.133333	1	0.053625
37.150000	1	0.051750
37.166667	1	0.050875
37.183333	1	0.048750
37.200000	1	0.047750
37.216667	1	0.046000
37.233333	1	0.044750
37.250000	1	0.043250
37.266667	1	0.041750
37.283333	1	0.041000
37.300000	1	0.040000
37.316667	1	0.038750
37.333333	1	0.038250
37.350000	1	0.037500
37.366667	1	0.036500
37.383333	1	0.035375
37.400000	1	0.034375
37.416667	1	0.033500
37.433333	1	0.033625
37.450000	1	0.033125
37.466667	1	0.032750
37.483333	1	0.032750
37.500000	1	0.033000
37.516667	1	0.032625
37.533333	1	0.032500
37.550000	1	0.032750
37.566667	1	0.032875
37.583333	1	0.033125
37.600000	1	0.033250
37.616667	1	0.033125
37.633333	1	0.033125
37.650000	1	0.033500
37.666667	1	0.033625
37.683333	1	0.034500
37.700000	1	0.034875
37.716667	1	0.035250
37.733333	1	0.035375
37.750000	1	0.035125
37.766667	1	0.035750
37.783333	1	0.035750
37.800000	1	0.036000
37.816667	1	0.035500
37.833333	1	0.036125
37.850000	1	0.036625
37.866667	1	0.036875
37.883333	1	0.037625
37.900000	1	0.038250
37.916667	1	0.038125
37.933333	1	0.038500
37.950000	1	0.039500
37.966667	1	0.039750
37.983333	1	0.039500
38.000000	1	0.039500
38.016667	1	0.039625
38.033333	1	0.040500
38.050000	1	0.041750
38.066667	1	0.042875
38.083333	1	0.043875
38.100000	1	0.045000
38.116667	1	0.046000
38.133333	1	0.046875
38.150000	1	0.047375
38.166667	1	0.048875
38.183333	1	0.049625
38.200000	1	0.050125
38.216667	1	0.050500
38.233333	1	0.051125
38.250000	1	0.052000
38.266667	1	0.052625
38.283333	1	0.052875
38.300000	1	0.053625
38.316667	1	0.053875
38.333333	1	0.054500
38.350000	1	0.053875
38.366667	1	0.053375
38.383333	1	0.053375
38.400000	1	0.052750
38.416667	1	0.052875
38.433333	1	0.053375
38.450000	1	0.052750
38.466667	1	0.052625
38.483333	1	0.051875
38.500000	1	0.051375
38.516667	1	0.050125
38.533333	1	0.048875
38.550000	1	0.048500
38.566667	1	0.047875
38.583333	1	0.047000
38.600000	1	0.046375
38.616667	1	0.045250
38.633333	1	0.044875
38.650000	1	0.043500
38.666667	1	0.042750
38.683333	1	0.041750
38.700000	1	0.041375
38.716667	1	0.040250
38.733333	1	0.039375
38.750000	1	0.037625
38.766667	1	0.036375
38.783333	1	0.035000
38.800000	1	0.033750
38.816667	1	0.033000
38.833333	1	0.031500
38.850000	1	0.030750
38.866667	1	0.029250
38.883333	1	0.028375
38.900000	1	0.027000
38.916667	1	0.025750
38.933333	1	0.024125
38.950000	1	0.022625
38.966667	1	0.020500
38.983333	1	0.019000
39.000000	1	0.017750
39.016667	1	0.016500
39.033333	1	0.015125
39.050000	1	0.014000
39.066667	1	0.012875
39.083333	1	0.012125
39.100000	1	0.010625
39.116667	1	0.009750
39.133333	1	0.008500
39.150000	1	0.007625
39.166667	1	0.006875
39.183333	1	0.006625
39.200000	1	0.006375
39.216667	1	0.006375
39.233333	1	0.006750
39.250000	1	0.006500
39.266667	1	0.007000
39.283333	1	0.007875
39.300000	1	0.008750
39.316667	1	0.009000
39.333333	1	0.009875
39.350000	1	0.010375
39.366667	1	0.011500
39.383333	1	0.012625
39.400000	1	0.013250
39.416667	1	0.014625
39.433333	1	0.016500
39.450000	1	0.017375
39.466667	1	0.018750
39.483333	1	0.020500
39.500000	1	0.022000
39.516667	1	0.023625
39.533333	1	0.025000
39.550000	1	0.026125
39.566667	1	0.027125
39.583333	1	0.027625
39.600000	1	0.029125
39.616667	1	0.031000
39.633333	1	0.032250
39.650000	1	0.034000
39.666667	1	0.035375
39.683333	1	0.036750
39.700000	1	0.038625
39.716667	1	0.040375
39.733333	1	0.041125
39.750000	1	0.042500
39.766667	1	0.043250
39.783333	1	0.044625
39.800000	1	0.046000
39.816667	1	0.047250
39.833333	1	0.048750
39.850000	1	0.049875
39.866667	1	0.051500
39.883333	1	0.053000
39.900000	1	0.054250
39.916667	1	0.055625
39.933333	1	0.057375
39.950000	1	0.058250
39.966667	1	0.059500
39.983333	1	0.060375
40.000000	1	0.061625
