File Path	chrom://marshall/Chromeleon7/HPLC_Ultimate_3000/Users/markusar/20230616_CMO_FP13_14_15.seq/907.smp/RI_1.channel/RI_1.chm
Channel	RI_1

Injection Information:
Data Vault	Chromeleon7
Injection	FP14_8_s1
Injection Number	9
Position	BD2
Comment	
Processing Method	
Instrument Method	run_25B_method
Type	Unknown
Status	Finished
Injection Date	16.06.2023
Injection Time	21:56:36
Injection Volume (µl)	20.000
Dilution Factor	1.0000
Weight	1.0000

Chromatogram Data Information:
Time Min. (min)	0.000000
Time Max. (min)	40.000000
Data Points	2401
Detector	RI
Generating Data System	Chromeleon 7.2.5.9507
Exporting Data System	Chromeleon 7.2.5.0
Operator	Instrument Controller
Signal Quantity	Refractive 
Signal Unit	µRIU
Signal Min.	-0.563000
Signal Max.	42.402375
Channel	RI_1
Driver Name	RID520Driver.dll
Channel Type	Evaluation
Min. Step (s)	1
Max. Step (s)	1
Average Step (s)	1

Signal Parameter Information:
Signal Info	

Chromatogram Data:
Time (min)	Step (s)	Value (µRIU)
0.000000	n.a.	-0.000375
0.016667	1	-0.001375
0.033333	1	-0.002375
0.050000	1	-0.003125
0.066667	1	-0.004000
0.083333	1	-0.005625
0.100000	1	-0.007000
0.116667	1	-0.008375
0.133333	1	-0.009750
0.150000	1	-0.010375
0.166667	1	-0.011125
0.183333	1	-0.012750
0.200000	1	-0.014250
0.216667	1	-0.016125
0.233333	1	-0.017250
0.250000	1	-0.018250
0.266667	1	-0.018750
0.283333	1	-0.020250
0.300000	1	-0.022000
0.316667	1	-0.022875
0.333333	1	-0.024000
0.350000	1	-0.025375
0.366667	1	-0.026750
0.383333	1	-0.027750
0.400000	1	-0.029250
0.416667	1	-0.031125
0.433333	1	-0.033500
0.450000	1	-0.036250
0.466667	1	-0.039750
0.483333	1	-0.042375
0.500000	1	-0.042875
0.516667	1	-0.042125
0.533333	1	-0.040125
0.550000	1	-0.037625
0.566667	1	-0.035875
0.583333	1	-0.034000
0.600000	1	-0.032625
0.616667	1	-0.031500
0.633333	1	-0.030250
0.650000	1	-0.030125
0.666667	1	-0.031875
0.683333	1	-0.033375
0.700000	1	-0.035250
0.716667	1	-0.037500
0.733333	1	-0.039250
0.750000	1	-0.040750
0.766667	1	-0.042250
0.783333	1	-0.043750
0.800000	1	-0.044750
0.816667	1	-0.045000
0.833333	1	-0.045000
0.850000	1	-0.046000
0.866667	1	-0.046750
0.883333	1	-0.046875
0.900000	1	-0.046750
0.916667	1	-0.047125
0.933333	1	-0.047000
0.950000	1	-0.046750
0.966667	1	-0.047000
0.983333	1	-0.047375
1.000000	1	-0.047125
1.016667	1	-0.046625
1.033333	1	-0.046375
1.050000	1	-0.046125
1.066667	1	-0.045375
1.083333	1	-0.044625
1.100000	1	-0.044000
1.116667	1	-0.043250
1.133333	1	-0.042375
1.150000	1	-0.042500
1.166667	1	-0.041875
1.183333	1	-0.040625
1.200000	1	-0.039500
1.216667	1	-0.038625
1.233333	1	-0.037875
1.250000	1	-0.037125
1.266667	1	-0.035875
1.283333	1	-0.034625
1.300000	1	-0.034125
1.316667	1	-0.032750
1.333333	1	-0.031375
1.350000	1	-0.030625
1.366667	1	-0.029875
1.383333	1	-0.029125
1.400000	1	-0.028000
1.416667	1	-0.027750
1.433333	1	-0.027125
1.450000	1	-0.026125
1.466667	1	-0.025750
1.483333	1	-0.026000
1.500000	1	-0.025250
1.516667	1	-0.024125
1.533333	1	-0.023750
1.550000	1	-0.023750
1.566667	1	-0.023125
1.583333	1	-0.022875
1.600000	1	-0.022750
1.616667	1	-0.022250
1.633333	1	-0.022250
1.650000	1	-0.022500
1.666667	1	-0.022500
1.683333	1	-0.022500
1.700000	1	-0.022500
1.716667	1	-0.022625
1.733333	1	-0.022875
1.750000	1	-0.023375
1.766667	1	-0.023625
1.783333	1	-0.023375
1.800000	1	-0.023625
1.816667	1	-0.023875
1.833333	1	-0.024375
1.850000	1	-0.024875
1.866667	1	-0.025500
1.883333	1	-0.026125
1.900000	1	-0.026000
1.916667	1	-0.026125
1.933333	1	-0.026625
1.950000	1	-0.026375
1.966667	1	-0.026625
1.983333	1	-0.027250
2.000000	1	-0.027875
2.016667	1	-0.028500
2.033333	1	-0.028375
2.050000	1	-0.028750
2.066667	1	-0.029125
2.083333	1	-0.029250
2.100000	1	-0.029875
2.116667	1	-0.030000
2.133333	1	-0.030000
2.150000	1	-0.030000
2.166667	1	-0.030250
2.183333	1	-0.030500
2.200000	1	-0.030875
2.216667	1	-0.030875
2.233333	1	-0.030625
2.250000	1	-0.030875
2.266667	1	-0.031250
2.283333	1	-0.031125
2.300000	1	-0.030375
2.316667	1	-0.030000
2.333333	1	-0.030000
2.350000	1	-0.029625
2.366667	1	-0.028875
2.383333	1	-0.028000
2.400000	1	-0.028000
2.416667	1	-0.027250
2.433333	1	-0.026375
2.450000	1	-0.025875
2.466667	1	-0.025000
2.483333	1	-0.024500
2.500000	1	-0.023625
2.516667	1	-0.022750
2.533333	1	-0.022125
2.550000	1	-0.021750
2.566667	1	-0.020625
2.583333	1	-0.019375
2.600000	1	-0.018125
2.616667	1	-0.016625
2.633333	1	-0.015250
2.650000	1	-0.013875
2.666667	1	-0.012875
2.683333	1	-0.011500
2.700000	1	-0.010125
2.716667	1	-0.008750
2.733333	1	-0.007000
2.750000	1	-0.005250
2.766667	1	-0.004250
2.783333	1	-0.002750
2.800000	1	-0.001250
2.816667	1	0.000000
2.833333	1	0.002125
2.850000	1	0.003375
2.866667	1	0.005125
2.883333	1	0.006625
2.900000	1	0.008125
2.916667	1	0.010000
2.933333	1	0.011750
2.950000	1	0.013250
2.966667	1	0.014875
2.983333	1	0.016500
3.000000	1	0.018250
3.016667	1	0.019375
3.033333	1	0.020875
3.050000	1	0.021875
3.066667	1	0.023250
3.083333	1	0.024250
3.100000	1	0.025750
3.116667	1	0.027125
3.133333	1	0.027500
3.150000	1	0.028625
3.166667	1	0.029750
3.183333	1	0.030875
3.200000	1	0.031625
3.216667	1	0.032625
3.233333	1	0.033000
3.250000	1	0.033625
3.266667	1	0.034750
3.283333	1	0.035375
3.300000	1	0.035375
3.316667	1	0.035125
3.333333	1	0.035125
3.350000	1	0.035250
3.366667	1	0.035750
3.383333	1	0.036125
3.400000	1	0.036625
3.416667	1	0.036625
3.433333	1	0.036500
3.450000	1	0.036125
3.466667	1	0.035875
3.483333	1	0.035250
3.500000	1	0.035375
3.516667	1	0.034875
3.533333	1	0.034625
3.550000	1	0.034375
3.566667	1	0.034125
3.583333	1	0.033250
3.600000	1	0.033000
3.616667	1	0.032250
3.633333	1	0.031000
3.650000	1	0.030375
3.666667	1	0.030500
3.683333	1	0.029500
3.700000	1	0.028250
3.716667	1	0.027625
3.733333	1	0.027250
3.750000	1	0.026875
3.766667	1	0.026000
3.783333	1	0.025000
3.800000	1	0.023875
3.816667	1	0.023625
3.833333	1	0.023250
3.850000	1	0.022375
3.866667	1	0.020625
3.883333	1	0.020125
3.900000	1	0.019625
3.916667	1	0.018875
3.933333	1	0.017750
3.950000	1	0.016250
3.966667	1	0.016000
3.983333	1	0.014875
4.000000	1	0.014000
4.016667	1	0.013250
4.033333	1	0.012625
4.050000	1	0.011875
4.066667	1	0.011000
4.083333	1	0.010000
4.100000	1	0.009125
4.116667	1	0.008500
4.133333	1	0.007625
4.150000	1	0.007250
4.166667	1	0.006125
4.183333	1	0.006500
4.200000	1	0.006125
4.216667	1	0.005000
4.233333	1	0.004500
4.250000	1	0.004125
4.266667	1	0.003500
4.283333	1	0.003375
4.300000	1	0.003875
4.316667	1	0.003625
4.333333	1	0.004125
4.350000	1	0.004000
4.366667	1	0.004250
4.383333	1	0.003875
4.400000	1	0.003750
4.416667	1	0.003750
4.433333	1	0.004125
4.450000	1	0.004375
4.466667	1	0.004125
4.483333	1	0.004125
4.500000	1	0.004250
4.516667	1	0.005000
4.533333	1	0.005375
4.550000	1	0.005750
4.566667	1	0.005625
4.583333	1	0.005500
4.600000	1	0.005625
4.616667	1	0.005625
4.633333	1	0.006125
4.650000	1	0.006125
4.666667	1	0.006125
4.683333	1	0.006250
4.700000	1	0.006000
4.716667	1	0.005750
4.733333	1	0.005875
4.750000	1	0.005250
4.766667	1	0.005250
4.783333	1	0.004875
4.800000	1	0.004875
4.816667	1	0.004375
4.833333	1	0.004000
4.850000	1	0.004250
4.866667	1	0.004500
4.883333	1	0.004500
4.900000	1	0.004375
4.916667	1	0.004000
4.933333	1	0.003750
4.950000	1	0.004375
4.966667	1	0.005000
4.983333	1	0.005500
5.000000	1	0.005500
5.016667	1	0.006000
5.033333	1	0.007250
5.050000	1	0.007875
5.066667	1	0.008625
5.083333	1	0.009750
5.100000	1	0.011250
5.116667	1	0.011750
5.133333	1	0.013000
5.150000	1	0.014250
5.166667	1	0.015750
5.183333	1	0.016625
5.200000	1	0.018250
5.216667	1	0.019750
5.233333	1	0.020500
5.250000	1	0.022625
5.266667	1	0.024125
5.283333	1	0.026250
5.300000	1	0.027875
5.316667	1	0.030125
5.333333	1	0.031625
5.350000	1	0.033500
5.366667	1	0.035125
5.383333	1	0.037000
5.400000	1	0.038375
5.416667	1	0.040500
5.433333	1	0.042625
5.450000	1	0.044375
5.466667	1	0.045750
5.483333	1	0.047875
5.500000	1	0.049500
5.516667	1	0.051000
5.533333	1	0.052000
5.550000	1	0.053875
5.566667	1	0.055375
5.583333	1	0.056375
5.600000	1	0.057375
5.616667	1	0.058250
5.633333	1	0.058625
5.650000	1	0.059750
5.666667	1	0.060500
5.683333	1	0.061875
5.700000	1	0.061750
5.716667	1	0.061750
5.733333	1	0.061625
5.750000	1	0.061125
5.766667	1	0.061125
5.783333	1	0.061000
5.800000	1	0.060625
5.816667	1	0.060250
5.833333	1	0.059500
5.850000	1	0.059000
5.866667	1	0.059000
5.883333	1	0.058750
5.900000	1	0.058000
5.916667	1	0.057750
5.933333	1	0.057750
5.950000	1	0.057125
5.966667	1	0.056250
5.983333	1	0.055375
6.000000	1	0.054750
6.016667	1	0.054250
6.033333	1	0.053375
6.050000	1	0.052375
6.066667	1	0.052375
6.083333	1	0.052000
6.100000	1	0.050875
6.116667	1	0.050500
6.133333	1	0.050250
6.150000	1	0.050000
6.166667	1	0.049250
6.183333	1	0.048750
6.200000	1	0.048125
6.216667	1	0.048750
6.233333	1	0.049000
6.250000	1	0.049125
6.266667	1	0.049250
6.283333	1	0.049750
6.300000	1	0.049250
6.316667	1	0.049000
6.333333	1	0.049000
6.350000	1	0.049500
6.366667	1	0.050000
6.383333	1	0.050500
6.400000	1	0.051500
6.416667	1	0.051875
6.433333	1	0.052750
6.450000	1	0.053625
6.466667	1	0.054500
6.483333	1	0.055375
6.500000	1	0.055500
6.516667	1	0.056375
6.533333	1	0.057375
6.550000	1	0.058625
6.566667	1	0.060125
6.583333	1	0.061625
6.600000	1	0.062750
6.616667	1	0.063875
6.633333	1	0.065625
6.650000	1	0.067125
6.666667	1	0.068875
6.683333	1	0.070000
6.700000	1	0.072000
6.716667	1	0.073375
6.733333	1	0.074375
6.750000	1	0.076500
6.766667	1	0.077625
6.783333	1	0.078875
6.800000	1	0.080375
6.816667	1	0.081625
6.833333	1	0.083625
6.850000	1	0.084875
6.866667	1	0.086125
6.883333	1	0.087875
6.900000	1	0.089750
6.916667	1	0.091125
6.933333	1	0.092375
6.950000	1	0.093375
6.966667	1	0.094125
6.983333	1	0.095375
7.000000	1	0.096000
7.016667	1	0.097375
7.033333	1	0.097750
7.050000	1	0.098750
7.066667	1	0.098875
7.083333	1	0.099500
7.100000	1	0.099000
7.116667	1	0.098375
7.133333	1	0.098500
7.150000	1	0.097875
7.166667	1	0.097500
7.183333	1	0.096500
7.200000	1	0.096125
7.216667	1	0.094500
7.233333	1	0.093500
7.250000	1	0.092250
7.266667	1	0.090750
7.283333	1	0.089625
7.300000	1	0.087875
7.316667	1	0.085500
7.333333	1	0.083250
7.350000	1	0.080875
7.366667	1	0.078250
7.383333	1	0.076000
7.400000	1	0.073875
7.416667	1	0.071250
7.433333	1	0.069000
7.450000	1	0.067000
7.466667	1	0.064625
7.483333	1	0.062250
7.500000	1	0.058875
7.516667	1	0.056500
7.533333	1	0.053750
7.550000	1	0.051375
7.566667	1	0.048375
7.583333	1	0.045875
7.600000	1	0.043250
7.616667	1	0.040250
7.633333	1	0.037500
7.650000	1	0.034250
7.666667	1	0.031750
7.683333	1	0.029625
7.700000	1	0.026500
7.716667	1	0.023875
7.733333	1	0.021875
7.750000	1	0.020000
7.766667	1	0.017125
7.783333	1	0.015125
7.800000	1	0.012625
7.816667	1	0.011000
7.833333	1	0.009125
7.850000	1	0.007000
7.866667	1	0.005000
7.883333	1	0.003125
7.900000	1	0.001250
7.916667	1	0.000000
7.933333	1	-0.001250
7.950000	1	-0.002125
7.966667	1	-0.002625
7.983333	1	-0.003375
8.000000	1	-0.004250
8.016667	1	-0.004625
8.033333	1	-0.005000
8.050000	1	-0.005625
8.066667	1	-0.006000
8.083333	1	-0.006000
8.100000	1	-0.005875
8.116667	1	-0.005375
8.133333	1	-0.005375
8.150000	1	-0.005125
8.166667	1	-0.004625
8.183333	1	-0.004000
8.200000	1	-0.003375
8.216667	1	-0.002375
8.233333	1	-0.001375
8.250000	1	-0.000875
8.266667	1	0.000000
8.283333	1	0.000875
8.300000	1	0.002500
8.316667	1	0.003000
8.333333	1	0.004125
8.350000	1	0.005250
8.366667	1	0.006375
8.383333	1	0.008000
8.400000	1	0.009250
8.416667	1	0.010000
8.433333	1	0.011625
8.450000	1	0.012875
8.466667	1	0.014500
8.483333	1	0.015000
8.500000	1	0.016250
8.516667	1	0.017375
8.533333	1	0.018625
8.550000	1	0.019750
8.566667	1	0.020875
8.583333	1	0.021750
8.600000	1	0.023250
8.616667	1	0.024500
8.633333	1	0.026125
8.650000	1	0.027000
8.666667	1	0.028125
8.683333	1	0.028875
8.700000	1	0.029625
8.716667	1	0.030000
8.733333	1	0.031375
8.750000	1	0.031625
8.766667	1	0.032375
8.783333	1	0.033125
8.800000	1	0.034000
8.816667	1	0.034375
8.833333	1	0.036000
8.850000	1	0.036125
8.866667	1	0.037125
8.883333	1	0.038250
8.900000	1	0.038625
8.916667	1	0.039375
8.933333	1	0.040125
8.950000	1	0.040125
8.966667	1	0.039875
8.983333	1	0.040250
9.000000	1	0.040750
9.016667	1	0.041375
9.033333	1	0.042000
9.050000	1	0.042375
9.066667	1	0.043000
9.083333	1	0.042875
9.100000	1	0.043500
9.116667	1	0.044000
9.133333	1	0.044625
9.150000	1	0.045250
9.166667	1	0.045125
9.183333	1	0.046250
9.200000	1	0.047125
9.216667	1	0.048000
9.233333	1	0.049250
9.250000	1	0.050250
9.266667	1	0.051375
9.283333	1	0.052125
9.300000	1	0.053000
9.316667	1	0.053875
9.333333	1	0.055500
9.350000	1	0.057125
9.366667	1	0.058875
9.383333	1	0.060250
9.400000	1	0.062125
9.416667	1	0.064125
9.433333	1	0.066250
9.450000	1	0.068750
9.466667	1	0.071875
9.483333	1	0.074875
9.500000	1	0.078750
9.516667	1	0.083125
9.533333	1	0.087875
9.550000	1	0.092625
9.566667	1	0.099000
9.583333	1	0.106375
9.600000	1	0.114125
9.616667	1	0.121875
9.633333	1	0.130250
9.650000	1	0.138875
9.666667	1	0.147625
9.683333	1	0.154875
9.700000	1	0.161625
9.716667	1	0.167875
9.733333	1	0.172125
9.750000	1	0.174250
9.766667	1	0.174250
9.783333	1	0.172375
9.800000	1	0.170000
9.816667	1	0.168625
9.833333	1	0.171625
9.850000	1	0.182625
9.866667	1	0.207625
9.883333	1	0.253000
9.900000	1	0.325000
9.916667	1	0.432875
9.933333	1	0.586250
9.950000	1	0.796750
9.966667	1	1.080375
9.983333	1	1.454500
10.000000	1	1.940625
10.016667	1	2.561500
10.033333	1	3.339375
10.050000	1	4.295750
10.066667	1	5.445125
10.083333	1	6.798500
10.100000	1	8.357750
10.116667	1	10.117625
10.133333	1	12.061375
10.150000	1	14.160625
10.166667	1	16.375750
10.183333	1	18.656375
10.200000	1	20.941375
10.216667	1	23.163875
10.233333	1	25.248750
10.250000	1	27.117125
10.266667	1	28.698000
10.283333	1	29.929000
10.300000	1	30.761375
10.316667	1	31.168750
10.333333	1	31.148875
10.350000	1	30.731375
10.366667	1	29.966750
10.383333	1	28.925750
10.400000	1	27.685750
10.416667	1	26.322125
10.433333	1	24.901625
10.450000	1	23.479000
10.466667	1	22.089500
10.483333	1	20.756250
10.500000	1	19.490250
10.516667	1	18.293250
10.533333	1	17.163500
10.550000	1	16.094875
10.566667	1	15.080750
10.583333	1	14.116500
10.600000	1	13.196625
10.616667	1	12.316750
10.633333	1	11.472625
10.650000	1	10.664375
10.666667	1	9.891000
10.683333	1	9.152625
10.700000	1	8.450625
10.716667	1	7.786625
10.733333	1	7.162625
10.750000	1	6.581000
10.766667	1	6.043125
10.783333	1	5.550125
10.800000	1	5.101125
10.816667	1	4.695875
10.833333	1	4.332625
10.850000	1	4.009250
10.866667	1	3.722000
10.883333	1	3.467875
10.900000	1	3.245125
10.916667	1	3.048250
10.933333	1	2.874375
10.950000	1	2.720750
10.966667	1	2.584875
10.983333	1	2.464000
11.000000	1	2.357000
11.016667	1	2.261000
11.033333	1	2.174750
11.050000	1	2.096625
11.066667	1	2.025375
11.083333	1	1.961500
11.100000	1	1.902625
11.116667	1	1.848250
11.133333	1	1.797625
11.150000	1	1.750000
11.166667	1	1.706125
11.183333	1	1.664375
11.200000	1	1.625500
11.216667	1	1.588625
11.233333	1	1.554250
11.250000	1	1.521250
11.266667	1	1.489750
11.283333	1	1.459250
11.300000	1	1.430875
11.316667	1	1.403000
11.333333	1	1.376375
11.350000	1	1.351375
11.366667	1	1.327000
11.383333	1	1.303125
11.400000	1	1.280375
11.416667	1	1.258625
11.433333	1	1.237875
11.450000	1	1.218375
11.466667	1	1.200375
11.483333	1	1.182875
11.500000	1	1.165750
11.516667	1	1.150375
11.533333	1	1.136250
11.550000	1	1.123125
11.566667	1	1.111000
11.583333	1	1.098875
11.600000	1	1.087625
11.616667	1	1.077750
11.633333	1	1.068625
11.650000	1	1.059500
11.666667	1	1.052000
11.683333	1	1.046000
11.700000	1	1.039500
11.716667	1	1.033500
11.733333	1	1.027875
11.750000	1	1.022500
11.766667	1	1.017500
11.783333	1	1.013000
11.800000	1	1.009125
11.816667	1	1.005875
11.833333	1	1.002375
11.850000	1	0.999625
11.866667	1	0.998500
11.883333	1	0.997250
11.900000	1	0.996875
11.916667	1	0.998250
11.933333	1	1.000375
11.950000	1	1.004500
11.966667	1	1.010625
11.983333	1	1.018375
12.000000	1	1.028625
12.016667	1	1.041250
12.033333	1	1.056500
12.050000	1	1.074875
12.066667	1	1.096250
12.083333	1	1.120500
12.100000	1	1.149000
12.116667	1	1.182250
12.133333	1	1.219875
12.150000	1	1.262750
12.166667	1	1.312000
12.183333	1	1.368875
12.200000	1	1.434500
12.216667	1	1.510250
12.233333	1	1.597375
12.250000	1	1.696500
12.266667	1	1.810000
12.283333	1	1.940250
12.300000	1	2.087125
12.316667	1	2.253125
12.333333	1	2.438875
12.350000	1	2.646750
12.366667	1	2.877500
12.383333	1	3.131625
12.400000	1	3.411375
12.416667	1	3.717250
12.433333	1	4.048375
12.450000	1	4.404125
12.466667	1	4.780875
12.483333	1	5.176000
12.500000	1	5.584250
12.516667	1	5.998875
12.533333	1	6.413125
12.550000	1	6.820000
12.566667	1	7.212000
12.583333	1	7.581125
12.600000	1	7.922000
12.616667	1	8.228625
12.633333	1	8.499500
12.650000	1	8.731625
12.666667	1	8.924750
12.683333	1	9.079750
12.700000	1	9.196625
12.716667	1	9.279250
12.733333	1	9.327500
12.750000	1	9.347125
12.766667	1	9.341375
12.783333	1	9.313500
12.800000	1	9.266500
12.816667	1	9.204000
12.833333	1	9.128375
12.850000	1	9.043125
12.866667	1	8.949125
12.883333	1	8.847750
12.900000	1	8.740625
12.916667	1	8.629000
12.933333	1	8.512375
12.950000	1	8.391750
12.966667	1	8.266250
12.983333	1	8.136250
13.000000	1	8.000750
13.016667	1	7.859875
13.033333	1	7.712125
13.050000	1	7.557125
13.066667	1	7.394125
13.083333	1	7.221125
13.100000	1	7.037125
13.116667	1	6.841875
13.133333	1	6.634125
13.150000	1	6.413750
13.166667	1	6.177625
13.183333	1	5.925375
13.200000	1	5.655625
13.216667	1	5.366750
13.233333	1	5.058000
13.250000	1	4.728125
13.266667	1	4.377750
13.283333	1	4.011875
13.300000	1	3.637625
13.316667	1	3.270500
13.333333	1	2.926125
13.350000	1	2.617250
13.366667	1	2.351875
13.383333	1	2.129000
13.400000	1	1.945875
13.416667	1	1.795875
13.433333	1	1.674000
13.450000	1	1.573750
13.466667	1	1.490500
13.483333	1	1.419625
13.500000	1	1.360250
13.516667	1	1.308625
13.533333	1	1.263500
13.550000	1	1.225500
13.566667	1	1.191375
13.583333	1	1.161000
13.600000	1	1.133750
13.616667	1	1.109750
13.633333	1	1.088250
13.650000	1	1.068875
13.666667	1	1.051125
13.683333	1	1.035500
13.700000	1	1.020625
13.716667	1	1.007250
13.733333	1	0.994375
13.750000	1	0.981875
13.766667	1	0.970375
13.783333	1	0.958625
13.800000	1	0.946750
13.816667	1	0.934750
13.833333	1	0.922125
13.850000	1	0.909125
13.866667	1	0.895875
13.883333	1	0.882875
13.900000	1	0.869875
13.916667	1	0.856750
13.933333	1	0.844250
13.950000	1	0.831375
13.966667	1	0.818875
13.983333	1	0.806000
14.000000	1	0.795000
14.016667	1	0.785000
14.033333	1	0.775125
14.050000	1	0.766750
14.066667	1	0.759500
14.083333	1	0.754375
14.100000	1	0.750625
14.116667	1	0.749625
14.133333	1	0.751125
14.150000	1	0.756125
14.166667	1	0.764000
14.183333	1	0.775750
14.200000	1	0.791625
14.216667	1	0.812375
14.233333	1	0.838625
14.250000	1	0.870375
14.266667	1	0.909500
14.283333	1	0.956250
14.300000	1	1.012000
14.316667	1	1.076250
14.333333	1	1.150875
14.350000	1	1.236875
14.366667	1	1.335500
14.383333	1	1.447375
14.400000	1	1.573875
14.416667	1	1.716000
14.433333	1	1.875250
14.450000	1	2.052875
14.466667	1	2.250625
14.483333	1	2.468875
14.500000	1	2.709625
14.516667	1	2.975000
14.533333	1	3.266375
14.550000	1	3.586125
14.566667	1	3.937750
14.583333	1	4.323625
14.600000	1	4.750625
14.616667	1	5.224625
14.633333	1	5.754750
14.650000	1	6.352000
14.666667	1	7.030875
14.683333	1	7.806250
14.700000	1	8.694875
14.716667	1	9.715250
14.733333	1	10.887375
14.750000	1	12.227625
14.766667	1	13.747250
14.783333	1	15.451500
14.800000	1	17.337500
14.816667	1	19.394625
14.833333	1	21.602250
14.850000	1	23.928375
14.866667	1	26.327375
14.883333	1	28.747375
14.900000	1	31.129500
14.916667	1	33.411625
14.933333	1	35.533375
14.950000	1	37.438750
14.966667	1	39.079625
14.983333	1	40.416250
15.000000	1	41.422875
15.016667	1	42.085250
15.033333	1	42.402375
15.050000	1	42.382000
15.066667	1	42.041750
15.083333	1	41.408750
15.100000	1	40.515000
15.116667	1	39.396500
15.133333	1	38.092125
15.150000	1	36.637625
15.166667	1	35.070875
15.183333	1	33.425375
15.200000	1	31.731375
15.216667	1	30.015125
15.233333	1	28.298125
15.250000	1	26.598500
15.266667	1	24.933000
15.283333	1	23.313875
15.300000	1	21.750625
15.316667	1	20.251125
15.333333	1	18.819625
15.350000	1	17.458875
15.366667	1	16.171125
15.383333	1	14.957000
15.400000	1	13.816750
15.416667	1	12.748000
15.433333	1	11.748750
15.450000	1	10.817875
15.466667	1	9.953375
15.483333	1	9.154250
15.500000	1	8.417875
15.516667	1	7.742875
15.533333	1	7.126250
15.550000	1	6.564500
15.566667	1	6.056000
15.583333	1	5.598000
15.600000	1	5.186375
15.616667	1	4.817000
15.633333	1	4.486250
15.650000	1	4.190750
15.666667	1	3.927375
15.683333	1	3.691750
15.700000	1	3.481375
15.716667	1	3.293125
15.733333	1	3.124375
15.750000	1	2.972750
15.766667	1	2.835250
15.783333	1	2.710750
15.800000	1	2.597250
15.816667	1	2.493750
15.833333	1	2.397750
15.850000	1	2.309250
15.866667	1	2.227625
15.883333	1	2.152125
15.900000	1	2.081000
15.916667	1	2.014500
15.933333	1	1.951500
15.950000	1	1.891875
15.966667	1	1.836250
15.983333	1	1.783625
16.000000	1	1.734000
16.016667	1	1.686750
16.033333	1	1.642500
16.050000	1	1.599750
16.066667	1	1.560125
16.083333	1	1.522250
16.100000	1	1.487125
16.116667	1	1.453250
16.133333	1	1.421500
16.150000	1	1.392000
16.166667	1	1.364125
16.183333	1	1.338000
16.200000	1	1.313625
16.216667	1	1.290250
16.233333	1	1.268250
16.250000	1	1.247250
16.266667	1	1.226500
16.283333	1	1.207875
16.300000	1	1.190125
16.316667	1	1.173000
16.333333	1	1.156750
16.350000	1	1.142500
16.366667	1	1.127500
16.383333	1	1.113500
16.400000	1	1.099500
16.416667	1	1.087000
16.433333	1	1.075250
16.450000	1	1.064000
16.466667	1	1.053625
16.483333	1	1.044125
16.500000	1	1.035000
16.516667	1	1.026750
16.533333	1	1.019250
16.550000	1	1.011500
16.566667	1	1.005125
16.583333	1	0.999125
16.600000	1	0.993500
16.616667	1	0.988250
16.633333	1	0.983500
16.650000	1	0.979875
16.666667	1	0.976375
16.683333	1	0.973250
16.700000	1	0.971000
16.716667	1	0.968000
16.733333	1	0.966000
16.750000	1	0.963625
16.766667	1	0.962625
16.783333	1	0.961000
16.800000	1	0.959875
16.816667	1	0.959250
16.833333	1	0.958750
16.850000	1	0.959125
16.866667	1	0.958625
16.883333	1	0.958500
16.900000	1	0.958125
16.916667	1	0.957250
16.933333	1	0.956500
16.950000	1	0.955750
16.966667	1	0.954375
16.983333	1	0.952625
17.000000	1	0.951000
17.016667	1	0.949500
17.033333	1	0.947875
17.050000	1	0.946500
17.066667	1	0.945125
17.083333	1	0.943750
17.100000	1	0.941500
17.116667	1	0.939500
17.133333	1	0.937500
17.150000	1	0.934875
17.166667	1	0.931875
17.183333	1	0.928250
17.200000	1	0.924625
17.216667	1	0.920250
17.233333	1	0.914875
17.250000	1	0.909500
17.266667	1	0.903625
17.283333	1	0.897125
17.300000	1	0.890125
17.316667	1	0.882875
17.333333	1	0.875500
17.350000	1	0.867750
17.366667	1	0.859500
17.383333	1	0.851625
17.400000	1	0.843375
17.416667	1	0.835375
17.433333	1	0.828000
17.450000	1	0.821125
17.466667	1	0.814500
17.483333	1	0.807250
17.500000	1	0.801125
17.516667	1	0.796125
17.533333	1	0.790750
17.550000	1	0.787000
17.566667	1	0.783750
17.583333	1	0.780750
17.600000	1	0.778625
17.616667	1	0.778625
17.633333	1	0.779125
17.650000	1	0.780250
17.666667	1	0.781750
17.683333	1	0.784375
17.700000	1	0.787750
17.716667	1	0.792000
17.733333	1	0.797000
17.750000	1	0.802250
17.766667	1	0.809250
17.783333	1	0.816000
17.800000	1	0.823125
17.816667	1	0.830500
17.833333	1	0.838375
17.850000	1	0.846750
17.866667	1	0.854875
17.883333	1	0.861875
17.900000	1	0.869000
17.916667	1	0.876000
17.933333	1	0.881625
17.950000	1	0.886875
17.966667	1	0.891375
17.983333	1	0.894875
18.000000	1	0.896875
18.016667	1	0.898500
18.033333	1	0.899125
18.050000	1	0.898875
18.066667	1	0.896750
18.083333	1	0.894375
18.100000	1	0.890750
18.116667	1	0.885875
18.133333	1	0.880000
18.150000	1	0.872875
18.166667	1	0.866000
18.183333	1	0.858625
18.200000	1	0.850750
18.216667	1	0.841875
18.233333	1	0.832500
18.250000	1	0.823625
18.266667	1	0.814250
18.283333	1	0.805000
18.300000	1	0.795500
18.316667	1	0.786125
18.333333	1	0.776625
18.350000	1	0.767625
18.366667	1	0.759625
18.383333	1	0.751375
18.400000	1	0.744125
18.416667	1	0.736500
18.433333	1	0.730125
18.450000	1	0.724125
18.466667	1	0.718500
18.483333	1	0.712750
18.500000	1	0.708125
18.516667	1	0.703375
18.533333	1	0.699750
18.550000	1	0.695500
18.566667	1	0.691375
18.583333	1	0.688875
18.600000	1	0.686125
18.616667	1	0.684250
18.633333	1	0.682500
18.650000	1	0.681375
18.666667	1	0.681250
18.683333	1	0.681625
18.700000	1	0.681875
18.716667	1	0.682750
18.733333	1	0.683375
18.750000	1	0.685500
18.766667	1	0.688000
18.783333	1	0.690875
18.800000	1	0.694250
18.816667	1	0.698125
18.833333	1	0.702375
18.850000	1	0.706625
18.866667	1	0.711875
18.883333	1	0.717500
18.900000	1	0.723875
18.916667	1	0.730625
18.933333	1	0.737250
18.950000	1	0.744750
18.966667	1	0.753750
18.983333	1	0.763500
19.000000	1	0.773750
19.016667	1	0.785625
19.033333	1	0.799125
19.050000	1	0.813625
19.066667	1	0.829625
19.083333	1	0.847750
19.100000	1	0.867000
19.116667	1	0.888125
19.133333	1	0.910375
19.150000	1	0.933750
19.166667	1	0.959500
19.183333	1	0.986375
19.200000	1	1.014250
19.216667	1	1.041875
19.233333	1	1.069125
19.250000	1	1.095625
19.266667	1	1.122000
19.283333	1	1.146875
19.300000	1	1.169500
19.316667	1	1.189750
19.333333	1	1.207250
19.350000	1	1.221625
19.366667	1	1.233125
19.383333	1	1.240500
19.400000	1	1.244875
19.416667	1	1.245250
19.433333	1	1.242250
19.450000	1	1.235625
19.466667	1	1.226000
19.483333	1	1.212500
19.500000	1	1.197000
19.516667	1	1.179125
19.533333	1	1.159375
19.550000	1	1.137125
19.566667	1	1.114500
19.583333	1	1.090125
19.600000	1	1.065750
19.616667	1	1.041375
19.633333	1	1.017000
19.650000	1	0.993000
19.666667	1	0.970125
19.683333	1	0.948000
19.700000	1	0.927125
19.716667	1	0.907750
19.733333	1	0.890375
19.750000	1	0.875625
19.766667	1	0.862375
19.783333	1	0.851125
19.800000	1	0.842875
19.816667	1	0.836625
19.833333	1	0.832625
19.850000	1	0.831000
19.866667	1	0.831000
19.883333	1	0.833375
19.900000	1	0.838125
19.916667	1	0.844500
19.933333	1	0.851500
19.950000	1	0.860250
19.966667	1	0.870000
19.983333	1	0.880250
20.000000	1	0.891250
20.016667	1	0.903000
20.033333	1	0.914750
20.050000	1	0.927125
20.066667	1	0.939000
20.083333	1	0.950875
20.100000	1	0.962250
20.116667	1	0.974375
20.133333	1	0.987000
20.150000	1	1.000125
20.166667	1	1.013250
20.183333	1	1.027375
20.200000	1	1.042875
20.216667	1	1.059125
20.233333	1	1.077250
20.250000	1	1.096625
20.266667	1	1.118750
20.283333	1	1.141625
20.300000	1	1.167750
20.316667	1	1.196625
20.333333	1	1.227375
20.350000	1	1.259000
20.366667	1	1.293375
20.383333	1	1.328500
20.400000	1	1.365000
20.416667	1	1.402000
20.433333	1	1.438625
20.450000	1	1.473875
20.466667	1	1.507750
20.483333	1	1.538625
20.500000	1	1.566125
20.516667	1	1.589375
20.533333	1	1.608625
20.550000	1	1.622375
20.566667	1	1.630250
20.583333	1	1.632125
20.600000	1	1.628750
20.616667	1	1.620375
20.633333	1	1.607125
20.650000	1	1.588250
20.666667	1	1.565750
20.683333	1	1.538750
20.700000	1	1.508875
20.716667	1	1.477000
20.733333	1	1.443875
20.750000	1	1.408750
20.766667	1	1.373125
20.783333	1	1.338250
20.800000	1	1.302750
20.816667	1	1.267750
20.833333	1	1.234375
20.850000	1	1.202500
20.866667	1	1.171000
20.883333	1	1.141625
20.900000	1	1.113625
20.916667	1	1.087125
20.933333	1	1.062000
20.950000	1	1.037875
20.966667	1	1.015125
20.983333	1	0.992625
21.000000	1	0.970625
21.016667	1	0.949125
21.033333	1	0.926875
21.050000	1	0.905125
21.066667	1	0.883000
21.083333	1	0.861750
21.100000	1	0.839375
21.116667	1	0.816750
21.133333	1	0.794500
21.150000	1	0.772250
21.166667	1	0.749875
21.183333	1	0.727000
21.200000	1	0.704625
21.216667	1	0.683000
21.233333	1	0.661875
21.250000	1	0.640375
21.266667	1	0.619250
21.283333	1	0.599625
21.300000	1	0.580250
21.316667	1	0.561750
21.333333	1	0.544500
21.350000	1	0.528125
21.366667	1	0.512750
21.383333	1	0.497500
21.400000	1	0.483750
21.416667	1	0.471125
21.433333	1	0.459500
21.450000	1	0.448250
21.466667	1	0.438375
21.483333	1	0.429625
21.500000	1	0.422250
21.516667	1	0.415125
21.533333	1	0.409000
21.550000	1	0.403875
21.566667	1	0.399500
21.583333	1	0.395125
21.600000	1	0.392125
21.616667	1	0.389875
21.633333	1	0.388625
21.650000	1	0.387875
21.666667	1	0.387000
21.683333	1	0.387625
21.700000	1	0.388500
21.716667	1	0.389750
21.733333	1	0.391750
21.750000	1	0.394250
21.766667	1	0.398000
21.783333	1	0.401875
21.800000	1	0.406000
21.816667	1	0.410875
21.833333	1	0.416500
21.850000	1	0.422000
21.866667	1	0.429375
21.883333	1	0.436375
21.900000	1	0.444125
21.916667	1	0.452375
21.933333	1	0.460250
21.950000	1	0.468250
21.966667	1	0.476500
21.983333	1	0.485250
22.000000	1	0.493250
22.016667	1	0.500875
22.033333	1	0.507875
22.050000	1	0.514500
22.066667	1	0.520375
22.083333	1	0.525500
22.100000	1	0.529625
22.116667	1	0.532875
22.133333	1	0.535500
22.150000	1	0.537250
22.166667	1	0.537625
22.183333	1	0.537750
22.200000	1	0.536375
22.216667	1	0.535000
22.233333	1	0.531875
22.250000	1	0.529250
22.266667	1	0.526125
22.283333	1	0.523125
22.300000	1	0.519000
22.316667	1	0.515250
22.333333	1	0.511375
22.350000	1	0.507625
22.366667	1	0.503875
22.383333	1	0.500250
22.400000	1	0.497000
22.416667	1	0.494000
22.433333	1	0.491875
22.450000	1	0.490250
22.466667	1	0.488625
22.483333	1	0.488000
22.500000	1	0.487625
22.516667	1	0.487875
22.533333	1	0.487875
22.550000	1	0.488875
22.566667	1	0.490250
22.583333	1	0.491500
22.600000	1	0.492875
22.616667	1	0.494500
22.633333	1	0.496125
22.650000	1	0.498625
22.666667	1	0.500500
22.683333	1	0.502500
22.700000	1	0.504125
22.716667	1	0.505875
22.733333	1	0.507875
22.750000	1	0.509500
22.766667	1	0.511125
22.783333	1	0.512750
22.800000	1	0.513375
22.816667	1	0.514250
22.833333	1	0.514875
22.850000	1	0.515250
22.866667	1	0.515750
22.883333	1	0.515625
22.900000	1	0.514625
22.916667	1	0.514250
22.933333	1	0.513500
22.950000	1	0.512500
22.966667	1	0.512125
22.983333	1	0.510875
23.000000	1	0.509750
23.016667	1	0.508625
23.033333	1	0.507875
23.050000	1	0.507875
23.066667	1	0.508000
23.083333	1	0.508375
23.100000	1	0.509500
23.116667	1	0.511500
23.133333	1	0.514000
23.150000	1	0.517500
23.166667	1	0.521625
23.183333	1	0.526625
23.200000	1	0.533125
23.216667	1	0.540625
23.233333	1	0.549375
23.250000	1	0.559875
23.266667	1	0.571625
23.283333	1	0.584250
23.300000	1	0.599125
23.316667	1	0.615750
23.333333	1	0.633625
23.350000	1	0.653375
23.366667	1	0.675500
23.383333	1	0.700000
23.400000	1	0.726125
23.416667	1	0.754500
23.433333	1	0.785750
23.450000	1	0.819500
23.466667	1	0.855500
23.483333	1	0.894250
23.500000	1	0.936000
23.516667	1	0.981375
23.533333	1	1.030000
23.550000	1	1.083125
23.566667	1	1.141250
23.583333	1	1.204000
23.600000	1	1.271500
23.616667	1	1.344875
23.633333	1	1.424625
23.650000	1	1.511250
23.666667	1	1.604375
23.683333	1	1.703875
23.700000	1	1.810750
23.716667	1	1.925125
23.733333	1	2.045875
23.750000	1	2.172500
23.766667	1	2.305750
23.783333	1	2.442875
23.800000	1	2.583625
23.816667	1	2.726375
23.833333	1	2.869125
23.850000	1	3.009500
23.866667	1	3.146875
23.883333	1	3.279125
23.900000	1	3.403375
23.916667	1	3.518250
23.933333	1	3.621750
23.950000	1	3.712750
23.966667	1	3.789125
23.983333	1	3.849750
24.000000	1	3.892625
24.016667	1	3.919250
24.033333	1	3.927750
24.050000	1	3.919875
24.066667	1	3.896250
24.083333	1	3.856375
24.100000	1	3.801625
24.116667	1	3.733750
24.133333	1	3.653375
24.150000	1	3.562250
24.166667	1	3.461875
24.183333	1	3.354375
24.200000	1	3.240250
24.216667	1	3.121625
24.233333	1	2.999250
24.250000	1	2.876125
24.266667	1	2.751625
24.283333	1	2.627750
24.300000	1	2.505375
24.316667	1	2.385125
24.333333	1	2.268125
24.350000	1	2.154625
24.366667	1	2.046000
24.383333	1	1.941125
24.400000	1	1.840625
24.416667	1	1.745875
24.433333	1	1.655375
24.450000	1	1.570500
24.466667	1	1.490375
24.483333	1	1.415625
24.500000	1	1.346625
24.516667	1	1.281625
24.533333	1	1.221500
24.550000	1	1.165500
24.566667	1	1.114125
24.583333	1	1.066250
24.600000	1	1.022500
24.616667	1	0.981750
24.633333	1	0.943625
24.650000	1	0.908750
24.666667	1	0.876375
24.683333	1	0.846000
24.700000	1	0.818000
24.716667	1	0.791375
24.733333	1	0.766500
24.750000	1	0.742750
24.766667	1	0.720000
24.783333	1	0.699125
24.800000	1	0.678875
24.816667	1	0.659625
24.833333	1	0.640125
24.850000	1	0.621250
24.866667	1	0.603625
24.883333	1	0.586000
24.900000	1	0.568500
24.916667	1	0.552250
24.933333	1	0.535625
24.950000	1	0.519750
24.966667	1	0.504875
24.983333	1	0.489250
25.000000	1	0.475375
25.016667	1	0.461875
25.033333	1	0.447625
25.050000	1	0.434125
25.066667	1	0.421250
25.083333	1	0.407625
25.100000	1	0.396125
25.116667	1	0.385125
25.133333	1	0.374625
25.150000	1	0.364625
25.166667	1	0.354875
25.183333	1	0.345750
25.200000	1	0.336625
25.216667	1	0.328375
25.233333	1	0.320875
25.250000	1	0.313875
25.266667	1	0.307375
25.283333	1	0.301375
25.300000	1	0.295750
25.316667	1	0.291000
25.333333	1	0.286500
25.350000	1	0.282000
25.366667	1	0.278375
25.383333	1	0.275375
25.400000	1	0.272250
25.416667	1	0.270000
25.433333	1	0.267375
25.450000	1	0.265875
25.466667	1	0.264500
25.483333	1	0.263000
25.500000	1	0.261875
25.516667	1	0.260750
25.533333	1	0.259875
25.550000	1	0.259500
25.566667	1	0.259375
25.583333	1	0.259000
25.600000	1	0.258875
25.616667	1	0.258375
25.633333	1	0.258000
25.650000	1	0.258250
25.666667	1	0.258875
25.683333	1	0.258625
25.700000	1	0.258750
25.716667	1	0.259750
25.733333	1	0.260500
25.750000	1	0.260625
25.766667	1	0.261375
25.783333	1	0.263000
25.800000	1	0.263250
25.816667	1	0.264250
25.833333	1	0.265125
25.850000	1	0.267000
25.866667	1	0.268625
25.883333	1	0.270125
25.900000	1	0.271875
25.916667	1	0.273500
25.933333	1	0.275375
25.950000	1	0.277125
25.966667	1	0.278750
25.983333	1	0.281250
26.000000	1	0.283250
26.016667	1	0.285250
26.033333	1	0.287250
26.050000	1	0.288500
26.066667	1	0.290375
26.083333	1	0.292875
26.100000	1	0.294250
26.116667	1	0.296625
26.133333	1	0.298375
26.150000	1	0.300625
26.166667	1	0.302500
26.183333	1	0.303625
26.200000	1	0.305125
26.216667	1	0.306875
26.233333	1	0.308500
26.250000	1	0.309500
26.266667	1	0.311500
26.283333	1	0.313125
26.300000	1	0.315875
26.316667	1	0.318375
26.333333	1	0.320250
26.350000	1	0.322250
26.366667	1	0.324375
26.383333	1	0.326625
26.400000	1	0.329250
26.416667	1	0.332125
26.433333	1	0.335125
26.450000	1	0.337125
26.466667	1	0.339625
26.483333	1	0.341875
26.500000	1	0.343875
26.516667	1	0.345875
26.533333	1	0.347250
26.550000	1	0.348875
26.566667	1	0.349625
26.583333	1	0.351750
26.600000	1	0.353250
26.616667	1	0.354125
26.633333	1	0.354125
26.650000	1	0.354875
26.666667	1	0.354375
26.683333	1	0.354250
26.700000	1	0.354125
26.716667	1	0.352875
26.733333	1	0.351625
26.750000	1	0.350125
26.766667	1	0.348375
26.783333	1	0.346125
26.800000	1	0.344000
26.816667	1	0.342000
26.833333	1	0.339500
26.850000	1	0.337500
26.866667	1	0.334375
26.883333	1	0.332250
26.900000	1	0.329625
26.916667	1	0.327750
26.933333	1	0.324625
26.950000	1	0.323000
26.966667	1	0.320750
26.983333	1	0.318750
27.000000	1	0.317500
27.016667	1	0.316875
27.033333	1	0.316500
27.050000	1	0.316125
27.066667	1	0.316625
27.083333	1	0.317000
27.100000	1	0.317875
27.116667	1	0.320125
27.133333	1	0.322375
27.150000	1	0.325125
27.166667	1	0.328625
27.183333	1	0.333625
27.200000	1	0.338875
27.216667	1	0.344875
27.233333	1	0.351500
27.250000	1	0.358500
27.266667	1	0.366500
27.283333	1	0.376000
27.300000	1	0.385750
27.316667	1	0.396125
27.333333	1	0.408375
27.350000	1	0.420875
27.366667	1	0.434750
27.383333	1	0.449250
27.400000	1	0.465250
27.416667	1	0.482625
27.433333	1	0.500500
27.450000	1	0.520125
27.466667	1	0.540625
27.483333	1	0.562750
27.500000	1	0.585500
27.516667	1	0.610500
27.533333	1	0.636375
27.550000	1	0.664375
27.566667	1	0.695000
27.583333	1	0.727750
27.600000	1	0.762000
27.616667	1	0.799000
27.633333	1	0.839000
27.650000	1	0.882125
27.666667	1	0.928375
27.683333	1	0.978125
27.700000	1	1.032125
27.716667	1	1.089750
27.733333	1	1.151125
27.750000	1	1.216625
27.766667	1	1.287625
27.783333	1	1.362375
27.800000	1	1.442375
27.816667	1	1.525875
27.833333	1	1.614250
27.850000	1	1.706750
27.866667	1	1.802625
27.883333	1	1.901875
27.900000	1	2.003000
27.916667	1	2.106125
27.933333	1	2.210125
27.950000	1	2.313875
27.966667	1	2.416750
27.983333	1	2.516875
28.000000	1	2.614875
28.016667	1	2.707500
28.033333	1	2.795125
28.050000	1	2.876500
28.066667	1	2.950375
28.083333	1	3.016125
28.100000	1	3.072875
28.116667	1	3.118875
28.133333	1	3.153625
28.150000	1	3.177500
28.166667	1	3.190000
28.183333	1	3.190375
28.200000	1	3.178875
28.216667	1	3.156250
28.233333	1	3.121250
28.250000	1	3.076000
28.266667	1	3.019875
28.283333	1	2.953625
28.300000	1	2.878500
28.316667	1	2.794875
28.333333	1	2.704250
28.350000	1	2.607500
28.366667	1	2.504375
28.383333	1	2.397375
28.400000	1	2.286500
28.416667	1	2.173250
28.433333	1	2.058125
28.450000	1	1.942125
28.466667	1	1.825375
28.483333	1	1.709750
28.500000	1	1.595000
28.516667	1	1.482000
28.533333	1	1.370375
28.550000	1	1.261750
28.566667	1	1.155500
28.583333	1	1.052375
28.600000	1	0.953375
28.616667	1	0.857875
28.633333	1	0.764875
28.650000	1	0.675250
28.666667	1	0.589500
28.683333	1	0.506000
28.700000	1	0.426875
28.716667	1	0.350625
28.733333	1	0.277750
28.750000	1	0.208875
28.766667	1	0.141875
28.783333	1	0.078875
28.800000	1	0.018875
28.816667	1	-0.038375
28.833333	1	-0.092750
28.850000	1	-0.143500
28.866667	1	-0.191875
28.883333	1	-0.237000
28.900000	1	-0.279750
28.916667	1	-0.319750
28.933333	1	-0.356625
28.950000	1	-0.390875
28.966667	1	-0.421500
28.983333	1	-0.449250
29.000000	1	-0.473875
29.016667	1	-0.495500
29.033333	1	-0.514250
29.050000	1	-0.529250
29.066667	1	-0.541375
29.083333	1	-0.551250
29.100000	1	-0.558250
29.116667	1	-0.562125
29.133333	1	-0.563000
29.150000	1	-0.560875
29.166667	1	-0.556125
29.183333	1	-0.549875
29.200000	1	-0.540375
29.216667	1	-0.528250
29.233333	1	-0.513625
29.250000	1	-0.497625
29.266667	1	-0.478875
29.283333	1	-0.459000
29.300000	1	-0.437000
29.316667	1	-0.413250
29.333333	1	-0.388875
29.350000	1	-0.363625
29.366667	1	-0.337000
29.383333	1	-0.309875
29.400000	1	-0.281500
29.416667	1	-0.253125
29.433333	1	-0.224625
29.450000	1	-0.195000
29.466667	1	-0.165750
29.483333	1	-0.136250
29.500000	1	-0.107250
29.516667	1	-0.078500
29.533333	1	-0.050250
29.550000	1	-0.023125
29.566667	1	0.003625
29.583333	1	0.029875
29.600000	1	0.056250
29.616667	1	0.081500
29.633333	1	0.105625
29.650000	1	0.129000
29.666667	1	0.151250
29.683333	1	0.173125
29.700000	1	0.193625
29.716667	1	0.212750
29.733333	1	0.231250
29.750000	1	0.248000
29.766667	1	0.264125
29.783333	1	0.279000
29.800000	1	0.292750
29.816667	1	0.305500
29.833333	1	0.317750
29.850000	1	0.328250
29.866667	1	0.338125
29.883333	1	0.347250
29.900000	1	0.355750
29.916667	1	0.363125
29.933333	1	0.369500
29.950000	1	0.375250
29.966667	1	0.380625
29.983333	1	0.385250
30.000000	1	0.389500
30.016667	1	0.393000
30.033333	1	0.395500
30.050000	1	0.397500
30.066667	1	0.399750
30.083333	1	0.402500
30.100000	1	0.403875
30.116667	1	0.405500
30.133333	1	0.407750
30.150000	1	0.409125
30.166667	1	0.410250
30.183333	1	0.411375
30.200000	1	0.412500
30.216667	1	0.413750
30.233333	1	0.415250
30.250000	1	0.417000
30.266667	1	0.418250
30.283333	1	0.420000
30.300000	1	0.422625
30.316667	1	0.424375
30.333333	1	0.426875
30.350000	1	0.429250
30.366667	1	0.432125
30.383333	1	0.434875
30.400000	1	0.438125
30.416667	1	0.441125
30.433333	1	0.445125
30.450000	1	0.450000
30.466667	1	0.454625
30.483333	1	0.459625
30.500000	1	0.465125
30.516667	1	0.471875
30.533333	1	0.478875
30.550000	1	0.486000
30.566667	1	0.493500
30.583333	1	0.502000
30.600000	1	0.510750
30.616667	1	0.519750
30.633333	1	0.530500
30.650000	1	0.541500
30.666667	1	0.553000
30.683333	1	0.564750
30.700000	1	0.577500
30.716667	1	0.590875
30.733333	1	0.604125
30.750000	1	0.617875
30.766667	1	0.632000
30.783333	1	0.645875
30.800000	1	0.659500
30.816667	1	0.672625
30.833333	1	0.686375
30.850000	1	0.699500
30.866667	1	0.711625
30.883333	1	0.723250
30.900000	1	0.734000
30.916667	1	0.744000
30.933333	1	0.752500
30.950000	1	0.760375
30.966667	1	0.766625
30.983333	1	0.771500
31.000000	1	0.774375
31.016667	1	0.775500
31.033333	1	0.775375
31.050000	1	0.773000
31.066667	1	0.769250
31.083333	1	0.763875
31.100000	1	0.756875
31.116667	1	0.749250
31.133333	1	0.738875
31.150000	1	0.728250
31.166667	1	0.715625
31.183333	1	0.702375
31.200000	1	0.688125
31.216667	1	0.672625
31.233333	1	0.656000
31.250000	1	0.638875
31.266667	1	0.621875
31.283333	1	0.604000
31.300000	1	0.587000
31.316667	1	0.569000
31.333333	1	0.550875
31.350000	1	0.532625
31.366667	1	0.515625
31.383333	1	0.498250
31.400000	1	0.481500
31.416667	1	0.464625
31.433333	1	0.449500
31.450000	1	0.433750
31.466667	1	0.419000
31.483333	1	0.404500
31.500000	1	0.391250
31.516667	1	0.377875
31.533333	1	0.365375
31.550000	1	0.353625
31.566667	1	0.342625
31.583333	1	0.332375
31.600000	1	0.322625
31.616667	1	0.313750
31.633333	1	0.305750
31.650000	1	0.298250
31.666667	1	0.291125
31.683333	1	0.284875
31.700000	1	0.278875
31.716667	1	0.274000
31.733333	1	0.269375
31.750000	1	0.265500
31.766667	1	0.261250
31.783333	1	0.258125
31.800000	1	0.255875
31.816667	1	0.254125
31.833333	1	0.252875
31.850000	1	0.250875
31.866667	1	0.249875
31.883333	1	0.249750
31.900000	1	0.250000
31.916667	1	0.250250
31.933333	1	0.250875
31.950000	1	0.251500
31.966667	1	0.251875
31.983333	1	0.253000
32.000000	1	0.253875
32.016667	1	0.255375
32.033333	1	0.257750
32.050000	1	0.259375
32.066667	1	0.261375
32.083333	1	0.263000
32.100000	1	0.264250
32.116667	1	0.266500
32.133333	1	0.267625
32.150000	1	0.268250
32.166667	1	0.268875
32.183333	1	0.269375
32.200000	1	0.269875
32.216667	1	0.270125
32.233333	1	0.270625
32.250000	1	0.270500
32.266667	1	0.269250
32.283333	1	0.268250
32.300000	1	0.267125
32.316667	1	0.265625
32.333333	1	0.263500
32.350000	1	0.261125
32.366667	1	0.258250
32.383333	1	0.255000
32.400000	1	0.251875
32.416667	1	0.248000
32.433333	1	0.244125
32.450000	1	0.240500
32.466667	1	0.236750
32.483333	1	0.232375
32.500000	1	0.228250
32.516667	1	0.223625
32.533333	1	0.218750
32.550000	1	0.213500
32.566667	1	0.208250
32.583333	1	0.203625
32.600000	1	0.198875
32.616667	1	0.193625
32.633333	1	0.188750
32.650000	1	0.183625
32.666667	1	0.179500
32.683333	1	0.174500
32.700000	1	0.169250
32.716667	1	0.164250
32.733333	1	0.160250
32.750000	1	0.155250
32.766667	1	0.150625
32.783333	1	0.145375
32.800000	1	0.141250
32.816667	1	0.136250
32.833333	1	0.132125
32.850000	1	0.128000
32.866667	1	0.124125
32.883333	1	0.120375
32.900000	1	0.116375
32.916667	1	0.113125
32.933333	1	0.109375
32.950000	1	0.106250
32.966667	1	0.102875
32.983333	1	0.099375
33.000000	1	0.096000
33.016667	1	0.093125
33.033333	1	0.090125
33.050000	1	0.087875
33.066667	1	0.085250
33.083333	1	0.082250
33.100000	1	0.079875
33.116667	1	0.077375
33.133333	1	0.075000
33.150000	1	0.073000
33.166667	1	0.071125
33.183333	1	0.069000
33.200000	1	0.067375
33.216667	1	0.065625
33.233333	1	0.064125
33.250000	1	0.062875
33.266667	1	0.061750
33.283333	1	0.060625
33.300000	1	0.058875
33.316667	1	0.057375
33.333333	1	0.056500
33.350000	1	0.055000
33.366667	1	0.053875
33.383333	1	0.053375
33.400000	1	0.052750
33.416667	1	0.051875
33.433333	1	0.051000
33.450000	1	0.050500
33.466667	1	0.049750
33.483333	1	0.049500
33.500000	1	0.049000
33.516667	1	0.048375
33.533333	1	0.048125
33.550000	1	0.047375
33.566667	1	0.047250
33.583333	1	0.047500
33.600000	1	0.048000
33.616667	1	0.047750
33.633333	1	0.047875
33.650000	1	0.048125
33.666667	1	0.048750
33.683333	1	0.049500
33.700000	1	0.050375
33.716667	1	0.051125
33.733333	1	0.051750
33.750000	1	0.052750
33.766667	1	0.054500
33.783333	1	0.056125
33.800000	1	0.057250
33.816667	1	0.058875
33.833333	1	0.060500
33.850000	1	0.063250
33.866667	1	0.065000
33.883333	1	0.067375
33.900000	1	0.070500
33.916667	1	0.073125
33.933333	1	0.075750
33.950000	1	0.079250
33.966667	1	0.083000
33.983333	1	0.087500
34.000000	1	0.091875
34.016667	1	0.096375
34.033333	1	0.101250
34.050000	1	0.106625
34.066667	1	0.111625
34.083333	1	0.117250
34.100000	1	0.123000
34.116667	1	0.129000
34.133333	1	0.135000
34.150000	1	0.141250
34.166667	1	0.148125
34.183333	1	0.154500
34.200000	1	0.161625
34.216667	1	0.169625
34.233333	1	0.176875
34.250000	1	0.184125
34.266667	1	0.190500
34.283333	1	0.197250
34.300000	1	0.203500
34.316667	1	0.209375
34.333333	1	0.216000
34.350000	1	0.221375
34.366667	1	0.227125
34.383333	1	0.232125
34.400000	1	0.236875
34.416667	1	0.240375
34.433333	1	0.244375
34.450000	1	0.247250
34.466667	1	0.249250
34.483333	1	0.251500
34.500000	1	0.252750
34.516667	1	0.253500
34.533333	1	0.253500
34.550000	1	0.252875
34.566667	1	0.252125
34.583333	1	0.251000
34.600000	1	0.248750
34.616667	1	0.246125
34.633333	1	0.242375
34.650000	1	0.238875
34.666667	1	0.234875
34.683333	1	0.230625
34.700000	1	0.226500
34.716667	1	0.222000
34.733333	1	0.217250
34.750000	1	0.211750
34.766667	1	0.206500
34.783333	1	0.200875
34.800000	1	0.196375
34.816667	1	0.190875
34.833333	1	0.185625
34.850000	1	0.180250
34.866667	1	0.175125
34.883333	1	0.169500
34.900000	1	0.164375
34.916667	1	0.159875
34.933333	1	0.154875
34.950000	1	0.150375
34.966667	1	0.146250
34.983333	1	0.141875
35.000000	1	0.137875
35.016667	1	0.134375
35.033333	1	0.130625
35.050000	1	0.127500
35.066667	1	0.124875
35.083333	1	0.122250
35.100000	1	0.119125
35.116667	1	0.116375
35.133333	1	0.113750
35.150000	1	0.112625
35.166667	1	0.110625
35.183333	1	0.109375
35.200000	1	0.108500
35.216667	1	0.107375
35.233333	1	0.107250
35.250000	1	0.106375
35.266667	1	0.105875
35.283333	1	0.106250
35.300000	1	0.106000
35.316667	1	0.106250
35.333333	1	0.105500
35.350000	1	0.105750
35.366667	1	0.106125
35.383333	1	0.106250
35.400000	1	0.107000
35.416667	1	0.107125
35.433333	1	0.107750
35.450000	1	0.108625
35.466667	1	0.109500
35.483333	1	0.110000
35.500000	1	0.111500
35.516667	1	0.112125
35.533333	1	0.112875
35.550000	1	0.113500
35.566667	1	0.114750
35.583333	1	0.116375
35.600000	1	0.117625
35.616667	1	0.117875
35.633333	1	0.118000
35.650000	1	0.119125
35.666667	1	0.119625
35.683333	1	0.120250
35.700000	1	0.121750
35.716667	1	0.122375
35.733333	1	0.122875
35.750000	1	0.123500
35.766667	1	0.124125
35.783333	1	0.124375
35.800000	1	0.125500
35.816667	1	0.126000
35.833333	1	0.126000
35.850000	1	0.126250
35.866667	1	0.126375
35.883333	1	0.126750
35.900000	1	0.127375
35.916667	1	0.127750
35.933333	1	0.128000
35.950000	1	0.128750
35.966667	1	0.128875
35.983333	1	0.129500
36.000000	1	0.129500
36.016667	1	0.130375
36.033333	1	0.130375
36.050000	1	0.131125
36.066667	1	0.131750
36.083333	1	0.132625
36.100000	1	0.133125
36.116667	1	0.133750
36.133333	1	0.135000
36.150000	1	0.135625
36.166667	1	0.136375
36.183333	1	0.136500
36.200000	1	0.137500
36.216667	1	0.137750
36.233333	1	0.139250
36.250000	1	0.139375
36.266667	1	0.140250
36.283333	1	0.140375
36.300000	1	0.140875
36.316667	1	0.141000
36.333333	1	0.141500
36.350000	1	0.141500
36.366667	1	0.141250
36.383333	1	0.141625
36.400000	1	0.141375
36.416667	1	0.141000
36.433333	1	0.141375
36.450000	1	0.141500
36.466667	1	0.141375
36.483333	1	0.140750
36.500000	1	0.139875
36.516667	1	0.139250
36.533333	1	0.138000
36.550000	1	0.137375
36.566667	1	0.136750
36.583333	1	0.136375
36.600000	1	0.135375
36.616667	1	0.134500
36.633333	1	0.133375
36.650000	1	0.132125
36.666667	1	0.130625
36.683333	1	0.129125
36.700000	1	0.128000
36.716667	1	0.126500
36.733333	1	0.125250
36.750000	1	0.123500
36.766667	1	0.121750
36.783333	1	0.120750
36.800000	1	0.119250
36.816667	1	0.117500
36.833333	1	0.115375
36.850000	1	0.113500
36.866667	1	0.111750
36.883333	1	0.110125
36.900000	1	0.108750
36.916667	1	0.106375
36.933333	1	0.104125
36.950000	1	0.102625
36.966667	1	0.099875
36.983333	1	0.097375
37.000000	1	0.095000
37.016667	1	0.092375
37.033333	1	0.090000
37.050000	1	0.087750
37.066667	1	0.085125
37.083333	1	0.081750
37.100000	1	0.078250
37.116667	1	0.075125
37.133333	1	0.072375
37.150000	1	0.068875
37.166667	1	0.065875
37.183333	1	0.063500
37.200000	1	0.060500
37.216667	1	0.056875
37.233333	1	0.053875
37.250000	1	0.050500
37.266667	1	0.046750
37.283333	1	0.044250
37.300000	1	0.041000
37.316667	1	0.038250
37.333333	1	0.035375
37.350000	1	0.032375
37.366667	1	0.030000
37.383333	1	0.027750
37.400000	1	0.024625
37.416667	1	0.021625
37.433333	1	0.019000
37.450000	1	0.017375
37.466667	1	0.014500
37.483333	1	0.011875
37.500000	1	0.009375
37.516667	1	0.007000
37.533333	1	0.005000
37.550000	1	0.002875
37.566667	1	0.001125
37.583333	1	-0.000750
37.600000	1	-0.001875
37.616667	1	-0.003375
37.633333	1	-0.005625
37.650000	1	-0.007875
37.666667	1	-0.009375
37.683333	1	-0.010875
37.700000	1	-0.012500
37.716667	1	-0.013125
37.733333	1	-0.013625
37.750000	1	-0.014000
37.766667	1	-0.014250
37.783333	1	-0.015125
37.800000	1	-0.015875
37.816667	1	-0.016500
37.833333	1	-0.017125
37.850000	1	-0.017750
37.866667	1	-0.018000
37.883333	1	-0.017625
37.900000	1	-0.018125
37.916667	1	-0.018125
37.933333	1	-0.018375
37.950000	1	-0.018250
37.966667	1	-0.017750
37.983333	1	-0.016375
38.000000	1	-0.016250
38.016667	1	-0.015500
38.033333	1	-0.014625
38.050000	1	-0.014000
38.066667	1	-0.013750
38.083333	1	-0.013125
38.100000	1	-0.011875
38.116667	1	-0.011250
38.133333	1	-0.010500
38.150000	1	-0.009000
38.166667	1	-0.007250
38.183333	1	-0.006625
38.200000	1	-0.005875
38.216667	1	-0.005375
38.233333	1	-0.004125
38.250000	1	-0.003000
38.266667	1	-0.001250
38.283333	1	0.000000
38.300000	1	0.001625
38.316667	1	0.002625
38.333333	1	0.004250
38.350000	1	0.005625
38.366667	1	0.006500
38.383333	1	0.007250
38.400000	1	0.008875
38.416667	1	0.010375
38.433333	1	0.011625
38.450000	1	0.012000
38.466667	1	0.012875
38.483333	1	0.014000
38.500000	1	0.014625
38.516667	1	0.015500
38.533333	1	0.016375
38.550000	1	0.017000
38.566667	1	0.018000
38.583333	1	0.019000
38.600000	1	0.020000
38.616667	1	0.020125
38.633333	1	0.020250
38.650000	1	0.019875
38.666667	1	0.020125
38.683333	1	0.020250
38.700000	1	0.020375
38.716667	1	0.019875
38.733333	1	0.019875
38.750000	1	0.019500
38.766667	1	0.019250
38.783333	1	0.019125
38.800000	1	0.018375
38.816667	1	0.018000
38.833333	1	0.017125
38.850000	1	0.017125
38.866667	1	0.016750
38.883333	1	0.016375
38.900000	1	0.015875
38.916667	1	0.015375
38.933333	1	0.014625
38.950000	1	0.014125
38.966667	1	0.013500
38.983333	1	0.013500
39.000000	1	0.013375
39.016667	1	0.013250
39.033333	1	0.013125
39.050000	1	0.012125
39.066667	1	0.011375
39.083333	1	0.010375
39.100000	1	0.010625
39.116667	1	0.010500
39.133333	1	0.010625
39.150000	1	0.010000
39.166667	1	0.009625
39.183333	1	0.009500
39.200000	1	0.009375
39.216667	1	0.009500
39.233333	1	0.009125
39.250000	1	0.009125
39.266667	1	0.008375
39.283333	1	0.007750
39.300000	1	0.007625
39.316667	1	0.006875
39.333333	1	0.006250
39.350000	1	0.006625
39.366667	1	0.006125
39.383333	1	0.005750
39.400000	1	0.005625
39.416667	1	0.005500
39.433333	1	0.004750
39.450000	1	0.004375
39.466667	1	0.004250
39.483333	1	0.003250
39.500000	1	0.002250
39.516667	1	0.002000
39.533333	1	0.001375
39.550000	1	0.000875
39.566667	1	0.000875
39.583333	1	0.000375
39.600000	1	0.000375
39.616667	1	0.000000
39.633333	1	-0.000250
39.650000	1	-0.000125
39.666667	1	0.000000
39.683333	1	0.000000
39.700000	1	0.000250
39.716667	1	0.000000
39.733333	1	0.000125
39.750000	1	0.000125
39.766667	1	0.000000
39.783333	1	0.000375
39.800000	1	0.000875
39.816667	1	0.000875
39.833333	1	0.001625
39.850000	1	0.002250
39.866667	1	0.003250
39.883333	1	0.003750
39.900000	1	0.004500
39.916667	1	0.006375
39.933333	1	0.007750
39.950000	1	0.008750
39.966667	1	0.010375
39.983333	1	0.011375
40.000000	1	0.012375
