File Path	chrom://marshall/Chromeleon7/HPLC_Ultimate_3000/Users/markusar/20230616_CMO_FP13_14_15.seq/375.smp/RI_1.channel/RI_1.chm
Channel	RI_1

Injection Information:
Data Vault	Chromeleon7
Injection	FP14_8.2_s3
Injection Number	28
Position	BE9
Comment	
Processing Method	
Instrument Method	run_25B_method
Type	Unknown
Status	Finished
Injection Date	17.06.2023
Injection Time	10:54:51
Injection Volume (µl)	20.000
Dilution Factor	1.0000
Weight	1.0000

Chromatogram Data Information:
Time Min. (min)	0.000000
Time Max. (min)	40.000000
Data Points	2401
Detector	RI
Generating Data System	Chromeleon 7.2.5.9507
Exporting Data System	Chromeleon 7.2.5.0
Operator	Instrument Controller
Signal Quantity	Refractive 
Signal Unit	µRIU
Signal Min.	-0.399750
Signal Max.	41.284750
Channel	RI_1
Driver Name	RID520Driver.dll
Channel Type	Evaluation
Min. Step (s)	1
Max. Step (s)	1
Average Step (s)	1

Signal Parameter Information:
Signal Info	

Chromatogram Data:
Time (min)	Step (s)	Value (µRIU)
0.000000	n.a.	-0.026000
0.016667	1	-0.027750
0.033333	1	-0.029125
0.050000	1	-0.030625
0.066667	1	-0.032125
0.083333	1	-0.033125
0.100000	1	-0.034625
0.116667	1	-0.036000
0.133333	1	-0.037250
0.150000	1	-0.038125
0.166667	1	-0.039875
0.183333	1	-0.040625
0.200000	1	-0.041625
0.216667	1	-0.042750
0.233333	1	-0.044250
0.250000	1	-0.046125
0.266667	1	-0.046625
0.283333	1	-0.047250
0.300000	1	-0.047875
0.316667	1	-0.048875
0.333333	1	-0.049375
0.350000	1	-0.050375
0.366667	1	-0.051375
0.383333	1	-0.052125
0.400000	1	-0.052375
0.416667	1	-0.053625
0.433333	1	-0.055500
0.450000	1	-0.058375
0.466667	1	-0.060875
0.483333	1	-0.061625
0.500000	1	-0.061000
0.516667	1	-0.059375
0.533333	1	-0.056500
0.550000	1	-0.053625
0.566667	1	-0.051125
0.583333	1	-0.048500
0.600000	1	-0.046375
0.616667	1	-0.044625
0.633333	1	-0.043250
0.650000	1	-0.043000
0.666667	1	-0.044125
0.683333	1	-0.045750
0.700000	1	-0.047500
0.716667	1	-0.048750
0.733333	1	-0.050250
0.750000	1	-0.050625
0.766667	1	-0.050875
0.783333	1	-0.051000
0.800000	1	-0.051375
0.816667	1	-0.051375
0.833333	1	-0.051750
0.850000	1	-0.052375
0.866667	1	-0.052625
0.883333	1	-0.052375
0.900000	1	-0.051875
0.916667	1	-0.051875
0.933333	1	-0.052000
0.950000	1	-0.051875
0.966667	1	-0.051500
0.983333	1	-0.051250
1.000000	1	-0.051000
1.016667	1	-0.050625
1.033333	1	-0.050625
1.050000	1	-0.050125
1.066667	1	-0.050000
1.083333	1	-0.049250
1.100000	1	-0.048875
1.116667	1	-0.048375
1.133333	1	-0.048500
1.150000	1	-0.048625
1.166667	1	-0.049000
1.183333	1	-0.049250
1.200000	1	-0.049500
1.216667	1	-0.050125
1.233333	1	-0.050000
1.250000	1	-0.049875
1.266667	1	-0.049250
1.283333	1	-0.049125
1.300000	1	-0.049000
1.316667	1	-0.049250
1.333333	1	-0.049750
1.350000	1	-0.049750
1.366667	1	-0.050125
1.383333	1	-0.050125
1.400000	1	-0.050125
1.416667	1	-0.050875
1.433333	1	-0.052250
1.450000	1	-0.052500
1.466667	1	-0.052625
1.483333	1	-0.053125
1.500000	1	-0.054000
1.516667	1	-0.054375
1.533333	1	-0.054250
1.550000	1	-0.054875
1.566667	1	-0.055375
1.583333	1	-0.055625
1.600000	1	-0.056000
1.616667	1	-0.056500
1.633333	1	-0.056500
1.650000	1	-0.056750
1.666667	1	-0.057500
1.683333	1	-0.058000
1.700000	1	-0.058250
1.716667	1	-0.058375
1.733333	1	-0.059000
1.750000	1	-0.059125
1.766667	1	-0.059000
1.783333	1	-0.059250
1.800000	1	-0.059375
1.816667	1	-0.060125
1.833333	1	-0.060000
1.850000	1	-0.060000
1.866667	1	-0.060375
1.883333	1	-0.060250
1.900000	1	-0.059750
1.916667	1	-0.059125
1.933333	1	-0.059125
1.950000	1	-0.059375
1.966667	1	-0.059625
1.983333	1	-0.059250
2.000000	1	-0.059000
2.016667	1	-0.058500
2.033333	1	-0.058250
2.050000	1	-0.058375
2.066667	1	-0.058125
2.083333	1	-0.057125
2.100000	1	-0.056500
2.116667	1	-0.055750
2.133333	1	-0.055125
2.150000	1	-0.055125
2.166667	1	-0.054750
2.183333	1	-0.054000
2.200000	1	-0.054000
2.216667	1	-0.054125
2.233333	1	-0.053750
2.250000	1	-0.053250
2.266667	1	-0.052500
2.283333	1	-0.051750
2.300000	1	-0.050875
2.316667	1	-0.050750
2.333333	1	-0.050625
2.350000	1	-0.050375
2.366667	1	-0.049875
2.383333	1	-0.049875
2.400000	1	-0.049875
2.416667	1	-0.049500
2.433333	1	-0.049500
2.450000	1	-0.049500
2.466667	1	-0.049125
2.483333	1	-0.048625
2.500000	1	-0.048000
2.516667	1	-0.048125
2.533333	1	-0.048000
2.550000	1	-0.048125
2.566667	1	-0.048125
2.583333	1	-0.048125
2.600000	1	-0.048125
2.616667	1	-0.048500
2.633333	1	-0.048750
2.650000	1	-0.048875
2.666667	1	-0.048625
2.683333	1	-0.048625
2.700000	1	-0.048625
2.716667	1	-0.049250
2.733333	1	-0.049125
2.750000	1	-0.049000
2.766667	1	-0.048500
2.783333	1	-0.048625
2.800000	1	-0.049250
2.816667	1	-0.049250
2.833333	1	-0.048875
2.850000	1	-0.048125
2.866667	1	-0.047875
2.883333	1	-0.047625
2.900000	1	-0.047500
2.916667	1	-0.047000
2.933333	1	-0.046875
2.950000	1	-0.046500
2.966667	1	-0.046125
2.983333	1	-0.045750
3.000000	1	-0.045375
3.016667	1	-0.044750
3.033333	1	-0.044125
3.050000	1	-0.044625
3.066667	1	-0.044625
3.083333	1	-0.044500
3.100000	1	-0.044250
3.116667	1	-0.043875
3.133333	1	-0.044000
3.150000	1	-0.044125
3.166667	1	-0.043625
3.183333	1	-0.042875
3.200000	1	-0.042750
3.216667	1	-0.042375
3.233333	1	-0.042625
3.250000	1	-0.042625
3.266667	1	-0.042500
3.283333	1	-0.042750
3.300000	1	-0.042500
3.316667	1	-0.043000
3.333333	1	-0.043250
3.350000	1	-0.043375
3.366667	1	-0.043500
3.383333	1	-0.043625
3.400000	1	-0.043750
3.416667	1	-0.043875
3.433333	1	-0.044125
3.450000	1	-0.044375
3.466667	1	-0.045250
3.483333	1	-0.045250
3.500000	1	-0.044625
3.516667	1	-0.044750
3.533333	1	-0.044875
3.550000	1	-0.044875
3.566667	1	-0.045000
3.583333	1	-0.044625
3.600000	1	-0.045375
3.616667	1	-0.045000
3.633333	1	-0.045500
3.650000	1	-0.045125
3.666667	1	-0.044750
3.683333	1	-0.044750
3.700000	1	-0.044625
3.716667	1	-0.044000
3.733333	1	-0.043625
3.750000	1	-0.042750
3.766667	1	-0.042625
3.783333	1	-0.042000
3.800000	1	-0.041625
3.816667	1	-0.041250
3.833333	1	-0.041000
3.850000	1	-0.040625
3.866667	1	-0.040250
3.883333	1	-0.039625
3.900000	1	-0.039125
3.916667	1	-0.038625
3.933333	1	-0.038125
3.950000	1	-0.037875
3.966667	1	-0.037500
3.983333	1	-0.037125
4.000000	1	-0.036000
4.016667	1	-0.036250
4.033333	1	-0.035375
4.050000	1	-0.035125
4.066667	1	-0.035125
4.083333	1	-0.034500
4.100000	1	-0.033750
4.116667	1	-0.033500
4.133333	1	-0.033500
4.150000	1	-0.033375
4.166667	1	-0.033000
4.183333	1	-0.032750
4.200000	1	-0.033125
4.216667	1	-0.032875
4.233333	1	-0.032750
4.250000	1	-0.032625
4.266667	1	-0.032750
4.283333	1	-0.033000
4.300000	1	-0.032875
4.316667	1	-0.033375
4.333333	1	-0.034125
4.350000	1	-0.034250
4.366667	1	-0.034625
4.383333	1	-0.034750
4.400000	1	-0.034875
4.416667	1	-0.035125
4.433333	1	-0.035875
4.450000	1	-0.036625
4.466667	1	-0.037000
4.483333	1	-0.037625
4.500000	1	-0.038000
4.516667	1	-0.039125
4.533333	1	-0.039875
4.550000	1	-0.040250
4.566667	1	-0.040625
4.583333	1	-0.041500
4.600000	1	-0.042375
4.616667	1	-0.043375
4.633333	1	-0.044375
4.650000	1	-0.044375
4.666667	1	-0.045250
4.683333	1	-0.046000
4.700000	1	-0.046250
4.716667	1	-0.047000
4.733333	1	-0.046875
4.750000	1	-0.046750
4.766667	1	-0.047125
4.783333	1	-0.047875
4.800000	1	-0.048500
4.816667	1	-0.048625
4.833333	1	-0.048875
4.850000	1	-0.048125
4.866667	1	-0.048000
4.883333	1	-0.048125
4.900000	1	-0.047875
4.916667	1	-0.047625
4.933333	1	-0.047000
4.950000	1	-0.046875
4.966667	1	-0.047250
4.983333	1	-0.046125
5.000000	1	-0.045125
5.016667	1	-0.044000
5.033333	1	-0.044125
5.050000	1	-0.043250
5.066667	1	-0.042125
5.083333	1	-0.041125
5.100000	1	-0.039500
5.116667	1	-0.037875
5.133333	1	-0.036375
5.150000	1	-0.035250
5.166667	1	-0.034625
5.183333	1	-0.033250
5.200000	1	-0.031625
5.216667	1	-0.029625
5.233333	1	-0.027500
5.250000	1	-0.026250
5.266667	1	-0.024875
5.283333	1	-0.022875
5.300000	1	-0.021000
5.316667	1	-0.019375
5.333333	1	-0.017500
5.350000	1	-0.016000
5.366667	1	-0.014125
5.383333	1	-0.012375
5.400000	1	-0.010125
5.416667	1	-0.008125
5.433333	1	-0.006000
5.450000	1	-0.004250
5.466667	1	-0.002000
5.483333	1	-0.000250
5.500000	1	0.001750
5.516667	1	0.003375
5.533333	1	0.005500
5.550000	1	0.006875
5.566667	1	0.008500
5.583333	1	0.010125
5.600000	1	0.011625
5.616667	1	0.012875
5.633333	1	0.014875
5.650000	1	0.016500
5.666667	1	0.017625
5.683333	1	0.019125
5.700000	1	0.020000
5.716667	1	0.020750
5.733333	1	0.021500
5.750000	1	0.021750
5.766667	1	0.021750
5.783333	1	0.022375
5.800000	1	0.023125
5.816667	1	0.023500
5.833333	1	0.023750
5.850000	1	0.023625
5.866667	1	0.024375
5.883333	1	0.024125
5.900000	1	0.024000
5.916667	1	0.024250
5.933333	1	0.024875
5.950000	1	0.025250
5.966667	1	0.024500
5.983333	1	0.024625
6.000000	1	0.023750
6.016667	1	0.023250
6.033333	1	0.023500
6.050000	1	0.023625
6.066667	1	0.024125
6.083333	1	0.023875
6.100000	1	0.023625
6.116667	1	0.023375
6.133333	1	0.022875
6.150000	1	0.022375
6.166667	1	0.022500
6.183333	1	0.022250
6.200000	1	0.022125
6.216667	1	0.021375
6.233333	1	0.022125
6.250000	1	0.022750
6.266667	1	0.022625
6.283333	1	0.022250
6.300000	1	0.022375
6.316667	1	0.022500
6.333333	1	0.022250
6.350000	1	0.021750
6.366667	1	0.022250
6.383333	1	0.022500
6.400000	1	0.022875
6.416667	1	0.023250
6.433333	1	0.023750
6.450000	1	0.024125
6.466667	1	0.024000
6.483333	1	0.024250
6.500000	1	0.025625
6.516667	1	0.026875
6.533333	1	0.026875
6.550000	1	0.027625
6.566667	1	0.028250
6.583333	1	0.029500
6.600000	1	0.030375
6.616667	1	0.031375
6.633333	1	0.032125
6.650000	1	0.034375
6.666667	1	0.035875
6.683333	1	0.037750
6.700000	1	0.039000
6.716667	1	0.040500
6.733333	1	0.041875
6.750000	1	0.043375
6.766667	1	0.045500
6.783333	1	0.046875
6.800000	1	0.048875
6.816667	1	0.050875
6.833333	1	0.052125
6.850000	1	0.054000
6.866667	1	0.056125
6.883333	1	0.058250
6.900000	1	0.059625
6.916667	1	0.060875
6.933333	1	0.062125
6.950000	1	0.063375
6.966667	1	0.064625
6.983333	1	0.065750
7.000000	1	0.066750
7.016667	1	0.067875
7.033333	1	0.068750
7.050000	1	0.069375
7.066667	1	0.069750
7.083333	1	0.070125
7.100000	1	0.070125
7.116667	1	0.069875
7.133333	1	0.069750
7.150000	1	0.069750
7.166667	1	0.069250
7.183333	1	0.068375
7.200000	1	0.067750
7.216667	1	0.066625
7.233333	1	0.065625
7.250000	1	0.064250
7.266667	1	0.063125
7.283333	1	0.062250
7.300000	1	0.061000
7.316667	1	0.059500
7.333333	1	0.057375
7.350000	1	0.055750
7.366667	1	0.054500
7.383333	1	0.053125
7.400000	1	0.051000
7.416667	1	0.049125
7.433333	1	0.047625
7.450000	1	0.045500
7.466667	1	0.043375
7.483333	1	0.041625
7.500000	1	0.039625
7.516667	1	0.037625
7.533333	1	0.035250
7.550000	1	0.033875
7.566667	1	0.032000
7.583333	1	0.030625
7.600000	1	0.029500
7.616667	1	0.027875
7.633333	1	0.026125
7.650000	1	0.024000
7.666667	1	0.022875
7.683333	1	0.021375
7.700000	1	0.020125
7.716667	1	0.019000
7.733333	1	0.018000
7.750000	1	0.017000
7.766667	1	0.015875
7.783333	1	0.015000
7.800000	1	0.013625
7.816667	1	0.013000
7.833333	1	0.012125
7.850000	1	0.011250
7.866667	1	0.010625
7.883333	1	0.009875
7.900000	1	0.009125
7.916667	1	0.008875
7.933333	1	0.008625
7.950000	1	0.008000
7.966667	1	0.007625
7.983333	1	0.007250
8.000000	1	0.006750
8.016667	1	0.006000
8.033333	1	0.005500
8.050000	1	0.005500
8.066667	1	0.005375
8.083333	1	0.004875
8.100000	1	0.005000
8.116667	1	0.004750
8.133333	1	0.005125
8.150000	1	0.004500
8.166667	1	0.003875
8.183333	1	0.003625
8.200000	1	0.004125
8.216667	1	0.004125
8.233333	1	0.003750
8.250000	1	0.004000
8.266667	1	0.004375
8.283333	1	0.004625
8.300000	1	0.004500
8.316667	1	0.004250
8.333333	1	0.004125
8.350000	1	0.004625
8.366667	1	0.004625
8.383333	1	0.004375
8.400000	1	0.004625
8.416667	1	0.005250
8.433333	1	0.005000
8.450000	1	0.005000
8.466667	1	0.004875
8.483333	1	0.004875
8.500000	1	0.005250
8.516667	1	0.005750
8.533333	1	0.006000
8.550000	1	0.006250
8.566667	1	0.006250
8.583333	1	0.006500
8.600000	1	0.006625
8.616667	1	0.007000
8.633333	1	0.007000
8.650000	1	0.007375
8.666667	1	0.007625
8.683333	1	0.007250
8.700000	1	0.007250
8.716667	1	0.006875
8.733333	1	0.007500
8.750000	1	0.007125
8.766667	1	0.007250
8.783333	1	0.007500
8.800000	1	0.007750
8.816667	1	0.007250
8.833333	1	0.007375
8.850000	1	0.007250
8.866667	1	0.007125
8.883333	1	0.007250
8.900000	1	0.008000
8.916667	1	0.008000
8.933333	1	0.007875
8.950000	1	0.007125
8.966667	1	0.007875
8.983333	1	0.007750
9.000000	1	0.008000
9.016667	1	0.008375
9.033333	1	0.008875
9.050000	1	0.009125
9.066667	1	0.009125
9.083333	1	0.009375
9.100000	1	0.009625
9.116667	1	0.009625
9.133333	1	0.009875
9.150000	1	0.010125
9.166667	1	0.010750
9.183333	1	0.011250
9.200000	1	0.012125
9.216667	1	0.012875
9.233333	1	0.013250
9.250000	1	0.013625
9.266667	1	0.014375
9.283333	1	0.015250
9.300000	1	0.016000
9.316667	1	0.017125
9.333333	1	0.018250
9.350000	1	0.019625
9.366667	1	0.021375
9.383333	1	0.023125
9.400000	1	0.025625
9.416667	1	0.027250
9.433333	1	0.029625
9.450000	1	0.032875
9.466667	1	0.035875
9.483333	1	0.039875
9.500000	1	0.043625
9.516667	1	0.048375
9.533333	1	0.053375
9.550000	1	0.059625
9.566667	1	0.066625
9.583333	1	0.074875
9.600000	1	0.083125
9.616667	1	0.092625
9.633333	1	0.102875
9.650000	1	0.113250
9.666667	1	0.124125
9.683333	1	0.133750
9.700000	1	0.143000
9.716667	1	0.150875
9.733333	1	0.156750
9.750000	1	0.161750
9.766667	1	0.164000
9.783333	1	0.164250
9.800000	1	0.164875
9.816667	1	0.168375
9.833333	1	0.175625
9.850000	1	0.192375
9.866667	1	0.224375
9.883333	1	0.277375
9.900000	1	0.359875
9.916667	1	0.481000
9.933333	1	0.652375
9.950000	1	0.891000
9.966667	1	1.214375
9.983333	1	1.646625
10.000000	1	2.211750
10.016667	1	2.936250
10.033333	1	3.841375
10.050000	1	4.945875
10.066667	1	6.262625
10.083333	1	7.794625
10.100000	1	9.536625
10.116667	1	11.471875
10.133333	1	13.571875
10.150000	1	15.798250
10.166667	1	18.100750
10.183333	1	20.418125
10.200000	1	22.683750
10.216667	1	24.825625
10.233333	1	26.767750
10.250000	1	28.438375
10.266667	1	29.776375
10.283333	1	30.733125
10.300000	1	31.282125
10.316667	1	31.417125
10.333333	1	31.159750
10.350000	1	30.552625
10.366667	1	29.657875
10.383333	1	28.545125
10.400000	1	27.285500
10.416667	1	25.942625
10.433333	1	24.570875
10.450000	1	23.210000
10.466667	1	21.884625
10.483333	1	20.609875
10.500000	1	19.393000
10.516667	1	18.234250
10.533333	1	17.132000
10.550000	1	16.083500
10.566667	1	15.083250
10.583333	1	14.129000
10.600000	1	13.215875
10.616667	1	12.342125
10.633333	1	11.504750
10.650000	1	10.704000
10.666667	1	9.938750
10.683333	1	9.209125
10.700000	1	8.516375
10.716667	1	7.861750
10.733333	1	7.247000
10.750000	1	6.673750
10.766667	1	6.142875
10.783333	1	5.655250
10.800000	1	5.210750
10.816667	1	4.808250
10.833333	1	4.446500
10.850000	1	4.122875
10.866667	1	3.834750
10.883333	1	3.579250
10.900000	1	3.353000
10.916667	1	3.152000
10.933333	1	2.974000
10.950000	1	2.815875
10.966667	1	2.675625
10.983333	1	2.550500
11.000000	1	2.438750
11.016667	1	2.337750
11.033333	1	2.246750
11.050000	1	2.164250
11.066667	1	2.088250
11.083333	1	2.019875
11.100000	1	1.956125
11.116667	1	1.897000
11.133333	1	1.841250
11.150000	1	1.790250
11.166667	1	1.742375
11.183333	1	1.697500
11.200000	1	1.654625
11.216667	1	1.614125
11.233333	1	1.575125
11.250000	1	1.539250
11.266667	1	1.504750
11.283333	1	1.471500
11.300000	1	1.438875
11.316667	1	1.408125
11.333333	1	1.378625
11.350000	1	1.350000
11.366667	1	1.322875
11.383333	1	1.296500
11.400000	1	1.271000
11.416667	1	1.246875
11.433333	1	1.223875
11.450000	1	1.201375
11.466667	1	1.180500
11.483333	1	1.160750
11.500000	1	1.141875
11.516667	1	1.124125
11.533333	1	1.108000
11.550000	1	1.092000
11.566667	1	1.077625
11.583333	1	1.064625
11.600000	1	1.052250
11.616667	1	1.041375
11.633333	1	1.030375
11.650000	1	1.021125
11.666667	1	1.012375
11.683333	1	1.004000
11.700000	1	0.996250
11.716667	1	0.989250
11.733333	1	0.982625
11.750000	1	0.975375
11.766667	1	0.969625
11.783333	1	0.963750
11.800000	1	0.958500
11.816667	1	0.954000
11.833333	1	0.949750
11.850000	1	0.946500
11.866667	1	0.944375
11.883333	1	0.943250
11.900000	1	0.943625
11.916667	1	0.945000
11.933333	1	0.947375
11.950000	1	0.952125
11.966667	1	0.958125
11.983333	1	0.966625
12.000000	1	0.977875
12.016667	1	0.990875
12.033333	1	1.006000
12.050000	1	1.024875
12.066667	1	1.047250
12.083333	1	1.072875
12.100000	1	1.102125
12.116667	1	1.136875
12.133333	1	1.176750
12.150000	1	1.222500
12.166667	1	1.276000
12.183333	1	1.337125
12.200000	1	1.408750
12.216667	1	1.490750
12.233333	1	1.585250
12.250000	1	1.693500
12.266667	1	1.817375
12.283333	1	1.958750
12.300000	1	2.119500
12.316667	1	2.299500
12.333333	1	2.501750
12.350000	1	2.726125
12.366667	1	2.976125
12.383333	1	3.251500
12.400000	1	3.553125
12.416667	1	3.879750
12.433333	1	4.231375
12.450000	1	4.604000
12.466667	1	4.995125
12.483333	1	5.398375
12.500000	1	5.808750
12.516667	1	6.218625
12.533333	1	6.619875
12.550000	1	7.005000
12.566667	1	7.367000
12.583333	1	7.700250
12.600000	1	8.000875
12.616667	1	8.264875
12.633333	1	8.490375
12.650000	1	8.676500
12.666667	1	8.825000
12.683333	1	8.938000
12.700000	1	9.016875
12.716667	1	9.065250
12.733333	1	9.086125
12.750000	1	9.083250
12.766667	1	9.060000
12.783333	1	9.020625
12.800000	1	8.967625
12.816667	1	8.904250
12.833333	1	8.831625
12.850000	1	8.752875
12.866667	1	8.669125
12.883333	1	8.580625
12.900000	1	8.488500
12.916667	1	8.392875
12.933333	1	8.294500
12.950000	1	8.193375
12.966667	1	8.087625
12.983333	1	7.977875
13.000000	1	7.863500
13.016667	1	7.744750
13.033333	1	7.618875
13.050000	1	7.485375
13.066667	1	7.344250
13.083333	1	7.193750
13.100000	1	7.033750
13.116667	1	6.862750
13.133333	1	6.680500
13.150000	1	6.486000
13.166667	1	6.277875
13.183333	1	6.054250
13.200000	1	5.815000
13.216667	1	5.558500
13.233333	1	5.283625
13.250000	1	4.989250
13.266667	1	4.674375
13.283333	1	4.338875
13.300000	1	3.983875
13.316667	1	3.617000
13.333333	1	3.248625
13.350000	1	2.896000
13.366667	1	2.571250
13.383333	1	2.286750
13.400000	1	2.046000
13.416667	1	1.846875
13.433333	1	1.684500
13.450000	1	1.552250
13.466667	1	1.444375
13.483333	1	1.355875
13.500000	1	1.283000
13.516667	1	1.222500
13.533333	1	1.171625
13.550000	1	1.128250
13.566667	1	1.090750
13.583333	1	1.058625
13.600000	1	1.030875
13.616667	1	1.006875
13.633333	1	0.985375
13.650000	1	0.966375
13.666667	1	0.949625
13.683333	1	0.934250
13.700000	1	0.920250
13.716667	1	0.907875
13.733333	1	0.895500
13.750000	1	0.883875
13.766667	1	0.872250
13.783333	1	0.861000
13.800000	1	0.849125
13.816667	1	0.837250
13.833333	1	0.825500
13.850000	1	0.813000
13.866667	1	0.800250
13.883333	1	0.788125
13.900000	1	0.775875
13.916667	1	0.763000
13.933333	1	0.750375
13.950000	1	0.738125
13.966667	1	0.726500
13.983333	1	0.715250
14.000000	1	0.705000
14.016667	1	0.695250
14.033333	1	0.687250
14.050000	1	0.679625
14.066667	1	0.673250
14.083333	1	0.669250
14.100000	1	0.667250
14.116667	1	0.668125
14.133333	1	0.671125
14.150000	1	0.676875
14.166667	1	0.686125
14.183333	1	0.700125
14.200000	1	0.717875
14.216667	1	0.740500
14.233333	1	0.769000
14.250000	1	0.803750
14.266667	1	0.846000
14.283333	1	0.896250
14.300000	1	0.956000
14.316667	1	1.025875
14.333333	1	1.107500
14.350000	1	1.199750
14.366667	1	1.305625
14.383333	1	1.425875
14.400000	1	1.561375
14.416667	1	1.714000
14.433333	1	1.884750
14.450000	1	2.075750
14.466667	1	2.288000
14.483333	1	2.523125
14.500000	1	2.783125
14.516667	1	3.069750
14.533333	1	3.385625
14.550000	1	3.734750
14.566667	1	4.120375
14.583333	1	4.547875
14.600000	1	5.026000
14.616667	1	5.562625
14.633333	1	6.171125
14.650000	1	6.864375
14.666667	1	7.658625
14.683333	1	8.572125
14.700000	1	9.621125
14.716667	1	10.822625
14.733333	1	12.191250
14.750000	1	13.738375
14.766667	1	15.465500
14.783333	1	17.366625
14.800000	1	19.426625
14.816667	1	21.621500
14.833333	1	23.916250
14.850000	1	26.265500
14.866667	1	28.617000
14.883333	1	30.912750
14.900000	1	33.093250
14.916667	1	35.100375
14.933333	1	36.883125
14.950000	1	38.398000
14.966667	1	39.611875
14.983333	1	40.501375
15.000000	1	41.058875
15.016667	1	41.284750
15.033333	1	41.190125
15.050000	1	40.793875
15.066667	1	40.123375
15.083333	1	39.212125
15.100000	1	38.093750
15.116667	1	36.805750
15.133333	1	35.382625
15.150000	1	33.859250
15.166667	1	32.268125
15.183333	1	30.636625
15.200000	1	28.989250
15.216667	1	27.347125
15.233333	1	25.724125
15.250000	1	24.136125
15.266667	1	22.593375
15.283333	1	21.105375
15.300000	1	19.678375
15.316667	1	18.316500
15.333333	1	17.021625
15.350000	1	15.795250
15.366667	1	14.638125
15.383333	1	13.549750
15.400000	1	12.528375
15.416667	1	11.572125
15.433333	1	10.678875
15.450000	1	9.848125
15.466667	1	9.077250
15.483333	1	8.365125
15.500000	1	7.709375
15.516667	1	7.108250
15.533333	1	6.559750
15.550000	1	6.060500
15.566667	1	5.609375
15.583333	1	5.202375
15.600000	1	4.836625
15.616667	1	4.507625
15.633333	1	4.213625
15.650000	1	3.950000
15.666667	1	3.714000
15.683333	1	3.502125
15.700000	1	3.312375
15.716667	1	3.142125
15.733333	1	2.989000
15.750000	1	2.851000
15.766667	1	2.725625
15.783333	1	2.611750
15.800000	1	2.507125
15.816667	1	2.411125
15.833333	1	2.323125
15.850000	1	2.240750
15.866667	1	2.164250
15.883333	1	2.093500
15.900000	1	2.027000
15.916667	1	1.965000
15.933333	1	1.906500
15.950000	1	1.851375
15.966667	1	1.799125
15.983333	1	1.750000
16.000000	1	1.703750
16.016667	1	1.659875
16.033333	1	1.617750
16.050000	1	1.578250
16.066667	1	1.541250
16.083333	1	1.507250
16.100000	1	1.474125
16.116667	1	1.442625
16.133333	1	1.413250
16.150000	1	1.385375
16.166667	1	1.359375
16.183333	1	1.335250
16.200000	1	1.312250
16.216667	1	1.289875
16.233333	1	1.269000
16.250000	1	1.249750
16.266667	1	1.230750
16.283333	1	1.213125
16.300000	1	1.195750
16.316667	1	1.179500
16.333333	1	1.163125
16.350000	1	1.147375
16.366667	1	1.133125
16.383333	1	1.119875
16.400000	1	1.106375
16.416667	1	1.094000
16.433333	1	1.082000
16.450000	1	1.070750
16.466667	1	1.060500
16.483333	1	1.050250
16.500000	1	1.040750
16.516667	1	1.032000
16.533333	1	1.023500
16.550000	1	1.015875
16.566667	1	1.009000
16.583333	1	1.002625
16.600000	1	0.995875
16.616667	1	0.990250
16.633333	1	0.984750
16.650000	1	0.979750
16.666667	1	0.975750
16.683333	1	0.972250
16.700000	1	0.969250
16.716667	1	0.966750
16.733333	1	0.964125
16.750000	1	0.961750
16.766667	1	0.960000
16.783333	1	0.958625
16.800000	1	0.957875
16.816667	1	0.956875
16.833333	1	0.955875
16.850000	1	0.955500
16.866667	1	0.955125
16.883333	1	0.954250
16.900000	1	0.954000
16.916667	1	0.953750
16.933333	1	0.952625
16.950000	1	0.951000
16.966667	1	0.949500
16.983333	1	0.948125
17.000000	1	0.947250
17.016667	1	0.945625
17.033333	1	0.944125
17.050000	1	0.942750
17.066667	1	0.941750
17.083333	1	0.940250
17.100000	1	0.938750
17.116667	1	0.936750
17.133333	1	0.933625
17.150000	1	0.931000
17.166667	1	0.928125
17.183333	1	0.924125
17.200000	1	0.919125
17.216667	1	0.914625
17.233333	1	0.909250
17.250000	1	0.902875
17.266667	1	0.895875
17.283333	1	0.889000
17.300000	1	0.881625
17.316667	1	0.873375
17.333333	1	0.864250
17.350000	1	0.855250
17.366667	1	0.846375
17.383333	1	0.837375
17.400000	1	0.828750
17.416667	1	0.820125
17.433333	1	0.811125
17.450000	1	0.803125
17.466667	1	0.795250
17.483333	1	0.788250
17.500000	1	0.781875
17.516667	1	0.776625
17.533333	1	0.771750
17.550000	1	0.766750
17.566667	1	0.763625
17.583333	1	0.762000
17.600000	1	0.760000
17.616667	1	0.759875
17.633333	1	0.761250
17.650000	1	0.762750
17.666667	1	0.766125
17.683333	1	0.770500
17.700000	1	0.774875
17.716667	1	0.780125
17.733333	1	0.785125
17.750000	1	0.791625
17.766667	1	0.798000
17.783333	1	0.805625
17.800000	1	0.813375
17.816667	1	0.821000
17.833333	1	0.828875
17.850000	1	0.836375
17.866667	1	0.843500
17.883333	1	0.849750
17.900000	1	0.855375
17.916667	1	0.859625
17.933333	1	0.863625
17.950000	1	0.866625
17.966667	1	0.868750
17.983333	1	0.870125
18.000000	1	0.870500
18.016667	1	0.869500
18.033333	1	0.867375
18.050000	1	0.864625
18.066667	1	0.861375
18.083333	1	0.856875
18.100000	1	0.851000
18.116667	1	0.844625
18.133333	1	0.837375
18.150000	1	0.830125
18.166667	1	0.822250
18.183333	1	0.813875
18.200000	1	0.805375
18.216667	1	0.796375
18.233333	1	0.787000
18.250000	1	0.777875
18.266667	1	0.768875
18.283333	1	0.759875
18.300000	1	0.751000
18.316667	1	0.742750
18.333333	1	0.734000
18.350000	1	0.724875
18.366667	1	0.716625
18.383333	1	0.708875
18.400000	1	0.701750
18.416667	1	0.695250
18.433333	1	0.689250
18.450000	1	0.684125
18.466667	1	0.679625
18.483333	1	0.674000
18.500000	1	0.669250
18.516667	1	0.664875
18.533333	1	0.660875
18.550000	1	0.658000
18.566667	1	0.655375
18.583333	1	0.652750
18.600000	1	0.649875
18.616667	1	0.648375
18.633333	1	0.647000
18.650000	1	0.646875
18.666667	1	0.646500
18.683333	1	0.646500
18.700000	1	0.647375
18.716667	1	0.648375
18.733333	1	0.650125
18.750000	1	0.651750
18.766667	1	0.653875
18.783333	1	0.657125
18.800000	1	0.661000
18.816667	1	0.665375
18.833333	1	0.669625
18.850000	1	0.674500
18.866667	1	0.679500
18.883333	1	0.685875
18.900000	1	0.692875
18.916667	1	0.699875
18.933333	1	0.707500
18.950000	1	0.716500
18.966667	1	0.726500
18.983333	1	0.737500
19.000000	1	0.749875
19.016667	1	0.763375
19.033333	1	0.778875
19.050000	1	0.795250
19.066667	1	0.814250
19.083333	1	0.834125
19.100000	1	0.856000
19.116667	1	0.879875
19.133333	1	0.904625
19.150000	1	0.930750
19.166667	1	0.958250
19.183333	1	0.985750
19.200000	1	1.013875
19.216667	1	1.041875
19.233333	1	1.069625
19.250000	1	1.095875
19.266667	1	1.119750
19.283333	1	1.141750
19.300000	1	1.160625
19.316667	1	1.176375
19.333333	1	1.189000
19.350000	1	1.199000
19.366667	1	1.205500
19.383333	1	1.207625
19.400000	1	1.206625
19.416667	1	1.201750
19.433333	1	1.193375
19.450000	1	1.181750
19.466667	1	1.167250
19.483333	1	1.150000
19.500000	1	1.130125
19.516667	1	1.108875
19.533333	1	1.085750
19.550000	1	1.061875
19.566667	1	1.036375
19.583333	1	1.010625
19.600000	1	0.985625
19.616667	1	0.960750
19.633333	1	0.937250
19.650000	1	0.914250
19.666667	1	0.892125
19.683333	1	0.871375
19.700000	1	0.852875
19.716667	1	0.836375
19.733333	1	0.822000
19.750000	1	0.809250
19.766667	1	0.799625
19.783333	1	0.791875
19.800000	1	0.786750
19.816667	1	0.784125
19.833333	1	0.783500
19.850000	1	0.785000
19.866667	1	0.788625
19.883333	1	0.793625
19.900000	1	0.800125
19.916667	1	0.808125
19.933333	1	0.817500
19.950000	1	0.827250
19.966667	1	0.837500
19.983333	1	0.849250
20.000000	1	0.861000
20.016667	1	0.872625
20.033333	1	0.885125
20.050000	1	0.897500
20.066667	1	0.910375
20.083333	1	0.923500
20.100000	1	0.936375
20.116667	1	0.950375
20.133333	1	0.964000
20.150000	1	0.979250
20.166667	1	0.995250
20.183333	1	1.012000
20.200000	1	1.030875
20.216667	1	1.052250
20.233333	1	1.074375
20.250000	1	1.098500
20.266667	1	1.124750
20.283333	1	1.153250
20.300000	1	1.183750
20.316667	1	1.216750
20.333333	1	1.251000
20.350000	1	1.286500
20.366667	1	1.322750
20.383333	1	1.359625
20.400000	1	1.396750
20.416667	1	1.432500
20.433333	1	1.465375
20.450000	1	1.496750
20.466667	1	1.524375
20.483333	1	1.547375
20.500000	1	1.566000
20.516667	1	1.579250
20.533333	1	1.586750
20.550000	1	1.589000
20.566667	1	1.586250
20.583333	1	1.577750
20.600000	1	1.563125
20.616667	1	1.543500
20.633333	1	1.519375
20.650000	1	1.491500
20.666667	1	1.460125
20.683333	1	1.425375
20.700000	1	1.388625
20.716667	1	1.350000
20.733333	1	1.310250
20.750000	1	1.269500
20.766667	1	1.228500
20.783333	1	1.188125
20.800000	1	1.147375
20.816667	1	1.107750
20.833333	1	1.069125
20.850000	1	1.031750
20.866667	1	0.995875
20.883333	1	0.961500
20.900000	1	0.928625
20.916667	1	0.897000
20.933333	1	0.866750
20.950000	1	0.838125
20.966667	1	0.810375
20.983333	1	0.783250
21.000000	1	0.758625
21.016667	1	0.734250
21.033333	1	0.711250
21.050000	1	0.688750
21.066667	1	0.666750
21.083333	1	0.646000
21.100000	1	0.625875
21.116667	1	0.606750
21.133333	1	0.589250
21.150000	1	0.571125
21.166667	1	0.555000
21.183333	1	0.539250
21.200000	1	0.524125
21.216667	1	0.510125
21.233333	1	0.497125
21.250000	1	0.484500
21.266667	1	0.472375
21.283333	1	0.461625
21.300000	1	0.451625
21.316667	1	0.442500
21.333333	1	0.433875
21.350000	1	0.425500
21.366667	1	0.418250
21.383333	1	0.411250
21.400000	1	0.405625
21.416667	1	0.400250
21.433333	1	0.395250
21.450000	1	0.391375
21.466667	1	0.388125
21.483333	1	0.385000
21.500000	1	0.382500
21.516667	1	0.380625
21.533333	1	0.379000
21.550000	1	0.378250
21.566667	1	0.378375
21.583333	1	0.378500
21.600000	1	0.379500
21.616667	1	0.380250
21.633333	1	0.381625
21.650000	1	0.383375
21.666667	1	0.386000
21.683333	1	0.389000
21.700000	1	0.391625
21.716667	1	0.394875
21.733333	1	0.398625
21.750000	1	0.403000
21.766667	1	0.407750
21.783333	1	0.413875
21.800000	1	0.419250
21.816667	1	0.426000
21.833333	1	0.433500
21.850000	1	0.441375
21.866667	1	0.448625
21.883333	1	0.456625
21.900000	1	0.465375
21.916667	1	0.473875
21.933333	1	0.482000
21.950000	1	0.491000
21.966667	1	0.499500
21.983333	1	0.507250
22.000000	1	0.514625
22.016667	1	0.521000
22.033333	1	0.526750
22.050000	1	0.531750
22.066667	1	0.535750
22.083333	1	0.538625
22.100000	1	0.540625
22.116667	1	0.540750
22.133333	1	0.540375
22.150000	1	0.539000
22.166667	1	0.536375
22.183333	1	0.532875
22.200000	1	0.528375
22.216667	1	0.523125
22.233333	1	0.517375
22.250000	1	0.511250
22.266667	1	0.504625
22.283333	1	0.497500
22.300000	1	0.490625
22.316667	1	0.484500
22.333333	1	0.478375
22.350000	1	0.471250
22.366667	1	0.465500
22.383333	1	0.460000
22.400000	1	0.454500
22.416667	1	0.449500
22.433333	1	0.445375
22.450000	1	0.441625
22.466667	1	0.439375
22.483333	1	0.436250
22.500000	1	0.434250
22.516667	1	0.432500
22.533333	1	0.432000
22.550000	1	0.431375
22.566667	1	0.431500
22.583333	1	0.432000
22.600000	1	0.433375
22.616667	1	0.434125
22.633333	1	0.435375
22.650000	1	0.436750
22.666667	1	0.438250
22.683333	1	0.439750
22.700000	1	0.441250
22.716667	1	0.442625
22.733333	1	0.443625
22.750000	1	0.445000
22.766667	1	0.446000
22.783333	1	0.447250
22.800000	1	0.447500
22.816667	1	0.447500
22.833333	1	0.447875
22.850000	1	0.447500
22.866667	1	0.447000
22.883333	1	0.446750
22.900000	1	0.446000
22.916667	1	0.445500
22.933333	1	0.444125
22.950000	1	0.443125
22.966667	1	0.442625
22.983333	1	0.441625
23.000000	1	0.441500
23.016667	1	0.441000
23.033333	1	0.440750
23.050000	1	0.440750
23.066667	1	0.441625
23.083333	1	0.444125
23.100000	1	0.447000
23.116667	1	0.450250
23.133333	1	0.453875
23.150000	1	0.458250
23.166667	1	0.464250
23.183333	1	0.470875
23.200000	1	0.479000
23.216667	1	0.488625
23.233333	1	0.499625
23.250000	1	0.512125
23.266667	1	0.526000
23.283333	1	0.541000
23.300000	1	0.558000
23.316667	1	0.577250
23.333333	1	0.598625
23.350000	1	0.622000
23.366667	1	0.647500
23.383333	1	0.675250
23.400000	1	0.705375
23.416667	1	0.737000
23.433333	1	0.772375
23.450000	1	0.810000
23.466667	1	0.851375
23.483333	1	0.896625
23.500000	1	0.945250
23.516667	1	0.998500
23.533333	1	1.055250
23.550000	1	1.118250
23.566667	1	1.185875
23.583333	1	1.259875
23.600000	1	1.339875
23.616667	1	1.426750
23.633333	1	1.520250
23.650000	1	1.621000
23.666667	1	1.730000
23.683333	1	1.845500
23.700000	1	1.968750
23.716667	1	2.099250
23.733333	1	2.236375
23.750000	1	2.378375
23.766667	1	2.525250
23.783333	1	2.674250
23.800000	1	2.825375
23.816667	1	2.974750
23.833333	1	3.121625
23.850000	1	3.263625
23.866667	1	3.398125
23.883333	1	3.523250
23.900000	1	3.637625
23.916667	1	3.739500
23.933333	1	3.827250
23.950000	1	3.899375
23.966667	1	3.954250
23.983333	1	3.991625
24.000000	1	4.011500
24.016667	1	4.012625
24.033333	1	3.996875
24.050000	1	3.964750
24.066667	1	3.916125
24.083333	1	3.853250
24.100000	1	3.776750
24.116667	1	3.688000
24.133333	1	3.589625
24.150000	1	3.482625
24.166667	1	3.368000
24.183333	1	3.248750
24.200000	1	3.124250
24.216667	1	2.997125
24.233333	1	2.869125
24.250000	1	2.741500
24.266667	1	2.613875
24.283333	1	2.488750
24.300000	1	2.365375
24.316667	1	2.245375
24.333333	1	2.129125
24.350000	1	2.017500
24.366667	1	1.911125
24.383333	1	1.809250
24.400000	1	1.712875
24.416667	1	1.621375
24.433333	1	1.535625
24.450000	1	1.455375
24.466667	1	1.379750
24.483333	1	1.308750
24.500000	1	1.243375
24.516667	1	1.182250
24.533333	1	1.126500
24.550000	1	1.073625
24.566667	1	1.025250
24.583333	1	0.980375
24.600000	1	0.939125
24.616667	1	0.900625
24.633333	1	0.865000
24.650000	1	0.832750
24.666667	1	0.802125
24.683333	1	0.773875
24.700000	1	0.747000
24.716667	1	0.721750
24.733333	1	0.698250
24.750000	1	0.674875
24.766667	1	0.653375
24.783333	1	0.632500
24.800000	1	0.612625
24.816667	1	0.593375
24.833333	1	0.575625
24.850000	1	0.557625
24.866667	1	0.540375
24.883333	1	0.523750
24.900000	1	0.507625
24.916667	1	0.492000
24.933333	1	0.476500
24.950000	1	0.461500
24.966667	1	0.446875
24.983333	1	0.433500
25.000000	1	0.420125
25.016667	1	0.407375
25.033333	1	0.395000
25.050000	1	0.383125
25.066667	1	0.371375
25.083333	1	0.360500
25.100000	1	0.350750
25.116667	1	0.341250
25.133333	1	0.331500
25.150000	1	0.323000
25.166667	1	0.315500
25.183333	1	0.307875
25.200000	1	0.301750
25.216667	1	0.295875
25.233333	1	0.289875
25.250000	1	0.284750
25.266667	1	0.280375
25.283333	1	0.276375
25.300000	1	0.273250
25.316667	1	0.269750
25.333333	1	0.267000
25.350000	1	0.265000
25.366667	1	0.263000
25.383333	1	0.261125
25.400000	1	0.259625
25.416667	1	0.258500
25.433333	1	0.258000
25.450000	1	0.257750
25.466667	1	0.257125
25.483333	1	0.257250
25.500000	1	0.257125
25.516667	1	0.257000
25.533333	1	0.257250
25.550000	1	0.258375
25.566667	1	0.258750
25.583333	1	0.259250
25.600000	1	0.260250
25.616667	1	0.260250
25.633333	1	0.261250
25.650000	1	0.262375
25.666667	1	0.263000
25.683333	1	0.264250
25.700000	1	0.265250
25.716667	1	0.266750
25.733333	1	0.268250
25.750000	1	0.269625
25.766667	1	0.270500
25.783333	1	0.272125
25.800000	1	0.273375
25.816667	1	0.274625
25.833333	1	0.275875
25.850000	1	0.277125
25.866667	1	0.278375
25.883333	1	0.280875
25.900000	1	0.282250
25.916667	1	0.284250
25.933333	1	0.285625
25.950000	1	0.287125
25.966667	1	0.288875
25.983333	1	0.290250
26.000000	1	0.291750
26.016667	1	0.292875
26.033333	1	0.294375
26.050000	1	0.295500
26.066667	1	0.296875
26.083333	1	0.298125
26.100000	1	0.299125
26.116667	1	0.300000
26.133333	1	0.301500
26.150000	1	0.302750
26.166667	1	0.303000
26.183333	1	0.304500
26.200000	1	0.304875
26.216667	1	0.306125
26.233333	1	0.306875
26.250000	1	0.308625
26.266667	1	0.308875
26.283333	1	0.309625
26.300000	1	0.311000
26.316667	1	0.311625
26.333333	1	0.312375
26.350000	1	0.314000
26.366667	1	0.314625
26.383333	1	0.316000
26.400000	1	0.317000
26.416667	1	0.318000
26.433333	1	0.318875
26.450000	1	0.319875
26.466667	1	0.320625
26.483333	1	0.321500
26.500000	1	0.322000
26.516667	1	0.323375
26.533333	1	0.324625
26.550000	1	0.325375
26.566667	1	0.326125
26.583333	1	0.326125
26.600000	1	0.326000
26.616667	1	0.325750
26.633333	1	0.325250
26.650000	1	0.324125
26.666667	1	0.322750
26.683333	1	0.321125
26.700000	1	0.319875
26.716667	1	0.318000
26.733333	1	0.316000
26.750000	1	0.314250
26.766667	1	0.312625
26.783333	1	0.310625
26.800000	1	0.308125
26.816667	1	0.305375
26.833333	1	0.301875
26.850000	1	0.299625
26.866667	1	0.297375
26.883333	1	0.295000
26.900000	1	0.292625
26.916667	1	0.291375
26.933333	1	0.288875
26.950000	1	0.287375
26.966667	1	0.286500
26.983333	1	0.285375
27.000000	1	0.284750
27.016667	1	0.284875
27.033333	1	0.285625
27.050000	1	0.286375
27.066667	1	0.287625
27.083333	1	0.289000
27.100000	1	0.292250
27.116667	1	0.295750
27.133333	1	0.299250
27.150000	1	0.303750
27.166667	1	0.309000
27.183333	1	0.315375
27.200000	1	0.321750
27.216667	1	0.329125
27.233333	1	0.337250
27.250000	1	0.346000
27.266667	1	0.355375
27.283333	1	0.366375
27.300000	1	0.377750
27.316667	1	0.390750
27.333333	1	0.404375
27.350000	1	0.420000
27.366667	1	0.435750
27.383333	1	0.452875
27.400000	1	0.470250
27.416667	1	0.489750
27.433333	1	0.510000
27.450000	1	0.532125
27.466667	1	0.555250
27.483333	1	0.581000
27.500000	1	0.607875
27.516667	1	0.636250
27.533333	1	0.667000
27.550000	1	0.699625
27.566667	1	0.733625
27.583333	1	0.770875
27.600000	1	0.811000
27.616667	1	0.854250
27.633333	1	0.900000
27.650000	1	0.950500
27.666667	1	1.003125
27.683333	1	1.060875
27.700000	1	1.122375
27.716667	1	1.189000
27.733333	1	1.259875
27.750000	1	1.335125
27.766667	1	1.414375
27.783333	1	1.498000
27.800000	1	1.586125
27.816667	1	1.678625
27.833333	1	1.775000
27.850000	1	1.874625
27.866667	1	1.976750
27.883333	1	2.080875
27.900000	1	2.185875
27.916667	1	2.291125
27.933333	1	2.396250
27.950000	1	2.499500
27.966667	1	2.599000
27.983333	1	2.694375
28.000000	1	2.785125
28.016667	1	2.869500
28.033333	1	2.946000
28.050000	1	3.015125
28.066667	1	3.075000
28.083333	1	3.124875
28.100000	1	3.164375
28.116667	1	3.192125
28.133333	1	3.207875
28.150000	1	3.211250
28.166667	1	3.202875
28.183333	1	3.182625
28.200000	1	3.150375
28.216667	1	3.107625
28.233333	1	3.053500
28.250000	1	2.989250
28.266667	1	2.915000
28.283333	1	2.832750
28.300000	1	2.743000
28.316667	1	2.646125
28.333333	1	2.544000
28.350000	1	2.436750
28.366667	1	2.326375
28.383333	1	2.214000
28.400000	1	2.098750
28.416667	1	1.983000
28.433333	1	1.867250
28.450000	1	1.752500
28.466667	1	1.638125
28.483333	1	1.525750
28.500000	1	1.415250
28.516667	1	1.308375
28.533333	1	1.204625
28.550000	1	1.104000
28.566667	1	1.007500
28.583333	1	0.914375
28.600000	1	0.824750
28.616667	1	0.738625
28.633333	1	0.656500
28.650000	1	0.578375
28.666667	1	0.504000
28.683333	1	0.433500
28.700000	1	0.366125
28.716667	1	0.302625
28.733333	1	0.242250
28.750000	1	0.184875
28.766667	1	0.130500
28.783333	1	0.078750
28.800000	1	0.030375
28.816667	1	-0.015250
28.833333	1	-0.057750
28.850000	1	-0.097500
28.866667	1	-0.135000
28.883333	1	-0.170125
28.900000	1	-0.202750
28.916667	1	-0.232625
28.933333	1	-0.259625
28.950000	1	-0.284250
28.966667	1	-0.307125
28.983333	1	-0.327000
29.000000	1	-0.343625
29.016667	1	-0.358625
29.033333	1	-0.371500
29.050000	1	-0.381750
29.066667	1	-0.390125
29.083333	1	-0.395875
29.100000	1	-0.399125
29.116667	1	-0.399750
29.133333	1	-0.398125
29.150000	1	-0.395125
29.166667	1	-0.389750
29.183333	1	-0.382125
29.200000	1	-0.372250
29.216667	1	-0.360625
29.233333	1	-0.347375
29.250000	1	-0.331750
29.266667	1	-0.315250
29.283333	1	-0.297500
29.300000	1	-0.279125
29.316667	1	-0.259750
29.333333	1	-0.239125
29.350000	1	-0.217625
29.366667	1	-0.195375
29.383333	1	-0.172750
29.400000	1	-0.148875
29.416667	1	-0.125125
29.433333	1	-0.100375
29.450000	1	-0.076250
29.466667	1	-0.051625
29.483333	1	-0.027750
29.500000	1	-0.004250
29.516667	1	0.019000
29.533333	1	0.041750
29.550000	1	0.064250
29.566667	1	0.086125
29.583333	1	0.107625
29.600000	1	0.128125
29.616667	1	0.148625
29.633333	1	0.168000
29.650000	1	0.186000
29.666667	1	0.202625
29.683333	1	0.218875
29.700000	1	0.234375
29.716667	1	0.249000
29.733333	1	0.262125
29.750000	1	0.274375
29.766667	1	0.286375
29.783333	1	0.297250
29.800000	1	0.306750
29.816667	1	0.315750
29.833333	1	0.323125
29.850000	1	0.330125
29.866667	1	0.336000
29.883333	1	0.341500
29.900000	1	0.345625
29.916667	1	0.349125
29.933333	1	0.351750
29.950000	1	0.353625
29.966667	1	0.355625
29.983333	1	0.356875
30.000000	1	0.357500
30.016667	1	0.358000
30.033333	1	0.358000
30.050000	1	0.357625
30.066667	1	0.356625
30.083333	1	0.355250
30.100000	1	0.354000
30.116667	1	0.352500
30.133333	1	0.350375
30.150000	1	0.348125
30.166667	1	0.346125
30.183333	1	0.344500
30.200000	1	0.342500
30.216667	1	0.340375
30.233333	1	0.337500
30.250000	1	0.334750
30.266667	1	0.331500
30.283333	1	0.329250
30.300000	1	0.327500
30.316667	1	0.325625
30.333333	1	0.323750
30.350000	1	0.321625
30.366667	1	0.319500
30.383333	1	0.318000
30.400000	1	0.316625
30.416667	1	0.315000
30.433333	1	0.314000
30.450000	1	0.313625
30.466667	1	0.312875
30.483333	1	0.312500
30.500000	1	0.311875
30.516667	1	0.312500
30.533333	1	0.312750
30.550000	1	0.313250
30.566667	1	0.313750
30.583333	1	0.314375
30.600000	1	0.315750
30.616667	1	0.318000
30.633333	1	0.319250
30.650000	1	0.322000
30.666667	1	0.324625
30.683333	1	0.328250
30.700000	1	0.331625
30.716667	1	0.335375
30.733333	1	0.339250
30.750000	1	0.343000
30.766667	1	0.347375
30.783333	1	0.351750
30.800000	1	0.356250
30.816667	1	0.360000
30.833333	1	0.363875
30.850000	1	0.368375
30.866667	1	0.372250
30.883333	1	0.375375
30.900000	1	0.378625
30.916667	1	0.381125
30.933333	1	0.383625
30.950000	1	0.385625
30.966667	1	0.386625
30.983333	1	0.386875
31.000000	1	0.386375
31.016667	1	0.385875
31.033333	1	0.385125
31.050000	1	0.383000
31.066667	1	0.381375
31.083333	1	0.378625
31.100000	1	0.375125
31.116667	1	0.371375
31.133333	1	0.366375
31.150000	1	0.361500
31.166667	1	0.356000
31.183333	1	0.350875
31.200000	1	0.344875
31.216667	1	0.338625
31.233333	1	0.331750
31.250000	1	0.325000
31.266667	1	0.318750
31.283333	1	0.311375
31.300000	1	0.304625
31.316667	1	0.298000
31.333333	1	0.290875
31.350000	1	0.284500
31.366667	1	0.277875
31.383333	1	0.271875
31.400000	1	0.265125
31.416667	1	0.259000
31.433333	1	0.252750
31.450000	1	0.247875
31.466667	1	0.243375
31.483333	1	0.238375
31.500000	1	0.233500
31.516667	1	0.229000
31.533333	1	0.225000
31.550000	1	0.220875
31.566667	1	0.217875
31.583333	1	0.214125
31.600000	1	0.212125
31.616667	1	0.209375
31.633333	1	0.206500
31.650000	1	0.204625
31.666667	1	0.203375
31.683333	1	0.201750
31.700000	1	0.201000
31.716667	1	0.199875
31.733333	1	0.199625
31.750000	1	0.199250
31.766667	1	0.199000
31.783333	1	0.199750
31.800000	1	0.200125
31.816667	1	0.200500
31.833333	1	0.201125
31.850000	1	0.202875
31.866667	1	0.204500
31.883333	1	0.206500
31.900000	1	0.208250
31.916667	1	0.210000
31.933333	1	0.211500
31.950000	1	0.213250
31.966667	1	0.214875
31.983333	1	0.216750
32.000000	1	0.218625
32.016667	1	0.221000
32.033333	1	0.223500
32.050000	1	0.225375
32.066667	1	0.227375
32.083333	1	0.228250
32.100000	1	0.229250
32.116667	1	0.230375
32.133333	1	0.231375
32.150000	1	0.232000
32.166667	1	0.231625
32.183333	1	0.231250
32.200000	1	0.231125
32.216667	1	0.230000
32.233333	1	0.228625
32.250000	1	0.226750
32.266667	1	0.224875
32.283333	1	0.223125
32.300000	1	0.220500
32.316667	1	0.217250
32.333333	1	0.213750
32.350000	1	0.209000
32.366667	1	0.205125
32.383333	1	0.200500
32.400000	1	0.195750
32.416667	1	0.191250
32.433333	1	0.185375
32.450000	1	0.180125
32.466667	1	0.174625
32.483333	1	0.168875
32.500000	1	0.162750
32.516667	1	0.156500
32.533333	1	0.149875
32.550000	1	0.143750
32.566667	1	0.137875
32.583333	1	0.131375
32.600000	1	0.125250
32.616667	1	0.119000
32.633333	1	0.113125
32.650000	1	0.107125
32.666667	1	0.101125
32.683333	1	0.095125
32.700000	1	0.088750
32.716667	1	0.083250
32.733333	1	0.077500
32.750000	1	0.071875
32.766667	1	0.066500
32.783333	1	0.062000
32.800000	1	0.057250
32.816667	1	0.052625
32.833333	1	0.047375
32.850000	1	0.042750
32.866667	1	0.037750
32.883333	1	0.034250
32.900000	1	0.030875
32.916667	1	0.027375
32.933333	1	0.023625
32.950000	1	0.020250
32.966667	1	0.016625
32.983333	1	0.013250
33.000000	1	0.010000
33.016667	1	0.007250
33.033333	1	0.004875
33.050000	1	0.002750
33.066667	1	0.000875
33.083333	1	-0.001000
33.100000	1	-0.002500
33.116667	1	-0.004625
33.133333	1	-0.006625
33.150000	1	-0.008000
33.166667	1	-0.009375
33.183333	1	-0.010000
33.200000	1	-0.010750
33.216667	1	-0.011875
33.233333	1	-0.012250
33.250000	1	-0.012375
33.266667	1	-0.012125
33.283333	1	-0.012000
33.300000	1	-0.011875
33.316667	1	-0.011875
33.333333	1	-0.011750
33.350000	1	-0.010875
33.366667	1	-0.010375
33.383333	1	-0.008750
33.400000	1	-0.007875
33.416667	1	-0.006750
33.433333	1	-0.005375
33.450000	1	-0.003750
33.466667	1	-0.002375
33.483333	1	-0.000625
33.500000	1	0.000750
33.516667	1	0.002375
33.533333	1	0.004375
33.550000	1	0.006625
33.566667	1	0.008750
33.583333	1	0.011250
33.600000	1	0.013250
33.616667	1	0.016375
33.633333	1	0.019000
33.650000	1	0.021875
33.666667	1	0.024875
33.683333	1	0.027500
33.700000	1	0.031250
33.716667	1	0.034625
33.733333	1	0.038375
33.750000	1	0.042250
33.766667	1	0.046000
33.783333	1	0.050375
33.800000	1	0.054875
33.816667	1	0.059250
33.833333	1	0.064750
33.850000	1	0.069500
33.866667	1	0.074375
33.883333	1	0.079750
33.900000	1	0.085750
33.916667	1	0.091625
33.933333	1	0.098375
33.950000	1	0.105000
33.966667	1	0.111750
33.983333	1	0.119375
34.000000	1	0.127750
34.016667	1	0.136250
34.033333	1	0.144375
34.050000	1	0.153875
34.066667	1	0.162375
34.083333	1	0.172125
34.100000	1	0.182000
34.116667	1	0.192125
34.133333	1	0.202625
34.150000	1	0.212875
34.166667	1	0.223250
34.183333	1	0.233375
34.200000	1	0.243250
34.216667	1	0.254000
34.233333	1	0.264000
34.250000	1	0.274000
34.266667	1	0.283875
34.283333	1	0.292875
34.300000	1	0.301000
34.316667	1	0.308375
34.333333	1	0.315875
34.350000	1	0.322500
34.366667	1	0.328625
34.383333	1	0.334250
34.400000	1	0.338750
34.416667	1	0.342000
34.433333	1	0.344750
34.450000	1	0.346000
34.466667	1	0.346625
34.483333	1	0.346250
34.500000	1	0.344875
34.516667	1	0.343125
34.533333	1	0.340500
34.550000	1	0.336500
34.566667	1	0.332250
34.583333	1	0.326875
34.600000	1	0.320750
34.616667	1	0.313875
34.633333	1	0.306625
34.650000	1	0.298250
34.666667	1	0.290125
34.683333	1	0.281500
34.700000	1	0.272125
34.716667	1	0.262625
34.733333	1	0.253625
34.750000	1	0.243750
34.766667	1	0.234000
34.783333	1	0.224125
34.800000	1	0.214250
34.816667	1	0.204375
34.833333	1	0.195000
34.850000	1	0.185750
34.866667	1	0.175875
34.883333	1	0.167250
34.900000	1	0.159375
34.916667	1	0.151250
34.933333	1	0.143125
34.950000	1	0.135375
34.966667	1	0.128250
34.983333	1	0.121125
35.000000	1	0.115500
35.016667	1	0.109875
35.033333	1	0.104625
35.050000	1	0.099750
35.066667	1	0.095000
35.083333	1	0.090375
35.100000	1	0.087000
35.116667	1	0.083875
35.133333	1	0.080875
35.150000	1	0.078500
35.166667	1	0.076125
35.183333	1	0.074375
35.200000	1	0.072625
35.216667	1	0.071625
35.233333	1	0.071625
35.250000	1	0.071375
35.266667	1	0.070625
35.283333	1	0.070375
35.300000	1	0.070250
35.316667	1	0.071125
35.333333	1	0.071625
35.350000	1	0.072250
35.366667	1	0.073250
35.383333	1	0.074375
35.400000	1	0.074875
35.416667	1	0.076625
35.433333	1	0.078750
35.450000	1	0.080375
35.466667	1	0.081875
35.483333	1	0.083125
35.500000	1	0.084625
35.516667	1	0.086000
35.533333	1	0.087250
35.550000	1	0.088625
35.566667	1	0.090125
35.583333	1	0.091375
35.600000	1	0.092375
35.616667	1	0.093125
35.633333	1	0.094125
35.650000	1	0.095375
35.666667	1	0.097000
35.683333	1	0.097875
35.700000	1	0.098750
35.716667	1	0.099375
35.733333	1	0.099500
35.750000	1	0.099625
35.766667	1	0.100000
35.783333	1	0.101125
35.800000	1	0.102000
35.816667	1	0.102375
35.833333	1	0.102250
35.850000	1	0.103000
35.866667	1	0.103125
35.883333	1	0.102375
35.900000	1	0.102000
35.916667	1	0.102250
35.933333	1	0.101625
35.950000	1	0.101875
35.966667	1	0.102125
35.983333	1	0.101750
36.000000	1	0.102000
36.016667	1	0.101500
36.033333	1	0.101125
36.050000	1	0.101000
36.066667	1	0.101250
36.083333	1	0.100500
36.100000	1	0.100250
36.116667	1	0.100750
36.133333	1	0.100125
36.150000	1	0.099625
36.166667	1	0.099375
36.183333	1	0.098000
36.200000	1	0.097375
36.216667	1	0.096500
36.233333	1	0.096000
36.250000	1	0.096250
36.266667	1	0.095625
36.283333	1	0.094250
36.300000	1	0.093750
36.316667	1	0.092875
36.333333	1	0.091500
36.350000	1	0.090375
36.366667	1	0.089125
36.383333	1	0.088375
36.400000	1	0.087500
36.416667	1	0.086250
36.433333	1	0.085125
36.450000	1	0.084250
36.466667	1	0.082875
36.483333	1	0.082000
36.500000	1	0.081000
36.516667	1	0.079625
36.533333	1	0.079250
36.550000	1	0.077750
36.566667	1	0.076500
36.583333	1	0.075375
36.600000	1	0.074375
36.616667	1	0.073500
36.633333	1	0.072875
36.650000	1	0.072000
36.666667	1	0.071250
36.683333	1	0.070125
36.700000	1	0.069000
36.716667	1	0.068125
36.733333	1	0.067125
36.750000	1	0.066000
36.766667	1	0.065625
36.783333	1	0.064250
36.800000	1	0.063125
36.816667	1	0.062375
36.833333	1	0.061750
36.850000	1	0.060375
36.866667	1	0.059750
36.883333	1	0.058375
36.900000	1	0.056875
36.916667	1	0.056125
36.933333	1	0.055250
36.950000	1	0.054750
36.966667	1	0.053250
36.983333	1	0.051875
37.000000	1	0.050750
37.016667	1	0.049125
37.033333	1	0.047375
37.050000	1	0.046500
37.066667	1	0.044750
37.083333	1	0.043500
37.100000	1	0.041750
37.116667	1	0.040250
37.133333	1	0.039000
37.150000	1	0.037875
37.166667	1	0.036250
37.183333	1	0.034625
37.200000	1	0.032500
37.216667	1	0.030000
37.233333	1	0.028875
37.250000	1	0.027000
37.266667	1	0.025625
37.283333	1	0.023750
37.300000	1	0.021375
37.316667	1	0.019250
37.333333	1	0.017125
37.350000	1	0.014500
37.366667	1	0.012875
37.383333	1	0.011375
37.400000	1	0.009125
37.416667	1	0.007375
37.433333	1	0.005125
37.450000	1	0.003125
37.466667	1	0.001750
37.483333	1	0.000750
37.500000	1	-0.000750
37.516667	1	-0.003000
37.533333	1	-0.004250
37.550000	1	-0.006750
37.566667	1	-0.008500
37.583333	1	-0.010125
37.600000	1	-0.011625
37.616667	1	-0.012875
37.633333	1	-0.014250
37.650000	1	-0.015625
37.666667	1	-0.017375
37.683333	1	-0.018625
37.700000	1	-0.019875
37.716667	1	-0.021375
37.733333	1	-0.022750
37.750000	1	-0.023750
37.766667	1	-0.024625
37.783333	1	-0.025375
37.800000	1	-0.026250
37.816667	1	-0.026875
37.833333	1	-0.027500
37.850000	1	-0.028125
37.866667	1	-0.029250
37.883333	1	-0.030000
37.900000	1	-0.030500
37.916667	1	-0.031000
37.933333	1	-0.031250
37.950000	1	-0.032000
37.966667	1	-0.032125
37.983333	1	-0.032000
38.000000	1	-0.032750
38.016667	1	-0.032750
38.033333	1	-0.032500
38.050000	1	-0.032250
38.066667	1	-0.032500
38.083333	1	-0.032750
38.100000	1	-0.032125
38.116667	1	-0.032000
38.133333	1	-0.031500
38.150000	1	-0.030875
38.166667	1	-0.030750
38.183333	1	-0.031000
38.200000	1	-0.030750
38.216667	1	-0.030500
38.233333	1	-0.030500
38.250000	1	-0.029500
38.266667	1	-0.029125
38.283333	1	-0.028625
38.300000	1	-0.028500
38.316667	1	-0.028000
38.333333	1	-0.027750
38.350000	1	-0.027750
38.366667	1	-0.026875
38.383333	1	-0.026625
38.400000	1	-0.026250
38.416667	1	-0.026500
38.433333	1	-0.026125
38.450000	1	-0.026250
38.466667	1	-0.026000
38.483333	1	-0.025875
38.500000	1	-0.026000
38.516667	1	-0.026250
38.533333	1	-0.026625
38.550000	1	-0.027000
38.566667	1	-0.027000
38.583333	1	-0.027000
38.600000	1	-0.028000
38.616667	1	-0.028250
38.633333	1	-0.028500
38.650000	1	-0.029000
38.666667	1	-0.029000
38.683333	1	-0.029625
38.700000	1	-0.029250
38.716667	1	-0.029750
38.733333	1	-0.030875
38.750000	1	-0.031250
38.766667	1	-0.032250
38.783333	1	-0.033500
38.800000	1	-0.033750
38.816667	1	-0.034375
38.833333	1	-0.035125
38.850000	1	-0.035625
38.866667	1	-0.035875
38.883333	1	-0.037000
38.900000	1	-0.037750
38.916667	1	-0.039125
38.933333	1	-0.039500
38.950000	1	-0.040375
38.966667	1	-0.040625
38.983333	1	-0.041000
39.000000	1	-0.041625
39.016667	1	-0.042000
39.033333	1	-0.042375
39.050000	1	-0.042875
39.066667	1	-0.043375
39.083333	1	-0.043000
39.100000	1	-0.043500
39.116667	1	-0.043750
39.133333	1	-0.044125
39.150000	1	-0.044125
39.166667	1	-0.044125
39.183333	1	-0.043750
39.200000	1	-0.043875
39.216667	1	-0.044125
39.233333	1	-0.044250
39.250000	1	-0.043625
39.266667	1	-0.043750
39.283333	1	-0.043875
39.300000	1	-0.043500
39.316667	1	-0.043250
39.333333	1	-0.042875
39.350000	1	-0.042500
39.366667	1	-0.042250
39.383333	1	-0.042125
39.400000	1	-0.041750
39.416667	1	-0.041250
39.433333	1	-0.040875
39.450000	1	-0.040625
39.466667	1	-0.040125
39.483333	1	-0.039500
39.500000	1	-0.038750
39.516667	1	-0.038250
39.533333	1	-0.038125
39.550000	1	-0.036750
39.566667	1	-0.036125
39.583333	1	-0.035875
39.600000	1	-0.035500
39.616667	1	-0.034625
39.633333	1	-0.033875
39.650000	1	-0.034000
39.666667	1	-0.033250
39.683333	1	-0.032000
39.700000	1	-0.031625
39.716667	1	-0.030875
39.733333	1	-0.029875
39.750000	1	-0.028875
39.766667	1	-0.028250
39.783333	1	-0.027875
39.800000	1	-0.026875
39.816667	1	-0.026750
39.833333	1	-0.026250
39.850000	1	-0.025375
39.866667	1	-0.023875
39.883333	1	-0.023125
39.900000	1	-0.022375
39.916667	1	-0.022000
39.933333	1	-0.021125
39.950000	1	-0.020250
39.966667	1	-0.019500
39.983333	1	-0.019250
40.000000	1	-0.018125
