File Path	chrom://990-75db15j/XVault/Ultimate_3000/1256/20230531_CMO_stabTest _FP08_FP09.seq/857.smp/RI_1.channel/RI_1.chm
Channel	RI_1

Injection Information:
Data Vault	XVault
Injection	FP08_2_s1
Injection Number	29
Position	BD7
Comment	
Processing Method	
Instrument Method	run_25B_method
Type	Unknown
Status	Finished
Injection Date	02.06.2023
Injection Time	07:51:59
Injection Volume (µl)	20.000
Dilution Factor	1.0000
Weight	1.0000

Chromatogram Data Information:
Time Min. (min)	0.000000
Time Max. (min)	40.000000
Data Points	2401
Detector	RI
Generating Data System	Chromeleon 7.2.5.9507
Exporting Data System	Chromeleon 7.2.5.0
Operator	Instrument Controller
Signal Quantity	Refractive 
Signal Unit	µRIU
Signal Min.	-0.785500
Signal Max.	61.316750
Channel	RI_1
Driver Name	RID520Driver.dll
Channel Type	Evaluation
Min. Step (s)	1
Max. Step (s)	1
Average Step (s)	1

Signal Parameter Information:
Signal Info	

Chromatogram Data:
Time (min)	Step (s)	Value (µRIU)
0.000000	n.a.	-0.020625
0.016667	1	-0.021625
0.033333	1	-0.022875
0.050000	1	-0.023625
0.066667	1	-0.023875
0.083333	1	-0.024125
0.100000	1	-0.025125
0.116667	1	-0.026750
0.133333	1	-0.028500
0.150000	1	-0.029625
0.166667	1	-0.030500
0.183333	1	-0.032125
0.200000	1	-0.034000
0.216667	1	-0.034375
0.233333	1	-0.035625
0.250000	1	-0.036750
0.266667	1	-0.037750
0.283333	1	-0.040000
0.300000	1	-0.044125
0.316667	1	-0.049250
0.333333	1	-0.053500
0.350000	1	-0.054250
0.366667	1	-0.052625
0.383333	1	-0.049500
0.400000	1	-0.047375
0.416667	1	-0.045375
0.433333	1	-0.043625
0.450000	1	-0.041875
0.466667	1	-0.040750
0.483333	1	-0.041250
0.500000	1	-0.043125
0.516667	1	-0.046000
0.533333	1	-0.048625
0.550000	1	-0.051000
0.566667	1	-0.052625
0.583333	1	-0.054750
0.600000	1	-0.056875
0.616667	1	-0.058250
0.633333	1	-0.058750
0.650000	1	-0.058500
0.666667	1	-0.058125
0.683333	1	-0.057875
0.700000	1	-0.057500
0.716667	1	-0.058000
0.733333	1	-0.057375
0.750000	1	-0.057000
0.766667	1	-0.056875
0.783333	1	-0.056000
0.800000	1	-0.055250
0.816667	1	-0.054750
0.833333	1	-0.053875
0.850000	1	-0.052750
0.866667	1	-0.051000
0.883333	1	-0.050000
0.900000	1	-0.049500
0.916667	1	-0.048625
0.933333	1	-0.048250
0.950000	1	-0.047500
0.966667	1	-0.047250
0.983333	1	-0.046125
1.000000	1	-0.045750
1.016667	1	-0.044500
1.033333	1	-0.044125
1.050000	1	-0.043125
1.066667	1	-0.042000
1.083333	1	-0.041375
1.100000	1	-0.041250
1.116667	1	-0.040750
1.133333	1	-0.040250
1.150000	1	-0.039375
1.166667	1	-0.039125
1.183333	1	-0.038500
1.200000	1	-0.038375
1.216667	1	-0.037500
1.233333	1	-0.037000
1.250000	1	-0.036250
1.266667	1	-0.036625
1.283333	1	-0.036500
1.300000	1	-0.036250
1.316667	1	-0.036375
1.333333	1	-0.036125
1.350000	1	-0.035875
1.366667	1	-0.035250
1.383333	1	-0.034875
1.400000	1	-0.034500
1.416667	1	-0.033875
1.433333	1	-0.033250
1.450000	1	-0.033625
1.466667	1	-0.033500
1.483333	1	-0.032625
1.500000	1	-0.032625
1.516667	1	-0.032125
1.533333	1	-0.031875
1.550000	1	-0.032000
1.566667	1	-0.032250
1.583333	1	-0.032250
1.600000	1	-0.031500
1.616667	1	-0.031375
1.633333	1	-0.031250
1.650000	1	-0.030500
1.666667	1	-0.030875
1.683333	1	-0.030125
1.700000	1	-0.029750
1.716667	1	-0.030375
1.733333	1	-0.030750
1.750000	1	-0.030875
1.766667	1	-0.030750
1.783333	1	-0.031250
1.800000	1	-0.031375
1.816667	1	-0.032125
1.833333	1	-0.032125
1.850000	1	-0.032125
1.866667	1	-0.032375
1.883333	1	-0.032750
1.900000	1	-0.033125
1.916667	1	-0.034000
1.933333	1	-0.034125
1.950000	1	-0.035375
1.966667	1	-0.035875
1.983333	1	-0.036500
2.000000	1	-0.037125
2.016667	1	-0.037625
2.033333	1	-0.038500
2.050000	1	-0.039250
2.066667	1	-0.038875
2.083333	1	-0.039375
2.100000	1	-0.039750
2.116667	1	-0.040000
2.133333	1	-0.040875
2.150000	1	-0.041125
2.166667	1	-0.041000
2.183333	1	-0.041875
2.200000	1	-0.041875
2.216667	1	-0.042250
2.233333	1	-0.042000
2.250000	1	-0.041750
2.266667	1	-0.042125
2.283333	1	-0.042250
2.300000	1	-0.042000
2.316667	1	-0.042125
2.333333	1	-0.041625
2.350000	1	-0.041125
2.366667	1	-0.040875
2.383333	1	-0.040500
2.400000	1	-0.040750
2.416667	1	-0.041000
2.433333	1	-0.040625
2.450000	1	-0.039875
2.466667	1	-0.039500
2.483333	1	-0.039000
2.500000	1	-0.038625
2.516667	1	-0.038375
2.533333	1	-0.038375
2.550000	1	-0.038250
2.566667	1	-0.038000
2.583333	1	-0.037625
2.600000	1	-0.036750
2.616667	1	-0.036375
2.633333	1	-0.035625
2.650000	1	-0.035250
2.666667	1	-0.034750
2.683333	1	-0.034250
2.700000	1	-0.033125
2.716667	1	-0.032250
2.733333	1	-0.031750
2.750000	1	-0.031625
2.766667	1	-0.030500
2.783333	1	-0.029375
2.800000	1	-0.028375
2.816667	1	-0.027750
2.833333	1	-0.027000
2.850000	1	-0.025500
2.866667	1	-0.024875
2.883333	1	-0.024500
2.900000	1	-0.023625
2.916667	1	-0.022375
2.933333	1	-0.021125
2.950000	1	-0.020000
2.966667	1	-0.019250
2.983333	1	-0.018375
3.000000	1	-0.016875
3.016667	1	-0.016125
3.033333	1	-0.016500
3.050000	1	-0.015875
3.066667	1	-0.015250
3.083333	1	-0.014750
3.100000	1	-0.015000
3.116667	1	-0.014125
3.133333	1	-0.013875
3.150000	1	-0.012875
3.166667	1	-0.012500
3.183333	1	-0.013000
3.200000	1	-0.012625
3.216667	1	-0.012125
3.233333	1	-0.012000
3.250000	1	-0.012125
3.266667	1	-0.012000
3.283333	1	-0.012000
3.300000	1	-0.012375
3.316667	1	-0.012000
3.333333	1	-0.011875
3.350000	1	-0.011750
3.366667	1	-0.011375
3.383333	1	-0.011250
3.400000	1	-0.011375
3.416667	1	-0.010875
3.433333	1	-0.010625
3.450000	1	-0.010375
3.466667	1	-0.010625
3.483333	1	-0.010625
3.500000	1	-0.010625
3.516667	1	-0.010625
3.533333	1	-0.010500
3.550000	1	-0.010625
3.566667	1	-0.010875
3.583333	1	-0.011750
3.600000	1	-0.011625
3.616667	1	-0.012750
3.633333	1	-0.012875
3.650000	1	-0.013375
3.666667	1	-0.014000
3.683333	1	-0.014500
3.700000	1	-0.015375
3.716667	1	-0.015500
3.733333	1	-0.016125
3.750000	1	-0.017000
3.766667	1	-0.018125
3.783333	1	-0.018625
3.800000	1	-0.019250
3.816667	1	-0.020125
3.833333	1	-0.020500
3.850000	1	-0.021125
3.866667	1	-0.021875
3.883333	1	-0.022000
3.900000	1	-0.022875
3.916667	1	-0.023500
3.933333	1	-0.024375
3.950000	1	-0.025375
3.966667	1	-0.026125
3.983333	1	-0.026875
4.000000	1	-0.027125
4.016667	1	-0.027500
4.033333	1	-0.028375
4.050000	1	-0.028875
4.066667	1	-0.029250
4.083333	1	-0.030000
4.100000	1	-0.030250
4.116667	1	-0.030375
4.133333	1	-0.031000
4.150000	1	-0.031000
4.166667	1	-0.030875
4.183333	1	-0.031625
4.200000	1	-0.032250
4.216667	1	-0.033250
4.233333	1	-0.033500
4.250000	1	-0.033875
4.266667	1	-0.034750
4.283333	1	-0.035375
4.300000	1	-0.035625
4.316667	1	-0.037000
4.333333	1	-0.037625
4.350000	1	-0.038375
4.366667	1	-0.038250
4.383333	1	-0.038500
4.400000	1	-0.038625
4.416667	1	-0.038750
4.433333	1	-0.038625
4.450000	1	-0.038750
4.466667	1	-0.038750
4.483333	1	-0.038875
4.500000	1	-0.038000
4.516667	1	-0.037375
4.533333	1	-0.036875
4.550000	1	-0.036250
4.566667	1	-0.035500
4.583333	1	-0.034375
4.600000	1	-0.033000
4.616667	1	-0.032000
4.633333	1	-0.030375
4.650000	1	-0.028875
4.666667	1	-0.026500
4.683333	1	-0.025375
4.700000	1	-0.023375
4.716667	1	-0.020875
4.733333	1	-0.018750
4.750000	1	-0.016625
4.766667	1	-0.014125
4.783333	1	-0.011500
4.800000	1	-0.008875
4.816667	1	-0.006500
4.833333	1	-0.003750
4.850000	1	-0.000750
4.866667	1	0.001625
4.883333	1	0.003500
4.900000	1	0.006125
4.916667	1	0.009000
4.933333	1	0.011750
4.950000	1	0.014875
4.966667	1	0.017750
4.983333	1	0.021250
5.000000	1	0.023750
5.016667	1	0.026500
5.033333	1	0.029375
5.050000	1	0.032000
5.066667	1	0.034875
5.083333	1	0.037750
5.100000	1	0.040875
5.116667	1	0.044000
5.133333	1	0.046875
5.150000	1	0.049750
5.166667	1	0.052375
5.183333	1	0.055125
5.200000	1	0.057375
5.216667	1	0.060500
5.233333	1	0.062000
5.250000	1	0.064375
5.266667	1	0.066250
5.283333	1	0.068375
5.300000	1	0.069875
5.316667	1	0.072000
5.333333	1	0.073750
5.350000	1	0.075000
5.366667	1	0.076500
5.383333	1	0.078500
5.400000	1	0.079625
5.416667	1	0.080375
5.433333	1	0.081250
5.450000	1	0.082000
5.466667	1	0.082250
5.483333	1	0.082750
5.500000	1	0.083250
5.516667	1	0.083500
5.533333	1	0.083375
5.550000	1	0.083375
5.566667	1	0.082875
5.583333	1	0.081625
5.600000	1	0.081375
5.616667	1	0.081000
5.633333	1	0.080000
5.650000	1	0.078875
5.666667	1	0.077500
5.683333	1	0.075750
5.700000	1	0.073750
5.716667	1	0.072125
5.733333	1	0.070375
5.750000	1	0.068875
5.766667	1	0.067375
5.783333	1	0.065625
5.800000	1	0.063875
5.816667	1	0.062000
5.833333	1	0.060125
5.850000	1	0.058000
5.866667	1	0.055625
5.883333	1	0.054375
5.900000	1	0.052750
5.916667	1	0.050625
5.933333	1	0.048875
5.950000	1	0.046750
5.966667	1	0.045250
5.983333	1	0.043250
6.000000	1	0.041875
6.016667	1	0.040500
6.033333	1	0.039125
6.050000	1	0.037125
6.066667	1	0.035750
6.083333	1	0.034750
6.100000	1	0.034375
6.116667	1	0.032875
6.133333	1	0.032750
6.150000	1	0.032750
6.166667	1	0.031625
6.183333	1	0.030500
6.200000	1	0.030500
6.216667	1	0.030250
6.233333	1	0.029875
6.250000	1	0.029875
6.266667	1	0.030250
6.283333	1	0.030750
6.300000	1	0.031250
6.316667	1	0.032000
6.333333	1	0.033250
6.350000	1	0.034625
6.366667	1	0.035500
6.383333	1	0.036250
6.400000	1	0.037375
6.416667	1	0.038750
6.433333	1	0.039500
6.450000	1	0.040750
6.466667	1	0.042125
6.483333	1	0.044000
6.500000	1	0.046625
6.516667	1	0.048875
6.533333	1	0.050250
6.550000	1	0.052375
6.566667	1	0.054375
6.583333	1	0.056625
6.600000	1	0.059250
6.616667	1	0.061125
6.633333	1	0.062875
6.650000	1	0.064875
6.666667	1	0.066250
6.683333	1	0.068750
6.700000	1	0.070500
6.716667	1	0.073000
6.733333	1	0.075500
6.750000	1	0.077375
6.766667	1	0.079500
6.783333	1	0.081125
6.800000	1	0.083500
6.816667	1	0.084250
6.833333	1	0.085750
6.850000	1	0.086375
6.866667	1	0.087625
6.883333	1	0.088875
6.900000	1	0.089250
6.916667	1	0.089500
6.933333	1	0.089750
6.950000	1	0.090000
6.966667	1	0.089750
6.983333	1	0.090000
7.000000	1	0.089625
7.016667	1	0.088625
7.033333	1	0.088125
7.050000	1	0.086250
7.066667	1	0.084750
7.083333	1	0.083375
7.100000	1	0.081750
7.116667	1	0.079875
7.133333	1	0.078250
7.150000	1	0.076625
7.166667	1	0.074125
7.183333	1	0.071875
7.200000	1	0.069625
7.216667	1	0.067500
7.233333	1	0.065500
7.250000	1	0.062625
7.266667	1	0.059875
7.283333	1	0.057250
7.300000	1	0.054750
7.316667	1	0.051875
7.333333	1	0.048500
7.350000	1	0.046125
7.366667	1	0.043250
7.383333	1	0.040625
7.400000	1	0.037375
7.416667	1	0.035125
7.433333	1	0.032000
7.450000	1	0.029000
7.466667	1	0.026375
7.483333	1	0.024000
7.500000	1	0.020250
7.516667	1	0.017375
7.533333	1	0.014250
7.550000	1	0.011875
7.566667	1	0.009375
7.583333	1	0.006625
7.600000	1	0.004125
7.616667	1	0.001500
7.633333	1	-0.000875
7.650000	1	-0.003500
7.666667	1	-0.005625
7.683333	1	-0.007875
7.700000	1	-0.008875
7.716667	1	-0.011250
7.733333	1	-0.013000
7.750000	1	-0.014875
7.766667	1	-0.016000
7.783333	1	-0.017125
7.800000	1	-0.017875
7.816667	1	-0.018750
7.833333	1	-0.020375
7.850000	1	-0.020500
7.866667	1	-0.020875
7.883333	1	-0.021500
7.900000	1	-0.021750
7.916667	1	-0.021750
7.933333	1	-0.021500
7.950000	1	-0.021375
7.966667	1	-0.021375
7.983333	1	-0.021250
8.000000	1	-0.021125
8.016667	1	-0.020250
8.033333	1	-0.019750
8.050000	1	-0.019375
8.066667	1	-0.019000
8.083333	1	-0.018250
8.100000	1	-0.017000
8.116667	1	-0.016250
8.133333	1	-0.016250
8.150000	1	-0.015250
8.166667	1	-0.014375
8.183333	1	-0.013250
8.200000	1	-0.012500
8.216667	1	-0.011875
8.233333	1	-0.011125
8.250000	1	-0.010875
8.266667	1	-0.010125
8.283333	1	-0.009625
8.300000	1	-0.008250
8.316667	1	-0.007625
8.333333	1	-0.007000
8.350000	1	-0.006250
8.366667	1	-0.005875
8.383333	1	-0.005250
8.400000	1	-0.004125
8.416667	1	-0.003125
8.433333	1	-0.002000
8.450000	1	-0.000500
8.466667	1	0.000125
8.483333	1	0.001250
8.500000	1	0.002375
8.516667	1	0.003125
8.533333	1	0.004125
8.550000	1	0.005375
8.566667	1	0.006375
8.583333	1	0.007750
8.600000	1	0.008875
8.616667	1	0.010250
8.633333	1	0.011500
8.650000	1	0.013250
8.666667	1	0.015125
8.683333	1	0.016625
8.700000	1	0.018500
8.716667	1	0.020000
8.733333	1	0.021625
8.750000	1	0.022875
8.766667	1	0.024500
8.783333	1	0.025500
8.800000	1	0.026125
8.816667	1	0.027375
8.833333	1	0.029000
8.850000	1	0.030875
8.866667	1	0.031000
8.883333	1	0.031750
8.900000	1	0.032875
8.916667	1	0.034250
8.933333	1	0.035250
8.950000	1	0.035500
8.966667	1	0.036125
8.983333	1	0.036750
9.000000	1	0.037375
9.016667	1	0.038375
9.033333	1	0.038625
9.050000	1	0.039125
9.066667	1	0.040000
9.083333	1	0.039875
9.100000	1	0.039875
9.116667	1	0.038875
9.133333	1	0.039125
9.150000	1	0.038875
9.166667	1	0.038875
9.183333	1	0.038125
9.200000	1	0.037750
9.216667	1	0.037000
9.233333	1	0.037125
9.250000	1	0.036750
9.266667	1	0.036000
9.283333	1	0.035375
9.300000	1	0.034625
9.316667	1	0.033625
9.333333	1	0.034125
9.350000	1	0.034750
9.366667	1	0.034875
9.383333	1	0.035625
9.400000	1	0.037000
9.416667	1	0.038250
9.433333	1	0.040250
9.450000	1	0.043000
9.466667	1	0.046250
9.483333	1	0.050500
9.500000	1	0.055125
9.516667	1	0.060250
9.533333	1	0.066875
9.550000	1	0.074875
9.566667	1	0.084625
9.583333	1	0.095375
9.600000	1	0.108125
9.616667	1	0.122250
9.633333	1	0.138125
9.650000	1	0.156000
9.666667	1	0.175500
9.683333	1	0.197375
9.700000	1	0.220500
9.716667	1	0.245375
9.733333	1	0.270000
9.750000	1	0.293750
9.766667	1	0.315750
9.783333	1	0.334375
9.800000	1	0.349250
9.816667	1	0.359500
9.833333	1	0.364625
9.850000	1	0.363875
9.866667	1	0.354875
9.883333	1	0.336875
9.900000	1	0.315250
9.916667	1	0.302875
9.933333	1	0.326375
9.950000	1	0.429750
9.966667	1	0.667750
9.983333	1	1.101125
10.000000	1	1.789625
10.016667	1	2.785000
10.033333	1	4.127500
10.050000	1	5.842125
10.066667	1	7.942375
10.083333	1	10.426375
10.100000	1	13.280875
10.116667	1	16.478125
10.133333	1	19.972625
10.150000	1	23.696875
10.166667	1	27.562125
10.183333	1	31.444500
10.200000	1	35.192750
10.216667	1	38.623250
10.233333	1	41.525500
10.250000	1	43.687125
10.266667	1	44.930125
10.283333	1	45.140625
10.300000	1	44.298500
10.316667	1	42.488250
10.333333	1	39.884875
10.350000	1	36.721750
10.366667	1	33.251250
10.383333	1	29.705875
10.400000	1	26.267875
10.416667	1	23.065500
10.433333	1	20.172250
10.450000	1	17.616875
10.466667	1	15.392750
10.483333	1	13.474625
10.500000	1	11.828125
10.516667	1	10.414125
10.533333	1	9.199125
10.550000	1	8.152375
10.566667	1	7.248250
10.583333	1	6.468250
10.600000	1	5.795000
10.616667	1	5.215500
10.633333	1	4.717750
10.650000	1	4.291250
10.666667	1	3.925500
10.683333	1	3.611375
10.700000	1	3.340125
10.716667	1	3.106000
10.733333	1	2.902000
10.750000	1	2.722750
10.766667	1	2.563625
10.783333	1	2.422500
10.800000	1	2.295375
10.816667	1	2.180750
10.833333	1	2.077250
10.850000	1	1.982250
10.866667	1	1.896125
10.883333	1	1.817250
10.900000	1	1.745375
10.916667	1	1.679250
10.933333	1	1.618250
10.950000	1	1.561875
10.966667	1	1.509375
10.983333	1	1.461000
11.000000	1	1.416625
11.016667	1	1.374750
11.033333	1	1.336375
11.050000	1	1.300625
11.066667	1	1.266750
11.083333	1	1.235250
11.100000	1	1.206000
11.116667	1	1.178750
11.133333	1	1.153250
11.150000	1	1.129125
11.166667	1	1.107125
11.183333	1	1.086250
11.200000	1	1.067125
11.216667	1	1.048625
11.233333	1	1.031250
11.250000	1	1.015500
11.266667	1	0.999375
11.283333	1	0.984500
11.300000	1	0.969500
11.316667	1	0.955750
11.333333	1	0.942875
11.350000	1	0.929625
11.366667	1	0.917250
11.383333	1	0.905750
11.400000	1	0.895125
11.416667	1	0.884500
11.433333	1	0.875250
11.450000	1	0.867125
11.466667	1	0.859500
11.483333	1	0.852750
11.500000	1	0.847375
11.516667	1	0.842250
11.533333	1	0.838000
11.550000	1	0.835000
11.566667	1	0.832875
11.583333	1	0.831250
11.600000	1	0.830375
11.616667	1	0.830250
11.633333	1	0.830125
11.650000	1	0.830125
11.666667	1	0.829750
11.683333	1	0.830125
11.700000	1	0.829875
11.716667	1	0.829875
11.733333	1	0.829250
11.750000	1	0.828875
11.766667	1	0.829000
11.783333	1	0.828875
11.800000	1	0.828875
11.816667	1	0.830375
11.833333	1	0.832000
11.850000	1	0.835500
11.866667	1	0.839625
11.883333	1	0.845125
11.900000	1	0.852750
11.916667	1	0.861875
11.933333	1	0.873625
11.950000	1	0.887750
11.966667	1	0.904375
11.983333	1	0.923875
12.000000	1	0.946125
12.016667	1	0.972375
12.033333	1	1.001625
12.050000	1	1.035875
12.066667	1	1.075375
12.083333	1	1.121875
12.100000	1	1.176750
12.116667	1	1.241500
12.133333	1	1.318875
12.150000	1	1.411375
12.166667	1	1.520625
12.183333	1	1.649000
12.200000	1	1.798625
12.216667	1	1.971125
12.233333	1	2.167375
12.250000	1	2.389500
12.266667	1	2.637875
12.283333	1	2.914250
12.300000	1	3.219750
12.316667	1	3.557125
12.333333	1	3.928125
12.350000	1	4.335750
12.366667	1	4.783250
12.383333	1	5.271500
12.400000	1	5.802125
12.416667	1	6.372625
12.433333	1	6.978625
12.450000	1	7.610375
12.466667	1	8.257625
12.483333	1	8.902125
12.500000	1	9.523375
12.516667	1	10.096500
12.533333	1	10.598375
12.550000	1	11.009750
12.566667	1	11.317500
12.583333	1	11.517875
12.600000	1	11.615625
12.616667	1	11.621750
12.633333	1	11.548750
12.650000	1	11.412125
12.666667	1	11.226125
12.683333	1	11.001875
12.700000	1	10.751250
12.716667	1	10.481500
12.733333	1	10.199000
12.750000	1	9.909750
12.766667	1	9.618375
12.783333	1	9.329000
12.800000	1	9.045500
12.816667	1	8.768000
12.833333	1	8.498750
12.850000	1	8.237375
12.866667	1	7.982875
12.883333	1	7.734250
12.900000	1	7.490375
12.916667	1	7.249625
12.933333	1	7.010625
12.950000	1	6.770875
12.966667	1	6.529750
12.983333	1	6.284625
13.000000	1	6.033000
13.016667	1	5.773000
13.033333	1	5.501500
13.050000	1	5.216000
13.066667	1	4.913000
13.083333	1	4.589000
13.100000	1	4.241625
13.116667	1	3.870000
13.133333	1	3.482500
13.150000	1	3.089250
13.166667	1	2.711500
13.183333	1	2.369750
13.200000	1	2.077750
13.216667	1	1.838750
13.233333	1	1.648750
13.250000	1	1.498375
13.266667	1	1.377875
13.283333	1	1.280000
13.300000	1	1.199625
13.316667	1	1.132125
13.333333	1	1.074750
13.350000	1	1.026125
13.366667	1	0.982500
13.383333	1	0.944500
13.400000	1	0.910250
13.416667	1	0.879750
13.433333	1	0.852125
13.450000	1	0.827625
13.466667	1	0.806125
13.483333	1	0.786875
13.500000	1	0.770500
13.516667	1	0.756125
13.533333	1	0.744125
13.550000	1	0.734375
13.566667	1	0.726750
13.583333	1	0.721375
13.600000	1	0.717375
13.616667	1	0.714500
13.633333	1	0.711875
13.650000	1	0.710250
13.666667	1	0.708000
13.683333	1	0.705000
13.700000	1	0.700625
13.716667	1	0.696375
13.733333	1	0.690000
13.750000	1	0.682250
13.766667	1	0.673250
13.783333	1	0.663125
13.800000	1	0.652500
13.816667	1	0.640125
13.833333	1	0.627500
13.850000	1	0.614250
13.866667	1	0.600875
13.883333	1	0.587625
13.900000	1	0.573875
13.916667	1	0.561125
13.933333	1	0.548000
13.950000	1	0.536250
13.966667	1	0.524625
13.983333	1	0.513875
14.000000	1	0.504000
14.016667	1	0.495000
14.033333	1	0.487250
14.050000	1	0.480125
14.066667	1	0.474500
14.083333	1	0.469375
14.100000	1	0.465625
14.116667	1	0.463125
14.133333	1	0.462250
14.150000	1	0.463375
14.166667	1	0.466875
14.183333	1	0.473250
14.200000	1	0.481250
14.216667	1	0.492625
14.233333	1	0.508125
14.250000	1	0.528625
14.266667	1	0.554875
14.283333	1	0.587625
14.300000	1	0.626500
14.316667	1	0.675500
14.333333	1	0.734250
14.350000	1	0.805000
14.366667	1	0.888375
14.383333	1	0.986250
14.400000	1	1.100375
14.416667	1	1.233500
14.433333	1	1.386000
14.450000	1	1.561125
14.466667	1	1.761250
14.483333	1	1.989250
14.500000	1	2.249000
14.516667	1	2.544000
14.533333	1	2.880625
14.550000	1	3.264125
14.566667	1	3.704500
14.583333	1	4.211625
14.600000	1	4.801625
14.616667	1	5.495875
14.633333	1	6.320000
14.650000	1	7.305750
14.666667	1	8.490000
14.683333	1	9.914750
14.700000	1	11.624625
14.716667	1	13.660875
14.733333	1	16.057375
14.750000	1	18.836625
14.766667	1	22.001500
14.783333	1	25.531500
14.800000	1	29.380125
14.816667	1	33.476875
14.833333	1	37.722375
14.850000	1	41.996875
14.866667	1	46.161625
14.883333	1	50.069125
14.900000	1	53.570875
14.916667	1	56.534250
14.933333	1	58.850125
14.950000	1	60.440375
14.966667	1	61.263875
14.983333	1	61.316750
15.000000	1	60.629750
15.016667	1	59.260875
15.033333	1	57.289500
15.050000	1	54.811375
15.066667	1	51.932250
15.083333	1	48.761250
15.100000	1	45.405000
15.116667	1	41.959875
15.133333	1	38.507625
15.150000	1	35.118125
15.166667	1	31.844875
15.183333	1	28.734000
15.200000	1	25.812875
15.216667	1	23.098000
15.233333	1	20.599125
15.250000	1	18.317375
15.266667	1	16.249875
15.283333	1	14.389125
15.300000	1	12.725000
15.316667	1	11.244875
15.333333	1	9.934375
15.350000	1	8.779000
15.366667	1	7.767000
15.383333	1	6.883500
15.400000	1	6.114750
15.416667	1	5.447500
15.433333	1	4.869625
15.450000	1	4.371500
15.466667	1	3.942750
15.483333	1	3.575500
15.500000	1	3.263000
15.516667	1	2.997500
15.533333	1	2.772625
15.550000	1	2.580750
15.566667	1	2.419625
15.583333	1	2.282750
15.600000	1	2.165500
15.616667	1	2.063625
15.633333	1	1.974750
15.650000	1	1.895125
15.666667	1	1.822125
15.683333	1	1.752750
15.700000	1	1.687125
15.716667	1	1.623875
15.733333	1	1.561500
15.750000	1	1.500875
15.766667	1	1.441625
15.783333	1	1.384375
15.800000	1	1.328125
15.816667	1	1.273625
15.833333	1	1.221250
15.850000	1	1.171875
15.866667	1	1.125000
15.883333	1	1.080625
15.900000	1	1.039250
15.916667	1	1.000500
15.933333	1	0.965250
15.950000	1	0.931875
15.966667	1	0.901000
15.983333	1	0.873750
16.000000	1	0.848625
16.016667	1	0.826500
16.033333	1	0.806000
16.050000	1	0.788000
16.066667	1	0.772375
16.083333	1	0.758625
16.100000	1	0.747000
16.116667	1	0.737000
16.133333	1	0.728875
16.150000	1	0.722750
16.166667	1	0.717625
16.183333	1	0.713625
16.200000	1	0.710125
16.216667	1	0.707125
16.233333	1	0.704875
16.250000	1	0.702375
16.266667	1	0.699625
16.283333	1	0.697125
16.300000	1	0.694125
16.316667	1	0.690750
16.333333	1	0.687375
16.350000	1	0.684375
16.366667	1	0.680875
16.383333	1	0.677750
16.400000	1	0.674750
16.416667	1	0.672375
16.433333	1	0.670000
16.450000	1	0.668250
16.466667	1	0.667250
16.483333	1	0.666375
16.500000	1	0.666500
16.516667	1	0.666625
16.533333	1	0.667250
16.550000	1	0.669375
16.566667	1	0.671750
16.583333	1	0.674250
16.600000	1	0.677000
16.616667	1	0.680375
16.633333	1	0.685250
16.650000	1	0.689875
16.666667	1	0.694250
16.683333	1	0.699250
16.700000	1	0.704625
16.716667	1	0.710125
16.733333	1	0.715125
16.750000	1	0.719875
16.766667	1	0.724500
16.783333	1	0.728625
16.800000	1	0.731625
16.816667	1	0.734625
16.833333	1	0.736000
16.850000	1	0.736875
16.866667	1	0.737250
16.883333	1	0.736750
16.900000	1	0.736000
16.916667	1	0.734000
16.933333	1	0.732250
16.950000	1	0.731000
16.966667	1	0.730500
16.983333	1	0.730500
17.000000	1	0.731250
17.016667	1	0.732250
17.033333	1	0.734000
17.050000	1	0.735875
17.066667	1	0.738000
17.083333	1	0.739875
17.100000	1	0.741625
17.116667	1	0.742875
17.133333	1	0.744000
17.150000	1	0.743875
17.166667	1	0.743250
17.183333	1	0.740750
17.200000	1	0.737000
17.216667	1	0.732625
17.233333	1	0.726750
17.250000	1	0.720000
17.266667	1	0.713000
17.283333	1	0.705500
17.300000	1	0.697125
17.316667	1	0.688750
17.333333	1	0.679250
17.350000	1	0.671000
17.366667	1	0.663000
17.383333	1	0.655625
17.400000	1	0.649000
17.416667	1	0.642375
17.433333	1	0.636375
17.450000	1	0.630625
17.466667	1	0.626875
17.483333	1	0.624125
17.500000	1	0.622875
17.516667	1	0.622750
17.533333	1	0.624375
17.550000	1	0.626875
17.566667	1	0.630750
17.583333	1	0.637000
17.600000	1	0.644250
17.616667	1	0.653000
17.633333	1	0.663125
17.650000	1	0.673750
17.666667	1	0.684500
17.683333	1	0.696625
17.700000	1	0.710125
17.716667	1	0.723875
17.733333	1	0.737750
17.750000	1	0.751875
17.766667	1	0.765250
17.783333	1	0.779250
17.800000	1	0.791625
17.816667	1	0.803125
17.833333	1	0.813750
17.850000	1	0.823000
17.866667	1	0.830250
17.883333	1	0.835375
17.900000	1	0.838250
17.916667	1	0.839125
17.933333	1	0.838125
17.950000	1	0.834500
17.966667	1	0.829500
17.983333	1	0.822750
18.000000	1	0.813750
18.016667	1	0.803875
18.033333	1	0.792125
18.050000	1	0.779500
18.066667	1	0.766000
18.083333	1	0.752000
18.100000	1	0.737750
18.116667	1	0.723000
18.133333	1	0.708250
18.150000	1	0.694000
18.166667	1	0.680000
18.183333	1	0.666500
18.200000	1	0.653875
18.216667	1	0.640875
18.233333	1	0.629125
18.250000	1	0.618125
18.266667	1	0.607500
18.283333	1	0.598250
18.300000	1	0.589875
18.316667	1	0.582625
18.333333	1	0.576375
18.350000	1	0.571375
18.366667	1	0.567125
18.383333	1	0.563875
18.400000	1	0.561125
18.416667	1	0.559375
18.433333	1	0.558875
18.450000	1	0.558000
18.466667	1	0.557250
18.483333	1	0.557125
18.500000	1	0.558000
18.516667	1	0.558875
18.533333	1	0.560625
18.550000	1	0.562375
18.566667	1	0.564625
18.583333	1	0.567250
18.600000	1	0.570375
18.616667	1	0.574000
18.633333	1	0.578000
18.650000	1	0.582000
18.666667	1	0.586375
18.683333	1	0.591250
18.700000	1	0.597000
18.716667	1	0.602875
18.733333	1	0.610500
18.750000	1	0.617750
18.766667	1	0.625375
18.783333	1	0.633125
18.800000	1	0.641375
18.816667	1	0.650000
18.833333	1	0.658250
18.850000	1	0.667875
18.866667	1	0.678125
18.883333	1	0.690375
18.900000	1	0.702500
18.916667	1	0.715250
18.933333	1	0.730625
18.950000	1	0.748375
18.966667	1	0.767375
18.983333	1	0.788625
19.000000	1	0.811875
19.016667	1	0.836875
19.033333	1	0.864875
19.050000	1	0.896125
19.066667	1	0.929500
19.083333	1	0.964750
19.100000	1	1.001375
19.116667	1	1.039000
19.133333	1	1.076875
19.150000	1	1.114125
19.166667	1	1.150625
19.183333	1	1.184750
19.200000	1	1.216125
19.216667	1	1.243000
19.233333	1	1.266125
19.250000	1	1.284250
19.266667	1	1.296125
19.283333	1	1.302375
19.300000	1	1.302625
19.316667	1	1.297250
19.333333	1	1.285125
19.350000	1	1.267875
19.366667	1	1.246375
19.383333	1	1.219000
19.400000	1	1.188000
19.416667	1	1.152750
19.433333	1	1.114750
19.450000	1	1.074625
19.466667	1	1.034250
19.483333	1	0.992000
19.500000	1	0.949750
19.516667	1	0.907875
19.533333	1	0.867375
19.550000	1	0.828125
19.566667	1	0.791000
19.583333	1	0.756125
19.600000	1	0.723750
19.616667	1	0.694125
19.633333	1	0.667250
19.650000	1	0.643375
19.666667	1	0.622125
19.683333	1	0.605875
19.700000	1	0.592125
19.716667	1	0.581500
19.733333	1	0.574750
19.750000	1	0.571000
19.766667	1	0.571125
19.783333	1	0.574500
19.800000	1	0.580625
19.816667	1	0.590375
19.833333	1	0.602000
19.850000	1	0.615625
19.866667	1	0.631125
19.883333	1	0.647625
19.900000	1	0.665250
19.916667	1	0.682750
19.933333	1	0.700875
19.950000	1	0.717875
19.966667	1	0.734125
19.983333	1	0.749125
20.000000	1	0.762000
20.016667	1	0.774250
20.033333	1	0.783625
20.050000	1	0.792000
20.066667	1	0.799000
20.083333	1	0.803875
20.100000	1	0.808625
20.116667	1	0.811750
20.133333	1	0.814125
20.150000	1	0.816750
20.166667	1	0.819500
20.183333	1	0.821750
20.200000	1	0.825125
20.216667	1	0.829625
20.233333	1	0.835000
20.250000	1	0.843000
20.266667	1	0.852750
20.283333	1	0.864375
20.300000	1	0.878250
20.316667	1	0.893875
20.333333	1	0.910000
20.350000	1	0.928750
20.366667	1	0.948250
20.383333	1	0.968625
20.400000	1	0.988875
20.416667	1	1.008625
20.433333	1	1.028250
20.450000	1	1.045750
20.466667	1	1.061250
20.483333	1	1.074750
20.500000	1	1.085875
20.516667	1	1.095000
20.533333	1	1.101875
20.550000	1	1.106250
20.566667	1	1.110000
20.583333	1	1.112000
20.600000	1	1.113875
20.616667	1	1.116250
20.633333	1	1.119875
20.650000	1	1.126375
20.666667	1	1.137000
20.683333	1	1.152500
20.700000	1	1.174125
20.716667	1	1.202375
20.733333	1	1.239000
20.750000	1	1.284125
20.766667	1	1.336500
20.783333	1	1.398625
20.800000	1	1.467875
20.816667	1	1.544125
20.833333	1	1.626125
20.850000	1	1.710875
20.866667	1	1.797375
20.883333	1	1.882375
20.900000	1	1.963125
20.916667	1	2.037250
20.933333	1	2.102375
20.950000	1	2.155375
20.966667	1	2.195625
20.983333	1	2.221625
21.000000	1	2.231625
21.016667	1	2.225000
21.033333	1	2.202875
21.050000	1	2.165375
21.066667	1	2.114125
21.083333	1	2.050500
21.100000	1	1.976750
21.116667	1	1.894500
21.133333	1	1.805375
21.150000	1	1.711625
21.166667	1	1.615375
21.183333	1	1.517375
21.200000	1	1.420375
21.216667	1	1.325625
21.233333	1	1.234000
21.250000	1	1.145625
21.266667	1	1.062125
21.283333	1	0.984375
21.300000	1	0.912125
21.316667	1	0.844875
21.333333	1	0.783125
21.350000	1	0.726500
21.366667	1	0.675500
21.383333	1	0.629000
21.400000	1	0.586750
21.416667	1	0.549000
21.433333	1	0.515250
21.450000	1	0.486000
21.466667	1	0.459750
21.483333	1	0.436250
21.500000	1	0.415250
21.516667	1	0.396625
21.533333	1	0.380375
21.550000	1	0.366000
21.566667	1	0.353250
21.583333	1	0.341375
21.600000	1	0.330750
21.616667	1	0.322000
21.633333	1	0.314000
21.650000	1	0.307000
21.666667	1	0.299750
21.683333	1	0.293875
21.700000	1	0.288250
21.716667	1	0.283750
21.733333	1	0.279750
21.750000	1	0.275500
21.766667	1	0.272500
21.783333	1	0.269875
21.800000	1	0.267625
21.816667	1	0.265500
21.833333	1	0.263625
21.850000	1	0.263625
21.866667	1	0.263625
21.883333	1	0.263750
21.900000	1	0.263875
21.916667	1	0.265000
21.933333	1	0.265500
21.950000	1	0.266500
21.966667	1	0.267500
21.983333	1	0.269000
22.000000	1	0.270000
22.016667	1	0.271125
22.033333	1	0.271750
22.050000	1	0.272250
22.066667	1	0.273000
22.083333	1	0.273250
22.100000	1	0.272750
22.116667	1	0.271750
22.133333	1	0.270625
22.150000	1	0.269750
22.166667	1	0.268875
22.183333	1	0.267625
22.200000	1	0.266375
22.216667	1	0.265125
22.233333	1	0.263750
22.250000	1	0.263125
22.266667	1	0.263000
22.283333	1	0.263375
22.300000	1	0.264250
22.316667	1	0.265375
22.333333	1	0.266875
22.350000	1	0.269000
22.366667	1	0.271125
22.383333	1	0.274250
22.400000	1	0.277250
22.416667	1	0.280750
22.433333	1	0.285125
22.450000	1	0.290375
22.466667	1	0.294875
22.483333	1	0.299875
22.500000	1	0.305750
22.516667	1	0.311750
22.533333	1	0.317875
22.550000	1	0.323125
22.566667	1	0.328125
22.583333	1	0.332875
22.600000	1	0.337625
22.616667	1	0.341250
22.633333	1	0.346250
22.650000	1	0.350125
22.666667	1	0.353500
22.683333	1	0.356625
22.700000	1	0.359250
22.716667	1	0.361500
22.733333	1	0.362875
22.750000	1	0.363750
22.766667	1	0.363875
22.783333	1	0.363000
22.800000	1	0.361625
22.816667	1	0.359625
22.833333	1	0.357125
22.850000	1	0.354125
22.866667	1	0.350875
22.883333	1	0.347125
22.900000	1	0.343250
22.916667	1	0.339750
22.933333	1	0.335750
22.950000	1	0.331375
22.966667	1	0.327000
22.983333	1	0.322625
23.000000	1	0.318875
23.016667	1	0.315250
23.033333	1	0.312000
23.050000	1	0.309000
23.066667	1	0.307500
23.083333	1	0.306000
23.100000	1	0.305500
23.116667	1	0.307000
23.133333	1	0.308750
23.150000	1	0.311125
23.166667	1	0.315125
23.183333	1	0.320375
23.200000	1	0.327250
23.216667	1	0.335250
23.233333	1	0.344250
23.250000	1	0.354875
23.266667	1	0.366750
23.283333	1	0.380875
23.300000	1	0.397125
23.316667	1	0.415125
23.333333	1	0.434875
23.350000	1	0.457125
23.366667	1	0.481000
23.383333	1	0.507625
23.400000	1	0.537750
23.416667	1	0.570750
23.433333	1	0.606250
23.450000	1	0.647000
23.466667	1	0.692000
23.483333	1	0.741250
23.500000	1	0.796875
23.516667	1	0.858625
23.533333	1	0.927375
23.550000	1	1.005250
23.566667	1	1.090625
23.583333	1	1.186375
23.600000	1	1.293000
23.616667	1	1.412000
23.633333	1	1.542500
23.650000	1	1.685750
23.666667	1	1.841750
23.683333	1	2.009875
23.700000	1	2.189750
23.716667	1	2.380875
23.733333	1	2.580375
23.750000	1	2.786125
23.766667	1	2.996000
23.783333	1	3.206875
23.800000	1	3.414250
23.816667	1	3.616625
23.833333	1	3.808375
23.850000	1	3.985375
23.866667	1	4.144125
23.883333	1	4.282375
23.900000	1	4.395750
23.916667	1	4.482125
23.933333	1	4.541500
23.950000	1	4.572375
23.966667	1	4.572875
23.983333	1	4.544750
24.000000	1	4.488250
24.016667	1	4.405500
24.033333	1	4.298625
24.050000	1	4.170625
24.066667	1	4.023875
24.083333	1	3.863375
24.100000	1	3.689750
24.116667	1	3.506875
24.133333	1	3.318000
24.150000	1	3.125750
24.166667	1	2.933750
24.183333	1	2.744125
24.200000	1	2.559375
24.216667	1	2.380250
24.233333	1	2.209125
24.250000	1	2.047500
24.266667	1	1.894625
24.283333	1	1.752375
24.300000	1	1.621000
24.316667	1	1.499750
24.333333	1	1.388250
24.350000	1	1.286875
24.366667	1	1.195250
24.383333	1	1.113000
24.400000	1	1.038875
24.416667	1	0.972875
24.433333	1	0.913250
24.450000	1	0.861000
24.466667	1	0.814000
24.483333	1	0.771875
24.500000	1	0.734125
24.516667	1	0.700875
24.533333	1	0.669875
24.550000	1	0.641125
24.566667	1	0.614875
24.583333	1	0.590625
24.600000	1	0.567500
24.616667	1	0.546375
24.633333	1	0.525000
24.650000	1	0.504875
24.666667	1	0.485875
24.683333	1	0.466625
24.700000	1	0.448000
24.716667	1	0.430250
24.733333	1	0.412125
24.750000	1	0.394000
24.766667	1	0.376500
24.783333	1	0.358625
24.800000	1	0.341750
24.816667	1	0.325250
24.833333	1	0.309500
24.850000	1	0.294250
24.866667	1	0.279750
24.883333	1	0.265125
24.900000	1	0.251500
24.916667	1	0.239125
24.933333	1	0.226375
24.950000	1	0.214500
24.966667	1	0.203875
24.983333	1	0.193625
25.000000	1	0.184250
25.016667	1	0.175875
25.033333	1	0.167625
25.050000	1	0.160750
25.066667	1	0.154375
25.083333	1	0.149000
25.100000	1	0.144000
25.116667	1	0.140250
25.133333	1	0.136625
25.150000	1	0.133250
25.166667	1	0.131625
25.183333	1	0.129750
25.200000	1	0.128500
25.216667	1	0.128250
25.233333	1	0.128500
25.250000	1	0.129125
25.266667	1	0.130500
25.283333	1	0.131750
25.300000	1	0.132625
25.316667	1	0.134375
25.333333	1	0.136500
25.350000	1	0.138250
25.366667	1	0.140750
25.383333	1	0.143375
25.400000	1	0.145625
25.416667	1	0.147875
25.433333	1	0.149875
25.450000	1	0.152125
25.466667	1	0.154625
25.483333	1	0.156500
25.500000	1	0.158250
25.516667	1	0.159750
25.533333	1	0.161375
25.550000	1	0.162375
25.566667	1	0.163375
25.583333	1	0.164125
25.600000	1	0.164250
25.616667	1	0.164625
25.633333	1	0.164375
25.650000	1	0.164125
25.666667	1	0.163375
25.683333	1	0.162750
25.700000	1	0.161625
25.716667	1	0.161125
25.733333	1	0.160250
25.750000	1	0.159500
25.766667	1	0.158250
25.783333	1	0.156375
25.800000	1	0.154625
25.816667	1	0.152875
25.833333	1	0.150500
25.850000	1	0.148250
25.866667	1	0.145500
25.883333	1	0.142000
25.900000	1	0.139125
25.916667	1	0.135500
25.933333	1	0.131375
25.950000	1	0.126750
25.966667	1	0.122125
25.983333	1	0.117750
26.000000	1	0.112375
26.016667	1	0.107250
26.033333	1	0.101750
26.050000	1	0.095875
26.066667	1	0.090375
26.083333	1	0.084375
26.100000	1	0.078375
26.116667	1	0.072250
26.133333	1	0.066625
26.150000	1	0.060500
26.166667	1	0.055125
26.183333	1	0.050625
26.200000	1	0.046750
26.216667	1	0.042625
26.233333	1	0.039250
26.250000	1	0.036875
26.266667	1	0.035625
26.283333	1	0.034625
26.300000	1	0.033750
26.316667	1	0.033500
26.333333	1	0.034125
26.350000	1	0.035125
26.366667	1	0.036875
26.383333	1	0.038750
26.400000	1	0.040875
26.416667	1	0.043625
26.433333	1	0.047375
26.450000	1	0.051250
26.466667	1	0.054875
26.483333	1	0.058500
26.500000	1	0.061375
26.516667	1	0.065125
26.533333	1	0.068500
26.550000	1	0.072500
26.566667	1	0.075000
26.583333	1	0.077375
26.600000	1	0.079875
26.616667	1	0.082125
26.633333	1	0.083625
26.650000	1	0.085375
26.666667	1	0.087125
26.683333	1	0.088500
26.700000	1	0.089875
26.716667	1	0.091000
26.733333	1	0.091625
26.750000	1	0.092875
26.766667	1	0.093625
26.783333	1	0.094500
26.800000	1	0.095750
26.816667	1	0.097000
26.833333	1	0.098125
26.850000	1	0.100000
26.866667	1	0.101750
26.883333	1	0.103750
26.900000	1	0.106375
26.916667	1	0.108750
26.933333	1	0.111250
26.950000	1	0.114250
26.966667	1	0.117375
26.983333	1	0.121250
27.000000	1	0.125500
27.016667	1	0.130125
27.033333	1	0.135375
27.050000	1	0.140000
27.066667	1	0.145750
27.083333	1	0.152125
27.100000	1	0.158625
27.116667	1	0.165750
27.133333	1	0.173625
27.150000	1	0.182125
27.166667	1	0.190875
27.183333	1	0.199750
27.200000	1	0.209500
27.216667	1	0.220500
27.233333	1	0.231875
27.250000	1	0.243750
27.266667	1	0.255375
27.283333	1	0.268875
27.300000	1	0.283000
27.316667	1	0.297500
27.333333	1	0.313375
27.350000	1	0.329250
27.366667	1	0.346000
27.383333	1	0.364125
27.400000	1	0.383375
27.416667	1	0.403750
27.433333	1	0.426250
27.450000	1	0.450875
27.466667	1	0.477250
27.483333	1	0.505500
27.500000	1	0.536625
27.516667	1	0.570625
27.533333	1	0.608375
27.550000	1	0.649875
27.566667	1	0.695500
27.583333	1	0.745125
27.600000	1	0.800750
27.616667	1	0.861250
27.633333	1	0.928375
27.650000	1	1.001125
27.666667	1	1.080750
27.683333	1	1.166625
27.700000	1	1.259125
27.716667	1	1.358125
27.733333	1	1.463500
27.750000	1	1.573875
27.766667	1	1.689625
27.783333	1	1.809250
27.800000	1	1.932250
27.816667	1	2.057500
27.833333	1	2.183875
27.850000	1	2.309500
27.866667	1	2.432500
27.883333	1	2.551875
27.900000	1	2.666250
27.916667	1	2.774000
27.933333	1	2.872250
27.950000	1	2.960375
27.966667	1	3.035875
27.983333	1	3.098500
28.000000	1	3.146000
28.016667	1	3.178000
28.033333	1	3.194500
28.050000	1	3.194500
28.066667	1	3.177500
28.083333	1	3.144625
28.100000	1	3.095625
28.116667	1	3.032250
28.133333	1	2.954000
28.150000	1	2.863500
28.166667	1	2.760625
28.183333	1	2.647875
28.200000	1	2.527250
28.216667	1	2.400000
28.233333	1	2.268500
28.250000	1	2.132500
28.266667	1	1.994375
28.283333	1	1.856000
28.300000	1	1.718250
28.316667	1	1.583375
28.333333	1	1.452125
28.350000	1	1.324125
28.366667	1	1.201125
28.383333	1	1.084125
28.400000	1	0.972375
28.416667	1	0.866500
28.433333	1	0.766375
28.450000	1	0.671750
28.466667	1	0.581875
28.483333	1	0.498125
28.500000	1	0.418875
28.516667	1	0.344125
28.533333	1	0.273625
28.550000	1	0.206875
28.566667	1	0.142750
28.583333	1	0.082625
28.600000	1	0.024625
28.616667	1	-0.030375
28.633333	1	-0.084375
28.650000	1	-0.137250
28.666667	1	-0.187750
28.683333	1	-0.236625
28.700000	1	-0.284000
28.716667	1	-0.330000
28.733333	1	-0.375250
28.750000	1	-0.419250
28.766667	1	-0.461375
28.783333	1	-0.501375
28.800000	1	-0.539250
28.816667	1	-0.575125
28.833333	1	-0.609500
28.850000	1	-0.640750
28.866667	1	-0.670000
28.883333	1	-0.696500
28.900000	1	-0.719750
28.916667	1	-0.739500
28.933333	1	-0.755875
28.950000	1	-0.769250
28.966667	1	-0.778250
28.983333	1	-0.783625
29.000000	1	-0.785500
29.016667	1	-0.783875
29.033333	1	-0.777875
29.050000	1	-0.769375
29.066667	1	-0.757250
29.083333	1	-0.741625
29.100000	1	-0.722500
29.116667	1	-0.699875
29.133333	1	-0.675875
29.150000	1	-0.649375
29.166667	1	-0.619625
29.183333	1	-0.588125
29.200000	1	-0.555125
29.216667	1	-0.521125
29.233333	1	-0.485250
29.250000	1	-0.448375
29.266667	1	-0.411500
29.283333	1	-0.374875
29.300000	1	-0.337375
29.316667	1	-0.300000
29.333333	1	-0.262375
29.350000	1	-0.226000
29.366667	1	-0.189500
29.383333	1	-0.154500
29.400000	1	-0.120125
29.416667	1	-0.086000
29.433333	1	-0.053625
29.450000	1	-0.021875
29.466667	1	0.008125
29.483333	1	0.037125
29.500000	1	0.064000
29.516667	1	0.089625
29.533333	1	0.113750
29.550000	1	0.137125
29.566667	1	0.158125
29.583333	1	0.178875
29.600000	1	0.198125
29.616667	1	0.214875
29.633333	1	0.230625
29.650000	1	0.244875
29.666667	1	0.257125
29.683333	1	0.268625
29.700000	1	0.279625
29.716667	1	0.288125
29.733333	1	0.296125
29.750000	1	0.302125
29.766667	1	0.307500
29.783333	1	0.311875
29.800000	1	0.314875
29.816667	1	0.317625
29.833333	1	0.318750
29.850000	1	0.320625
29.866667	1	0.321125
29.883333	1	0.320375
29.900000	1	0.319375
29.916667	1	0.318375
29.933333	1	0.316500
29.950000	1	0.314375
29.966667	1	0.311500
29.983333	1	0.309750
30.000000	1	0.307250
30.016667	1	0.304250
30.033333	1	0.301250
30.050000	1	0.298500
30.066667	1	0.295375
30.083333	1	0.292750
30.100000	1	0.289625
30.116667	1	0.287500
30.133333	1	0.284750
30.150000	1	0.281625
30.166667	1	0.279125
30.183333	1	0.277125
30.200000	1	0.275125
30.216667	1	0.273000
30.233333	1	0.272000
30.250000	1	0.270375
30.266667	1	0.268875
30.283333	1	0.267125
30.300000	1	0.265375
30.316667	1	0.264875
30.333333	1	0.264250
30.350000	1	0.263125
30.366667	1	0.262875
30.383333	1	0.262875
30.400000	1	0.262875
30.416667	1	0.263125
30.433333	1	0.263500
30.450000	1	0.265250
30.466667	1	0.267125
30.483333	1	0.269000
30.500000	1	0.271375
30.516667	1	0.274875
30.533333	1	0.278750
30.550000	1	0.283125
30.566667	1	0.287125
30.583333	1	0.292625
30.600000	1	0.298375
30.616667	1	0.304625
30.633333	1	0.311375
30.650000	1	0.317375
30.666667	1	0.323875
30.683333	1	0.331000
30.700000	1	0.337875
30.716667	1	0.345125
30.733333	1	0.351500
30.750000	1	0.358125
30.766667	1	0.363875
30.783333	1	0.369125
30.800000	1	0.374000
30.816667	1	0.378125
30.833333	1	0.381000
30.850000	1	0.383125
30.866667	1	0.384000
30.883333	1	0.383250
30.900000	1	0.381375
30.916667	1	0.378875
30.933333	1	0.376000
30.950000	1	0.370750
30.966667	1	0.365250
30.983333	1	0.357875
31.000000	1	0.350750
31.016667	1	0.342125
31.033333	1	0.332875
31.050000	1	0.322375
31.066667	1	0.311625
31.083333	1	0.299125
31.100000	1	0.287125
31.116667	1	0.275000
31.133333	1	0.263125
31.150000	1	0.250875
31.166667	1	0.238625
31.183333	1	0.226250
31.200000	1	0.213625
31.216667	1	0.201750
31.233333	1	0.189875
31.250000	1	0.178000
31.266667	1	0.167750
31.283333	1	0.157625
31.300000	1	0.148125
31.316667	1	0.139375
31.333333	1	0.131125
31.350000	1	0.123625
31.366667	1	0.116625
31.383333	1	0.109875
31.400000	1	0.103875
31.416667	1	0.098375
31.433333	1	0.094125
31.450000	1	0.091000
31.466667	1	0.087625
31.483333	1	0.085125
31.500000	1	0.082875
31.516667	1	0.080875
31.533333	1	0.079625
31.550000	1	0.078750
31.566667	1	0.079125
31.583333	1	0.079250
31.600000	1	0.080875
31.616667	1	0.082250
31.633333	1	0.083375
31.650000	1	0.085250
31.666667	1	0.087875
31.683333	1	0.090125
31.700000	1	0.093375
31.716667	1	0.095875
31.733333	1	0.099250
31.750000	1	0.102875
31.766667	1	0.106750
31.783333	1	0.110250
31.800000	1	0.115250
31.816667	1	0.120125
31.833333	1	0.124750
31.850000	1	0.128625
31.866667	1	0.133125
31.883333	1	0.137375
31.900000	1	0.142500
31.916667	1	0.146750
31.933333	1	0.151750
31.950000	1	0.157125
31.966667	1	0.161375
31.983333	1	0.165625
32.000000	1	0.169875
32.016667	1	0.173625
32.033333	1	0.176875
32.050000	1	0.179500
32.066667	1	0.181750
32.083333	1	0.183875
32.100000	1	0.185375
32.116667	1	0.186500
32.133333	1	0.187500
32.150000	1	0.188250
32.166667	1	0.188000
32.183333	1	0.186750
32.200000	1	0.185625
32.216667	1	0.183625
32.233333	1	0.180750
32.250000	1	0.178250
32.266667	1	0.175500
32.283333	1	0.171750
32.300000	1	0.168375
32.316667	1	0.164250
32.333333	1	0.159875
32.350000	1	0.155625
32.366667	1	0.151250
32.383333	1	0.146250
32.400000	1	0.141750
32.416667	1	0.136375
32.433333	1	0.131125
32.450000	1	0.125750
32.466667	1	0.120125
32.483333	1	0.114625
32.500000	1	0.109375
32.516667	1	0.104000
32.533333	1	0.099125
32.550000	1	0.093625
32.566667	1	0.088625
32.583333	1	0.082500
32.600000	1	0.076500
32.616667	1	0.070500
32.633333	1	0.064750
32.650000	1	0.058875
32.666667	1	0.052875
32.683333	1	0.046375
32.700000	1	0.040250
32.716667	1	0.034125
32.733333	1	0.028125
32.750000	1	0.022125
32.766667	1	0.016000
32.783333	1	0.010250
32.800000	1	0.004250
32.816667	1	-0.001500
32.833333	1	-0.007000
32.850000	1	-0.012625
32.866667	1	-0.018000
32.883333	1	-0.023250
32.900000	1	-0.028500
32.916667	1	-0.033125
32.933333	1	-0.038375
32.950000	1	-0.042750
32.966667	1	-0.046250
32.983333	1	-0.050125
33.000000	1	-0.054375
33.016667	1	-0.058000
33.033333	1	-0.061250
33.050000	1	-0.064625
33.066667	1	-0.067375
33.083333	1	-0.069875
33.100000	1	-0.072250
33.116667	1	-0.075125
33.133333	1	-0.077125
33.150000	1	-0.079375
33.166667	1	-0.081250
33.183333	1	-0.082500
33.200000	1	-0.083875
33.216667	1	-0.085000
33.233333	1	-0.086250
33.250000	1	-0.086875
33.266667	1	-0.087625
33.283333	1	-0.088500
33.300000	1	-0.089500
33.316667	1	-0.090000
33.333333	1	-0.090250
33.350000	1	-0.090625
33.366667	1	-0.091250
33.383333	1	-0.091625
33.400000	1	-0.091500
33.416667	1	-0.091625
33.433333	1	-0.092500
33.450000	1	-0.092875
33.466667	1	-0.093000
33.483333	1	-0.093250
33.500000	1	-0.093625
33.516667	1	-0.093625
33.533333	1	-0.093125
33.550000	1	-0.093250
33.566667	1	-0.093000
33.583333	1	-0.092750
33.600000	1	-0.093125
33.616667	1	-0.092875
33.633333	1	-0.092375
33.650000	1	-0.092125
33.666667	1	-0.091250
33.683333	1	-0.090250
33.700000	1	-0.089375
33.716667	1	-0.087750
33.733333	1	-0.086250
33.750000	1	-0.084500
33.766667	1	-0.082750
33.783333	1	-0.080375
33.800000	1	-0.078500
33.816667	1	-0.076000
33.833333	1	-0.073125
33.850000	1	-0.069750
33.866667	1	-0.066375
33.883333	1	-0.063125
33.900000	1	-0.058375
33.916667	1	-0.053500
33.933333	1	-0.048000
33.950000	1	-0.042750
33.966667	1	-0.037125
33.983333	1	-0.030625
34.000000	1	-0.024750
34.016667	1	-0.018000
34.033333	1	-0.010875
34.050000	1	-0.003250
34.066667	1	0.004125
34.083333	1	0.012750
34.100000	1	0.021125
34.116667	1	0.029625
34.133333	1	0.038750
34.150000	1	0.047750
34.166667	1	0.056375
34.183333	1	0.064250
34.200000	1	0.072125
34.216667	1	0.079875
34.233333	1	0.087125
34.250000	1	0.094500
34.266667	1	0.101875
34.283333	1	0.108500
34.300000	1	0.113750
34.316667	1	0.118375
34.333333	1	0.122500
34.350000	1	0.126375
34.366667	1	0.129375
34.383333	1	0.131000
34.400000	1	0.131875
34.416667	1	0.131500
34.433333	1	0.130500
34.450000	1	0.129875
34.466667	1	0.127875
34.483333	1	0.124625
34.500000	1	0.120250
34.516667	1	0.116250
34.533333	1	0.111875
34.550000	1	0.106625
34.566667	1	0.101000
34.583333	1	0.094875
34.600000	1	0.088375
34.616667	1	0.082000
34.633333	1	0.075625
34.650000	1	0.069000
34.666667	1	0.061875
34.683333	1	0.055000
34.700000	1	0.048625
34.716667	1	0.042500
34.733333	1	0.036750
34.750000	1	0.031000
34.766667	1	0.025500
34.783333	1	0.019750
34.800000	1	0.014375
34.816667	1	0.009875
34.833333	1	0.005750
34.850000	1	0.002000
34.866667	1	-0.002000
34.883333	1	-0.004375
34.900000	1	-0.006375
34.916667	1	-0.008500
34.933333	1	-0.009500
34.950000	1	-0.011125
34.966667	1	-0.011750
34.983333	1	-0.011750
35.000000	1	-0.011375
35.016667	1	-0.011375
35.033333	1	-0.010500
35.050000	1	-0.010375
35.066667	1	-0.009500
35.083333	1	-0.008375
35.100000	1	-0.006375
35.116667	1	-0.004125
35.133333	1	-0.002500
35.150000	1	0.000125
35.166667	1	0.003250
35.183333	1	0.006125
35.200000	1	0.008000
35.216667	1	0.010375
35.233333	1	0.013000
35.250000	1	0.015250
35.266667	1	0.018375
35.283333	1	0.021125
35.300000	1	0.023250
35.316667	1	0.025875
35.333333	1	0.028375
35.350000	1	0.031000
35.366667	1	0.033250
35.383333	1	0.035625
35.400000	1	0.037750
35.416667	1	0.039625
35.433333	1	0.041375
35.450000	1	0.043375
35.466667	1	0.044250
35.483333	1	0.045500
35.500000	1	0.046125
35.516667	1	0.047125
35.533333	1	0.048000
35.550000	1	0.049000
35.566667	1	0.049750
35.583333	1	0.049000
35.600000	1	0.049375
35.616667	1	0.049625
35.633333	1	0.049500
35.650000	1	0.049000
35.666667	1	0.048625
35.683333	1	0.048250
35.700000	1	0.048000
35.716667	1	0.047750
35.733333	1	0.047125
35.750000	1	0.046375
35.766667	1	0.046000
35.783333	1	0.045875
35.800000	1	0.045500
35.816667	1	0.045000
35.833333	1	0.045250
35.850000	1	0.045250
35.866667	1	0.045125
35.883333	1	0.045125
35.900000	1	0.045125
35.916667	1	0.045375
35.933333	1	0.045500
35.950000	1	0.045500
35.966667	1	0.045875
35.983333	1	0.046250
36.000000	1	0.046625
36.016667	1	0.046375
36.033333	1	0.046375
36.050000	1	0.046500
36.066667	1	0.046875
36.083333	1	0.047125
36.100000	1	0.046875
36.116667	1	0.046500
36.133333	1	0.046375
36.150000	1	0.047125
36.166667	1	0.047000
36.183333	1	0.047000
36.200000	1	0.046875
36.216667	1	0.046750
36.233333	1	0.045625
36.250000	1	0.045375
36.266667	1	0.044875
36.283333	1	0.044875
36.300000	1	0.044250
36.316667	1	0.044375
36.333333	1	0.043875
36.350000	1	0.043375
36.366667	1	0.042500
36.383333	1	0.042000
36.400000	1	0.041250
36.416667	1	0.040500
36.433333	1	0.040000
36.450000	1	0.039250
36.466667	1	0.038375
36.483333	1	0.037625
36.500000	1	0.036750
36.516667	1	0.036125
36.533333	1	0.035375
36.550000	1	0.035000
36.566667	1	0.034000
36.583333	1	0.032625
36.600000	1	0.031750
36.616667	1	0.030625
36.633333	1	0.028750
36.650000	1	0.026500
36.666667	1	0.025125
36.683333	1	0.023875
36.700000	1	0.022875
36.716667	1	0.021250
36.733333	1	0.019500
36.750000	1	0.017625
36.766667	1	0.015125
36.783333	1	0.012125
36.800000	1	0.010000
36.816667	1	0.007750
36.833333	1	0.005125
36.850000	1	0.002000
36.866667	1	-0.000500
36.883333	1	-0.003000
36.900000	1	-0.005500
36.916667	1	-0.008625
36.933333	1	-0.011375
36.950000	1	-0.014250
36.966667	1	-0.017375
36.983333	1	-0.020875
37.000000	1	-0.024500
37.016667	1	-0.027125
37.033333	1	-0.029625
37.050000	1	-0.032625
37.066667	1	-0.036000
37.083333	1	-0.039000
37.100000	1	-0.041500
37.116667	1	-0.044125
37.133333	1	-0.047750
37.150000	1	-0.050375
37.166667	1	-0.053750
37.183333	1	-0.056625
37.200000	1	-0.059875
37.216667	1	-0.062000
37.233333	1	-0.064375
37.250000	1	-0.066875
37.266667	1	-0.069375
37.283333	1	-0.071125
37.300000	1	-0.073500
37.316667	1	-0.076125
37.333333	1	-0.078125
37.350000	1	-0.080625
37.366667	1	-0.082750
37.383333	1	-0.084750
37.400000	1	-0.087000
37.416667	1	-0.089125
37.433333	1	-0.091125
37.450000	1	-0.093000
37.466667	1	-0.095125
37.483333	1	-0.096625
37.500000	1	-0.098250
37.516667	1	-0.100125
37.533333	1	-0.101750
37.550000	1	-0.103375
37.566667	1	-0.104750
37.583333	1	-0.106500
37.600000	1	-0.108125
37.616667	1	-0.109125
37.633333	1	-0.110125
37.650000	1	-0.111500
37.666667	1	-0.112875
37.683333	1	-0.113500
37.700000	1	-0.114375
37.716667	1	-0.114875
37.733333	1	-0.115375
37.750000	1	-0.115500
37.766667	1	-0.116625
37.783333	1	-0.117375
37.800000	1	-0.116875
37.816667	1	-0.116750
37.833333	1	-0.116750
37.850000	1	-0.117000
37.866667	1	-0.116500
37.883333	1	-0.115875
37.900000	1	-0.115125
37.916667	1	-0.115375
37.933333	1	-0.115375
37.950000	1	-0.115250
37.966667	1	-0.114375
37.983333	1	-0.113625
38.000000	1	-0.113375
38.016667	1	-0.113375
38.033333	1	-0.113500
38.050000	1	-0.112875
38.066667	1	-0.112000
38.083333	1	-0.112000
38.100000	1	-0.112125
38.116667	1	-0.112125
38.133333	1	-0.112125
38.150000	1	-0.112375
38.166667	1	-0.112250
38.183333	1	-0.112625
38.200000	1	-0.112875
38.216667	1	-0.113000
38.233333	1	-0.113000
38.250000	1	-0.113000
38.266667	1	-0.113250
38.283333	1	-0.113750
38.300000	1	-0.115125
38.316667	1	-0.115500
38.333333	1	-0.116500
38.350000	1	-0.117250
38.366667	1	-0.117750
38.383333	1	-0.117625
38.400000	1	-0.117500
38.416667	1	-0.117500
38.433333	1	-0.117375
38.450000	1	-0.117250
38.466667	1	-0.117625
38.483333	1	-0.117250
38.500000	1	-0.116875
38.516667	1	-0.117500
38.533333	1	-0.117625
38.550000	1	-0.117250
38.566667	1	-0.116625
38.583333	1	-0.116250
38.600000	1	-0.115875
38.616667	1	-0.115750
38.633333	1	-0.115250
38.650000	1	-0.114375
38.666667	1	-0.113500
38.683333	1	-0.113125
38.700000	1	-0.112000
38.716667	1	-0.111625
38.733333	1	-0.110875
38.750000	1	-0.110250
38.766667	1	-0.109500
38.783333	1	-0.109375
38.800000	1	-0.108750
38.816667	1	-0.108125
38.833333	1	-0.107375
38.850000	1	-0.106375
38.866667	1	-0.105750
38.883333	1	-0.105125
38.900000	1	-0.104625
38.916667	1	-0.103625
38.933333	1	-0.102875
38.950000	1	-0.102750
38.966667	1	-0.102375
38.983333	1	-0.102125
39.000000	1	-0.101375
39.016667	1	-0.101125
39.033333	1	-0.100375
39.050000	1	-0.100000
39.066667	1	-0.099000
39.083333	1	-0.098625
39.100000	1	-0.098000
39.116667	1	-0.097625
39.133333	1	-0.097125
39.150000	1	-0.096250
39.166667	1	-0.095875
39.183333	1	-0.094375
39.200000	1	-0.093875
39.216667	1	-0.093125
39.233333	1	-0.092000
39.250000	1	-0.091625
39.266667	1	-0.091250
39.283333	1	-0.090375
39.300000	1	-0.090250
39.316667	1	-0.090375
39.333333	1	-0.090125
39.350000	1	-0.090125
39.366667	1	-0.089875
39.383333	1	-0.090000
39.400000	1	-0.090125
39.416667	1	-0.090250
39.433333	1	-0.090000
39.450000	1	-0.090125
39.466667	1	-0.090375
39.483333	1	-0.090625
39.500000	1	-0.090375
39.516667	1	-0.090000
39.533333	1	-0.090125
39.550000	1	-0.089250
39.566667	1	-0.089250
39.583333	1	-0.089375
39.600000	1	-0.089125
39.616667	1	-0.088750
39.633333	1	-0.088000
39.650000	1	-0.087125
39.666667	1	-0.086500
39.683333	1	-0.085500
39.700000	1	-0.084250
39.716667	1	-0.084125
39.733333	1	-0.083500
39.750000	1	-0.082500
39.766667	1	-0.081625
39.783333	1	-0.080625
39.800000	1	-0.080125
39.816667	1	-0.078750
39.833333	1	-0.077000
39.850000	1	-0.075125
39.866667	1	-0.073750
39.883333	1	-0.072375
39.900000	1	-0.071375
39.916667	1	-0.070000
39.933333	1	-0.068250
39.950000	1	-0.066625
39.966667	1	-0.065000
39.983333	1	-0.063375
40.000000	1	-0.061500
