[Header]
Application Name,LabSolutions
Version,5.97 SP1
Data File Name,C:\Users\cremerlab\Desktop\Richa\Sep_6th_2022_re-run_Sep2nd\Sep 6th_962022_009_010.lcd
Output Date,9/7/2022
Output Time,12:45:01 AM

[File Information]
Type,Data File
Generated,9/6/2022 11:54:42 PM
Generated by,System Administrator
Modified,9/7/2022 12:45:01 AM
Modified by,System Administrator

[Sample Information]
Operator Name,System Administrator
Acquired,9/6/2022 11:55:01 PM
Sample Type,0:Unknown
Level,0
Sample Name,090622_B.theta_1
Sample ID,009
ISTD Amount1,1
ISTD Amount2,1
ISTD Amount3,1
ISTD Amount4,1
ISTD Amount5,1
ISTD Amount6,1
ISTD Amount7,1
ISTD Amount8,1
ISTD Amount9,1
ISTD Amount10,1
ISTD Amount11,1
ISTD Amount12,1
ISTD Amount13,1
ISTD Amount14,1
ISTD Amount15,1
ISTD Amount16,1
ISTD Amount17,1
ISTD Amount18,1
ISTD Amount19,1
ISTD Amount20,1
ISTD Amount21,1
ISTD Amount22,1
ISTD Amount23,1
ISTD Amount24,1
ISTD Amount25,1
ISTD Amount26,1
ISTD Amount27,1
ISTD Amount28,1
ISTD Amount29,1
ISTD Amount30,1
ISTD Amount31,1
ISTD Amount32,1
Sample Amount,1
Dilution Factor,1
Vial#,9
Injection Volume,20

[Original Files]
Data File,C:\Users\cremerlab\Desktop\Richa\Sep_6th_2022_re-run_Sep2nd\Sep 6th_962022_009_010.lcd
Method File,C:\Users\cremerlab\Desktop\Richa\acetate_excretion.lcm
Batch File,C:\Users\cremerlab\Desktop\Richa\Sep_6th_2022_re-run_Sep2nd\Sep 6th.lcb
Report Format File,c:\LabSolutions\System\DEFAULT.lsr

[File Description]


[Configuration]
Instrument Name,HPLC-PC-Instrument1
Instrument #,1
Line #,1
# of Detectors,2
Detector ID,Detector A,Detector B
Detector Name,Detector A,Detector B
# of Channels,1,1

[Peak Table(Detector A)]
# of Peaks,0

[Peak Table(Detector B)]
# of Peaks,11
Peak#,R.Time,I.Time,F.Time,Area,Height,A/H,Conc.,Mark,ID#,Name,k',Plate #,Plate Ht.,Tailing,Resolution,Sep.Factor,Area Ratio,Height Ratio,Conc. %,Norm Conc.
1,10.475,10.275,10.517,1519,199,7.641,0.000,   ,,,0.000,6125,24.490,0.000,0.000,0.000,0,0,0.000,0.000
2,11.021,10.517,12.308,2263948,115316,19.632,0.000, V ,,,0.052,7516,19.957,0.976,1.046,0.000,0,0,0.000,0.000
3,14.330,12.650,15.183,3571155,76465,46.703,0.000,   ,,,0.368,2485,60.369,0.654,3.991,7.059,0,0,0.000,0.000
4,15.762,15.183,17.392,1467733,50240,29.214,0.000, V ,,,0.505,6926,21.658,1.145,1.501,1.371,0,0,0.000,0.000
5,17.864,17.392,18.392,9837,297,33.162,0.000, V ,,,0.705,6113,24.538,0.000,2.514,1.397,0,0,0.000,0.000
6,19.032,18.400,19.742,13843,314,44.118,0.000,   ,,,0.817,4019,37.323,1.046,1.105,1.158,0,0,0.000,0.000
7,20.295,19.767,21.208,20901,586,35.671,0.000,   ,,,0.937,8119,18.475,1.383,1.202,1.148,0,0,0.000,0.000
8,21.854,21.317,22.517,17886,504,35.500,0.000,   ,,,1.086,8967,16.727,1.073,1.710,1.159,0,0,0.000,0.000
9,25.084,24.317,26.425,139913,3389,41.279,0.000,   ,,,1.395,8963,16.736,1.172,3.258,1.284,0,0,0.000,0.000
10,29.204,28.317,30.283,129079,2770,46.600,0.000,   ,,,1.788,9228,16.256,1.065,3.621,1.282,0,0,0.000,0.000
11,32.500,31.725,34.450,35348,433,81.621,0.000,   ,,,2.103,964,155.617,1.662,1.220,1.176,0,0,0.000,0.000

[LC Chromatogram(Detector B-Ch1)]
Interval(msec),500
# of Points,6001
Start Time(min),0.000
End Time(min),50.000
Intensity Units,mV
Intensity Multiplier,0.001
R.Time (min),Intensity
0.00000,-27
0.00833,-27
0.01667,-12
0.02500,-1
0.03333,-1
0.04167,-2
0.05000,-2
0.05833,-3
0.06667,-4
0.07500,-4
0.08333,-4
0.09167,-5
0.10000,-5
0.10833,-6
0.11667,-6
0.12500,-7
0.13333,-8
0.14167,-9
0.15000,-9
0.15833,-10
0.16667,-10
0.17500,-11
0.18333,-11
0.19167,-11
0.20000,-11
0.20833,-12
0.21667,-13
0.22500,-13
0.23333,-13
0.24167,-13
0.25000,-14
0.25833,-14
0.26667,-14
0.27500,-15
0.28333,-15
0.29167,-16
0.30000,-17
0.30833,-17
0.31667,-18
0.32500,-18
0.33333,-18
0.34167,-19
0.35000,-19
0.35833,-19
0.36667,-19
0.37500,-20
0.38333,-20
0.39167,-20
0.40000,-20
0.40833,-20
0.41667,-21
0.42500,-21
0.43333,-21
0.44167,-21
0.45000,-22
0.45833,-22
0.46667,-21
0.47500,-21
0.48333,-22
0.49167,-22
0.50000,-22
0.50833,-23
0.51667,-23
0.52500,-23
0.53333,-23
0.54167,-24
0.55000,-24
0.55833,-24
0.56667,-24
0.57500,-24
0.58333,-24
0.59167,-24
0.60000,-24
0.60833,-24
0.61667,-24
0.62500,-24
0.63333,-24
0.64167,-24
0.65000,-25
0.65833,-25
0.66667,-25
0.67500,-25
0.68333,-25
0.69167,-25
0.70000,-25
0.70833,-25
0.71667,-25
0.72500,-25
0.73333,-26
0.74167,-25
0.75000,-26
0.75833,-26
0.76667,-26
0.77500,-26
0.78333,-26
0.79167,-26
0.80000,-26
0.80833,-26
0.81667,-26
0.82500,-26
0.83333,-25
0.84167,-25
0.85000,-25
0.85833,-25
0.86667,-25
0.87500,-25
0.88333,-25
0.89167,-25
0.90000,-26
0.90833,-26
0.91667,-25
0.92500,-25
0.93333,-24
0.94167,-24
0.95000,-24
0.95833,-25
0.96667,-25
0.97500,-24
0.98333,-24
0.99167,-23
1.00000,-23
1.00833,-23
1.01667,-23
1.02500,-22
1.03333,-22
1.04167,-21
1.05000,-21
1.05833,-21
1.06667,-21
1.07500,-21
1.08333,-21
1.09167,-21
1.10000,-20
1.10833,-20
1.11667,-20
1.12500,-20
1.13333,-20
1.14167,-20
1.15000,-20
1.15833,-20
1.16667,-19
1.17500,-19
1.18333,-19
1.19167,-19
1.20000,-19
1.20833,-20
1.21667,-19
1.22500,-19
1.23333,-18
1.24167,-18
1.25000,-18
1.25833,-18
1.26667,-18
1.27500,-18
1.28333,-18
1.29167,-17
1.30000,-17
1.30833,-16
1.31667,-16
1.32500,-16
1.33333,-16
1.34167,-15
1.35000,-15
1.35833,-15
1.36667,-15
1.37500,-15
1.38333,-15
1.39167,-14
1.40000,-14
1.40833,-14
1.41667,-14
1.42500,-14
1.43333,-14
1.44167,-13
1.45000,-13
1.45833,-13
1.46667,-13
1.47500,-13
1.48333,-13
1.49167,-13
1.50000,-13
1.50833,-13
1.51667,-13
1.52500,-12
1.53333,-12
1.54167,-12
1.55000,-11
1.55833,-11
1.56667,-12
1.57500,-12
1.58333,-12
1.59167,-12
1.60000,-12
1.60833,-11
1.61667,-11
1.62500,-10
1.63333,-10
1.64167,-10
1.65000,-10
1.65833,-9
1.66667,-9
1.67500,-9
1.68333,-9
1.69167,-9
1.70000,-9
1.70833,-9
1.71667,-9
1.72500,-9
1.73333,-8
1.74167,-8
1.75000,-8
1.75833,-8
1.76667,-8
1.77500,-8
1.78333,-8
1.79167,-7
1.80000,-7
1.80833,-7
1.81667,-8
1.82500,-8
1.83333,-8
1.84167,-8
1.85000,-8
1.85833,-8
1.86667,-8
1.87500,-8
1.88333,-8
1.89167,-8
1.90000,-7
1.90833,-7
1.91667,-7
1.92500,-7
1.93333,-7
1.94167,-7
1.95000,-7
1.95833,-7
1.96667,-7
1.97500,-7
1.98333,-7
1.99167,-7
2.00000,-7
2.00833,-7
2.01667,-7
2.02500,-6
2.03333,-6
2.04167,-6
2.05000,-6
2.05833,-6
2.06667,-6
2.07500,-6
2.08333,-6
2.09167,-6
2.10000,-6
2.10833,-6
2.11667,-6
2.12500,-6
2.13333,-6
2.14167,-6
2.15000,-6
2.15833,-6
2.16667,-7
2.17500,-7
2.18333,-7
2.19167,-7
2.20000,-7
2.20833,-7
2.21667,-6
2.22500,-7
2.23333,-6
2.24167,-6
2.25000,-6
2.25833,-7
2.26667,-7
2.27500,-7
2.28333,-7
2.29167,-8
2.30000,-8
2.30833,-8
2.31667,-8
2.32500,-8
2.33333,-7
2.34167,-7
2.35000,-7
2.35833,-7
2.36667,-8
2.37500,-8
2.38333,-8
2.39167,-8
2.40000,-8
2.40833,-8
2.41667,-8
2.42500,-8
2.43333,-8
2.44167,-8
2.45000,-8
2.45833,-8
2.46667,-9
2.47500,-9
2.48333,-8
2.49167,-9
2.50000,-9
2.50833,-9
2.51667,-9
2.52500,-10
2.53333,-10
2.54167,-10
2.55000,-10
2.55833,-10
2.56667,-10
2.57500,-10
2.58333,-10
2.59167,-10
2.60000,-10
2.60833,-11
2.61667,-11
2.62500,-12
2.63333,-12
2.64167,-12
2.65000,-12
2.65833,-12
2.66667,-12
2.67500,-12
2.68333,-12
2.69167,-12
2.70000,-13
2.70833,-13
2.71667,-13
2.72500,-13
2.73333,-13
2.74167,-13
2.75000,-13
2.75833,-13
2.76667,-13
2.77500,-14
2.78333,-13
2.79167,-13
2.80000,-13
2.80833,-13
2.81667,-13
2.82500,-13
2.83333,-14
2.84167,-14
2.85000,-14
2.85833,-14
2.86667,-14
2.87500,-14
2.88333,-13
2.89167,-14
2.90000,-14
2.90833,-15
2.91667,-15
2.92500,-15
2.93333,-15
2.94167,-15
2.95000,-15
2.95833,-15
2.96667,-15
2.97500,-15
2.98333,-15
2.99167,-14
3.00000,-14
3.00833,-14
3.01667,-15
3.02500,-15
3.03333,-15
3.04167,-15
3.05000,-15
3.05833,-15
3.06667,-16
3.07500,-16
3.08333,-16
3.09167,-16
3.10000,-16
3.10833,-16
3.11667,-16
3.12500,-15
3.13333,-15
3.14167,-15
3.15000,-15
3.15833,-15
3.16667,-15
3.17500,-15
3.18333,-15
3.19167,-15
3.20000,-15
3.20833,-15
3.21667,-15
3.22500,-15
3.23333,-15
3.24167,-15
3.25000,-15
3.25833,-14
3.26667,-15
3.27500,-15
3.28333,-15
3.29167,-15
3.30000,-15
3.30833,-15
3.31667,-15
3.32500,-14
3.33333,-14
3.34167,-13
3.35000,-13
3.35833,-13
3.36667,-13
3.37500,-13
3.38333,-13
3.39167,-13
3.40000,-13
3.40833,-13
3.41667,-13
3.42500,-13
3.43333,-13
3.44167,-12
3.45000,-12
3.45833,-12
3.46667,-12
3.47500,-11
3.48333,-11
3.49167,-11
3.50000,-11
3.50833,-11
3.51667,-11
3.52500,-11
3.53333,-11
3.54167,-11
3.55000,-11
3.55833,-11
3.56667,-11
3.57500,-11
3.58333,-10
3.59167,-10
3.60000,-10
3.60833,-10
3.61667,-9
3.62500,-9
3.63333,-9
3.64167,-9
3.65000,-9
3.65833,-9
3.66667,-9
3.67500,-8
3.68333,-8
3.69167,-8
3.70000,-7
3.70833,-7
3.71667,-7
3.72500,-7
3.73333,-6
3.74167,-6
3.75000,-6
3.75833,-6
3.76667,-6
3.77500,-6
3.78333,-6
3.79167,-6
3.80000,-6
3.80833,-6
3.81667,-6
3.82500,-6
3.83333,-6
3.84167,-5
3.85000,-4
3.85833,-4
3.86667,-4
3.87500,-3
3.88333,-3
3.89167,-2
3.90000,-2
3.90833,-2
3.91667,-1
3.92500,-1
3.93333,-1
3.94167,-1
3.95000,-1
3.95833,-0
3.96667,0
3.97500,0
3.98333,0
3.99167,0
4.00000,1
4.00833,1
4.01667,1
4.02500,2
4.03333,2
4.04167,3
4.05000,3
4.05833,4
4.06667,4
4.07500,4
4.08333,5
4.09167,5
4.10000,6
4.10833,7
4.11667,7
4.12500,8
4.13333,8
4.14167,9
4.15000,9
4.15833,10
4.16667,10
4.17500,10
4.18333,11
4.19167,11
4.20000,12
4.20833,13
4.21667,13
4.22500,14
4.23333,14
4.24167,15
4.25000,16
4.25833,16
4.26667,17
4.27500,17
4.28333,18
4.29167,18
4.30000,19
4.30833,19
4.31667,20
4.32500,20
4.33333,21
4.34167,22
4.35000,23
4.35833,23
4.36667,24
4.37500,24
4.38333,25
4.39167,26
4.40000,27
4.40833,27
4.41667,28
4.42500,29
4.43333,29
4.44167,30
4.45000,31
4.45833,31
4.46667,32
4.47500,33
4.48333,34
4.49167,34
4.50000,35
4.50833,35
4.51667,36
4.52500,37
4.53333,37
4.54167,38
4.55000,39
4.55833,39
4.56667,40
4.57500,40
4.58333,41
4.59167,41
4.60000,42
4.60833,42
4.61667,42
4.62500,43
4.63333,44
4.64167,45
4.65000,45
4.65833,46
4.66667,47
4.67500,47
4.68333,47
4.69167,47
4.70000,47
4.70833,48
4.71667,48
4.72500,48
4.73333,48
4.74167,49
4.75000,49
4.75833,50
4.76667,50
4.77500,51
4.78333,51
4.79167,52
4.80000,52
4.80833,53
4.81667,53
4.82500,53
4.83333,53
4.84167,54
4.85000,54
4.85833,54
4.86667,55
4.87500,55
4.88333,55
4.89167,55
4.90000,55
4.90833,55
4.91667,55
4.92500,55
4.93333,55
4.94167,56
4.95000,56
4.95833,56
4.96667,56
4.97500,56
4.98333,56
4.99167,56
5.00000,56
5.00833,56
5.01667,57
5.02500,56
5.03333,56
5.04167,56
5.05000,56
5.05833,56
5.06667,56
5.07500,56
5.08333,55
5.09167,56
5.10000,56
5.10833,56
5.11667,56
5.12500,56
5.13333,56
5.14167,55
5.15000,55
5.15833,54
5.16667,55
5.17500,55
5.18333,55
5.19167,55
5.20000,55
5.20833,54
5.21667,53
5.22500,53
5.23333,52
5.24167,52
5.25000,51
5.25833,50
5.26667,50
5.27500,50
5.28333,50
5.29167,50
5.30000,50
5.30833,50
5.31667,50
5.32500,49
5.33333,49
5.34167,48
5.35000,48
5.35833,47
5.36667,46
5.37500,46
5.38333,45
5.39167,45
5.40000,45
5.40833,44
5.41667,44
5.42500,44
5.43333,44
5.44167,43
5.45000,43
5.45833,42
5.46667,41
5.47500,40
5.48333,40
5.49167,39
5.50000,38
5.50833,37
5.51667,36
5.52500,35
5.53333,35
5.54167,34
5.55000,34
5.55833,34
5.56667,33
5.57500,33
5.58333,33
5.59167,32
5.60000,32
5.60833,31
5.61667,30
5.62500,30
5.63333,29
5.64167,28
5.65000,27
5.65833,27
5.66667,26
5.67500,25
5.68333,25
5.69167,24
5.70000,23
5.70833,22
5.71667,21
5.72500,20
5.73333,19
5.74167,19
5.75000,18
5.75833,17
5.76667,17
5.77500,16
5.78333,15
5.79167,14
5.80000,14
5.80833,13
5.81667,12
5.82500,11
5.83333,10
5.84167,10
5.85000,9
5.85833,8
5.86667,7
5.87500,6
5.88333,5
5.89167,4
5.90000,4
5.90833,3
5.91667,2
5.92500,1
5.93333,1
5.94167,-0
5.95000,-1
5.95833,-1
5.96667,-2
5.97500,-3
5.98333,-3
5.99167,-4
6.00000,-5
6.00833,-5
6.01667,-6
6.02500,-7
6.03333,-8
6.04167,-9
6.05000,-10
6.05833,-11
6.06667,-12
6.07500,-12
6.08333,-13
6.09167,-14
6.10000,-15
6.10833,-16
6.11667,-16
6.12500,-17
6.13333,-18
6.14167,-19
6.15000,-19
6.15833,-20
6.16667,-21
6.17500,-21
6.18333,-21
6.19167,-22
6.20000,-23
6.20833,-24
6.21667,-24
6.22500,-25
6.23333,-25
6.24167,-26
6.25000,-27
6.25833,-27
6.26667,-28
6.27500,-28
6.28333,-29
6.29167,-30
6.30000,-30
6.30833,-31
6.31667,-31
6.32500,-32
6.33333,-32
6.34167,-33
6.35000,-33
6.35833,-34
6.36667,-34
6.37500,-34
6.38333,-35
6.39167,-36
6.40000,-36
6.40833,-36
6.41667,-37
6.42500,-38
6.43333,-38
6.44167,-39
6.45000,-39
6.45833,-39
6.46667,-40
6.47500,-40
6.48333,-40
6.49167,-40
6.50000,-40
6.50833,-40
6.51667,-41
6.52500,-41
6.53333,-42
6.54167,-42
6.55000,-42
6.55833,-43
6.56667,-43
6.57500,-43
6.58333,-43
6.59167,-43
6.60000,-43
6.60833,-43
6.61667,-43
6.62500,-43
6.63333,-44
6.64167,-44
6.65000,-44
6.65833,-44
6.66667,-44
6.67500,-44
6.68333,-45
6.69167,-45
6.70000,-45
6.70833,-46
6.71667,-46
6.72500,-47
6.73333,-47
6.74167,-47
6.75000,-47
6.75833,-47
6.76667,-47
6.77500,-47
6.78333,-47
6.79167,-47
6.80000,-47
6.80833,-48
6.81667,-48
6.82500,-48
6.83333,-48
6.84167,-48
6.85000,-48
6.85833,-48
6.86667,-49
6.87500,-49
6.88333,-49
6.89167,-50
6.90000,-49
6.90833,-49
6.91667,-49
6.92500,-49
6.93333,-49
6.94167,-49
6.95000,-48
6.95833,-48
6.96667,-48
6.97500,-48
6.98333,-48
6.99167,-49
7.00000,-49
7.00833,-49
7.01667,-49
7.02500,-50
7.03333,-50
7.04167,-50
7.05000,-50
7.05833,-50
7.06667,-50
7.07500,-50
7.08333,-50
7.09167,-50
7.10000,-50
7.10833,-50
7.11667,-50
7.12500,-50
7.13333,-50
7.14167,-50
7.15000,-50
7.15833,-51
7.16667,-51
7.17500,-51
7.18333,-51
7.19167,-51
7.20000,-51
7.20833,-50
7.21667,-50
7.22500,-50
7.23333,-50
7.24167,-49
7.25000,-49
7.25833,-49
7.26667,-50
7.27500,-50
7.28333,-50
7.29167,-51
7.30000,-51
7.30833,-51
7.31667,-52
7.32500,-52
7.33333,-52
7.34167,-52
7.35000,-51
7.35833,-51
7.36667,-51
7.37500,-51
7.38333,-51
7.39167,-51
7.40000,-51
7.40833,-52
7.41667,-52
7.42500,-52
7.43333,-52
7.44167,-53
7.45000,-52
7.45833,-52
7.46667,-52
7.47500,-52
7.48333,-52
7.49167,-52
7.50000,-51
7.50833,-52
7.51667,-52
7.52500,-52
7.53333,-52
7.54167,-52
7.55000,-52
7.55833,-52
7.56667,-52
7.57500,-52
7.58333,-52
7.59167,-52
7.60000,-52
7.60833,-53
7.61667,-53
7.62500,-52
7.63333,-52
7.64167,-52
7.65000,-52
7.65833,-52
7.66667,-52
7.67500,-52
7.68333,-52
7.69167,-52
7.70000,-52
7.70833,-52
7.71667,-52
7.72500,-52
7.73333,-53
7.74167,-53
7.75000,-53
7.75833,-53
7.76667,-53
7.77500,-53
7.78333,-53
7.79167,-53
7.80000,-53
7.80833,-53
7.81667,-53
7.82500,-54
7.83333,-54
7.84167,-55
7.85000,-55
7.85833,-55
7.86667,-55
7.87500,-55
7.88333,-54
7.89167,-53
7.90000,-53
7.90833,-53
7.91667,-53
7.92500,-52
7.93333,-52
7.94167,-52
7.95000,-52
7.95833,-52
7.96667,-52
7.97500,-52
7.98333,-53
7.99167,-53
8.00000,-53
8.00833,-53
8.01667,-53
8.02500,-53
8.03333,-53
8.04167,-53
8.05000,-54
8.05833,-54
8.06667,-54
8.07500,-54
8.08333,-54
8.09167,-54
8.10000,-54
8.10833,-54
8.11667,-54
8.12500,-54
8.13333,-54
8.14167,-54
8.15000,-54
8.15833,-54
8.16667,-54
8.17500,-54
8.18333,-54
8.19167,-54
8.20000,-54
8.20833,-53
8.21667,-53
8.22500,-53
8.23333,-54
8.24167,-54
8.25000,-54
8.25833,-54
8.26667,-54
8.27500,-54
8.28333,-54
8.29167,-54
8.30000,-54
8.30833,-55
8.31667,-55
8.32500,-55
8.33333,-55
8.34167,-54
8.35000,-54
8.35833,-54
8.36667,-54
8.37500,-55
8.38333,-55
8.39167,-55
8.40000,-55
8.40833,-55
8.41667,-55
8.42500,-55
8.43333,-55
8.44167,-55
8.45000,-55
8.45833,-55
8.46667,-55
8.47500,-55
8.48333,-55
8.49167,-55
8.50000,-55
8.50833,-55
8.51667,-56
8.52500,-56
8.53333,-56
8.54167,-56
8.55000,-55
8.55833,-55
8.56667,-54
8.57500,-54
8.58333,-54
8.59167,-55
8.60000,-55
8.60833,-55
8.61667,-55
8.62500,-55
8.63333,-55
8.64167,-55
8.65000,-55
8.65833,-56
8.66667,-56
8.67500,-56
8.68333,-56
8.69167,-56
8.70000,-56
8.70833,-56
8.71667,-56
8.72500,-55
8.73333,-55
8.74167,-55
8.75000,-55
8.75833,-55
8.76667,-55
8.77500,-55
8.78333,-55
8.79167,-56
8.80000,-56
8.80833,-56
8.81667,-56
8.82500,-56
8.83333,-57
8.84167,-57
8.85000,-57
8.85833,-56
8.86667,-56
8.87500,-56
8.88333,-55
8.89167,-55
8.90000,-54
8.90833,-54
8.91667,-54
8.92500,-54
8.93333,-55
8.94167,-55
8.95000,-55
8.95833,-55
8.96667,-55
8.97500,-55
8.98333,-55
8.99167,-55
9.00000,-55
9.00833,-56
9.01667,-56
9.02500,-55
9.03333,-55
9.04167,-55
9.05000,-55
9.05833,-55
9.06667,-55
9.07500,-55
9.08333,-55
9.09167,-55
9.10000,-55
9.10833,-55
9.11667,-55
9.12500,-55
9.13333,-55
9.14167,-55
9.15000,-55
9.15833,-56
9.16667,-55
9.17500,-55
9.18333,-55
9.19167,-55
9.20000,-55
9.20833,-55
9.21667,-55
9.22500,-55
9.23333,-55
9.24167,-55
9.25000,-55
9.25833,-55
9.26667,-55
9.27500,-55
9.28333,-55
9.29167,-55
9.30000,-55
9.30833,-55
9.31667,-55
9.32500,-54
9.33333,-54
9.34167,-54
9.35000,-54
9.35833,-54
9.36667,-54
9.37500,-54
9.38333,-54
9.39167,-54
9.40000,-54
9.40833,-54
9.41667,-54
9.42500,-54
9.43333,-54
9.44167,-54
9.45000,-54
9.45833,-54
9.46667,-54
9.47500,-53
9.48333,-53
9.49167,-53
9.50000,-53
9.50833,-53
9.51667,-54
9.52500,-54
9.53333,-54
9.54167,-54
9.55000,-54
9.55833,-54
9.56667,-54
9.57500,-54
9.58333,-55
9.59167,-55
9.60000,-54
9.60833,-54
9.61667,-53
9.62500,-53
9.63333,-53
9.64167,-53
9.65000,-53
9.65833,-53
9.66667,-54
9.67500,-54
9.68333,-54
9.69167,-54
9.70000,-54
9.70833,-53
9.71667,-53
9.72500,-53
9.73333,-53
9.74167,-52
9.75000,-52
9.75833,-52
9.76667,-52
9.77500,-53
9.78333,-53
9.79167,-53
9.80000,-53
9.80833,-53
9.81667,-53
9.82500,-53
9.83333,-53
9.84167,-53
9.85000,-53
9.85833,-52
9.86667,-52
9.87500,-52
9.88333,-51
9.89167,-51
9.90000,-52
9.90833,-51
9.91667,-52
9.92500,-52
9.93333,-52
9.94167,-52
9.95000,-52
9.95833,-52
9.96667,-52
9.97500,-51
9.98333,-51
9.99167,-51
10.00000,-51
10.00833,-51
10.01667,-51
10.02500,-51
10.03333,-51
10.04167,-50
10.05000,-50
10.05833,-50
10.06667,-49
10.07500,-49
10.08333,-49
10.09167,-49
10.10000,-49
10.10833,-48
10.11667,-48
10.12500,-47
10.13333,-46
10.14167,-45
10.15000,-44
10.15833,-43
10.16667,-43
10.17500,-42
10.18333,-41
10.19167,-40
10.20000,-39
10.20833,-38
10.21667,-36
10.22500,-35
10.23333,-33
10.24167,-31
10.25000,-29
10.25833,-27
10.26667,-25
10.27500,-23
10.28333,-20
10.29167,-16
10.30000,-12
10.30833,-7
10.31667,-2
10.32500,4
10.33333,12
10.34167,21
10.35000,31
10.35833,43
10.36667,56
10.37500,71
10.38333,86
10.39167,103
10.40000,121
10.40833,140
10.41667,158
10.42500,176
10.43333,192
10.44167,207
10.45000,219
10.45833,229
10.46667,234
10.47500,237
10.48333,237
10.49167,235
10.50000,232
10.50833,230
10.51667,231
10.52500,239
10.53333,256
10.54167,286
10.55000,335
10.55833,406
10.56667,506
10.57500,639
10.58333,812
10.59167,1030
10.60000,1299
10.60833,1626
10.61667,2018
10.62500,2479
10.63333,3016
10.64167,3634
10.65000,4338
10.65833,5134
10.66667,6025
10.67500,7018
10.68333,8115
10.69167,9321
10.70000,10639
10.70833,12071
10.71667,13620
10.72500,15287
10.73333,17075
10.74167,18985
10.75000,21017
10.75833,23172
10.76667,25449
10.77500,27849
10.78333,30370
10.79167,33011
10.80000,35770
10.80833,38644
10.81667,41632
10.82500,44728
10.83333,47930
10.84167,51231
10.85000,54627
10.85833,58109
10.86667,61671
10.87500,65303
10.88333,68993
10.89167,72729
10.90000,76495
10.90833,80275
10.91667,84045
10.92500,87781
10.93333,91455
10.94167,95034
10.95000,98480
10.95833,101752
10.96667,104803
10.97500,107582
10.98333,110036
10.99167,112110
11.00000,113748
11.00833,114894
11.01667,115500
11.02500,115521
11.03333,114923
11.04167,113684
11.05000,111796
11.05833,109270
11.06667,106131
11.07500,102424
11.08333,98211
11.09167,93566
11.10000,88575
11.10833,83329
11.11667,77923
11.12500,72451
11.13333,66999
11.14167,61647
11.15000,56462
11.15833,51501
11.16667,46806
11.17500,42410
11.18333,38332
11.19167,34581
11.20000,31156
11.20833,28052
11.21667,25254
11.22500,22747
11.23333,20510
11.24167,18522
11.25000,16761
11.25833,15204
11.26667,13831
11.27500,12622
11.28333,11557
11.29167,10620
11.30000,9795
11.30833,9067
11.31667,8424
11.32500,7855
11.33333,7350
11.34167,6901
11.35000,6499
11.35833,6138
11.36667,5814
11.37500,5520
11.38333,5254
11.39167,5011
11.40000,4787
11.40833,4582
11.41667,4392
11.42500,4215
11.43333,4050
11.44167,3895
11.45000,3750
11.45833,3612
11.46667,3483
11.47500,3360
11.48333,3243
11.49167,3131
11.50000,3025
11.50833,2923
11.51667,2825
11.52500,2732
11.53333,2642
11.54167,2556
11.55000,2474
11.55833,2395
11.56667,2318
11.57500,2245
11.58333,2175
11.59167,2107
11.60000,2042
11.60833,1980
11.61667,1920
11.62500,1863
11.63333,1807
11.64167,1754
11.65000,1703
11.65833,1654
11.66667,1607
11.67500,1562
11.68333,1519
11.69167,1477
11.70000,1437
11.70833,1399
11.71667,1362
11.72500,1327
11.73333,1293
11.74167,1260
11.75000,1229
11.75833,1199
11.76667,1171
11.77500,1143
11.78333,1117
11.79167,1093
11.80000,1069
11.80833,1046
11.81667,1024
11.82500,1003
11.83333,983
11.84167,964
11.85000,946
11.85833,928
11.86667,911
11.87500,896
11.88333,881
11.89167,866
11.90000,852
11.90833,839
11.91667,826
11.92500,814
11.93333,802
11.94167,791
11.95000,780
11.95833,770
11.96667,760
11.97500,751
11.98333,742
11.99167,733
12.00000,725
12.00833,718
12.01667,710
12.02500,703
12.03333,696
12.04167,690
12.05000,684
12.05833,678
12.06667,672
12.07500,667
12.08333,661
12.09167,656
12.10000,651
12.10833,646
12.11667,642
12.12500,638
12.13333,634
12.14167,630
12.15000,626
12.15833,623
12.16667,620
12.17500,617
12.18333,615
12.19167,612
12.20000,610
12.20833,608
12.21667,607
12.22500,605
12.23333,603
12.24167,602
12.25000,601
12.25833,600
12.26667,599
12.27500,598
12.28333,597
12.29167,597
12.30000,597
12.30833,597
12.31667,596
12.32500,596
12.33333,596
12.34167,596
12.35000,595
12.35833,595
12.36667,595
12.37500,595
12.38333,595
12.39167,595
12.40000,595
12.40833,594
12.41667,594
12.42500,594
12.43333,593
12.44167,592
12.45000,592
12.45833,592
12.46667,591
12.47500,590
12.48333,590
12.49167,589
12.50000,588
12.50833,587
12.51667,586
12.52500,584
12.53333,583
12.54167,581
12.55000,579
12.55833,577
12.56667,575
12.57500,574
12.58333,572
12.59167,571
12.60000,569
12.60833,568
12.61667,567
12.62500,565
12.63333,565
12.64167,564
12.65000,564
12.65833,564
12.66667,565
12.67500,566
12.68333,569
12.69167,573
12.70000,578
12.70833,583
12.71667,591
12.72500,600
12.73333,612
12.74167,626
12.75000,642
12.75833,661
12.76667,683
12.77500,707
12.78333,735
12.79167,767
12.80000,802
12.80833,842
12.81667,886
12.82500,935
12.83333,988
12.84167,1046
12.85000,1108
12.85833,1176
12.86667,1248
12.87500,1327
12.88333,1410
12.89167,1499
12.90000,1594
12.90833,1693
12.91667,1799
12.92500,1911
12.93333,2028
12.94167,2151
12.95000,2280
12.95833,2414
12.96667,2555
12.97500,2701
12.98333,2852
12.99167,3009
13.00000,3172
13.00833,3341
13.01667,3515
13.02500,3695
13.03333,3880
13.04167,4071
13.05000,4268
13.05833,4470
13.06667,4677
13.07500,4889
13.08333,5106
13.09167,5328
13.10000,5555
13.10833,5786
13.11667,6023
13.12500,6264
13.13333,6509
13.14167,6760
13.15000,7014
13.15833,7273
13.16667,7536
13.17500,7802
13.18333,8073
13.19167,8348
13.20000,8626
13.20833,8908
13.21667,9194
13.22500,9483
13.23333,9776
13.24167,10072
13.25000,10371
13.25833,10673
13.26667,10979
13.27500,11288
13.28333,11600
13.29167,11915
13.30000,12233
13.30833,12554
13.31667,12878
13.32500,13206
13.33333,13536
13.34167,13868
13.35000,14204
13.35833,14543
13.36667,14884
13.37500,15228
13.38333,15574
13.39167,15924
13.40000,16277
13.40833,16632
13.41667,16990
13.42500,17351
13.43333,17715
13.44167,18081
13.45000,18451
13.45833,18823
13.46667,19198
13.47500,19576
13.48333,19957
13.49167,20341
13.50000,20728
13.50833,21118
13.51667,21512
13.52500,21908
13.53333,22307
13.54167,22710
13.55000,23116
13.55833,23525
13.56667,23937
13.57500,24353
13.58333,24772
13.59167,25194
13.60000,25620
13.60833,26049
13.61667,26481
13.62500,26917
13.63333,27357
13.64167,27800
13.65000,28247
13.65833,28698
13.66667,29151
13.67500,29609
13.68333,30070
13.69167,30535
13.70000,31004
13.70833,31476
13.71667,31953
13.72500,32433
13.73333,32918
13.74167,33406
13.75000,33898
13.75833,34394
13.76667,34895
13.77500,35399
13.78333,35908
13.79167,36421
13.80000,36938
13.80833,37460
13.81667,37986
13.82500,38516
13.83333,39051
13.84167,39590
13.85000,40134
13.85833,40683
13.86667,41236
13.87500,41794
13.88333,42356
13.89167,42923
13.90000,43495
13.90833,44072
13.91667,44654
13.92500,45241
13.93333,45833
13.94167,46430
13.95000,47033
13.95833,47640
13.96667,48253
13.97500,48871
13.98333,49495
13.99167,50124
14.00000,50758
14.00833,51398
14.01667,52044
14.02500,52695
14.03333,53352
14.04167,54015
14.05000,54684
14.05833,55359
14.06667,56040
14.07500,56727
14.08333,57420
14.09167,58120
14.10000,58825
14.10833,59537
14.11667,60256
14.12500,60981
14.13333,61712
14.14167,62451
14.15000,63196
14.15833,63949
14.16667,64709
14.17500,65475
14.18333,66249
14.19167,67029
14.20000,67816
14.20833,68608
14.21667,69402
14.22500,70197
14.23333,70989
14.24167,71771
14.25000,72537
14.25833,73280
14.26667,73989
14.27500,74652
14.28333,75259
14.29167,75796
14.30000,76250
14.30833,76610
14.31667,76865
14.32500,77004
14.33333,77020
14.34167,76904
14.35000,76653
14.35833,76260
14.36667,75724
14.37500,75041
14.38333,74211
14.39167,73230
14.40000,72097
14.40833,70810
14.41667,69367
14.42500,67766
14.43333,66007
14.44167,64090
14.45000,62019
14.45833,59798
14.46667,57437
14.47500,54948
14.48333,52349
14.49167,49658
14.50000,46898
14.50833,44095
14.51667,41275
14.52500,38466
14.53333,35693
14.54167,32983
14.55000,30359
14.55833,27841
14.56667,25446
14.57500,23187
14.58333,21074
14.59167,19112
14.60000,17302
14.60833,15645
14.61667,14136
14.62500,12769
14.63333,11538
14.64167,10434
14.65000,9448
14.65833,8569
14.66667,7788
14.67500,7097
14.68333,6484
14.69167,5943
14.70000,5465
14.70833,5043
14.71667,4670
14.72500,4340
14.73333,4049
14.74167,3791
14.75000,3561
14.75833,3357
14.76667,3175
14.77500,3012
14.78333,2865
14.79167,2733
14.80000,2614
14.80833,2506
14.81667,2408
14.82500,2318
14.83333,2235
14.84167,2160
14.85000,2089
14.85833,2024
14.86667,1964
14.87500,1907
14.88333,1855
14.89167,1805
14.90000,1759
14.90833,1715
14.91667,1674
14.92500,1635
14.93333,1598
14.94167,1563
14.95000,1530
14.95833,1499
14.96667,1469
14.97500,1440
14.98333,1413
14.99167,1388
15.00000,1363
15.00833,1340
15.01667,1318
15.02500,1297
15.03333,1276
15.04167,1257
15.05000,1239
15.05833,1222
15.06667,1206
15.07500,1191
15.08333,1176
15.09167,1163
15.10000,1150
15.10833,1138
15.11667,1127
15.12500,1116
15.13333,1106
15.14167,1098
15.15000,1090
15.15833,1084
15.16667,1079
15.17500,1076
15.18333,1075
15.19167,1076
15.20000,1079
15.20833,1086
15.21667,1098
15.22500,1114
15.23333,1136
15.24167,1164
15.25000,1200
15.25833,1246
15.26667,1303
15.27500,1372
15.28333,1456
15.29167,1557
15.30000,1677
15.30833,1820
15.31667,1987
15.32500,2182
15.33333,2408
15.34167,2668
15.35000,2966
15.35833,3305
15.36667,3688
15.37500,4118
15.38333,4599
15.39167,5134
15.40000,5725
15.40833,6375
15.41667,7086
15.42500,7860
15.43333,8699
15.44167,9602
15.45000,10570
15.45833,11604
15.46667,12700
15.47500,13857
15.48333,15072
15.49167,16343
15.50000,17665
15.50833,19035
15.51667,20445
15.52500,21891
15.53333,23366
15.54167,24862
15.55000,26374
15.55833,27895
15.56667,29415
15.57500,30929
15.58333,32429
15.59167,33906
15.60000,35355
15.60833,36768
15.61667,38138
15.62500,39460
15.63333,40727
15.64167,41934
15.65000,43077
15.65833,44152
15.66667,45154
15.67500,46081
15.68333,46930
15.69167,47699
15.70000,48385
15.70833,48986
15.71667,49502
15.72500,49933
15.73333,50276
15.74167,50533
15.75000,50703
15.75833,50786
15.76667,50783
15.77500,50695
15.78333,50522
15.79167,50266
15.80000,49928
15.80833,49511
15.81667,49016
15.82500,48444
15.83333,47800
15.84167,47085
15.85000,46303
15.85833,45456
15.86667,44549
15.87500,43585
15.88333,42570
15.89167,41506
15.90000,40399
15.90833,39253
15.91667,38074
15.92500,36867
15.93333,35636
15.94167,34387
15.95000,33124
15.95833,31854
15.96667,30581
15.97500,29309
15.98333,28045
15.99167,26791
16.00000,25552
16.00833,24333
16.01667,23137
16.02500,21966
16.03333,20824
16.04167,19713
16.05000,18637
16.05833,17597
16.06667,16594
16.07500,15630
16.08333,14706
16.09167,13823
16.10000,12980
16.10833,12179
16.11667,11418
16.12500,10698
16.13333,10018
16.14167,9377
16.15000,8774
16.15833,8208
16.16667,7678
16.17500,7183
16.18333,6720
16.19167,6289
16.20000,5888
16.20833,5516
16.21667,5172
16.22500,4853
16.23333,4558
16.24167,4285
16.25000,4034
16.25833,3803
16.26667,3590
16.27500,3394
16.28333,3214
16.29167,3049
16.30000,2898
16.30833,2759
16.31667,2631
16.32500,2513
16.33333,2406
16.34167,2308
16.35000,2217
16.35833,2133
16.36667,2056
16.37500,1986
16.38333,1921
16.39167,1861
16.40000,1805
16.40833,1753
16.41667,1705
16.42500,1660
16.43333,1619
16.44167,1579
16.45000,1543
16.45833,1508
16.46667,1475
16.47500,1444
16.48333,1414
16.49167,1385
16.50000,1358
16.50833,1332
16.51667,1307
16.52500,1283
16.53333,1259
16.54167,1237
16.55000,1215
16.55833,1193
16.56667,1172
16.57500,1152
16.58333,1132
16.59167,1112
16.60000,1093
16.60833,1074
16.61667,1055
16.62500,1038
16.63333,1020
16.64167,1002
16.65000,985
16.65833,968
16.66667,952
16.67500,937
16.68333,922
16.69167,907
16.70000,892
16.70833,879
16.71667,865
16.72500,853
16.73333,840
16.74167,829
16.75000,817
16.75833,806
16.76667,795
16.77500,785
16.78333,776
16.79167,767
16.80000,759
16.80833,751
16.81667,744
16.82500,737
16.83333,731
16.84167,725
16.85000,720
16.85833,714
16.86667,710
16.87500,705
16.88333,701
16.89167,698
16.90000,694
16.90833,691
16.91667,689
16.92500,686
16.93333,684
16.94167,681
16.95000,679
16.95833,677
16.96667,676
16.97500,674
16.98333,672
16.99167,671
17.00000,670
17.00833,668
17.01667,667
17.02500,666
17.03333,665
17.04167,664
17.05000,663
17.05833,662
17.06667,662
17.07500,661
17.08333,660
17.09167,659
17.10000,658
17.10833,657
17.11667,656
17.12500,655
17.13333,654
17.14167,653
17.15000,651
17.15833,650
17.16667,649
17.17500,648
17.18333,647
17.19167,646
17.20000,645
17.20833,644
17.21667,642
17.22500,641
17.23333,640
17.24167,639
17.25000,638
17.25833,637
17.26667,635
17.27500,633
17.28333,632
17.29167,630
17.30000,629
17.30833,627
17.31667,626
17.32500,625
17.33333,624
17.34167,624
17.35000,623
17.35833,622
17.36667,621
17.37500,620
17.38333,620
17.39167,620
17.40000,620
17.40833,621
17.41667,622
17.42500,623
17.43333,624
17.44167,626
17.45000,627
17.45833,629
17.46667,631
17.47500,634
17.48333,637
17.49167,640
17.50000,644
17.50833,647
17.51667,651
17.52500,655
17.53333,660
17.54167,665
17.55000,670
17.55833,675
17.56667,681
17.57500,686
17.58333,692
17.59167,698
17.60000,704
17.60833,710
17.61667,716
17.62500,722
17.63333,728
17.64167,734
17.65000,740
17.65833,746
17.66667,752
17.67500,758
17.68333,763
17.69167,769
17.70000,774
17.70833,779
17.71667,784
17.72500,789
17.73333,794
17.74167,798
17.75000,803
17.75833,807
17.76667,811
17.77500,814
17.78333,817
17.79167,820
17.80000,823
17.80833,825
17.81667,827
17.82500,829
17.83333,830
17.84167,830
17.85000,831
17.85833,831
17.86667,831
17.87500,831
17.88333,830
17.89167,828
17.90000,826
17.90833,824
17.91667,821
17.92500,819
17.93333,816
17.94167,813
17.95000,809
17.95833,805
17.96667,800
17.97500,795
17.98333,790
17.99167,784
18.00000,778
18.00833,772
18.01667,766
18.02500,759
18.03333,752
18.04167,745
18.05000,739
18.05833,731
18.06667,724
18.07500,717
18.08333,709
18.09167,702
18.10000,694
18.10833,687
18.11667,680
18.12500,672
18.13333,665
18.14167,657
18.15000,650
18.15833,643
18.16667,636
18.17500,629
18.18333,622
18.19167,615
18.20000,609
18.20833,603
18.21667,596
18.22500,591
18.23333,585
18.24167,580
18.25000,575
18.25833,570
18.26667,566
18.27500,561
18.28333,557
18.29167,553
18.30000,550
18.30833,546
18.31667,543
18.32500,540
18.33333,538
18.34167,536
18.35000,534
18.35833,533
18.36667,532
18.37500,532
18.38333,531
18.39167,531
18.40000,532
18.40833,532
18.41667,533
18.42500,535
18.43333,536
18.44167,538
18.45000,540
18.45833,542
18.46667,545
18.47500,548
18.48333,551
18.49167,555
18.50000,558
18.50833,562
18.51667,566
18.52500,570
18.53333,573
18.54167,578
18.55000,582
18.55833,587
18.56667,592
18.57500,597
18.58333,602
18.59167,607
18.60000,612
18.60833,617
18.61667,623
18.62500,628
18.63333,634
18.64167,639
18.65000,645
18.65833,650
18.66667,656
18.67500,661
18.68333,667
18.69167,672
18.70000,677
18.70833,681
18.71667,686
18.72500,691
18.73333,696
18.74167,701
18.75000,706
18.75833,711
18.76667,715
18.77500,720
18.78333,725
18.79167,729
18.80000,733
18.80833,737
18.81667,741
18.82500,744
18.83333,748
18.84167,751
18.85000,755
18.85833,758
18.86667,761
18.87500,764
18.88333,766
18.89167,769
18.90000,771
18.90833,773
18.91667,775
18.92500,778
18.93333,780
18.94167,782
18.95000,784
18.95833,785
18.96667,787
18.97500,788
18.98333,789
18.99167,790
19.00000,791
19.00833,792
19.01667,793
19.02500,794
19.03333,794
19.04167,793
19.05000,793
19.05833,793
19.06667,793
19.07500,792
19.08333,791
19.09167,790
19.10000,788
19.10833,787
19.11667,785
19.12500,783
19.13333,781
19.14167,779
19.15000,777
19.15833,774
19.16667,771
19.17500,769
19.18333,765
19.19167,762
19.20000,759
19.20833,755
19.21667,751
19.22500,746
19.23333,742
19.24167,738
19.25000,733
19.25833,729
19.26667,724
19.27500,719
19.28333,714
19.29167,709
19.30000,704
19.30833,698
19.31667,692
19.32500,687
19.33333,681
19.34167,674
19.35000,668
19.35833,662
19.36667,656
19.37500,649
19.38333,643
19.39167,636
19.40000,630
19.40833,623
19.41667,617
19.42500,610
19.43333,603
19.44167,597
19.45000,590
19.45833,583
19.46667,577
19.47500,570
19.48333,563
19.49167,556
19.50000,549
19.50833,542
19.51667,536
19.52500,530
19.53333,523
19.54167,517
19.55000,511
19.55833,505
19.56667,499
19.57500,493
19.58333,487
19.59167,482
19.60000,477
19.60833,472
19.61667,467
19.62500,461
19.63333,456
19.64167,452
19.65000,448
19.65833,444
19.66667,440
19.67500,437
19.68333,434
19.69167,431
19.70000,429
19.70833,427
19.71667,425
19.72500,423
19.73333,422
19.74167,422
19.75000,422
19.75833,422
19.76667,423
19.77500,424
19.78333,426
19.79167,428
19.80000,430
19.80833,433
19.81667,437
19.82500,442
19.83333,447
19.84167,452
19.85000,459
19.85833,466
19.86667,473
19.87500,482
19.88333,491
19.89167,501
19.90000,511
19.90833,522
19.91667,534
19.92500,546
19.93333,559
19.94167,572
19.95000,586
19.95833,600
19.96667,615
19.97500,630
19.98333,645
19.99167,661
20.00000,677
20.00833,693
20.01667,710
20.02500,726
20.03333,743
20.04167,760
20.05000,776
20.05833,793
20.06667,809
20.07500,826
20.08333,841
20.09167,857
20.10000,872
20.10833,887
20.11667,902
20.12500,916
20.13333,930
20.14167,943
20.15000,956
20.15833,968
20.16667,979
20.17500,991
20.18333,1001
20.19167,1011
20.20000,1020
20.20833,1028
20.21667,1035
20.22500,1042
20.23333,1048
20.24167,1053
20.25000,1057
20.25833,1061
20.26667,1064
20.27500,1067
20.28333,1068
20.29167,1069
20.30000,1069
20.30833,1068
20.31667,1067
20.32500,1065
20.33333,1063
20.34167,1060
20.35000,1056
20.35833,1052
20.36667,1046
20.37500,1040
20.38333,1033
20.39167,1026
20.40000,1019
20.40833,1011
20.41667,1003
20.42500,995
20.43333,986
20.44167,976
20.45000,967
20.45833,957
20.46667,946
20.47500,935
20.48333,925
20.49167,914
20.50000,903
20.50833,892
20.51667,881
20.52500,870
20.53333,859
20.54167,848
20.55000,838
20.55833,828
20.56667,817
20.57500,807
20.58333,797
20.59167,787
20.60000,778
20.60833,770
20.61667,761
20.62500,753
20.63333,745
20.64167,738
20.65000,731
20.65833,725
20.66667,718
20.67500,712
20.68333,707
20.69167,702
20.70000,697
20.70833,691
20.71667,687
20.72500,682
20.73333,679
20.74167,675
20.75000,672
20.75833,669
20.76667,666
20.77500,663
20.78333,660
20.79167,658
20.80000,655
20.80833,653
20.81667,652
20.82500,650
20.83333,648
20.84167,647
20.85000,645
20.85833,643
20.86667,642
20.87500,640
20.88333,638
20.89167,637
20.90000,635
20.90833,634
20.91667,632
20.92500,631
20.93333,630
20.94167,628
20.95000,627
20.95833,625
20.96667,623
20.97500,621
20.98333,619
20.99167,617
21.00000,615
21.00833,613
21.01667,612
21.02500,610
21.03333,609
21.04167,607
21.05000,605
21.05833,603
21.06667,601
21.07500,600
21.08333,599
21.09167,597
21.10000,596
21.10833,595
21.11667,593
21.12500,592
21.13333,591
21.14167,590
21.15000,590
21.15833,589
21.16667,589
21.17500,588
21.18333,588
21.19167,587
21.20000,587
21.20833,586
21.21667,587
21.22500,586
21.23333,587
21.24167,587
21.25000,587
21.25833,587
21.26667,588
21.27500,588
21.28333,589
21.29167,590
21.30000,590
21.30833,590
21.31667,591
21.32500,592
21.33333,592
21.34167,593
21.35000,595
21.35833,597
21.36667,598
21.37500,601
21.38333,603
21.39167,605
21.40000,608
21.40833,610
21.41667,613
21.42500,616
21.43333,620
21.44167,624
21.45000,628
21.45833,632
21.46667,637
21.47500,643
21.48333,648
21.49167,654
21.50000,661
21.50833,668
21.51667,676
21.52500,683
21.53333,691
21.54167,700
21.55000,708
21.55833,717
21.56667,726
21.57500,736
21.58333,746
21.59167,756
21.60000,766
21.60833,776
21.61667,786
21.62500,796
21.63333,806
21.64167,816
21.65000,826
21.65833,837
21.66667,846
21.67500,856
21.68333,866
21.69167,875
21.70000,884
21.70833,892
21.71667,900
21.72500,907
21.73333,914
21.74167,920
21.75000,926
21.75833,931
21.76667,936
21.77500,941
21.78333,945
21.79167,949
21.80000,952
21.80833,954
21.81667,957
21.82500,959
21.83333,960
21.84167,961
21.85000,961
21.85833,961
21.86667,961
21.87500,960
21.88333,959
21.89167,957
21.90000,955
21.90833,953
21.91667,950
21.92500,947
21.93333,943
21.94167,939
21.95000,935
21.95833,930
21.96667,924
21.97500,919
21.98333,912
21.99167,906
22.00000,898
22.00833,891
22.01667,882
22.02500,874
22.03333,864
22.04167,855
22.05000,845
22.05833,834
22.06667,823
22.07500,812
22.08333,800
22.09167,787
22.10000,775
22.10833,762
22.11667,748
22.12500,734
22.13333,721
22.14167,706
22.15000,692
22.15833,678
22.16667,663
22.17500,649
22.18333,634
22.19167,619
22.20000,605
22.20833,590
22.21667,576
22.22500,562
22.23333,549
22.24167,535
22.25000,522
22.25833,509
22.26667,497
22.27500,484
22.28333,473
22.29167,461
22.30000,450
22.30833,439
22.31667,429
22.32500,419
22.33333,409
22.34167,401
22.35000,392
22.35833,383
22.36667,375
22.37500,368
22.38333,361
22.39167,354
22.40000,347
22.40833,341
22.41667,335
22.42500,330
22.43333,325
22.44167,321
22.45000,317
22.45833,313
22.46667,310
22.47500,306
22.48333,303
22.49167,300
22.50000,298
22.50833,295
22.51667,293
22.52500,291
22.53333,289
22.54167,288
22.55000,286
22.55833,285
22.56667,284
22.57500,284
22.58333,283
22.59167,282
22.60000,282
22.60833,281
22.61667,280
22.62500,280
22.63333,281
22.64167,281
22.65000,281
22.65833,281
22.66667,281
22.67500,281
22.68333,281
22.69167,281
22.70000,281
22.70833,282
22.71667,282
22.72500,283
22.73333,283
22.74167,283
22.75000,284
22.75833,285
22.76667,285
22.77500,286
22.78333,286
22.79167,287
22.80000,288
22.80833,290
22.81667,290
22.82500,291
22.83333,292
22.84167,293
22.85000,294
22.85833,295
22.86667,296
22.87500,296
22.88333,297
22.89167,298
22.90000,299
22.90833,300
22.91667,300
22.92500,302
22.93333,303
22.94167,304
22.95000,305
22.95833,306
22.96667,306
22.97500,307
22.98333,309
22.99167,310
23.00000,311
23.00833,312
23.01667,313
23.02500,314
23.03333,315
23.04167,316
23.05000,316
23.05833,317
23.06667,318
23.07500,319
23.08333,321
23.09167,322
23.10000,323
23.10833,324
23.11667,324
23.12500,325
23.13333,326
23.14167,327
23.15000,328
23.15833,329
23.16667,330
23.17500,331
23.18333,332
23.19167,333
23.20000,333
23.20833,334
23.21667,335
23.22500,336
23.23333,337
23.24167,338
23.25000,338
23.25833,339
23.26667,340
23.27500,341
23.28333,342
23.29167,343
23.30000,343
23.30833,344
23.31667,345
23.32500,346
23.33333,347
23.34167,348
23.35000,349
23.35833,349
23.36667,350
23.37500,350
23.38333,351
23.39167,352
23.40000,353
23.40833,354
23.41667,354
23.42500,355
23.43333,356
23.44167,357
23.45000,358
23.45833,359
23.46667,360
23.47500,361
23.48333,361
23.49167,362
23.50000,363
23.50833,364
23.51667,364
23.52500,365
23.53333,366
23.54167,367
23.55000,367
23.55833,368
23.56667,369
23.57500,369
23.58333,370
23.59167,370
23.60000,371
23.60833,371
23.61667,371
23.62500,372
23.63333,372
23.64167,372
23.65000,373
23.65833,374
23.66667,374
23.67500,375
23.68333,375
23.69167,375
23.70000,375
23.70833,375
23.71667,375
23.72500,375
23.73333,375
23.74167,375
23.75000,374
23.75833,374
23.76667,373
23.77500,373
23.78333,373
23.79167,373
23.80000,373
23.80833,372
23.81667,372
23.82500,372
23.83333,371
23.84167,371
23.85000,370
23.85833,370
23.86667,369
23.87500,368
23.88333,368
23.89167,367
23.90000,367
23.90833,367
23.91667,366
23.92500,366
23.93333,365
23.94167,364
23.95000,364
23.95833,363
23.96667,362
23.97500,362
23.98333,361
23.99167,360
24.00000,360
24.00833,359
24.01667,358
24.02500,358
24.03333,357
24.04167,356
24.05000,355
24.05833,355
24.06667,354
24.07500,353
24.08333,352
24.09167,352
24.10000,351
24.10833,351
24.11667,350
24.12500,349
24.13333,348
24.14167,347
24.15000,346
24.15833,346
24.16667,345
24.17500,345
24.18333,345
24.19167,344
24.20000,344
24.20833,344
24.21667,344
24.22500,344
24.23333,343
24.24167,343
24.25000,342
24.25833,342
24.26667,342
24.27500,341
24.28333,341
24.29167,341
24.30000,342
24.30833,342
24.31667,344
24.32500,345
24.33333,346
24.34167,348
24.35000,349
24.35833,351
24.36667,354
24.37500,356
24.38333,359
24.39167,363
24.40000,368
24.40833,373
24.41667,378
24.42500,385
24.43333,393
24.44167,402
24.45000,411
24.45833,421
24.46667,433
24.47500,446
24.48333,460
24.49167,477
24.50000,494
24.50833,513
24.51667,534
24.52500,557
24.53333,581
24.54167,607
24.55000,635
24.55833,666
24.56667,698
24.57500,733
24.58333,770
24.59167,810
24.60000,851
24.60833,895
24.61667,941
24.62500,989
24.63333,1039
24.64167,1091
24.65000,1145
24.65833,1202
24.66667,1261
24.67500,1321
24.68333,1383
24.69167,1447
24.70000,1512
24.70833,1578
24.71667,1645
24.72500,1714
24.73333,1783
24.74167,1853
24.75000,1923
24.75833,1993
24.76667,2064
24.77500,2134
24.78333,2204
24.79167,2273
24.80000,2342
24.80833,2410
24.81667,2477
24.82500,2543
24.83333,2608
24.84167,2672
24.85000,2734
24.85833,2795
24.86667,2853
24.87500,2910
24.88333,2965
24.89167,3019
24.90000,3071
24.90833,3120
24.91667,3168
24.92500,3214
24.93333,3257
24.94167,3298
24.95000,3337
24.95833,3374
24.96667,3408
24.97500,3441
24.98333,3471
24.99167,3498
25.00000,3525
25.00833,3549
25.01667,3570
25.02500,3589
25.03333,3605
25.04167,3619
25.05000,3631
25.05833,3640
25.06667,3647
25.07500,3651
25.08333,3653
25.09167,3651
25.10000,3648
25.10833,3641
25.11667,3631
25.12500,3620
25.13333,3605
25.14167,3588
25.15000,3567
25.15833,3543
25.16667,3517
25.17500,3488
25.18333,3457
25.19167,3422
25.20000,3384
25.20833,3344
25.21667,3301
25.22500,3256
25.23333,3209
25.24167,3158
25.25000,3106
25.25833,3052
25.26667,2996
25.27500,2938
25.28333,2878
25.29167,2817
25.30000,2755
25.30833,2691
25.31667,2626
25.32500,2561
25.33333,2495
25.34167,2428
25.35000,2361
25.35833,2294
25.36667,2227
25.37500,2160
25.38333,2094
25.39167,2027
25.40000,1961
25.40833,1896
25.41667,1832
25.42500,1769
25.43333,1707
25.44167,1646
25.45000,1586
25.45833,1528
25.46667,1471
25.47500,1416
25.48333,1362
25.49167,1310
25.50000,1260
25.50833,1211
25.51667,1164
25.52500,1119
25.53333,1076
25.54167,1034
25.55000,995
25.55833,958
25.56667,922
25.57500,887
25.58333,854
25.59167,822
25.60000,792
25.60833,764
25.61667,736
25.62500,711
25.63333,686
25.64167,663
25.65000,641
25.65833,621
25.66667,602
25.67500,584
25.68333,567
25.69167,551
25.70000,535
25.70833,521
25.71667,508
25.72500,495
25.73333,482
25.74167,471
25.75000,460
25.75833,450
25.76667,440
25.77500,430
25.78333,422
25.79167,413
25.80000,405
25.80833,398
25.81667,391
25.82500,384
25.83333,377
25.84167,370
25.85000,364
25.85833,358
25.86667,352
25.87500,346
25.88333,340
25.89167,335
25.90000,329
25.90833,324
25.91667,318
25.92500,313
25.93333,308
25.94167,303
25.95000,298
25.95833,293
25.96667,288
25.97500,283
25.98333,278
25.99167,273
26.00000,269
26.00833,264
26.01667,259
26.02500,254
26.03333,250
26.04167,245
26.05000,241
26.05833,237
26.06667,233
26.07500,229
26.08333,225
26.09167,221
26.10000,217
26.10833,213
26.11667,209
26.12500,205
26.13333,201
26.14167,198
26.15000,194
26.15833,190
26.16667,186
26.17500,183
26.18333,179
26.19167,176
26.20000,173
26.20833,170
26.21667,167
26.22500,164
26.23333,162
26.24167,159
26.25000,156
26.25833,154
26.26667,151
26.27500,149
26.28333,147
26.29167,145
26.30000,142
26.30833,140
26.31667,138
26.32500,136
26.33333,135
26.34167,133
26.35000,132
26.35833,131
26.36667,130
26.37500,129
26.38333,128
26.39167,126
26.40000,125
26.40833,124
26.41667,123
26.42500,122
26.43333,122
26.44167,121
26.45000,121
26.45833,120
26.46667,119
26.47500,119
26.48333,118
26.49167,118
26.50000,117
26.50833,117
26.51667,116
26.52500,116
26.53333,115
26.54167,115
26.55000,115
26.55833,115
26.56667,114
26.57500,114
26.58333,113
26.59167,113
26.60000,114
26.60833,114
26.61667,114
26.62500,114
26.63333,114
26.64167,114
26.65000,114
26.65833,115
26.66667,115
26.67500,115
26.68333,115
26.69167,115
26.70000,115
26.70833,115
26.71667,115
26.72500,115
26.73333,115
26.74167,115
26.75000,115
26.75833,115
26.76667,115
26.77500,115
26.78333,116
26.79167,116
26.80000,116
26.80833,116
26.81667,117
26.82500,117
26.83333,117
26.84167,117
26.85000,117
26.85833,117
26.86667,117
26.87500,117
26.88333,117
26.89167,117
26.90000,118
26.90833,118
26.91667,118
26.92500,118
26.93333,118
26.94167,118
26.95000,118
26.95833,118
26.96667,117
26.97500,118
26.98333,118
26.99167,118
27.00000,119
27.00833,119
27.01667,119
27.02500,119
27.03333,120
27.04167,120
27.05000,120
27.05833,120
27.06667,120
27.07500,120
27.08333,121
27.09167,121
27.10000,121
27.10833,121
27.11667,121
27.12500,121
27.13333,121
27.14167,121
27.15000,121
27.15833,121
27.16667,121
27.17500,121
27.18333,121
27.19167,121
27.20000,121
27.20833,121
27.21667,121
27.22500,121
27.23333,120
27.24167,120
27.25000,120
27.25833,121
27.26667,121
27.27500,120
27.28333,120
27.29167,120
27.30000,120
27.30833,120
27.31667,120
27.32500,121
27.33333,120
27.34167,120
27.35000,120
27.35833,120
27.36667,119
27.37500,119
27.38333,119
27.39167,118
27.40000,118
27.40833,118
27.41667,118
27.42500,118
27.43333,118
27.44167,118
27.45000,118
27.45833,118
27.46667,118
27.47500,117
27.48333,117
27.49167,116
27.50000,115
27.50833,115
27.51667,114
27.52500,114
27.53333,114
27.54167,113
27.55000,113
27.55833,112
27.56667,112
27.57500,111
27.58333,111
27.59167,111
27.60000,110
27.60833,110
27.61667,109
27.62500,108
27.63333,107
27.64167,107
27.65000,106
27.65833,105
27.66667,105
27.67500,104
27.68333,103
27.69167,102
27.70000,101
27.70833,100
27.71667,100
27.72500,99
27.73333,98
27.74167,97
27.75000,97
27.75833,96
27.76667,95
27.77500,94
27.78333,93
27.79167,93
27.80000,92
27.80833,91
27.81667,90
27.82500,89
27.83333,88
27.84167,88
27.85000,87
27.85833,86
27.86667,85
27.87500,85
27.88333,84
27.89167,83
27.90000,83
27.90833,83
27.91667,82
27.92500,82
27.93333,82
27.94167,82
27.95000,81
27.95833,81
27.96667,81
27.97500,81
27.98333,81
27.99167,80
28.00000,80
28.00833,80
28.01667,80
28.02500,80
28.03333,80
28.04167,80
28.05000,80
28.05833,80
28.06667,79
28.07500,79
28.08333,78
28.09167,78
28.10000,78
28.10833,78
28.11667,78
28.12500,78
28.13333,78
28.14167,79
28.15000,79
28.15833,79
28.16667,80
28.17500,80
28.18333,80
28.19167,80
28.20000,80
28.20833,80
28.21667,81
28.22500,81
28.23333,82
28.24167,82
28.25000,82
28.25833,83
28.26667,83
28.27500,83
28.28333,84
28.29167,84
28.30000,85
28.30833,86
28.31667,86
28.32500,87
28.33333,88
28.34167,89
28.35000,91
28.35833,93
28.36667,95
28.37500,97
28.38333,99
28.39167,101
28.40000,103
28.40833,106
28.41667,109
28.42500,113
28.43333,117
28.44167,121
28.45000,126
28.45833,131
28.46667,137
28.47500,143
28.48333,150
28.49167,158
28.50000,166
28.50833,175
28.51667,185
28.52500,196
28.53333,207
28.54167,220
28.55000,233
28.55833,248
28.56667,263
28.57500,280
28.58333,298
28.59167,317
28.60000,337
28.60833,359
28.61667,382
28.62500,406
28.63333,432
28.64167,459
28.65000,488
28.65833,517
28.66667,549
28.67500,581
28.68333,616
28.69167,652
28.70000,689
28.70833,728
28.71667,768
28.72500,809
28.73333,851
28.74167,895
28.75000,940
28.75833,987
28.76667,1034
28.77500,1082
28.78333,1131
28.79167,1181
28.80000,1232
28.80833,1283
28.81667,1335
28.82500,1387
28.83333,1441
28.84167,1494
28.85000,1547
28.85833,1600
28.86667,1653
28.87500,1706
28.88333,1758
28.89167,1811
28.90000,1862
28.90833,1913
28.91667,1964
28.92500,2013
28.93333,2062
28.94167,2109
28.95000,2156
28.95833,2201
28.96667,2245
28.97500,2288
28.98333,2330
28.99167,2370
29.00000,2409
29.00833,2446
29.01667,2481
29.02500,2515
29.03333,2547
29.04167,2577
29.05000,2607
29.05833,2634
29.06667,2660
29.07500,2685
29.08333,2708
29.09167,2730
29.10000,2750
29.10833,2768
29.11667,2785
29.12500,2799
29.13333,2813
29.14167,2825
29.15000,2835
29.15833,2844
29.16667,2851
29.17500,2857
29.18333,2861
29.19167,2864
29.20000,2865
29.20833,2865
29.21667,2864
29.22500,2862
29.23333,2858
29.24167,2853
29.25000,2847
29.25833,2839
29.26667,2829
29.27500,2818
29.28333,2806
29.29167,2792
29.30000,2777
29.30833,2760
29.31667,2742
29.32500,2722
29.33333,2701
29.34167,2679
29.35000,2655
29.35833,2630
29.36667,2604
29.37500,2576
29.38333,2546
29.39167,2516
29.40000,2484
29.40833,2451
29.41667,2416
29.42500,2380
29.43333,2343
29.44167,2305
29.45000,2265
29.45833,2225
29.46667,2183
29.47500,2141
29.48333,2098
29.49167,2053
29.50000,2008
29.50833,1963
29.51667,1917
29.52500,1871
29.53333,1825
29.54167,1778
29.55000,1731
29.55833,1684
29.56667,1636
29.57500,1588
29.58333,1541
29.59167,1494
29.60000,1447
29.60833,1400
29.61667,1354
29.62500,1308
29.63333,1263
29.64167,1219
29.65000,1175
29.65833,1132
29.66667,1089
29.67500,1047
29.68333,1006
29.69167,966
29.70000,928
29.70833,890
29.71667,853
29.72500,817
29.73333,783
29.74167,749
29.75000,716
29.75833,685
29.76667,655
29.77500,625
29.78333,597
29.79167,570
29.80000,543
29.80833,518
29.81667,494
29.82500,472
29.83333,450
29.84167,429
29.85000,409
29.85833,390
29.86667,372
29.87500,355
29.88333,339
29.89167,323
29.90000,309
29.90833,295
29.91667,283
29.92500,271
29.93333,259
29.94167,249
29.95000,238
29.95833,229
29.96667,219
29.97500,211
29.98333,203
29.99167,196
30.00000,188
30.00833,182
30.01667,176
30.02500,170
30.03333,165
30.04167,160
30.05000,156
30.05833,152
30.06667,148
30.07500,144
30.08333,140
30.09167,137
30.10000,135
30.10833,132
30.11667,130
30.12500,127
30.13333,125
30.14167,124
30.15000,122
30.15833,121
30.16667,119
30.17500,118
30.18333,117
30.19167,116
30.20000,114
30.20833,113
30.21667,112
30.22500,111
30.23333,110
30.24167,109
30.25000,108
30.25833,108
30.26667,107
30.27500,107
30.28333,107
30.29167,107
30.30000,106
30.30833,106
30.31667,105
30.32500,105
30.33333,105
30.34167,105
30.35000,105
30.35833,105
30.36667,105
30.37500,106
30.38333,106
30.39167,106
30.40000,106
30.40833,107
30.41667,107
30.42500,108
30.43333,108
30.44167,108
30.45000,109
30.45833,109
30.46667,110
30.47500,110
30.48333,111
30.49167,112
30.50000,113
30.50833,114
30.51667,115
30.52500,116
30.53333,117
30.54167,118
30.55000,119
30.55833,120
30.56667,121
30.57500,122
30.58333,123
30.59167,124
30.60000,126
30.60833,127
30.61667,128
30.62500,130
30.63333,131
30.64167,133
30.65000,135
30.65833,136
30.66667,138
30.67500,140
30.68333,141
30.69167,143
30.70000,144
30.70833,146
30.71667,147
30.72500,149
30.73333,150
30.74167,151
30.75000,153
30.75833,155
30.76667,157
30.77500,159
30.78333,161
30.79167,162
30.80000,164
30.80833,166
30.81667,167
30.82500,169
30.83333,171
30.84167,172
30.85000,174
30.85833,175
30.86667,177
30.87500,179
30.88333,180
30.89167,181
30.90000,182
30.90833,184
30.91667,185
30.92500,186
30.93333,188
30.94167,189
30.95000,190
30.95833,191
30.96667,193
30.97500,194
30.98333,195
30.99167,196
31.00000,197
31.00833,198
31.01667,199
31.02500,199
31.03333,200
31.04167,200
31.05000,201
31.05833,202
31.06667,203
31.07500,203
31.08333,203
31.09167,203
31.10000,203
31.10833,203
31.11667,203
31.12500,203
31.13333,204
31.14167,203
31.15000,203
31.15833,203
31.16667,203
31.17500,203
31.18333,202
31.19167,202
31.20000,202
31.20833,202
31.21667,201
31.22500,201
31.23333,200
31.24167,200
31.25000,199
31.25833,199
31.26667,198
31.27500,198
31.28333,197
31.29167,196
31.30000,195
31.30833,193
31.31667,192
31.32500,191
31.33333,191
31.34167,190
31.35000,188
31.35833,187
31.36667,185
31.37500,184
31.38333,182
31.39167,181
31.40000,180
31.40833,178
31.41667,177
31.42500,175
31.43333,174
31.44167,172
31.45000,171
31.45833,169
31.46667,168
31.47500,167
31.48333,165
31.49167,163
31.50000,162
31.50833,161
31.51667,160
31.52500,158
31.53333,157
31.54167,156
31.55000,155
31.55833,154
31.56667,153
31.57500,152
31.58333,151
31.59167,150
31.60000,149
31.60833,149
31.61667,148
31.62500,147
31.63333,146
31.64167,146
31.65000,146
31.65833,146
31.66667,146
31.67500,146
31.68333,147
31.69167,147
31.70000,148
31.70833,149
31.71667,150
31.72500,151
31.73333,152
31.74167,154
31.75000,155
31.75833,156
31.76667,158
31.77500,161
31.78333,163
31.79167,166
31.80000,169
31.80833,172
31.81667,175
31.82500,178
31.83333,181
31.84167,185
31.85000,189
31.85833,193
31.86667,198
31.87500,203
31.88333,208
31.89167,213
31.90000,218
31.90833,223
31.91667,228
31.92500,233
31.93333,239
31.94167,245
31.95000,251
31.95833,258
31.96667,264
31.97500,271
31.98333,277
31.99167,284
32.00000,291
32.00833,297
32.01667,304
32.02500,311
32.03333,318
32.04167,324
32.05000,331
32.05833,338
32.06667,345
32.07500,352
32.08333,359
32.09167,365
32.10000,372
32.10833,378
32.11667,385
32.12500,391
32.13333,397
32.14167,403
32.15000,409
32.15833,415
32.16667,422
32.17500,428
32.18333,434
32.19167,440
32.20000,445
32.20833,451
32.21667,456
32.22500,461
32.23333,465
32.24167,470
32.25000,474
32.25833,479
32.26667,484
32.27500,488
32.28333,492
32.29167,496
32.30000,500
32.30833,504
32.31667,507
32.32500,510
32.33333,514
32.34167,517
32.35000,520
32.35833,523
32.36667,526
32.37500,528
32.38333,531
32.39167,533
32.40000,535
32.40833,537
32.41667,540
32.42500,541
32.43333,543
32.44167,545
32.45000,546
32.45833,547
32.46667,548
32.47500,548
32.48333,549
32.49167,549
32.50000,549
32.50833,549
32.51667,549
32.52500,548
32.53333,547
32.54167,546
32.55000,545
32.55833,544
32.56667,544
32.57500,542
32.58333,541
32.59167,539
32.60000,537
32.60833,535
32.61667,533
32.62500,530
32.63333,527
32.64167,524
32.65000,521
32.65833,518
32.66667,515
32.67500,511
32.68333,508
32.69167,505
32.70000,501
32.70833,498
32.71667,495
32.72500,491
32.73333,487
32.74167,483
32.75000,479
32.75833,476
32.76667,472
32.77500,468
32.78333,464
32.79167,461
32.80000,457
32.80833,453
32.81667,449
32.82500,446
32.83333,442
32.84167,439
32.85000,435
32.85833,432
32.86667,429
32.87500,427
32.88333,424
32.89167,421
32.90000,418
32.90833,416
32.91667,414
32.92500,411
32.93333,409
32.94167,407
32.95000,405
32.95833,403
32.96667,401
32.97500,399
32.98333,397
32.99167,396
33.00000,394
33.00833,393
33.01667,392
33.02500,391
33.03333,390
33.04167,389
33.05000,388
33.05833,388
33.06667,387
33.07500,387
33.08333,387
33.09167,386
33.10000,385
33.10833,385
33.11667,384
33.12500,384
33.13333,383
33.14167,383
33.15000,382
33.15833,381
33.16667,381
33.17500,380
33.18333,380
33.19167,379
33.20000,379
33.20833,378
33.21667,377
33.22500,377
33.23333,376
33.24167,376
33.25000,375
33.25833,375
33.26667,374
33.27500,373
33.28333,371
33.29167,370
33.30000,369
33.30833,367
33.31667,366
33.32500,365
33.33333,364
33.34167,362
33.35000,361
33.35833,359
33.36667,357
33.37500,355
33.38333,353
33.39167,350
33.40000,348
33.40833,346
33.41667,344
33.42500,341
33.43333,339
33.44167,336
33.45000,334
33.45833,331
33.46667,328
33.47500,326
33.48333,323
33.49167,320
33.50000,317
33.50833,314
33.51667,311
33.52500,308
33.53333,305
33.54167,302
33.55000,299
33.55833,296
33.56667,292
33.57500,289
33.58333,285
33.59167,282
33.60000,278
33.60833,275
33.61667,271
33.62500,267
33.63333,264
33.64167,260
33.65000,256
33.65833,252
33.66667,248
33.67500,244
33.68333,239
33.69167,235
33.70000,232
33.70833,228
33.71667,224
33.72500,220
33.73333,216
33.74167,211
33.75000,207
33.75833,204
33.76667,200
33.77500,195
33.78333,191
33.79167,187
33.80000,183
33.80833,179
33.81667,175
33.82500,171
33.83333,167
33.84167,163
33.85000,160
33.85833,156
33.86667,153
33.87500,149
33.88333,146
33.89167,142
33.90000,138
33.90833,134
33.91667,131
33.92500,127
33.93333,124
33.94167,120
33.95000,117
33.95833,114
33.96667,111
33.97500,107
33.98333,104
33.99167,102
34.00000,99
34.00833,96
34.01667,94
34.02500,91
34.03333,89
34.04167,86
34.05000,84
34.05833,81
34.06667,79
34.07500,77
34.08333,75
34.09167,73
34.10000,71
34.10833,69
34.11667,67
34.12500,65
34.13333,63
34.14167,62
34.15000,60
34.15833,59
34.16667,57
34.17500,56
34.18333,55
34.19167,54
34.20000,52
34.20833,51
34.21667,50
34.22500,49
34.23333,48
34.24167,46
34.25000,45
34.25833,44
34.26667,42
34.27500,42
34.28333,41
34.29167,40
34.30000,40
34.30833,39
34.31667,38
34.32500,38
34.33333,37
34.34167,36
34.35000,35
34.35833,35
34.36667,34
34.37500,34
34.38333,33
34.39167,32
34.40000,32
34.40833,31
34.41667,30
34.42500,30
34.43333,30
34.44167,29
34.45000,29
34.45833,28
34.46667,28
34.47500,28
34.48333,28
34.49167,27
34.50000,26
34.50833,25
34.51667,25
34.52500,24
34.53333,24
34.54167,24
34.55000,23
34.55833,23
34.56667,23
34.57500,22
34.58333,22
34.59167,22
34.60000,21
34.60833,21
34.61667,21
34.62500,20
34.63333,19
34.64167,19
34.65000,19
34.65833,18
34.66667,18
34.67500,18
34.68333,18
34.69167,18
34.70000,18
34.70833,17
34.71667,17
34.72500,16
34.73333,16
34.74167,15
34.75000,15
34.75833,15
34.76667,14
34.77500,14
34.78333,14
34.79167,14
34.80000,14
34.80833,14
34.81667,13
34.82500,13
34.83333,13
34.84167,13
34.85000,12
34.85833,12
34.86667,11
34.87500,11
34.88333,11
34.89167,10
34.90000,10
34.90833,10
34.91667,10
34.92500,11
34.93333,10
34.94167,10
34.95000,9
34.95833,9
34.96667,9
34.97500,9
34.98333,10
34.99167,10
35.00000,9
35.00833,9
35.01667,9
35.02500,9
35.03333,9
35.04167,8
35.05000,9
35.05833,9
35.06667,8
35.07500,8
35.08333,8
35.09167,8
35.10000,8
35.10833,8
35.11667,8
35.12500,8
35.13333,8
35.14167,8
35.15000,8
35.15833,9
35.16667,9
35.17500,9
35.18333,9
35.19167,9
35.20000,9
35.20833,10
35.21667,10
35.22500,10
35.23333,11
35.24167,11
35.25000,12
35.25833,12
35.26667,12
35.27500,12
35.28333,13
35.29167,13
35.30000,13
35.30833,14
35.31667,14
35.32500,14
35.33333,14
35.34167,15
35.35000,15
35.35833,16
35.36667,16
35.37500,17
35.38333,17
35.39167,18
35.40000,18
35.40833,18
35.41667,18
35.42500,18
35.43333,19
35.44167,19
35.45000,20
35.45833,20
35.46667,21
35.47500,21
35.48333,22
35.49167,22
35.50000,23
35.50833,23
35.51667,23
35.52500,24
35.53333,24
35.54167,25
35.55000,25
35.55833,26
35.56667,26
35.57500,27
35.58333,27
35.59167,27
35.60000,28
35.60833,28
35.61667,28
35.62500,29
35.63333,30
35.64167,30
35.65000,31
35.65833,31
35.66667,31
35.67500,31
35.68333,31
35.69167,31
35.70000,31
35.70833,32
35.71667,32
35.72500,33
35.73333,33
35.74167,34
35.75000,35
35.75833,35
35.76667,36
35.77500,36
35.78333,36
35.79167,36
35.80000,36
35.80833,36
35.81667,36
35.82500,37
35.83333,37
35.84167,37
35.85000,37
35.85833,38
35.86667,38
35.87500,38
35.88333,38
35.89167,38
35.90000,38
35.90833,38
35.91667,39
35.92500,39
35.93333,39
35.94167,39
35.95000,39
35.95833,39
35.96667,40
35.97500,40
35.98333,41
35.99167,41
36.00000,42
36.00833,42
36.01667,42
36.02500,42
36.03333,42
36.04167,42
36.05000,42
36.05833,42
36.06667,42
36.07500,42
36.08333,42
36.09167,42
36.10000,42
36.10833,42
36.11667,43
36.12500,43
36.13333,43
36.14167,43
36.15000,43
36.15833,43
36.16667,43
36.17500,43
36.18333,43
36.19167,43
36.20000,43
36.20833,43
36.21667,43
36.22500,43
36.23333,43
36.24167,43
36.25000,43
36.25833,43
36.26667,43
36.27500,43
36.28333,42
36.29167,42
36.30000,42
36.30833,42
36.31667,42
36.32500,42
36.33333,42
36.34167,42
36.35000,42
36.35833,43
36.36667,43
36.37500,43
36.38333,42
36.39167,42
36.40000,42
36.40833,42
36.41667,42
36.42500,41
36.43333,41
36.44167,41
36.45000,42
36.45833,42
36.46667,42
36.47500,42
36.48333,42
36.49167,42
36.50000,42
36.50833,43
36.51667,42
36.52500,42
36.53333,42
36.54167,42
36.55000,42
36.55833,42
36.56667,42
36.57500,42
36.58333,42
36.59167,42
36.60000,43
36.60833,43
36.61667,43
36.62500,43
36.63333,44
36.64167,44
36.65000,44
36.65833,44
36.66667,44
36.67500,45
36.68333,45
36.69167,46
36.70000,46
36.70833,47
36.71667,47
36.72500,47
36.73333,47
36.74167,47
36.75000,47
36.75833,47
36.76667,48
36.77500,48
36.78333,49
36.79167,50
36.80000,50
36.80833,51
36.81667,51
36.82500,52
36.83333,52
36.84167,52
36.85000,52
36.85833,53
36.86667,53
36.87500,53
36.88333,53
36.89167,54
36.90000,55
36.90833,55
36.91667,55
36.92500,56
36.93333,56
36.94167,57
36.95000,58
36.95833,58
36.96667,59
36.97500,59
36.98333,60
36.99167,61
37.00000,62
37.00833,63
37.01667,63
37.02500,63
37.03333,64
37.04167,64
37.05000,65
37.05833,66
37.06667,67
37.07500,68
37.08333,69
37.09167,69
37.10000,70
37.10833,71
37.11667,72
37.12500,72
37.13333,73
37.14167,73
37.15000,74
37.15833,74
37.16667,75
37.17500,76
37.18333,76
37.19167,77
37.20000,78
37.20833,79
37.21667,79
37.22500,80
37.23333,82
37.24167,83
37.25000,84
37.25833,85
37.26667,86
37.27500,86
37.28333,88
37.29167,88
37.30000,89
37.30833,90
37.31667,91
37.32500,91
37.33333,92
37.34167,93
37.35000,94
37.35833,95
37.36667,96
37.37500,97
37.38333,98
37.39167,98
37.40000,99
37.40833,100
37.41667,101
37.42500,102
37.43333,103
37.44167,104
37.45000,105
37.45833,105
37.46667,106
37.47500,107
37.48333,108
37.49167,109
37.50000,110
37.50833,111
37.51667,112
37.52500,112
37.53333,113
37.54167,114
37.55000,115
37.55833,116
37.56667,116
37.57500,117
37.58333,118
37.59167,119
37.60000,120
37.60833,121
37.61667,122
37.62500,122
37.63333,123
37.64167,123
37.65000,124
37.65833,124
37.66667,124
37.67500,125
37.68333,126
37.69167,126
37.70000,126
37.70833,127
37.71667,127
37.72500,128
37.73333,128
37.74167,129
37.75000,129
37.75833,129
37.76667,129
37.77500,129
37.78333,129
37.79167,130
37.80000,130
37.80833,130
37.81667,130
37.82500,130
37.83333,130
37.84167,130
37.85000,129
37.85833,129
37.86667,129
37.87500,129
37.88333,129
37.89167,128
37.90000,128
37.90833,128
37.91667,128
37.92500,127
37.93333,126
37.94167,126
37.95000,126
37.95833,125
37.96667,125
37.97500,125
37.98333,124
37.99167,124
38.00000,123
38.00833,122
38.01667,122
38.02500,121
38.03333,120
38.04167,119
38.05000,119
38.05833,118
38.06667,117
38.07500,116
38.08333,115
38.09167,114
38.10000,113
38.10833,112
38.11667,111
38.12500,110
38.13333,110
38.14167,109
38.15000,108
38.15833,107
38.16667,106
38.17500,105
38.18333,104
38.19167,103
38.20000,102
38.20833,101
38.21667,100
38.22500,99
38.23333,97
38.24167,96
38.25000,95
38.25833,94
38.26667,93
38.27500,92
38.28333,91
38.29167,89
38.30000,88
38.30833,87
38.31667,86
38.32500,85
38.33333,83
38.34167,82
38.35000,80
38.35833,78
38.36667,77
38.37500,76
38.38333,75
38.39167,73
38.40000,72
38.40833,71
38.41667,69
38.42500,68
38.43333,66
38.44167,65
38.45000,63
38.45833,62
38.46667,61
38.47500,60
38.48333,58
38.49167,57
38.50000,56
38.50833,55
38.51667,54
38.52500,53
38.53333,51
38.54167,50
38.55000,48
38.55833,47
38.56667,46
38.57500,45
38.58333,44
38.59167,42
38.60000,41
38.60833,40
38.61667,38
38.62500,37
38.63333,35
38.64167,34
38.65000,32
38.65833,31
38.66667,31
38.67500,30
38.68333,29
38.69167,28
38.70000,27
38.70833,26
38.71667,25
38.72500,24
38.73333,24
38.74167,22
38.75000,21
38.75833,20
38.76667,19
38.77500,18
38.78333,17
38.79167,17
38.80000,16
38.80833,15
38.81667,14
38.82500,13
38.83333,12
38.84167,11
38.85000,11
38.85833,10
38.86667,9
38.87500,8
38.88333,7
38.89167,7
38.90000,7
38.90833,7
38.91667,6
38.92500,6
38.93333,5
38.94167,5
38.95000,4
38.95833,4
38.96667,4
38.97500,3
38.98333,3
38.99167,2
39.00000,2
39.00833,2
39.01667,2
39.02500,1
39.03333,1
39.04167,0
39.05000,-0
39.05833,-1
39.06667,-1
39.07500,-2
39.08333,-2
39.09167,-2
39.10000,-2
39.10833,-3
39.11667,-3
39.12500,-3
39.13333,-3
39.14167,-4
39.15000,-4
39.15833,-4
39.16667,-4
39.17500,-4
39.18333,-5
39.19167,-5
39.20000,-5
39.20833,-4
39.21667,-4
39.22500,-4
39.23333,-4
39.24167,-5
39.25000,-5
39.25833,-5
39.26667,-5
39.27500,-5
39.28333,-5
39.29167,-6
39.30000,-6
39.30833,-6
39.31667,-6
39.32500,-6
39.33333,-6
39.34167,-6
39.35000,-6
39.35833,-6
39.36667,-6
39.37500,-6
39.38333,-6
39.39167,-6
39.40000,-6
39.40833,-7
39.41667,-7
39.42500,-7
39.43333,-7
39.44167,-7
39.45000,-8
39.45833,-8
39.46667,-8
39.47500,-8
39.48333,-8
39.49167,-8
39.50000,-8
39.50833,-7
39.51667,-7
39.52500,-7
39.53333,-7
39.54167,-8
39.55000,-7
39.55833,-7
39.56667,-7
39.57500,-7
39.58333,-7
39.59167,-7
39.60000,-7
39.60833,-7
39.61667,-7
39.62500,-7
39.63333,-8
39.64167,-8
39.65000,-8
39.65833,-7
39.66667,-7
39.67500,-8
39.68333,-8
39.69167,-8
39.70000,-8
39.70833,-9
39.71667,-9
39.72500,-9
39.73333,-9
39.74167,-9
39.75000,-9
39.75833,-9
39.76667,-9
39.77500,-9
39.78333,-8
39.79167,-8
39.80000,-8
39.80833,-9
39.81667,-8
39.82500,-8
39.83333,-8
39.84167,-9
39.85000,-9
39.85833,-9
39.86667,-9
39.87500,-9
39.88333,-9
39.89167,-9
39.90000,-9
39.90833,-9
39.91667,-9
39.92500,-9
39.93333,-9
39.94167,-9
39.95000,-9
39.95833,-9
39.96667,-9
39.97500,-9
39.98333,-10
39.99167,-10
40.00000,-10
40.00833,-10
40.01667,-10
40.02500,-10
40.03333,-10
40.04167,-10
40.05000,-10
40.05833,-11
40.06667,-10
40.07500,-10
40.08333,-10
40.09167,-10
40.10000,-9
40.10833,-9
40.11667,-9
40.12500,-9
40.13333,-9
40.14167,-9
40.15000,-9
40.15833,-9
40.16667,-9
40.17500,-9
40.18333,-9
40.19167,-9
40.20000,-9
40.20833,-9
40.21667,-9
40.22500,-9
40.23333,-9
40.24167,-8
40.25000,-8
40.25833,-8
40.26667,-8
40.27500,-8
40.28333,-8
40.29167,-8
40.30000,-8
40.30833,-7
40.31667,-7
40.32500,-7
40.33333,-7
40.34167,-7
40.35000,-7
40.35833,-7
40.36667,-7
40.37500,-7
40.38333,-7
40.39167,-6
40.40000,-6
40.40833,-6
40.41667,-6
40.42500,-6
40.43333,-5
40.44167,-5
40.45000,-5
40.45833,-4
40.46667,-4
40.47500,-4
40.48333,-3
40.49167,-3
40.50000,-2
40.50833,-2
40.51667,-2
40.52500,-1
40.53333,-1
40.54167,-0
40.55000,0
40.55833,1
40.56667,1
40.57500,2
40.58333,2
40.59167,3
40.60000,3
40.60833,3
40.61667,3
40.62500,4
40.63333,4
40.64167,4
40.65000,5
40.65833,5
40.66667,6
40.67500,7
40.68333,8
40.69167,9
40.70000,10
40.70833,11
40.71667,12
40.72500,13
40.73333,14
40.74167,14
40.75000,15
40.75833,15
40.76667,16
40.77500,17
40.78333,18
40.79167,19
40.80000,20
40.80833,20
40.81667,21
40.82500,22
40.83333,23
40.84167,23
40.85000,24
40.85833,25
40.86667,26
40.87500,27
40.88333,28
40.89167,30
40.90000,31
40.90833,32
40.91667,33
40.92500,34
40.93333,35
40.94167,36
40.95000,37
40.95833,39
40.96667,40
40.97500,41
40.98333,43
40.99167,44
41.00000,46
41.00833,47
41.01667,48
41.02500,50
41.03333,51
41.04167,52
41.05000,53
41.05833,54
41.06667,55
41.07500,56
41.08333,58
41.09167,59
41.10000,60
41.10833,62
41.11667,63
41.12500,64
41.13333,65
41.14167,66
41.15000,67
41.15833,68
41.16667,69
41.17500,71
41.18333,72
41.19167,73
41.20000,75
41.20833,76
41.21667,78
41.22500,79
41.23333,81
41.24167,82
41.25000,83
41.25833,84
41.26667,86
41.27500,87
41.28333,88
41.29167,90
41.30000,91
41.30833,92
41.31667,94
41.32500,95
41.33333,96
41.34167,97
41.35000,99
41.35833,100
41.36667,102
41.37500,103
41.38333,105
41.39167,106
41.40000,108
41.40833,109
41.41667,111
41.42500,112
41.43333,114
41.44167,115
41.45000,116
41.45833,118
41.46667,119
41.47500,120
41.48333,122
41.49167,124
41.50000,125
41.50833,126
41.51667,127
41.52500,128
41.53333,129
41.54167,131
41.55000,132
41.55833,133
41.56667,134
41.57500,136
41.58333,137
41.59167,138
41.60000,139
41.60833,140
41.61667,141
41.62500,143
41.63333,144
41.64167,145
41.65000,146
41.65833,148
41.66667,149
41.67500,150
41.68333,152
41.69167,153
41.70000,153
41.70833,154
41.71667,155
41.72500,156
41.73333,158
41.74167,158
41.75000,159
41.75833,160
41.76667,161
41.77500,161
41.78333,162
41.79167,163
41.80000,164
41.80833,165
41.81667,165
41.82500,166
41.83333,166
41.84167,167
41.85000,167
41.85833,168
41.86667,168
41.87500,169
41.88333,170
41.89167,171
41.90000,172
41.90833,173
41.91667,173
41.92500,173
41.93333,174
41.94167,174
41.95000,174
41.95833,175
41.96667,175
41.97500,175
41.98333,175
41.99167,176
42.00000,176
42.00833,177
42.01667,177
42.02500,177
42.03333,177
42.04167,177
42.05000,177
42.05833,178
42.06667,178
42.07500,178
42.08333,177
42.09167,177
42.10000,177
42.10833,177
42.11667,177
42.12500,178
42.13333,178
42.14167,178
42.15000,178
42.15833,178
42.16667,178
42.17500,177
42.18333,177
42.19167,177
42.20000,177
42.20833,178
42.21667,178
42.22500,177
42.23333,177
42.24167,177
42.25000,176
42.25833,176
42.26667,176
42.27500,176
42.28333,176
42.29167,175
42.30000,175
42.30833,175
42.31667,175
42.32500,174
42.33333,174
42.34167,174
42.35000,174
42.35833,174
42.36667,173
42.37500,173
42.38333,172
42.39167,172
42.40000,172
42.40833,171
42.41667,171
42.42500,170
42.43333,170
42.44167,169
42.45000,169
42.45833,169
42.46667,168
42.47500,168
42.48333,167
42.49167,167
42.50000,166
42.50833,166
42.51667,165
42.52500,164
42.53333,164
42.54167,164
42.55000,163
42.55833,163
42.56667,162
42.57500,161
42.58333,160
42.59167,159
42.60000,159
42.60833,158
42.61667,158
42.62500,157
42.63333,157
42.64167,156
42.65000,156
42.65833,155
42.66667,154
42.67500,153
42.68333,152
42.69167,152
42.70000,151
42.70833,150
42.71667,149
42.72500,148
42.73333,147
42.74167,147
42.75000,146
42.75833,145
42.76667,145
42.77500,144
42.78333,143
42.79167,142
42.80000,142
42.80833,141
42.81667,140
42.82500,139
42.83333,138
42.84167,137
42.85000,136
42.85833,136
42.86667,135
42.87500,134
42.88333,133
42.89167,133
42.90000,132
42.90833,131
42.91667,130
42.92500,129
42.93333,128
42.94167,127
42.95000,127
42.95833,126
42.96667,125
42.97500,124
42.98333,124
42.99167,123
43.00000,122
43.00833,121
43.01667,120
43.02500,119
43.03333,118
43.04167,117
43.05000,116
43.05833,115
43.06667,115
43.07500,114
43.08333,113
43.09167,112
43.10000,111
43.10833,111
43.11667,110
43.12500,109
43.13333,108
43.14167,107
43.15000,106
43.15833,105
43.16667,105
43.17500,104
43.18333,104
43.19167,103
43.20000,102
43.20833,101
43.21667,100
43.22500,99
43.23333,98
43.24167,97
43.25000,96
43.25833,95
43.26667,95
43.27500,94
43.28333,93
43.29167,92
43.30000,91
43.30833,90
43.31667,89
43.32500,88
43.33333,88
43.34167,87
43.35000,86
43.35833,86
43.36667,85
43.37500,84
43.38333,83
43.39167,82
43.40000,81
43.40833,81
43.41667,80
43.42500,79
43.43333,78
43.44167,78
43.45000,77
43.45833,76
43.46667,76
43.47500,74
43.48333,74
43.49167,73
43.50000,72
43.50833,71
43.51667,71
43.52500,70
43.53333,69
43.54167,69
43.55000,68
43.55833,68
43.56667,67
43.57500,66
43.58333,65
43.59167,64
43.60000,63
43.60833,63
43.61667,62
43.62500,62
43.63333,61
43.64167,60
43.65000,60
43.65833,59
43.66667,58
43.67500,57
43.68333,56
43.69167,55
43.70000,55
43.70833,54
43.71667,54
43.72500,54
43.73333,53
43.74167,52
43.75000,51
43.75833,50
43.76667,49
43.77500,49
43.78333,48
43.79167,48
43.80000,47
43.80833,47
43.81667,46
43.82500,45
43.83333,44
43.84167,43
43.85000,43
43.85833,42
43.86667,41
43.87500,40
43.88333,40
43.89167,39
43.90000,39
43.90833,39
43.91667,38
43.92500,37
43.93333,37
43.94167,36
43.95000,35
43.95833,34
43.96667,34
43.97500,33
43.98333,33
43.99167,32
44.00000,31
44.00833,31
44.01667,30
44.02500,30
44.03333,29
44.04167,28
44.05000,28
44.05833,27
44.06667,27
44.07500,26
44.08333,26
44.09167,25
44.10000,25
44.10833,24
44.11667,24
44.12500,23
44.13333,23
44.14167,23
44.15000,22
44.15833,22
44.16667,21
44.17500,20
44.18333,20
44.19167,19
44.20000,19
44.20833,18
44.21667,17
44.22500,17
44.23333,16
44.24167,16
44.25000,15
44.25833,14
44.26667,14
44.27500,14
44.28333,13
44.29167,13
44.30000,13
44.30833,13
44.31667,12
44.32500,12
44.33333,11
44.34167,11
44.35000,11
44.35833,10
44.36667,10
44.37500,9
44.38333,8
44.39167,8
44.40000,7
44.40833,7
44.41667,7
44.42500,7
44.43333,6
44.44167,6
44.45000,5
44.45833,5
44.46667,4
44.47500,4
44.48333,3
44.49167,3
44.50000,3
44.50833,3
44.51667,3
44.52500,3
44.53333,3
44.54167,2
44.55000,2
44.55833,1
44.56667,1
44.57500,1
44.58333,0
44.59167,-0
44.60000,-1
44.60833,-1
44.61667,-2
44.62500,-2
44.63333,-2
44.64167,-3
44.65000,-3
44.65833,-3
44.66667,-3
44.67500,-3
44.68333,-3
44.69167,-3
44.70000,-3
44.70833,-4
44.71667,-4
44.72500,-5
44.73333,-5
44.74167,-5
44.75000,-6
44.75833,-6
44.76667,-6
44.77500,-7
44.78333,-7
44.79167,-7
44.80000,-7
44.80833,-7
44.81667,-7
44.82500,-7
44.83333,-7
44.84167,-8
44.85000,-8
44.85833,-8
44.86667,-9
44.87500,-9
44.88333,-9
44.89167,-10
44.90000,-10
44.90833,-10
44.91667,-10
44.92500,-11
44.93333,-11
44.94167,-11
44.95000,-11
44.95833,-11
44.96667,-11
44.97500,-11
44.98333,-11
44.99167,-12
45.00000,-12
45.00833,-12
45.01667,-12
45.02500,-12
45.03333,-12
45.04167,-12
45.05000,-12
45.05833,-12
45.06667,-12
45.07500,-12
45.08333,-13
45.09167,-13
45.10000,-13
45.10833,-13
45.11667,-12
45.12500,-12
45.13333,-12
45.14167,-12
45.15000,-12
45.15833,-12
45.16667,-12
45.17500,-12
45.18333,-12
45.19167,-12
45.20000,-13
45.20833,-12
45.21667,-12
45.22500,-12
45.23333,-12
45.24167,-12
45.25000,-12
45.25833,-12
45.26667,-12
45.27500,-12
45.28333,-12
45.29167,-12
45.30000,-13
45.30833,-13
45.31667,-13
45.32500,-13
45.33333,-14
45.34167,-14
45.35000,-14
45.35833,-14
45.36667,-14
45.37500,-14
45.38333,-14
45.39167,-14
45.40000,-14
45.40833,-14
45.41667,-14
45.42500,-14
45.43333,-13
45.44167,-13
45.45000,-13
45.45833,-14
45.46667,-14
45.47500,-14
45.48333,-14
45.49167,-14
45.50000,-14
45.50833,-15
45.51667,-14
45.52500,-14
45.53333,-14
45.54167,-14
45.55000,-14
45.55833,-14
45.56667,-14
45.57500,-14
45.58333,-14
45.59167,-14
45.60000,-14
45.60833,-14
45.61667,-14
45.62500,-14
45.63333,-14
45.64167,-14
45.65000,-14
45.65833,-14
45.66667,-14
45.67500,-14
45.68333,-14
45.69167,-14
45.70000,-14
45.70833,-14
45.71667,-14
45.72500,-14
45.73333,-15
45.74167,-15
45.75000,-15
45.75833,-15
45.76667,-15
45.77500,-15
45.78333,-15
45.79167,-15
45.80000,-16
45.80833,-16
45.81667,-16
45.82500,-16
45.83333,-16
45.84167,-16
45.85000,-16
45.85833,-16
45.86667,-16
45.87500,-16
45.88333,-16
45.89167,-16
45.90000,-16
45.90833,-17
45.91667,-17
45.92500,-17
45.93333,-17
45.94167,-17
45.95000,-17
45.95833,-18
45.96667,-17
45.97500,-17
45.98333,-17
45.99167,-18
46.00000,-18
46.00833,-18
46.01667,-18
46.02500,-19
46.03333,-19
46.04167,-19
46.05000,-19
46.05833,-19
46.06667,-19
46.07500,-20
46.08333,-20
46.09167,-20
46.10000,-21
46.10833,-21
46.11667,-21
46.12500,-21
46.13333,-21
46.14167,-21
46.15000,-21
46.15833,-21
46.16667,-21
46.17500,-21
46.18333,-21
46.19167,-22
46.20000,-22
46.20833,-22
46.21667,-22
46.22500,-23
46.23333,-23
46.24167,-23
46.25000,-24
46.25833,-24
46.26667,-24
46.27500,-24
46.28333,-24
46.29167,-24
46.30000,-24
46.30833,-24
46.31667,-25
46.32500,-25
46.33333,-25
46.34167,-25
46.35000,-26
46.35833,-26
46.36667,-26
46.37500,-26
46.38333,-26
46.39167,-26
46.40000,-26
46.40833,-27
46.41667,-27
46.42500,-27
46.43333,-28
46.44167,-28
46.45000,-29
46.45833,-29
46.46667,-29
46.47500,-29
46.48333,-29
46.49167,-29
46.50000,-30
46.50833,-30
46.51667,-31
46.52500,-31
46.53333,-32
46.54167,-32
46.55000,-32
46.55833,-32
46.56667,-32
46.57500,-32
46.58333,-32
46.59167,-33
46.60000,-33
46.60833,-33
46.61667,-33
46.62500,-33
46.63333,-33
46.64167,-34
46.65000,-34
46.65833,-34
46.66667,-34
46.67500,-35
46.68333,-35
46.69167,-36
46.70000,-36
46.70833,-36
46.71667,-36
46.72500,-36
46.73333,-37
46.74167,-37
46.75000,-37
46.75833,-37
46.76667,-37
46.77500,-37
46.78333,-37
46.79167,-36
46.80000,-36
46.80833,-36
46.81667,-36
46.82500,-36
46.83333,-36
46.84167,-36
46.85000,-36
46.85833,-37
46.86667,-37
46.87500,-37
46.88333,-38
46.89167,-38
46.90000,-38
46.90833,-39
46.91667,-39
46.92500,-39
46.93333,-39
46.94167,-39
46.95000,-39
46.95833,-39
46.96667,-39
46.97500,-39
46.98333,-39
46.99167,-39
47.00000,-39
47.00833,-39
47.01667,-39
47.02500,-39
47.03333,-40
47.04167,-40
47.05000,-40
47.05833,-40
47.06667,-40
47.07500,-39
47.08333,-39
47.09167,-39
47.10000,-38
47.10833,-38
47.11667,-38
47.12500,-37
47.13333,-37
47.14167,-37
47.15000,-37
47.15833,-37
47.16667,-37
47.17500,-37
47.18333,-37
47.19167,-36
47.20000,-36
47.20833,-35
47.21667,-35
47.22500,-35
47.23333,-35
47.24167,-35
47.25000,-34
47.25833,-34
47.26667,-33
47.27500,-33
47.28333,-32
47.29167,-32
47.30000,-31
47.30833,-31
47.31667,-31
47.32500,-30
47.33333,-30
47.34167,-30
47.35000,-29
47.35833,-29
47.36667,-29
47.37500,-28
47.38333,-27
47.39167,-27
47.40000,-26
47.40833,-25
47.41667,-25
47.42500,-24
47.43333,-23
47.44167,-22
47.45000,-22
47.45833,-21
47.46667,-21
47.47500,-20
47.48333,-19
47.49167,-18
47.50000,-18
47.50833,-17
47.51667,-16
47.52500,-15
47.53333,-14
47.54167,-13
47.55000,-12
47.55833,-11
47.56667,-10
47.57500,-10
47.58333,-9
47.59167,-8
47.60000,-7
47.60833,-6
47.61667,-6
47.62500,-5
47.63333,-5
47.64167,-4
47.65000,-3
47.65833,-2
47.66667,-1
47.67500,0
47.68333,1
47.69167,1
47.70000,2
47.70833,3
47.71667,4
47.72500,4
47.73333,5
47.74167,6
47.75000,7
47.75833,8
47.76667,9
47.77500,9
47.78333,10
47.79167,11
47.80000,12
47.80833,13
47.81667,13
47.82500,14
47.83333,15
47.84167,16
47.85000,16
47.85833,17
47.86667,17
47.87500,18
47.88333,19
47.89167,20
47.90000,20
47.90833,20
47.91667,21
47.92500,22
47.93333,23
47.94167,23
47.95000,24
47.95833,25
47.96667,25
47.97500,26
47.98333,26
47.99167,26
48.00000,27
48.00833,27
48.01667,28
48.02500,28
48.03333,29
48.04167,29
48.05000,30
48.05833,30
48.06667,31
48.07500,31
48.08333,32
48.09167,32
48.10000,33
48.10833,33
48.11667,34
48.12500,34
48.13333,35
48.14167,35
48.15000,35
48.15833,36
48.16667,36
48.17500,36
48.18333,37
48.19167,37
48.20000,37
48.20833,37
48.21667,37
48.22500,38
48.23333,38
48.24167,39
48.25000,39
48.25833,39
48.26667,39
48.27500,40
48.28333,40
48.29167,40
48.30000,40
48.30833,41
48.31667,41
48.32500,41
48.33333,41
48.34167,42
48.35000,42
48.35833,42
48.36667,42
48.37500,42
48.38333,42
48.39167,42
48.40000,42
48.40833,42
48.41667,42
48.42500,43
48.43333,43
48.44167,43
48.45000,43
48.45833,43
48.46667,43
48.47500,43
48.48333,44
48.49167,44
48.50000,44
48.50833,44
48.51667,44
48.52500,43
48.53333,43
48.54167,43
48.55000,44
48.55833,44
48.56667,44
48.57500,44
48.58333,44
48.59167,44
48.60000,44
48.60833,45
48.61667,45
48.62500,45
48.63333,45
48.64167,45
48.65000,45
48.65833,46
48.66667,46
48.67500,46
48.68333,46
48.69167,46
48.70000,45
48.70833,45
48.71667,44
48.72500,44
48.73333,44
48.74167,44
48.75000,44
48.75833,44
48.76667,44
48.77500,45
48.78333,45
48.79167,45
48.80000,46
48.80833,46
48.81667,47
48.82500,47
48.83333,47
48.84167,47
48.85000,47
48.85833,46
48.86667,46
48.87500,46
48.88333,46
48.89167,46
48.90000,46
48.90833,46
48.91667,46
48.92500,46
48.93333,46
48.94167,46
48.95000,46
48.95833,47
48.96667,47
48.97500,46
48.98333,46
48.99167,46
49.00000,46
49.00833,46
49.01667,47
49.02500,47
49.03333,47
49.04167,47
49.05000,47
49.05833,47
49.06667,47
49.07500,48
49.08333,48
49.09167,48
49.10000,48
49.10833,48
49.11667,48
49.12500,48
49.13333,48
49.14167,48
49.15000,48
49.15833,48
49.16667,48
49.17500,48
49.18333,48
49.19167,48
49.20000,48
49.20833,47
49.21667,47
49.22500,47
49.23333,47
49.24167,47
49.25000,47
49.25833,47
49.26667,47
49.27500,48
49.28333,48
49.29167,47
49.30000,47
49.30833,47
49.31667,47
49.32500,47
49.33333,46
49.34167,46
49.35000,46
49.35833,46
49.36667,46
49.37500,46
49.38333,46
49.39167,46
49.40000,45
49.40833,45
49.41667,45
49.42500,45
49.43333,45
49.44167,44
49.45000,44
49.45833,44
49.46667,44
49.47500,44
49.48333,44
49.49167,43
49.50000,43
49.50833,43
49.51667,43
49.52500,42
49.53333,42
49.54167,42
49.55000,41
49.55833,41
49.56667,41
49.57500,41
49.58333,40
49.59167,40
49.60000,39
49.60833,39
49.61667,40
49.62500,40
49.63333,39
49.64167,39
49.65000,39
49.65833,38
49.66667,38
49.67500,37
49.68333,37
49.69167,37
49.70000,36
49.70833,36
49.71667,35
49.72500,35
49.73333,34
49.74167,34
49.75000,33
49.75833,33
49.76667,32
49.77500,32
49.78333,31
49.79167,31
49.80000,31
49.80833,30
49.81667,30
49.82500,30
49.83333,29
49.84167,28
49.85000,28
49.85833,27
49.86667,26
49.87500,26
49.88333,25
49.89167,24
49.90000,24
49.90833,23
49.91667,23
49.92500,22
49.93333,22
49.94167,21
49.95000,20
49.95833,19
49.96667,19
49.97500,18
49.98333,17
49.99167,17
50.00000,16

