[Header]
Application Name,LabSolutions
Version,5.97 SP1
Data File Name,C:\Users\cremerlab\Desktop\Richa\Sep_6th_2022_re-run_Sep2nd\Sep 6th_962022_007_008.lcd
Output Date,9/6/2022
Output Time,11:04:20 PM

[File Information]
Type,Data File
Generated,9/6/2022 10:14:02 PM
Generated by,System Administrator
Modified,9/6/2022 11:04:20 PM
Modified by,System Administrator

[Sample Information]
Operator Name,System Administrator
Acquired,9/6/2022 10:14:20 PM
Sample Type,0:Unknown
Level,0
Sample Name,090622_B.ovatus_3
Sample ID,007
ISTD Amount1,1
ISTD Amount2,1
ISTD Amount3,1
ISTD Amount4,1
ISTD Amount5,1
ISTD Amount6,1
ISTD Amount7,1
ISTD Amount8,1
ISTD Amount9,1
ISTD Amount10,1
ISTD Amount11,1
ISTD Amount12,1
ISTD Amount13,1
ISTD Amount14,1
ISTD Amount15,1
ISTD Amount16,1
ISTD Amount17,1
ISTD Amount18,1
ISTD Amount19,1
ISTD Amount20,1
ISTD Amount21,1
ISTD Amount22,1
ISTD Amount23,1
ISTD Amount24,1
ISTD Amount25,1
ISTD Amount26,1
ISTD Amount27,1
ISTD Amount28,1
ISTD Amount29,1
ISTD Amount30,1
ISTD Amount31,1
ISTD Amount32,1
Sample Amount,1
Dilution Factor,1
Vial#,7
Injection Volume,20

[Original Files]
Data File,C:\Users\cremerlab\Desktop\Richa\Sep_6th_2022_re-run_Sep2nd\Sep 6th_962022_007_008.lcd
Method File,C:\Users\cremerlab\Desktop\Richa\acetate_excretion.lcm
Batch File,C:\Users\cremerlab\Desktop\Richa\Sep_6th_2022_re-run_Sep2nd\Sep 6th.lcb
Report Format File,c:\LabSolutions\System\DEFAULT.lsr

[File Description]


[Configuration]
Instrument Name,HPLC-PC-Instrument1
Instrument #,1
Line #,1
# of Detectors,2
Detector ID,Detector A,Detector B
Detector Name,Detector A,Detector B
# of Channels,1,1

[Peak Table(Detector A)]
# of Peaks,0

[Peak Table(Detector B)]
# of Peaks,12
Peak#,R.Time,I.Time,F.Time,Area,Height,A/H,Conc.,Mark,ID#,Name,k',Plate #,Plate Ht.,Tailing,Resolution,Sep.Factor,Area Ratio,Height Ratio,Conc. %,Norm Conc.
1,10.468,10.267,10.517,1292,166,7.788,0.000,   ,,,0.000,18797,7.980,0.000,0.000,0.000,0,0,0.000,0.000
2,11.024,10.517,12.325,2331747,119332,19.540,0.000, V ,,,0.053,7519,19.949,0.963,1.366,0.000,0,0,0.000,0.000
3,14.347,12.650,15.183,3693835,78528,47.038,0.000,   ,,,0.371,2472,60.672,0.653,3.998,6.977,0,0,0.000,0.000
4,15.759,15.183,18.400,1467741,49902,29.412,0.000,SV ,,,0.506,6919,21.678,1.144,1.477,1.364,0,0,0.000,0.000
5,17.855,17.425,18.375,7448,259,28.717,0.000,T  ,,,0.706,8208,18.276,1.088,2.711,1.396,0,0,0.000,0.000
6,19.093,18.425,19.758,13275,313,42.374,0.000,   ,,,0.824,4183,35.863,0.977,1.257,1.168,0,0,0.000,0.000
7,20.292,19.758,20.633,21463,645,33.274,0.000,   ,,,0.939,4434,33.828,0.000,0.999,1.139,0,0,0.000,0.000
8,20.918,20.633,21.358,22375,566,39.512,0.000, V ,,,0.998,1015,147.808,0.000,0.326,1.064,0,0,0.000,0.000
9,21.782,21.358,22.608,31639,723,43.738,0.000, V ,,,1.081,3871,38.753,0.000,0.429,1.083,0,0,0.000,0.000
10,25.081,24.317,26.417,149261,3632,41.091,0.000,   ,,,1.396,9012,16.645,1.158,2.685,1.292,0,0,0.000,0.000
11,29.204,28.333,30.292,135050,2904,46.507,0.000,   ,,,1.790,9260,16.198,1.064,3.631,1.282,0,0,0.000,0.000
12,32.519,31.775,33.033,7947,185,42.907,0.000,   ,,,2.107,14175,10.582,0.857,2.875,1.177,0,0,0.000,0.000

[LC Chromatogram(Detector B-Ch1)]
Interval(msec),500
# of Points,6001
Start Time(min),0.000
End Time(min),50.000
Intensity Units,mV
Intensity Multiplier,0.001
R.Time (min),Intensity
0.00000,-26
0.00833,-26
0.01667,-5
0.02500,-0
0.03333,-1
0.04167,-1
0.05000,-1
0.05833,-2
0.06667,-3
0.07500,-4
0.08333,-5
0.09167,-6
0.10000,-6
0.10833,-7
0.11667,-7
0.12500,-8
0.13333,-8
0.14167,-9
0.15000,-10
0.15833,-10
0.16667,-11
0.17500,-11
0.18333,-11
0.19167,-12
0.20000,-13
0.20833,-13
0.21667,-14
0.22500,-14
0.23333,-15
0.24167,-15
0.25000,-16
0.25833,-16
0.26667,-17
0.27500,-18
0.28333,-18
0.29167,-18
0.30000,-19
0.30833,-19
0.31667,-20
0.32500,-20
0.33333,-20
0.34167,-20
0.35000,-21
0.35833,-21
0.36667,-22
0.37500,-22
0.38333,-22
0.39167,-22
0.40000,-22
0.40833,-22
0.41667,-22
0.42500,-23
0.43333,-23
0.44167,-24
0.45000,-24
0.45833,-24
0.46667,-24
0.47500,-25
0.48333,-26
0.49167,-26
0.50000,-26
0.50833,-26
0.51667,-26
0.52500,-26
0.53333,-26
0.54167,-26
0.55000,-27
0.55833,-27
0.56667,-27
0.57500,-27
0.58333,-27
0.59167,-27
0.60000,-27
0.60833,-27
0.61667,-27
0.62500,-27
0.63333,-27
0.64167,-27
0.65000,-27
0.65833,-27
0.66667,-27
0.67500,-28
0.68333,-28
0.69167,-28
0.70000,-27
0.70833,-27
0.71667,-27
0.72500,-28
0.73333,-28
0.74167,-29
0.75000,-29
0.75833,-28
0.76667,-28
0.77500,-28
0.78333,-28
0.79167,-28
0.80000,-28
0.80833,-28
0.81667,-28
0.82500,-28
0.83333,-28
0.84167,-28
0.85000,-28
0.85833,-28
0.86667,-28
0.87500,-28
0.88333,-28
0.89167,-28
0.90000,-28
0.90833,-28
0.91667,-28
0.92500,-28
0.93333,-28
0.94167,-27
0.95000,-27
0.95833,-27
0.96667,-26
0.97500,-26
0.98333,-26
0.99167,-26
1.00000,-26
1.00833,-26
1.01667,-25
1.02500,-25
1.03333,-25
1.04167,-24
1.05000,-24
1.05833,-24
1.06667,-24
1.07500,-24
1.08333,-24
1.09167,-24
1.10000,-24
1.10833,-23
1.11667,-23
1.12500,-23
1.13333,-22
1.14167,-23
1.15000,-23
1.15833,-23
1.16667,-23
1.17500,-23
1.18333,-23
1.19167,-23
1.20000,-23
1.20833,-22
1.21667,-22
1.22500,-22
1.23333,-22
1.24167,-22
1.25000,-22
1.25833,-22
1.26667,-22
1.27500,-21
1.28333,-21
1.29167,-21
1.30000,-21
1.30833,-20
1.31667,-20
1.32500,-20
1.33333,-20
1.34167,-20
1.35000,-20
1.35833,-19
1.36667,-19
1.37500,-19
1.38333,-19
1.39167,-19
1.40000,-18
1.40833,-18
1.41667,-18
1.42500,-18
1.43333,-18
1.44167,-18
1.45000,-18
1.45833,-18
1.46667,-17
1.47500,-17
1.48333,-17
1.49167,-16
1.50000,-16
1.50833,-16
1.51667,-16
1.52500,-16
1.53333,-16
1.54167,-16
1.55000,-15
1.55833,-15
1.56667,-15
1.57500,-15
1.58333,-14
1.59167,-14
1.60000,-14
1.60833,-14
1.61667,-14
1.62500,-14
1.63333,-14
1.64167,-14
1.65000,-14
1.65833,-14
1.66667,-13
1.67500,-13
1.68333,-13
1.69167,-13
1.70000,-13
1.70833,-13
1.71667,-13
1.72500,-13
1.73333,-13
1.74167,-13
1.75000,-13
1.75833,-13
1.76667,-13
1.77500,-13
1.78333,-12
1.79167,-12
1.80000,-11
1.80833,-11
1.81667,-11
1.82500,-11
1.83333,-10
1.84167,-10
1.85000,-11
1.85833,-11
1.86667,-11
1.87500,-10
1.88333,-10
1.89167,-10
1.90000,-10
1.90833,-11
1.91667,-11
1.92500,-10
1.93333,-10
1.94167,-10
1.95000,-10
1.95833,-10
1.96667,-10
1.97500,-10
1.98333,-10
1.99167,-10
2.00000,-10
2.00833,-10
2.01667,-10
2.02500,-10
2.03333,-10
2.04167,-10
2.05000,-10
2.05833,-10
2.06667,-10
2.07500,-11
2.08333,-11
2.09167,-11
2.10000,-10
2.10833,-10
2.11667,-11
2.12500,-10
2.13333,-10
2.14167,-10
2.15000,-10
2.15833,-10
2.16667,-11
2.17500,-11
2.18333,-11
2.19167,-11
2.20000,-12
2.20833,-12
2.21667,-12
2.22500,-12
2.23333,-12
2.24167,-12
2.25000,-12
2.25833,-12
2.26667,-12
2.27500,-12
2.28333,-12
2.29167,-12
2.30000,-12
2.30833,-12
2.31667,-12
2.32500,-12
2.33333,-12
2.34167,-12
2.35000,-12
2.35833,-13
2.36667,-13
2.37500,-13
2.38333,-13
2.39167,-13
2.40000,-13
2.40833,-13
2.41667,-14
2.42500,-14
2.43333,-14
2.44167,-14
2.45000,-14
2.45833,-14
2.46667,-14
2.47500,-14
2.48333,-14
2.49167,-14
2.50000,-14
2.50833,-14
2.51667,-14
2.52500,-14
2.53333,-15
2.54167,-15
2.55000,-15
2.55833,-15
2.56667,-15
2.57500,-15
2.58333,-16
2.59167,-16
2.60000,-16
2.60833,-16
2.61667,-16
2.62500,-16
2.63333,-16
2.64167,-16
2.65000,-16
2.65833,-16
2.66667,-16
2.67500,-16
2.68333,-16
2.69167,-16
2.70000,-17
2.70833,-17
2.71667,-17
2.72500,-17
2.73333,-17
2.74167,-17
2.75000,-18
2.75833,-18
2.76667,-18
2.77500,-19
2.78333,-19
2.79167,-19
2.80000,-19
2.80833,-19
2.81667,-19
2.82500,-19
2.83333,-19
2.84167,-19
2.85000,-19
2.85833,-19
2.86667,-19
2.87500,-19
2.88333,-19
2.89167,-19
2.90000,-19
2.90833,-20
2.91667,-20
2.92500,-21
2.93333,-21
2.94167,-21
2.95000,-21
2.95833,-21
2.96667,-21
2.97500,-21
2.98333,-21
2.99167,-21
3.00000,-21
3.00833,-21
3.01667,-21
3.02500,-21
3.03333,-22
3.04167,-22
3.05000,-22
3.05833,-22
3.06667,-22
3.07500,-22
3.08333,-22
3.09167,-22
3.10000,-22
3.10833,-22
3.11667,-22
3.12500,-23
3.13333,-23
3.14167,-22
3.15000,-22
3.15833,-22
3.16667,-22
3.17500,-22
3.18333,-22
3.19167,-22
3.20000,-22
3.20833,-22
3.21667,-23
3.22500,-23
3.23333,-23
3.24167,-23
3.25000,-23
3.25833,-23
3.26667,-23
3.27500,-23
3.28333,-23
3.29167,-22
3.30000,-22
3.30833,-22
3.31667,-22
3.32500,-22
3.33333,-22
3.34167,-22
3.35000,-21
3.35833,-21
3.36667,-21
3.37500,-21
3.38333,-21
3.39167,-21
3.40000,-21
3.40833,-21
3.41667,-21
3.42500,-20
3.43333,-20
3.44167,-20
3.45000,-20
3.45833,-19
3.46667,-19
3.47500,-19
3.48333,-19
3.49167,-20
3.50000,-20
3.50833,-20
3.51667,-20
3.52500,-20
3.53333,-20
3.54167,-20
3.55000,-20
3.55833,-20
3.56667,-20
3.57500,-19
3.58333,-19
3.59167,-19
3.60000,-19
3.60833,-18
3.61667,-18
3.62500,-17
3.63333,-17
3.64167,-17
3.65000,-17
3.65833,-17
3.66667,-17
3.67500,-17
3.68333,-17
3.69167,-17
3.70000,-17
3.70833,-17
3.71667,-17
3.72500,-17
3.73333,-17
3.74167,-16
3.75000,-16
3.75833,-16
3.76667,-15
3.77500,-15
3.78333,-15
3.79167,-15
3.80000,-14
3.80833,-14
3.81667,-14
3.82500,-13
3.83333,-13
3.84167,-13
3.85000,-13
3.85833,-13
3.86667,-13
3.87500,-12
3.88333,-12
3.89167,-12
3.90000,-11
3.90833,-11
3.91667,-10
3.92500,-10
3.93333,-10
3.94167,-10
3.95000,-9
3.95833,-9
3.96667,-9
3.97500,-8
3.98333,-8
3.99167,-8
4.00000,-8
4.00833,-8
4.01667,-8
4.02500,-7
4.03333,-7
4.04167,-6
4.05000,-6
4.05833,-5
4.06667,-5
4.07500,-4
4.08333,-3
4.09167,-3
4.10000,-2
4.10833,-2
4.11667,-1
4.12500,-1
4.13333,-1
4.14167,-1
4.15000,-0
4.15833,0
4.16667,1
4.17500,1
4.18333,1
4.19167,2
4.20000,2
4.20833,3
4.21667,4
4.22500,4
4.23333,5
4.24167,5
4.25000,6
4.25833,6
4.26667,7
4.27500,7
4.28333,7
4.29167,8
4.30000,9
4.30833,9
4.31667,10
4.32500,11
4.33333,11
4.34167,12
4.35000,13
4.35833,14
4.36667,15
4.37500,16
4.38333,16
4.39167,17
4.40000,17
4.40833,17
4.41667,18
4.42500,18
4.43333,19
4.44167,19
4.45000,20
4.45833,21
4.46667,22
4.47500,23
4.48333,24
4.49167,24
4.50000,25
4.50833,25
4.51667,26
4.52500,26
4.53333,27
4.54167,27
4.55000,27
4.55833,28
4.56667,28
4.57500,29
4.58333,30
4.59167,31
4.60000,32
4.60833,32
4.61667,33
4.62500,33
4.63333,34
4.64167,34
4.65000,35
4.65833,35
4.66667,36
4.67500,36
4.68333,37
4.69167,38
4.70000,38
4.70833,38
4.71667,39
4.72500,39
4.73333,40
4.74167,40
4.75000,41
4.75833,41
4.76667,41
4.77500,41
4.78333,41
4.79167,41
4.80000,41
4.80833,41
4.81667,42
4.82500,42
4.83333,42
4.84167,43
4.85000,43
4.85833,44
4.86667,44
4.87500,44
4.88333,45
4.89167,45
4.90000,45
4.90833,46
4.91667,46
4.92500,46
4.93333,47
4.94167,47
4.95000,47
4.95833,47
4.96667,47
4.97500,46
4.98333,46
4.99167,46
5.00000,46
5.00833,46
5.01667,46
5.02500,46
5.03333,46
5.04167,47
5.05000,47
5.05833,47
5.06667,47
5.07500,46
5.08333,46
5.09167,46
5.10000,46
5.10833,46
5.11667,46
5.12500,46
5.13333,46
5.14167,45
5.15000,45
5.15833,45
5.16667,44
5.17500,44
5.18333,43
5.19167,43
5.20000,43
5.20833,43
5.21667,43
5.22500,43
5.23333,43
5.24167,43
5.25000,43
5.25833,43
5.26667,42
5.27500,42
5.28333,42
5.29167,41
5.30000,41
5.30833,40
5.31667,40
5.32500,40
5.33333,39
5.34167,38
5.35000,38
5.35833,37
5.36667,37
5.37500,37
5.38333,37
5.39167,37
5.40000,36
5.40833,35
5.41667,35
5.42500,34
5.43333,34
5.44167,33
5.45000,32
5.45833,31
5.46667,31
5.47500,31
5.48333,31
5.49167,31
5.50000,30
5.50833,30
5.51667,29
5.52500,29
5.53333,28
5.54167,27
5.55000,27
5.55833,26
5.56667,25
5.57500,25
5.58333,24
5.59167,24
5.60000,23
5.60833,23
5.61667,22
5.62500,21
5.63333,20
5.64167,19
5.65000,18
5.65833,17
5.66667,17
5.67500,16
5.68333,15
5.69167,15
5.70000,14
5.70833,13
5.71667,13
5.72500,12
5.73333,11
5.74167,11
5.75000,10
5.75833,9
5.76667,8
5.77500,8
5.78333,7
5.79167,6
5.80000,5
5.80833,5
5.81667,4
5.82500,2
5.83333,1
5.84167,0
5.85000,-0
5.85833,-1
5.86667,-1
5.87500,-2
5.88333,-3
5.89167,-4
5.90000,-5
5.90833,-6
5.91667,-7
5.92500,-8
5.93333,-8
5.94167,-9
5.95000,-10
5.95833,-11
5.96667,-11
5.97500,-12
5.98333,-13
5.99167,-14
6.00000,-14
6.00833,-15
6.01667,-16
6.02500,-16
6.03333,-17
6.04167,-18
6.05000,-19
6.05833,-20
6.06667,-21
6.07500,-21
6.08333,-22
6.09167,-23
6.10000,-24
6.10833,-24
6.11667,-25
6.12500,-26
6.13333,-26
6.14167,-27
6.15000,-28
6.15833,-29
6.16667,-30
6.17500,-30
6.18333,-31
6.19167,-32
6.20000,-33
6.20833,-33
6.21667,-34
6.22500,-34
6.23333,-35
6.24167,-36
6.25000,-36
6.25833,-37
6.26667,-37
6.27500,-38
6.28333,-38
6.29167,-39
6.30000,-39
6.30833,-40
6.31667,-41
6.32500,-41
6.33333,-42
6.34167,-42
6.35000,-43
6.35833,-43
6.36667,-43
6.37500,-44
6.38333,-45
6.39167,-45
6.40000,-46
6.40833,-46
6.41667,-47
6.42500,-47
6.43333,-48
6.44167,-48
6.45000,-49
6.45833,-49
6.46667,-49
6.47500,-50
6.48333,-50
6.49167,-50
6.50000,-50
6.50833,-51
6.51667,-51
6.52500,-52
6.53333,-52
6.54167,-52
6.55000,-53
6.55833,-53
6.56667,-53
6.57500,-53
6.58333,-54
6.59167,-54
6.60000,-54
6.60833,-55
6.61667,-55
6.62500,-55
6.63333,-55
6.64167,-55
6.65000,-56
6.65833,-56
6.66667,-57
6.67500,-57
6.68333,-58
6.69167,-58
6.70000,-58
6.70833,-58
6.71667,-58
6.72500,-57
6.73333,-57
6.74167,-57
6.75000,-58
6.75833,-58
6.76667,-58
6.77500,-58
6.78333,-58
6.79167,-59
6.80000,-59
6.80833,-59
6.81667,-59
6.82500,-59
6.83333,-59
6.84167,-59
6.85000,-59
6.85833,-59
6.86667,-60
6.87500,-60
6.88333,-60
6.89167,-59
6.90000,-59
6.90833,-60
6.91667,-60
6.92500,-60
6.93333,-60
6.94167,-60
6.95000,-60
6.95833,-61
6.96667,-61
6.97500,-61
6.98333,-61
6.99167,-62
7.00000,-62
7.00833,-62
7.01667,-62
7.02500,-61
7.03333,-62
7.04167,-62
7.05000,-62
7.05833,-62
7.06667,-62
7.07500,-61
7.08333,-62
7.09167,-62
7.10000,-62
7.10833,-62
7.11667,-62
7.12500,-62
7.13333,-62
7.14167,-62
7.15000,-62
7.15833,-62
7.16667,-62
7.17500,-62
7.18333,-62
7.19167,-62
7.20000,-62
7.20833,-62
7.21667,-62
7.22500,-62
7.23333,-62
7.24167,-62
7.25000,-62
7.25833,-62
7.26667,-62
7.27500,-63
7.28333,-63
7.29167,-63
7.30000,-63
7.30833,-64
7.31667,-64
7.32500,-64
7.33333,-64
7.34167,-63
7.35000,-63
7.35833,-63
7.36667,-63
7.37500,-63
7.38333,-63
7.39167,-64
7.40000,-64
7.40833,-64
7.41667,-63
7.42500,-64
7.43333,-64
7.44167,-64
7.45000,-63
7.45833,-64
7.46667,-64
7.47500,-64
7.48333,-64
7.49167,-64
7.50000,-64
7.50833,-64
7.51667,-64
7.52500,-65
7.53333,-65
7.54167,-64
7.55000,-64
7.55833,-64
7.56667,-64
7.57500,-64
7.58333,-64
7.59167,-64
7.60000,-64
7.60833,-65
7.61667,-65
7.62500,-65
7.63333,-64
7.64167,-64
7.65000,-64
7.65833,-64
7.66667,-64
7.67500,-64
7.68333,-64
7.69167,-64
7.70000,-64
7.70833,-65
7.71667,-65
7.72500,-65
7.73333,-65
7.74167,-65
7.75000,-65
7.75833,-65
7.76667,-66
7.77500,-66
7.78333,-66
7.79167,-65
7.80000,-65
7.80833,-65
7.81667,-65
7.82500,-66
7.83333,-66
7.84167,-66
7.85000,-66
7.85833,-65
7.86667,-65
7.87500,-65
7.88333,-65
7.89167,-65
7.90000,-65
7.90833,-65
7.91667,-65
7.92500,-64
7.93333,-64
7.94167,-64
7.95000,-65
7.95833,-65
7.96667,-65
7.97500,-66
7.98333,-66
7.99167,-66
8.00000,-67
8.00833,-67
8.01667,-66
8.02500,-66
8.03333,-66
8.04167,-67
8.05000,-67
8.05833,-67
8.06667,-67
8.07500,-67
8.08333,-67
8.09167,-67
8.10000,-67
8.10833,-67
8.11667,-67
8.12500,-67
8.13333,-67
8.14167,-67
8.15000,-67
8.15833,-67
8.16667,-67
8.17500,-67
8.18333,-66
8.19167,-66
8.20000,-65
8.20833,-65
8.21667,-66
8.22500,-66
8.23333,-66
8.24167,-66
8.25000,-66
8.25833,-66
8.26667,-66
8.27500,-66
8.28333,-66
8.29167,-67
8.30000,-67
8.30833,-67
8.31667,-67
8.32500,-67
8.33333,-67
8.34167,-67
8.35000,-67
8.35833,-67
8.36667,-67
8.37500,-68
8.38333,-68
8.39167,-68
8.40000,-68
8.40833,-68
8.41667,-68
8.42500,-68
8.43333,-68
8.44167,-68
8.45000,-68
8.45833,-68
8.46667,-68
8.47500,-68
8.48333,-68
8.49167,-68
8.50000,-68
8.50833,-68
8.51667,-68
8.52500,-68
8.53333,-68
8.54167,-68
8.55000,-68
8.55833,-68
8.56667,-68
8.57500,-68
8.58333,-68
8.59167,-68
8.60000,-68
8.60833,-68
8.61667,-68
8.62500,-68
8.63333,-68
8.64167,-68
8.65000,-68
8.65833,-68
8.66667,-68
8.67500,-68
8.68333,-68
8.69167,-68
8.70000,-68
8.70833,-68
8.71667,-68
8.72500,-68
8.73333,-68
8.74167,-68
8.75000,-68
8.75833,-68
8.76667,-68
8.77500,-67
8.78333,-68
8.79167,-68
8.80000,-68
8.80833,-68
8.81667,-68
8.82500,-68
8.83333,-68
8.84167,-68
8.85000,-68
8.85833,-68
8.86667,-67
8.87500,-68
8.88333,-68
8.89167,-68
8.90000,-68
8.90833,-68
8.91667,-68
8.92500,-68
8.93333,-68
8.94167,-68
8.95000,-68
8.95833,-68
8.96667,-68
8.97500,-68
8.98333,-68
8.99167,-68
9.00000,-68
9.00833,-68
9.01667,-67
9.02500,-67
9.03333,-67
9.04167,-67
9.05000,-67
9.05833,-67
9.06667,-68
9.07500,-68
9.08333,-67
9.09167,-67
9.10000,-67
9.10833,-67
9.11667,-67
9.12500,-67
9.13333,-67
9.14167,-68
9.15000,-68
9.15833,-68
9.16667,-68
9.17500,-68
9.18333,-68
9.19167,-68
9.20000,-68
9.20833,-68
9.21667,-68
9.22500,-68
9.23333,-68
9.24167,-68
9.25000,-68
9.25833,-68
9.26667,-68
9.27500,-68
9.28333,-68
9.29167,-68
9.30000,-68
9.30833,-68
9.31667,-68
9.32500,-68
9.33333,-67
9.34167,-67
9.35000,-67
9.35833,-67
9.36667,-67
9.37500,-67
9.38333,-67
9.39167,-67
9.40000,-67
9.40833,-67
9.41667,-67
9.42500,-67
9.43333,-67
9.44167,-67
9.45000,-68
9.45833,-68
9.46667,-68
9.47500,-68
9.48333,-67
9.49167,-67
9.50000,-67
9.50833,-67
9.51667,-67
9.52500,-67
9.53333,-67
9.54167,-67
9.55000,-67
9.55833,-67
9.56667,-67
9.57500,-67
9.58333,-67
9.59167,-67
9.60000,-67
9.60833,-67
9.61667,-67
9.62500,-68
9.63333,-67
9.64167,-67
9.65000,-67
9.65833,-67
9.66667,-67
9.67500,-66
9.68333,-66
9.69167,-66
9.70000,-66
9.70833,-66
9.71667,-67
9.72500,-66
9.73333,-66
9.74167,-67
9.75000,-67
9.75833,-67
9.76667,-66
9.77500,-66
9.78333,-66
9.79167,-66
9.80000,-66
9.80833,-65
9.81667,-65
9.82500,-65
9.83333,-65
9.84167,-65
9.85000,-65
9.85833,-65
9.86667,-65
9.87500,-65
9.88333,-65
9.89167,-65
9.90000,-65
9.90833,-65
9.91667,-65
9.92500,-64
9.93333,-64
9.94167,-64
9.95000,-64
9.95833,-64
9.96667,-64
9.97500,-64
9.98333,-63
9.99167,-63
10.00000,-63
10.00833,-63
10.01667,-63
10.02500,-63
10.03333,-63
10.04167,-63
10.05000,-63
10.05833,-63
10.06667,-62
10.07500,-62
10.08333,-62
10.09167,-61
10.10000,-61
10.10833,-60
10.11667,-59
10.12500,-59
10.13333,-58
10.14167,-57
10.15000,-56
10.15833,-55
10.16667,-55
10.17500,-54
10.18333,-53
10.19167,-52
10.20000,-51
10.20833,-50
10.21667,-48
10.22500,-47
10.23333,-45
10.24167,-43
10.25000,-41
10.25833,-40
10.26667,-38
10.27500,-35
10.28333,-32
10.29167,-28
10.30000,-24
10.30833,-20
10.31667,-15
10.32500,-8
10.33333,-1
10.34167,8
10.35000,18
10.35833,30
10.36667,42
10.37500,56
10.38333,71
10.39167,86
10.40000,102
10.40833,118
10.41667,134
10.42500,149
10.43333,162
10.44167,173
10.45000,182
10.45833,187
10.46667,189
10.47500,188
10.48333,184
10.49167,177
10.50000,170
10.50833,164
10.51667,162
10.52500,167
10.53333,181
10.54167,210
10.55000,258
10.55833,330
10.56667,431
10.57500,567
10.58333,744
10.59167,967
10.60000,1244
10.60833,1580
10.61667,1980
10.62500,2452
10.63333,3001
10.64167,3632
10.65000,4352
10.65833,5164
10.66667,6074
10.67500,7086
10.68333,8205
10.69167,9434
10.70000,10775
10.70833,12233
10.71667,13808
10.72500,15505
10.73333,17323
10.74167,19265
10.75000,21331
10.75833,23521
10.76667,25835
10.77500,28274
10.78333,30835
10.79167,33517
10.80000,36320
10.80833,39240
10.81667,42275
10.82500,45422
10.83333,48677
10.84167,52036
10.85000,55493
10.85833,59041
10.86667,62674
10.87500,66381
10.88333,70153
10.89167,73978
10.90000,77840
10.90833,81724
10.91667,85609
10.92500,89471
10.93333,93283
10.94167,97013
10.95000,100623
10.95833,104071
10.96667,107310
10.97500,110290
10.98333,112954
10.99167,115246
11.00000,117105
11.00833,118474
11.01667,119297
11.02500,119524
11.03333,119115
11.04167,118041
11.05000,116290
11.05833,113864
11.06667,110787
11.07500,107098
11.08333,102858
11.09167,98141
11.10000,93035
11.10833,87634
11.11667,82038
11.12500,76346
11.13333,70651
11.14167,65038
11.15000,59585
11.15833,54352
11.16667,49390
11.17500,44732
11.18333,40404
11.19167,36417
11.20000,32773
11.20833,29466
11.21667,26482
11.22500,23806
11.23333,21417
11.24167,19293
11.25000,17411
11.25833,15747
11.26667,14280
11.27500,12988
11.28333,11851
11.29167,10850
11.30000,9969
11.30833,9193
11.31667,8508
11.32500,7903
11.33333,7366
11.34167,6889
11.35000,6463
11.35833,6083
11.36667,5741
11.37500,5433
11.38333,5154
11.39167,4900
11.40000,4669
11.40833,4456
11.41667,4260
11.42500,4079
11.43333,3911
11.44167,3754
11.45000,3608
11.45833,3470
11.46667,3341
11.47500,3218
11.48333,3103
11.49167,2993
11.50000,2889
11.50833,2789
11.51667,2695
11.52500,2604
11.53333,2518
11.54167,2435
11.55000,2356
11.55833,2280
11.56667,2208
11.57500,2138
11.58333,2072
11.59167,2008
11.60000,1947
11.60833,1888
11.61667,1831
11.62500,1777
11.63333,1724
11.64167,1674
11.65000,1626
11.65833,1580
11.66667,1535
11.67500,1493
11.68333,1452
11.69167,1413
11.70000,1376
11.70833,1340
11.71667,1306
11.72500,1273
11.73333,1241
11.74167,1211
11.75000,1182
11.75833,1154
11.76667,1128
11.77500,1102
11.78333,1077
11.79167,1054
11.80000,1032
11.80833,1011
11.81667,990
11.82500,971
11.83333,952
11.84167,934
11.85000,917
11.85833,900
11.86667,885
11.87500,870
11.88333,855
11.89167,841
11.90000,828
11.90833,815
11.91667,803
11.92500,791
11.93333,780
11.94167,770
11.95000,760
11.95833,750
11.96667,740
11.97500,731
11.98333,723
11.99167,715
12.00000,707
12.00833,700
12.01667,693
12.02500,686
12.03333,680
12.04167,673
12.05000,667
12.05833,661
12.06667,656
12.07500,651
12.08333,646
12.09167,641
12.10000,636
12.10833,632
12.11667,628
12.12500,624
12.13333,621
12.14167,618
12.15000,615
12.15833,613
12.16667,610
12.17500,607
12.18333,605
12.19167,602
12.20000,600
12.20833,598
12.21667,596
12.22500,594
12.23333,593
12.24167,592
12.25000,591
12.25833,589
12.26667,588
12.27500,588
12.28333,587
12.29167,587
12.30000,587
12.30833,586
12.31667,585
12.32500,585
12.33333,585
12.34167,585
12.35000,585
12.35833,585
12.36667,585
12.37500,585
12.38333,585
12.39167,585
12.40000,585
12.40833,584
12.41667,584
12.42500,584
12.43333,583
12.44167,582
12.45000,582
12.45833,581
12.46667,580
12.47500,579
12.48333,578
12.49167,577
12.50000,576
12.50833,575
12.51667,573
12.52500,571
12.53333,570
12.54167,568
12.55000,566
12.55833,565
12.56667,563
12.57500,561
12.58333,560
12.59167,558
12.60000,556
12.60833,555
12.61667,553
12.62500,552
12.63333,551
12.64167,550
12.65000,550
12.65833,550
12.66667,551
12.67500,552
12.68333,555
12.69167,559
12.70000,564
12.70833,570
12.71667,578
12.72500,587
12.73333,599
12.74167,612
12.75000,628
12.75833,647
12.76667,669
12.77500,694
12.78333,722
12.79167,753
12.80000,789
12.80833,828
12.81667,872
12.82500,921
12.83333,974
12.84167,1032
12.85000,1095
12.85833,1163
12.86667,1237
12.87500,1315
12.88333,1399
12.89167,1488
12.90000,1583
12.90833,1684
12.91667,1791
12.92500,1903
12.93333,2021
12.94167,2144
12.95000,2273
12.95833,2408
12.96667,2549
12.97500,2696
12.98333,2848
12.99167,3007
13.00000,3171
13.00833,3340
13.01667,3516
13.02500,3696
13.03333,3883
13.04167,4075
13.05000,4272
13.05833,4475
13.06667,4682
13.07500,4895
13.08333,5113
13.09167,5336
13.10000,5564
13.10833,5797
13.11667,6035
13.12500,6277
13.13333,6524
13.14167,6775
13.15000,7031
13.15833,7290
13.16667,7554
13.17500,7822
13.18333,8094
13.19167,8369
13.20000,8649
13.20833,8932
13.21667,9219
13.22500,9509
13.23333,9803
13.24167,10100
13.25000,10400
13.25833,10704
13.26667,11011
13.27500,11321
13.28333,11634
13.29167,11950
13.30000,12269
13.30833,12591
13.31667,12915
13.32500,13243
13.33333,13574
13.34167,13908
13.35000,14244
13.35833,14584
13.36667,14926
13.37500,15270
13.38333,15618
13.39167,15968
13.40000,16321
13.40833,16677
13.41667,17036
13.42500,17398
13.43333,17762
13.44167,18129
13.45000,18499
13.45833,18872
13.46667,19248
13.47500,19627
13.48333,20009
13.49167,20394
13.50000,20782
13.50833,21173
13.51667,21567
13.52500,21965
13.53333,22366
13.54167,22769
13.55000,23176
13.55833,23586
13.56667,23999
13.57500,24415
13.58333,24835
13.59167,25258
13.60000,25685
13.60833,26115
13.61667,26549
13.62500,26986
13.63333,27426
13.64167,27870
13.65000,28318
13.65833,28769
13.66667,29224
13.67500,29682
13.68333,30145
13.69167,30611
13.70000,31081
13.70833,31555
13.71667,32033
13.72500,32515
13.73333,33000
13.74167,33489
13.75000,33982
13.75833,34480
13.76667,34981
13.77500,35487
13.78333,35998
13.79167,36512
13.80000,37030
13.80833,37553
13.81667,38080
13.82500,38612
13.83333,39148
13.84167,39689
13.85000,40234
13.85833,40784
13.86667,41339
13.87500,41898
13.88333,42463
13.89167,43032
13.90000,43606
13.90833,44185
13.91667,44768
13.92500,45357
13.93333,45951
13.94167,46549
13.95000,47153
13.95833,47763
13.96667,48377
13.97500,48997
13.98333,49622
13.99167,50252
14.00000,50889
14.00833,51530
14.01667,52178
14.02500,52831
14.03333,53490
14.04167,54155
14.05000,54826
14.05833,55503
14.06667,56186
14.07500,56875
14.08333,57570
14.09167,58272
14.10000,58979
14.10833,59693
14.11667,60414
14.12500,61141
14.13333,61875
14.14167,62616
14.15000,63364
14.15833,64119
14.16667,64880
14.17500,65650
14.18333,66426
14.19167,67210
14.20000,68002
14.20833,68800
14.21667,69604
14.22500,70414
14.23333,71228
14.24167,72041
14.25000,72852
14.25833,73653
14.26667,74438
14.27500,75199
14.28333,75926
14.29167,76607
14.30000,77230
14.30833,77783
14.31667,78252
14.32500,78626
14.33333,78893
14.34167,79043
14.35000,79067
14.35833,78958
14.36667,78710
14.37500,78321
14.38333,77786
14.39167,77102
14.40000,76269
14.40833,75283
14.41667,74144
14.42500,72849
14.43333,71396
14.44167,69783
14.45000,68010
14.45833,66076
14.46667,63983
14.47500,61738
14.48333,59348
14.49167,56824
14.50000,54184
14.50833,51445
14.51667,48631
14.52500,45767
14.53333,42880
14.54167,39998
14.55000,37149
14.55833,34359
14.56667,31652
14.57500,29049
14.58333,26569
14.59167,24226
14.60000,22029
14.60833,19986
14.61667,18100
14.62500,16370
14.63333,14793
14.64167,13363
14.65000,12073
14.65833,10915
14.66667,9879
14.67500,8955
14.68333,8134
14.69167,7406
14.70000,6762
14.70833,6193
14.71667,5689
14.72500,5245
14.73333,4852
14.74167,4505
14.75000,4198
14.75833,3926
14.76667,3685
14.77500,3469
14.78333,3278
14.79167,3106
14.80000,2952
14.80833,2814
14.81667,2689
14.82500,2575
14.83333,2472
14.84167,2378
14.85000,2292
14.85833,2213
14.86667,2140
14.87500,2072
14.88333,2009
14.89167,1951
14.90000,1896
14.90833,1845
14.91667,1797
14.92500,1753
14.93333,1710
14.94167,1671
14.95000,1633
14.95833,1598
14.96667,1564
14.97500,1533
14.98333,1503
14.99167,1474
15.00000,1447
15.00833,1422
15.01667,1398
15.02500,1375
15.03333,1354
15.04167,1333
15.05000,1314
15.05833,1297
15.06667,1281
15.07500,1265
15.08333,1250
15.09167,1237
15.10000,1224
15.10833,1211
15.11667,1200
15.12500,1190
15.13333,1180
15.14167,1172
15.15000,1165
15.15833,1160
15.16667,1156
15.17500,1154
15.18333,1154
15.19167,1156
15.20000,1161
15.20833,1169
15.21667,1182
15.22500,1199
15.23333,1222
15.24167,1252
15.25000,1290
15.25833,1338
15.26667,1398
15.27500,1470
15.28333,1558
15.29167,1664
15.30000,1789
15.30833,1937
15.31667,2111
15.32500,2313
15.33333,2547
15.34167,2815
15.35000,3122
15.35833,3470
15.36667,3863
15.37500,4304
15.38333,4797
15.39167,5344
15.40000,5948
15.40833,6611
15.41667,7336
15.42500,8123
15.43333,8975
15.44167,9892
15.45000,10873
15.45833,11917
15.46667,13025
15.47500,14191
15.48333,15416
15.49167,16694
15.50000,18022
15.50833,19394
15.51667,20805
15.52500,22250
15.53333,23721
15.54167,25213
15.55000,26717
15.55833,28227
15.56667,29735
15.57500,31233
15.58333,32714
15.59167,34171
15.60000,35597
15.60833,36984
15.61667,38328
15.62500,39622
15.63333,40859
15.64167,42036
15.65000,43148
15.65833,44190
15.66667,45160
15.67500,46054
15.68333,46869
15.69167,47604
15.70000,48255
15.70833,48823
15.71667,49306
15.72500,49703
15.73333,50014
15.74167,50240
15.75000,50379
15.75833,50431
15.76667,50399
15.77500,50283
15.78333,50083
15.79167,49801
15.80000,49439
15.80833,48997
15.81667,48479
15.82500,47885
15.83333,47220
15.84167,46486
15.85000,45687
15.85833,44824
15.86667,43902
15.87500,42927
15.88333,41900
15.89167,40828
15.90000,39715
15.90833,38564
15.91667,37382
15.92500,36173
15.93333,34943
15.94167,33697
15.95000,32439
15.95833,31175
15.96667,29910
15.97500,28648
15.98333,27394
15.99167,26152
16.00000,24927
16.00833,23722
16.01667,22541
16.02500,21388
16.03333,20264
16.04167,19173
16.05000,18116
16.05833,17096
16.06667,16113
16.07500,15170
16.08333,14266
16.09167,13403
16.10000,12582
16.10833,11801
16.11667,11060
16.12500,10360
16.13333,9699
16.14167,9077
16.15000,8492
16.15833,7944
16.16667,7432
16.17500,6953
16.18333,6507
16.19167,6091
16.20000,5705
16.20833,5347
16.21667,5016
16.22500,4709
16.23333,4426
16.24167,4165
16.25000,3925
16.25833,3703
16.26667,3500
16.27500,3313
16.28333,3141
16.29167,2984
16.30000,2839
16.30833,2706
16.31667,2585
16.32500,2474
16.33333,2372
16.34167,2278
16.35000,2192
16.35833,2113
16.36667,2041
16.37500,1974
16.38333,1912
16.39167,1855
16.40000,1803
16.40833,1754
16.41667,1709
16.42500,1667
16.43333,1628
16.44167,1591
16.45000,1557
16.45833,1524
16.46667,1494
16.47500,1465
16.48333,1438
16.49167,1411
16.50000,1386
16.50833,1362
16.51667,1339
16.52500,1317
16.53333,1295
16.54167,1274
16.55000,1253
16.55833,1233
16.56667,1214
16.57500,1195
16.58333,1177
16.59167,1159
16.60000,1141
16.60833,1123
16.61667,1105
16.62500,1088
16.63333,1072
16.64167,1056
16.65000,1040
16.65833,1025
16.66667,1010
16.67500,995
16.68333,981
16.69167,967
16.70000,953
16.70833,939
16.71667,927
16.72500,915
16.73333,903
16.74167,892
16.75000,882
16.75833,872
16.76667,862
16.77500,853
16.78333,845
16.79167,836
16.80000,828
16.80833,821
16.81667,815
16.82500,808
16.83333,803
16.84167,798
16.85000,793
16.85833,789
16.86667,785
16.87500,781
16.88333,778
16.89167,775
16.90000,772
16.90833,769
16.91667,766
16.92500,764
16.93333,762
16.94167,759
16.95000,757
16.95833,755
16.96667,754
16.97500,752
16.98333,751
16.99167,749
17.00000,748
17.00833,746
17.01667,744
17.02500,743
17.03333,741
17.04167,740
17.05000,738
17.05833,737
17.06667,735
17.07500,733
17.08333,732
17.09167,730
17.10000,729
17.10833,727
17.11667,725
17.12500,724
17.13333,722
17.14167,720
17.15000,718
17.15833,716
17.16667,714
17.17500,711
17.18333,709
17.19167,707
17.20000,704
17.20833,702
17.21667,699
17.22500,697
17.23333,694
17.24167,691
17.25000,689
17.25833,685
17.26667,682
17.27500,679
17.28333,676
17.29167,673
17.30000,670
17.30833,668
17.31667,665
17.32500,662
17.33333,659
17.34167,657
17.35000,655
17.35833,653
17.36667,651
17.37500,650
17.38333,648
17.39167,647
17.40000,646
17.40833,645
17.41667,644
17.42500,644
17.43333,644
17.44167,645
17.45000,646
17.45833,647
17.46667,648
17.47500,650
17.48333,653
17.49167,655
17.50000,658
17.50833,662
17.51667,665
17.52500,669
17.53333,674
17.54167,678
17.55000,683
17.55833,689
17.56667,694
17.57500,699
17.58333,705
17.59167,711
17.60000,716
17.60833,722
17.61667,728
17.62500,734
17.63333,740
17.64167,746
17.65000,752
17.65833,757
17.66667,764
17.67500,770
17.68333,776
17.69167,782
17.70000,787
17.70833,792
17.71667,797
17.72500,802
17.73333,807
17.74167,811
17.75000,816
17.75833,819
17.76667,823
17.77500,827
17.78333,831
17.79167,834
17.80000,836
17.80833,838
17.81667,840
17.82500,842
17.83333,843
17.84167,844
17.85000,844
17.85833,844
17.86667,844
17.87500,843
17.88333,842
17.89167,840
17.90000,838
17.90833,836
17.91667,833
17.92500,829
17.93333,826
17.94167,822
17.95000,817
17.95833,813
17.96667,808
17.97500,803
17.98333,797
17.99167,791
18.00000,784
18.00833,778
18.01667,771
18.02500,764
18.03333,757
18.04167,750
18.05000,743
18.05833,736
18.06667,728
18.07500,720
18.08333,712
18.09167,704
18.10000,697
18.10833,689
18.11667,681
18.12500,673
18.13333,664
18.14167,657
18.15000,649
18.15833,641
18.16667,634
18.17500,626
18.18333,619
18.19167,612
18.20000,604
18.20833,597
18.21667,591
18.22500,584
18.23333,578
18.24167,572
18.25000,567
18.25833,561
18.26667,556
18.27500,551
18.28333,546
18.29167,542
18.30000,538
18.30833,534
18.31667,531
18.32500,527
18.33333,524
18.34167,521
18.35000,519
18.35833,517
18.36667,515
18.37500,514
18.38333,513
18.39167,512
18.40000,511
18.40833,511
18.41667,512
18.42500,513
18.43333,513
18.44167,514
18.45000,515
18.45833,516
18.46667,518
18.47500,520
18.48333,523
18.49167,525
18.50000,528
18.50833,531
18.51667,534
18.52500,537
18.53333,541
18.54167,545
18.55000,549
18.55833,554
18.56667,558
18.57500,563
18.58333,567
18.59167,572
18.60000,576
18.60833,581
18.61667,586
18.62500,591
18.63333,596
18.64167,601
18.65000,606
18.65833,611
18.66667,616
18.67500,621
18.68333,626
18.69167,632
18.70000,637
18.70833,642
18.71667,647
18.72500,652
18.73333,657
18.74167,662
18.75000,667
18.75833,672
18.76667,677
18.77500,681
18.78333,686
18.79167,691
18.80000,696
18.80833,701
18.81667,705
18.82500,710
18.83333,714
18.84167,718
18.85000,723
18.85833,727
18.86667,731
18.87500,735
18.88333,739
18.89167,743
18.90000,746
18.90833,750
18.91667,753
18.92500,757
18.93333,760
18.94167,763
18.95000,766
18.95833,769
18.96667,772
18.97500,775
18.98333,777
18.99167,780
19.00000,783
19.00833,785
19.01667,787
19.02500,788
19.03333,790
19.04167,791
19.05000,792
19.05833,792
19.06667,793
19.07500,793
19.08333,794
19.09167,794
19.10000,794
19.10833,794
19.11667,793
19.12500,793
19.13333,792
19.14167,791
19.15000,789
19.15833,787
19.16667,785
19.17500,783
19.18333,781
19.19167,778
19.20000,776
19.20833,773
19.21667,769
19.22500,766
19.23333,762
19.24167,759
19.25000,755
19.25833,751
19.26667,747
19.27500,742
19.28333,737
19.29167,732
19.30000,727
19.30833,722
19.31667,717
19.32500,711
19.33333,706
19.34167,700
19.35000,694
19.35833,688
19.36667,682
19.37500,677
19.38333,671
19.39167,665
19.40000,659
19.40833,652
19.41667,646
19.42500,640
19.43333,633
19.44167,627
19.45000,620
19.45833,613
19.46667,606
19.47500,600
19.48333,593
19.49167,587
19.50000,580
19.50833,574
19.51667,567
19.52500,561
19.53333,554
19.54167,548
19.55000,542
19.55833,536
19.56667,530
19.57500,524
19.58333,519
19.59167,513
19.60000,508
19.60833,502
19.61667,497
19.62500,492
19.63333,487
19.64167,482
19.65000,478
19.65833,474
19.66667,470
19.67500,467
19.68333,464
19.69167,461
19.70000,458
19.70833,456
19.71667,454
19.72500,452
19.73333,451
19.74167,451
19.75000,450
19.75833,450
19.76667,450
19.77500,451
19.78333,452
19.79167,454
19.80000,456
19.80833,460
19.81667,464
19.82500,468
19.83333,473
19.84167,478
19.85000,484
19.85833,490
19.86667,497
19.87500,505
19.88333,514
19.89167,523
19.90000,533
19.90833,543
19.91667,554
19.92500,566
19.93333,578
19.94167,591
19.95000,605
19.95833,618
19.96667,633
19.97500,648
19.98333,663
19.99167,678
20.00000,693
20.00833,709
20.01667,725
20.02500,741
20.03333,758
20.04167,774
20.05000,790
20.05833,806
20.06667,822
20.07500,838
20.08333,854
20.09167,869
20.10000,883
20.10833,898
20.11667,911
20.12500,925
20.13333,938
20.14167,951
20.15000,963
20.15833,974
20.16667,985
20.17500,995
20.18333,1005
20.19167,1014
20.20000,1022
20.20833,1030
20.21667,1037
20.22500,1043
20.23333,1049
20.24167,1054
20.25000,1057
20.25833,1061
20.26667,1063
20.27500,1066
20.28333,1067
20.29167,1067
20.30000,1067
20.30833,1066
20.31667,1065
20.32500,1063
20.33333,1061
20.34167,1058
20.35000,1054
20.35833,1050
20.36667,1045
20.37500,1039
20.38333,1034
20.39167,1027
20.40000,1021
20.40833,1014
20.41667,1007
20.42500,1000
20.43333,992
20.44167,985
20.45000,977
20.45833,969
20.46667,961
20.47500,953
20.48333,946
20.49167,938
20.50000,931
20.50833,924
20.51667,917
20.52500,910
20.53333,904
20.54167,899
20.55000,893
20.55833,889
20.56667,885
20.57500,881
20.58333,877
20.59167,875
20.60000,873
20.60833,871
20.61667,870
20.62500,869
20.63333,869
20.64167,869
20.65000,870
20.65833,872
20.66667,873
20.67500,875
20.68333,877
20.69167,880
20.70000,883
20.70833,886
20.71667,890
20.72500,893
20.73333,897
20.74167,901
20.75000,904
20.75833,908
20.76667,912
20.77500,916
20.78333,920
20.79167,924
20.80000,928
20.80833,931
20.81667,934
20.82500,936
20.83333,939
20.84167,942
20.85000,945
20.85833,947
20.86667,949
20.87500,951
20.88333,953
20.89167,954
20.90000,955
20.90833,956
20.91667,957
20.92500,956
20.93333,956
20.94167,955
20.95000,954
20.95833,953
20.96667,952
20.97500,951
20.98333,949
20.99167,947
21.00000,945
21.00833,942
21.01667,939
21.02500,936
21.03333,933
21.04167,930
21.05000,926
21.05833,923
21.06667,920
21.07500,916
21.08333,913
21.09167,909
21.10000,905
21.10833,901
21.11667,898
21.12500,894
21.13333,890
21.14167,886
21.15000,882
21.15833,879
21.16667,875
21.17500,872
21.18333,869
21.19167,866
21.20000,863
21.20833,860
21.21667,858
21.22500,855
21.23333,853
21.24167,851
21.25000,849
21.25833,847
21.26667,845
21.27500,844
21.28333,842
21.29167,841
21.30000,840
21.30833,840
21.31667,839
21.32500,838
21.33333,838
21.34167,837
21.35000,836
21.35833,836
21.36667,837
21.37500,838
21.38333,838
21.39167,839
21.40000,840
21.40833,842
21.41667,843
21.42500,845
21.43333,847
21.44167,850
21.45000,853
21.45833,857
21.46667,861
21.47500,865
21.48333,869
21.49167,874
21.50000,879
21.50833,885
21.51667,890
21.52500,897
21.53333,904
21.54167,910
21.55000,918
21.55833,925
21.56667,933
21.57500,941
21.58333,949
21.59167,956
21.60000,964
21.60833,972
21.61667,980
21.62500,987
21.63333,995
21.64167,1003
21.65000,1010
21.65833,1016
21.66667,1022
21.67500,1029
21.68333,1035
21.69167,1040
21.70000,1045
21.70833,1050
21.71667,1053
21.72500,1057
21.73333,1060
21.74167,1062
21.75000,1065
21.75833,1067
21.76667,1068
21.77500,1069
21.78333,1070
21.79167,1069
21.80000,1068
21.80833,1067
21.81667,1065
21.82500,1063
21.83333,1061
21.84167,1059
21.85000,1057
21.85833,1054
21.86667,1051
21.87500,1047
21.88333,1043
21.89167,1039
21.90000,1034
21.90833,1029
21.91667,1023
21.92500,1017
21.93333,1011
21.94167,1005
21.95000,999
21.95833,992
21.96667,984
21.97500,976
21.98333,967
21.99167,958
22.00000,949
22.00833,939
22.01667,929
22.02500,919
22.03333,908
22.04167,897
22.05000,886
22.05833,874
22.06667,862
22.07500,849
22.08333,837
22.09167,824
22.10000,811
22.10833,797
22.11667,782
22.12500,768
22.13333,754
22.14167,740
22.15000,725
22.15833,709
22.16667,694
22.17500,679
22.18333,664
22.19167,649
22.20000,634
22.20833,619
22.21667,605
22.22500,590
22.23333,576
22.24167,562
22.25000,548
22.25833,534
22.26667,521
22.27500,508
22.28333,496
22.29167,484
22.30000,472
22.30833,462
22.31667,451
22.32500,441
22.33333,431
22.34167,422
22.35000,413
22.35833,405
22.36667,397
22.37500,390
22.38333,382
22.39167,376
22.40000,369
22.40833,364
22.41667,358
22.42500,353
22.43333,348
22.44167,344
22.45000,339
22.45833,336
22.46667,332
22.47500,328
22.48333,325
22.49167,322
22.50000,320
22.50833,318
22.51667,315
22.52500,313
22.53333,311
22.54167,310
22.55000,309
22.55833,308
22.56667,307
22.57500,306
22.58333,305
22.59167,304
22.60000,304
22.60833,304
22.61667,304
22.62500,304
22.63333,304
22.64167,304
22.65000,305
22.65833,306
22.66667,306
22.67500,307
22.68333,308
22.69167,309
22.70000,310
22.70833,311
22.71667,312
22.72500,313
22.73333,314
22.74167,315
22.75000,316
22.75833,318
22.76667,319
22.77500,321
22.78333,322
22.79167,324
22.80000,326
22.80833,327
22.81667,329
22.82500,331
22.83333,332
22.84167,334
22.85000,335
22.85833,337
22.86667,338
22.87500,340
22.88333,342
22.89167,344
22.90000,345
22.90833,347
22.91667,348
22.92500,350
22.93333,352
22.94167,353
22.95000,355
22.95833,356
22.96667,358
22.97500,359
22.98333,361
22.99167,362
23.00000,364
23.00833,365
23.01667,367
23.02500,368
23.03333,369
23.04167,370
23.05000,371
23.05833,373
23.06667,374
23.07500,375
23.08333,377
23.09167,378
23.10000,379
23.10833,380
23.11667,380
23.12500,381
23.13333,381
23.14167,382
23.15000,382
23.15833,383
23.16667,384
23.17500,384
23.18333,384
23.19167,385
23.20000,385
23.20833,385
23.21667,386
23.22500,386
23.23333,386
23.24167,386
23.25000,386
23.25833,386
23.26667,386
23.27500,386
23.28333,385
23.29167,385
23.30000,385
23.30833,385
23.31667,385
23.32500,385
23.33333,385
23.34167,385
23.35000,385
23.35833,385
23.36667,385
23.37500,385
23.38333,385
23.39167,385
23.40000,385
23.40833,385
23.41667,385
23.42500,384
23.43333,384
23.44167,384
23.45000,384
23.45833,384
23.46667,385
23.47500,385
23.48333,385
23.49167,386
23.50000,385
23.50833,385
23.51667,385
23.52500,385
23.53333,385
23.54167,385
23.55000,385
23.55833,385
23.56667,385
23.57500,385
23.58333,386
23.59167,386
23.60000,386
23.60833,386
23.61667,386
23.62500,386
23.63333,387
23.64167,386
23.65000,386
23.65833,386
23.66667,386
23.67500,386
23.68333,386
23.69167,385
23.70000,385
23.70833,385
23.71667,385
23.72500,385
23.73333,385
23.74167,385
23.75000,385
23.75833,385
23.76667,385
23.77500,384
23.78333,384
23.79167,383
23.80000,383
23.80833,382
23.81667,382
23.82500,382
23.83333,382
23.84167,382
23.85000,381
23.85833,380
23.86667,380
23.87500,379
23.88333,379
23.89167,378
23.90000,377
23.90833,377
23.91667,376
23.92500,375
23.93333,375
23.94167,374
23.95000,374
23.95833,374
23.96667,373
23.97500,372
23.98333,372
23.99167,371
24.00000,370
24.00833,370
24.01667,369
24.02500,369
24.03333,368
24.04167,367
24.05000,367
24.05833,366
24.06667,366
24.07500,365
24.08333,364
24.09167,364
24.10000,363
24.10833,363
24.11667,362
24.12500,362
24.13333,361
24.14167,361
24.15000,360
24.15833,359
24.16667,359
24.17500,358
24.18333,358
24.19167,358
24.20000,357
24.20833,356
24.21667,356
24.22500,355
24.23333,355
24.24167,354
24.25000,354
24.25833,354
24.26667,354
24.27500,354
24.28333,354
24.29167,355
24.30000,355
24.30833,356
24.31667,357
24.32500,358
24.33333,359
24.34167,360
24.35000,362
24.35833,364
24.36667,367
24.37500,370
24.38333,374
24.39167,378
24.40000,383
24.40833,389
24.41667,396
24.42500,403
24.43333,412
24.44167,421
24.45000,431
24.45833,442
24.46667,455
24.47500,469
24.48333,485
24.49167,502
24.50000,522
24.50833,543
24.51667,565
24.52500,590
24.53333,617
24.54167,646
24.55000,678
24.55833,711
24.56667,747
24.57500,785
24.58333,825
24.59167,868
24.60000,913
24.60833,961
24.61667,1012
24.62500,1065
24.63333,1119
24.64167,1176
24.65000,1235
24.65833,1297
24.66667,1361
24.67500,1427
24.68333,1494
24.69167,1563
24.70000,1633
24.70833,1705
24.71667,1778
24.72500,1851
24.73333,1926
24.74167,2001
24.75000,2076
24.75833,2152
24.76667,2227
24.77500,2303
24.78333,2377
24.79167,2451
24.80000,2525
24.80833,2597
24.81667,2669
24.82500,2740
24.83333,2809
24.84167,2877
24.85000,2944
24.85833,3009
24.86667,3071
24.87500,3132
24.88333,3190
24.89167,3246
24.90000,3301
24.90833,3353
24.91667,3402
24.92500,3450
24.93333,3496
24.94167,3539
24.95000,3581
24.95833,3619
24.96667,3656
24.97500,3690
24.98333,3721
24.99167,3750
25.00000,3777
25.00833,3802
25.01667,3823
25.02500,3842
25.03333,3859
25.04167,3873
25.05000,3884
25.05833,3893
25.06667,3899
25.07500,3903
25.08333,3903
25.09167,3901
25.10000,3896
25.10833,3888
25.11667,3877
25.12500,3862
25.13333,3845
25.14167,3825
25.15000,3802
25.15833,3775
25.16667,3746
25.17500,3713
25.18333,3678
25.19167,3639
25.20000,3598
25.20833,3554
25.21667,3507
25.22500,3457
25.23333,3405
25.24167,3350
25.25000,3293
25.25833,3234
25.26667,3173
25.27500,3110
25.28333,3045
25.29167,2978
25.30000,2910
25.30833,2841
25.31667,2771
25.32500,2700
25.33333,2628
25.34167,2556
25.35000,2484
25.35833,2412
25.36667,2340
25.37500,2267
25.38333,2196
25.39167,2125
25.40000,2054
25.40833,1984
25.41667,1915
25.42500,1847
25.43333,1781
25.44167,1716
25.45000,1652
25.45833,1590
25.46667,1530
25.47500,1472
25.48333,1415
25.49167,1360
25.50000,1306
25.50833,1255
25.51667,1205
25.52500,1157
25.53333,1111
25.54167,1068
25.55000,1026
25.55833,985
25.56667,947
25.57500,910
25.58333,875
25.59167,842
25.60000,810
25.60833,780
25.61667,752
25.62500,725
25.63333,700
25.64167,676
25.65000,654
25.65833,632
25.66667,612
25.67500,593
25.68333,575
25.69167,558
25.70000,542
25.70833,527
25.71667,512
25.72500,499
25.73333,486
25.74167,473
25.75000,462
25.75833,452
25.76667,442
25.77500,432
25.78333,423
25.79167,415
25.80000,406
25.80833,399
25.81667,391
25.82500,384
25.83333,377
25.84167,370
25.85000,364
25.85833,358
25.86667,352
25.87500,345
25.88333,339
25.89167,334
25.90000,329
25.90833,324
25.91667,318
25.92500,313
25.93333,308
25.94167,302
25.95000,297
25.95833,292
25.96667,288
25.97500,283
25.98333,278
25.99167,274
26.00000,269
26.00833,264
26.01667,259
26.02500,254
26.03333,249
26.04167,245
26.05000,241
26.05833,236
26.06667,232
26.07500,228
26.08333,224
26.09167,220
26.10000,216
26.10833,211
26.11667,207
26.12500,202
26.13333,198
26.14167,194
26.15000,191
26.15833,187
26.16667,183
26.17500,180
26.18333,177
26.19167,174
26.20000,170
26.20833,167
26.21667,164
26.22500,162
26.23333,159
26.24167,156
26.25000,154
26.25833,152
26.26667,150
26.27500,148
26.28333,145
26.29167,143
26.30000,141
26.30833,139
26.31667,137
26.32500,135
26.33333,134
26.34167,132
26.35000,130
26.35833,129
26.36667,128
26.37500,126
26.38333,125
26.39167,124
26.40000,123
26.40833,122
26.41667,121
26.42500,120
26.43333,119
26.44167,118
26.45000,117
26.45833,117
26.46667,117
26.47500,116
26.48333,116
26.49167,115
26.50000,115
26.50833,115
26.51667,115
26.52500,115
26.53333,115
26.54167,114
26.55000,114
26.55833,114
26.56667,113
26.57500,113
26.58333,113
26.59167,113
26.60000,113
26.60833,113
26.61667,114
26.62500,114
26.63333,114
26.64167,114
26.65000,114
26.65833,114
26.66667,114
26.67500,114
26.68333,114
26.69167,115
26.70000,115
26.70833,115
26.71667,115
26.72500,115
26.73333,115
26.74167,115
26.75000,116
26.75833,116
26.76667,116
26.77500,116
26.78333,116
26.79167,116
26.80000,116
26.80833,116
26.81667,116
26.82500,116
26.83333,116
26.84167,117
26.85000,117
26.85833,117
26.86667,117
26.87500,117
26.88333,117
26.89167,118
26.90000,118
26.90833,117
26.91667,117
26.92500,117
26.93333,116
26.94167,117
26.95000,117
26.95833,117
26.96667,117
26.97500,118
26.98333,118
26.99167,118
27.00000,118
27.00833,119
27.01667,119
27.02500,119
27.03333,119
27.04167,120
27.05000,120
27.05833,120
27.06667,120
27.07500,120
27.08333,120
27.09167,121
27.10000,121
27.10833,121
27.11667,121
27.12500,121
27.13333,121
27.14167,121
27.15000,121
27.15833,121
27.16667,121
27.17500,121
27.18333,121
27.19167,122
27.20000,122
27.20833,122
27.21667,122
27.22500,122
27.23333,122
27.24167,123
27.25000,123
27.25833,123
27.26667,123
27.27500,123
27.28333,123
27.29167,123
27.30000,123
27.30833,123
27.31667,123
27.32500,123
27.33333,123
27.34167,123
27.35000,123
27.35833,123
27.36667,123
27.37500,123
27.38333,123
27.39167,123
27.40000,123
27.40833,122
27.41667,122
27.42500,121
27.43333,121
27.44167,120
27.45000,120
27.45833,119
27.46667,119
27.47500,119
27.48333,119
27.49167,119
27.50000,119
27.50833,118
27.51667,118
27.52500,118
27.53333,117
27.54167,117
27.55000,116
27.55833,115
27.56667,115
27.57500,114
27.58333,113
27.59167,113
27.60000,112
27.60833,111
27.61667,111
27.62500,110
27.63333,110
27.64167,109
27.65000,109
27.65833,109
27.66667,108
27.67500,108
27.68333,107
27.69167,106
27.70000,105
27.70833,105
27.71667,104
27.72500,103
27.73333,103
27.74167,102
27.75000,101
27.75833,101
27.76667,100
27.77500,99
27.78333,98
27.79167,98
27.80000,97
27.80833,96
27.81667,95
27.82500,94
27.83333,94
27.84167,93
27.85000,92
27.85833,91
27.86667,91
27.87500,90
27.88333,89
27.89167,88
27.90000,88
27.90833,87
27.91667,87
27.92500,87
27.93333,87
27.94167,86
27.95000,86
27.95833,85
27.96667,85
27.97500,85
27.98333,85
27.99167,85
28.00000,85
28.00833,84
28.01667,84
28.02500,83
28.03333,82
28.04167,82
28.05000,82
28.05833,82
28.06667,82
28.07500,83
28.08333,83
28.09167,83
28.10000,83
28.10833,83
28.11667,83
28.12500,83
28.13333,83
28.14167,83
28.15000,83
28.15833,83
28.16667,83
28.17500,83
28.18333,84
28.19167,84
28.20000,84
28.20833,84
28.21667,84
28.22500,84
28.23333,84
28.24167,85
28.25000,85
28.25833,85
28.26667,85
28.27500,86
28.28333,87
28.29167,87
28.30000,88
28.30833,88
28.31667,89
28.32500,90
28.33333,91
28.34167,92
28.35000,94
28.35833,95
28.36667,97
28.37500,99
28.38333,101
28.39167,103
28.40000,106
28.40833,109
28.41667,112
28.42500,116
28.43333,120
28.44167,125
28.45000,129
28.45833,135
28.46667,141
28.47500,147
28.48333,155
28.49167,162
28.50000,171
28.50833,180
28.51667,191
28.52500,202
28.53333,214
28.54167,228
28.55000,242
28.55833,257
28.56667,274
28.57500,292
28.58333,311
28.59167,331
28.60000,353
28.60833,376
28.61667,400
28.62500,426
28.63333,453
28.64167,482
28.65000,512
28.65833,543
28.66667,576
28.67500,610
28.68333,646
28.69167,683
28.70000,723
28.70833,764
28.71667,807
28.72500,850
28.73333,895
28.74167,941
28.75000,989
28.75833,1037
28.76667,1087
28.77500,1138
28.78333,1190
28.79167,1242
28.80000,1295
28.80833,1349
28.81667,1404
28.82500,1459
28.83333,1515
28.84167,1571
28.85000,1626
28.85833,1682
28.86667,1738
28.87500,1793
28.88333,1848
28.89167,1902
28.90000,1956
28.90833,2010
28.91667,2063
28.92500,2115
28.93333,2166
28.94167,2216
28.95000,2264
28.95833,2312
28.96667,2358
28.97500,2404
28.98333,2447
28.99167,2489
29.00000,2529
29.00833,2568
29.01667,2605
29.02500,2640
29.03333,2674
29.04167,2706
29.05000,2737
29.05833,2765
29.06667,2792
29.07500,2818
29.08333,2841
29.09167,2863
29.10000,2883
29.10833,2902
29.11667,2919
29.12500,2935
29.13333,2949
29.14167,2961
29.15000,2971
29.15833,2980
29.16667,2988
29.17500,2994
29.18333,2998
29.19167,3001
29.20000,3003
29.20833,3003
29.21667,3001
29.22500,2999
29.23333,2995
29.24167,2989
29.25000,2981
29.25833,2972
29.26667,2962
29.27500,2951
29.28333,2938
29.29167,2923
29.30000,2907
29.30833,2889
29.31667,2870
29.32500,2849
29.33333,2827
29.34167,2803
29.35000,2778
29.35833,2751
29.36667,2722
29.37500,2693
29.38333,2662
29.39167,2629
29.40000,2595
29.40833,2560
29.41667,2523
29.42500,2485
29.43333,2446
29.44167,2405
29.45000,2364
29.45833,2321
29.46667,2278
29.47500,2233
29.48333,2188
29.49167,2142
29.50000,2095
29.50833,2047
29.51667,1999
29.52500,1951
29.53333,1902
29.54167,1853
29.55000,1803
29.55833,1753
29.56667,1703
29.57500,1653
29.58333,1603
29.59167,1553
29.60000,1504
29.60833,1455
29.61667,1407
29.62500,1359
29.63333,1312
29.64167,1265
29.65000,1219
29.65833,1174
29.66667,1130
29.67500,1087
29.68333,1044
29.69167,1002
29.70000,961
29.70833,921
29.71667,882
29.72500,845
29.73333,809
29.74167,774
29.75000,740
29.75833,707
29.76667,675
29.77500,645
29.78333,615
29.79167,587
29.80000,560
29.80833,535
29.81667,510
29.82500,486
29.83333,463
29.84167,441
29.85000,421
29.85833,401
29.86667,382
29.87500,364
29.88333,348
29.89167,332
29.90000,317
29.90833,303
29.91667,289
29.92500,276
29.93333,264
29.94167,253
29.95000,243
29.95833,233
29.96667,224
29.97500,215
29.98333,207
29.99167,200
30.00000,193
30.00833,186
30.01667,180
30.02500,174
30.03333,169
30.04167,163
30.05000,159
30.05833,155
30.06667,151
30.07500,147
30.08333,143
30.09167,140
30.10000,137
30.10833,134
30.11667,132
30.12500,129
30.13333,127
30.14167,125
30.15000,124
30.15833,122
30.16667,120
30.17500,119
30.18333,118
30.19167,117
30.20000,116
30.20833,115
30.21667,114
30.22500,114
30.23333,113
30.24167,112
30.25000,111
30.25833,110
30.26667,110
30.27500,109
30.28333,109
30.29167,109
30.30000,109
30.30833,109
30.31667,109
30.32500,109
30.33333,109
30.34167,109
30.35000,109
30.35833,108
30.36667,108
30.37500,108
30.38333,108
30.39167,108
30.40000,109
30.40833,109
30.41667,110
30.42500,110
30.43333,111
30.44167,112
30.45000,113
30.45833,114
30.46667,114
30.47500,115
30.48333,116
30.49167,117
30.50000,118
30.50833,118
30.51667,119
30.52500,120
30.53333,121
30.54167,123
30.55000,124
30.55833,126
30.56667,127
30.57500,128
30.58333,129
30.59167,130
30.60000,132
30.60833,133
30.61667,135
30.62500,136
30.63333,138
30.64167,140
30.65000,142
30.65833,144
30.66667,145
30.67500,147
30.68333,148
30.69167,149
30.70000,151
30.70833,153
30.71667,154
30.72500,156
30.73333,159
30.74167,161
30.75000,163
30.75833,164
30.76667,166
30.77500,167
30.78333,169
30.79167,170
30.80000,172
30.80833,174
30.81667,175
30.82500,177
30.83333,179
30.84167,181
30.85000,182
30.85833,184
30.86667,185
30.87500,186
30.88333,188
30.89167,189
30.90000,190
30.90833,191
30.91667,193
30.92500,194
30.93333,195
30.94167,196
30.95000,198
30.95833,199
30.96667,200
30.97500,201
30.98333,202
30.99167,203
31.00000,204
31.00833,204
31.01667,205
31.02500,206
31.03333,206
31.04167,206
31.05000,206
31.05833,207
31.06667,207
31.07500,208
31.08333,208
31.09167,209
31.10000,209
31.10833,209
31.11667,209
31.12500,210
31.13333,210
31.14167,209
31.15000,209
31.15833,209
31.16667,209
31.17500,209
31.18333,209
31.19167,208
31.20000,208
31.20833,207
31.21667,207
31.22500,206
31.23333,205
31.24167,205
31.25000,205
31.25833,204
31.26667,203
31.27500,202
31.28333,201
31.29167,199
31.30000,198
31.30833,197
31.31667,196
31.32500,195
31.33333,194
31.34167,192
31.35000,191
31.35833,189
31.36667,188
31.37500,186
31.38333,185
31.39167,184
31.40000,182
31.40833,181
31.41667,179
31.42500,178
31.43333,176
31.44167,175
31.45000,174
31.45833,172
31.46667,171
31.47500,169
31.48333,168
31.49167,166
31.50000,165
31.50833,164
31.51667,162
31.52500,160
31.53333,158
31.54167,157
31.55000,155
31.55833,154
31.56667,153
31.57500,152
31.58333,151
31.59167,150
31.60000,149
31.60833,148
31.61667,147
31.62500,147
31.63333,146
31.64167,145
31.65000,144
31.65833,144
31.66667,144
31.67500,144
31.68333,144
31.69167,144
31.70000,144
31.70833,144
31.71667,145
31.72500,146
31.73333,146
31.74167,147
31.75000,149
31.75833,150
31.76667,151
31.77500,152
31.78333,154
31.79167,156
31.80000,158
31.80833,160
31.81667,162
31.82500,165
31.83333,168
31.84167,171
31.85000,174
31.85833,178
31.86667,181
31.87500,185
31.88333,189
31.89167,192
31.90000,197
31.90833,201
31.91667,205
31.92500,210
31.93333,214
31.94167,219
31.95000,224
31.95833,229
31.96667,234
31.97500,240
31.98333,245
31.99167,250
32.00000,255
32.00833,261
32.01667,266
32.02500,271
32.03333,277
32.04167,282
32.05000,288
32.05833,293
32.06667,299
32.07500,304
32.08333,310
32.09167,315
32.10000,321
32.10833,326
32.11667,331
32.12500,337
32.13333,342
32.14167,347
32.15000,352
32.15833,357
32.16667,362
32.17500,367
32.18333,371
32.19167,376
32.20000,381
32.20833,385
32.21667,390
32.22500,394
32.23333,398
32.24167,402
32.25000,406
32.25833,410
32.26667,413
32.27500,417
32.28333,420
32.29167,424
32.30000,427
32.30833,431
32.31667,434
32.32500,437
32.33333,439
32.34167,442
32.35000,445
32.35833,448
32.36667,451
32.37500,453
32.38333,455
32.39167,457
32.40000,459
32.40833,461
32.41667,463
32.42500,464
32.43333,466
32.44167,468
32.45000,470
32.45833,471
32.46667,472
32.47500,473
32.48333,474
32.49167,475
32.50000,475
32.50833,476
32.51667,476
32.52500,476
32.53333,476
32.54167,476
32.55000,476
32.55833,476
32.56667,475
32.57500,475
32.58333,473
32.59167,472
32.60000,471
32.60833,470
32.61667,469
32.62500,468
32.63333,466
32.64167,465
32.65000,463
32.65833,462
32.66667,460
32.67500,458
32.68333,456
32.69167,454
32.70000,452
32.70833,450
32.71667,447
32.72500,445
32.73333,442
32.74167,440
32.75000,437
32.75833,435
32.76667,433
32.77500,430
32.78333,427
32.79167,425
32.80000,423
32.80833,421
32.81667,419
32.82500,417
32.83333,415
32.84167,413
32.85000,411
32.85833,409
32.86667,407
32.87500,405
32.88333,403
32.89167,401
32.90000,400
32.90833,399
32.91667,398
32.92500,396
32.93333,395
32.94167,394
32.95000,393
32.95833,392
32.96667,391
32.97500,391
32.98333,390
32.99167,389
33.00000,388
33.00833,388
33.01667,387
33.02500,387
33.03333,387
33.04167,387
33.05000,386
33.05833,386
33.06667,386
33.07500,385
33.08333,385
33.09167,385
33.10000,384
33.10833,384
33.11667,384
33.12500,384
33.13333,384
33.14167,384
33.15000,384
33.15833,384
33.16667,383
33.17500,383
33.18333,382
33.19167,382
33.20000,381
33.20833,381
33.21667,380
33.22500,379
33.23333,378
33.24167,377
33.25000,376
33.25833,375
33.26667,374
33.27500,373
33.28333,372
33.29167,371
33.30000,369
33.30833,368
33.31667,366
33.32500,364
33.33333,363
33.34167,361
33.35000,359
33.35833,357
33.36667,354
33.37500,352
33.38333,350
33.39167,347
33.40000,345
33.40833,342
33.41667,340
33.42500,338
33.43333,335
33.44167,332
33.45000,330
33.45833,327
33.46667,323
33.47500,320
33.48333,317
33.49167,314
33.50000,311
33.50833,307
33.51667,304
33.52500,300
33.53333,297
33.54167,294
33.55000,290
33.55833,287
33.56667,283
33.57500,279
33.58333,275
33.59167,272
33.60000,268
33.60833,264
33.61667,260
33.62500,256
33.63333,252
33.64167,248
33.65000,244
33.65833,240
33.66667,236
33.67500,232
33.68333,228
33.69167,224
33.70000,220
33.70833,216
33.71667,213
33.72500,209
33.73333,205
33.74167,201
33.75000,197
33.75833,193
33.76667,188
33.77500,184
33.78333,180
33.79167,176
33.80000,172
33.80833,168
33.81667,164
33.82500,160
33.83333,157
33.84167,153
33.85000,149
33.85833,145
33.86667,142
33.87500,138
33.88333,135
33.89167,132
33.90000,129
33.90833,125
33.91667,122
33.92500,118
33.93333,115
33.94167,112
33.95000,109
33.95833,106
33.96667,103
33.97500,100
33.98333,97
33.99167,94
34.00000,91
34.00833,89
34.01667,87
34.02500,84
34.03333,82
34.04167,80
34.05000,78
34.05833,76
34.06667,74
34.07500,72
34.08333,70
34.09167,68
34.10000,66
34.10833,64
34.11667,62
34.12500,60
34.13333,58
34.14167,56
34.15000,55
34.15833,54
34.16667,52
34.17500,51
34.18333,50
34.19167,49
34.20000,48
34.20833,47
34.21667,46
34.22500,45
34.23333,44
34.24167,43
34.25000,43
34.25833,42
34.26667,41
34.27500,40
34.28333,39
34.29167,39
34.30000,38
34.30833,37
34.31667,37
34.32500,36
34.33333,35
34.34167,35
34.35000,35
34.35833,34
34.36667,34
34.37500,34
34.38333,33
34.39167,33
34.40000,33
34.40833,32
34.41667,32
34.42500,32
34.43333,31
34.44167,30
34.45000,30
34.45833,29
34.46667,28
34.47500,28
34.48333,27
34.49167,26
34.50000,26
34.50833,25
34.51667,25
34.52500,25
34.53333,25
34.54167,25
34.55000,24
34.55833,24
34.56667,24
34.57500,23
34.58333,23
34.59167,22
34.60000,22
34.60833,21
34.61667,21
34.62500,21
34.63333,21
34.64167,21
34.65000,21
34.65833,20
34.66667,20
34.67500,20
34.68333,20
34.69167,20
34.70000,19
34.70833,19
34.71667,19
34.72500,19
34.73333,19
34.74167,18
34.75000,18
34.75833,18
34.76667,18
34.77500,18
34.78333,18
34.79167,18
34.80000,18
34.80833,18
34.81667,17
34.82500,17
34.83333,16
34.84167,16
34.85000,15
34.85833,15
34.86667,15
34.87500,14
34.88333,14
34.89167,14
34.90000,14
34.90833,14
34.91667,14
34.92500,14
34.93333,13
34.94167,13
34.95000,13
34.95833,13
34.96667,12
34.97500,12
34.98333,13
34.99167,13
35.00000,13
35.00833,13
35.01667,13
35.02500,12
35.03333,13
35.04167,12
35.05000,12
35.05833,12
35.06667,12
35.07500,13
35.08333,13
35.09167,13
35.10000,13
35.10833,13
35.11667,13
35.12500,13
35.13333,13
35.14167,13
35.15000,13
35.15833,13
35.16667,14
35.17500,14
35.18333,14
35.19167,14
35.20000,15
35.20833,15
35.21667,15
35.22500,16
35.23333,16
35.24167,17
35.25000,17
35.25833,18
35.26667,18
35.27500,18
35.28333,18
35.29167,19
35.30000,19
35.30833,20
35.31667,20
35.32500,21
35.33333,21
35.34167,22
35.35000,23
35.35833,24
35.36667,24
35.37500,25
35.38333,26
35.39167,26
35.40000,27
35.40833,27
35.41667,28
35.42500,29
35.43333,30
35.44167,30
35.45000,31
35.45833,31
35.46667,31
35.47500,31
35.48333,32
35.49167,32
35.50000,33
35.50833,33
35.51667,34
35.52500,35
35.53333,36
35.54167,36
35.55000,37
35.55833,37
35.56667,38
35.57500,38
35.58333,39
35.59167,39
35.60000,40
35.60833,40
35.61667,40
35.62500,41
35.63333,41
35.64167,42
35.65000,43
35.65833,43
35.66667,44
35.67500,44
35.68333,45
35.69167,45
35.70000,45
35.70833,46
35.71667,46
35.72500,46
35.73333,46
35.74167,47
35.75000,47
35.75833,48
35.76667,48
35.77500,48
35.78333,48
35.79167,48
35.80000,48
35.80833,49
35.81667,49
35.82500,50
35.83333,50
35.84167,50
35.85000,51
35.85833,51
35.86667,51
35.87500,52
35.88333,52
35.89167,52
35.90000,52
35.90833,52
35.91667,52
35.92500,53
35.93333,53
35.94167,54
35.95000,54
35.95833,54
35.96667,54
35.97500,55
35.98333,55
35.99167,55
36.00000,55
36.00833,55
36.01667,55
36.02500,55
36.03333,55
36.04167,55
36.05000,55
36.05833,56
36.06667,56
36.07500,56
36.08333,56
36.09167,56
36.10000,56
36.10833,56
36.11667,57
36.12500,57
36.13333,57
36.14167,57
36.15000,57
36.15833,57
36.16667,57
36.17500,56
36.18333,56
36.19167,56
36.20000,55
36.20833,55
36.21667,55
36.22500,55
36.23333,55
36.24167,55
36.25000,56
36.25833,56
36.26667,56
36.27500,55
36.28333,55
36.29167,54
36.30000,53
36.30833,53
36.31667,53
36.32500,53
36.33333,53
36.34167,53
36.35000,53
36.35833,53
36.36667,53
36.37500,53
36.38333,53
36.39167,53
36.40000,53
36.40833,53
36.41667,53
36.42500,53
36.43333,53
36.44167,52
36.45000,52
36.45833,52
36.46667,52
36.47500,53
36.48333,53
36.49167,53
36.50000,53
36.50833,53
36.51667,52
36.52500,52
36.53333,52
36.54167,52
36.55000,52
36.55833,52
36.56667,53
36.57500,53
36.58333,53
36.59167,53
36.60000,53
36.60833,53
36.61667,52
36.62500,52
36.63333,53
36.64167,53
36.65000,53
36.65833,53
36.66667,54
36.67500,54
36.68333,54
36.69167,55
36.70000,54
36.70833,54
36.71667,55
36.72500,55
36.73333,55
36.74167,56
36.75000,56
36.75833,56
36.76667,57
36.77500,57
36.78333,58
36.79167,58
36.80000,59
36.80833,59
36.81667,59
36.82500,60
36.83333,60
36.84167,61
36.85000,61
36.85833,61
36.86667,62
36.87500,62
36.88333,62
36.89167,63
36.90000,63
36.90833,64
36.91667,64
36.92500,65
36.93333,66
36.94167,66
36.95000,67
36.95833,68
36.96667,68
36.97500,69
36.98333,69
36.99167,70
37.00000,70
37.00833,71
37.01667,72
37.02500,73
37.03333,74
37.04167,75
37.05000,75
37.05833,76
37.06667,77
37.07500,78
37.08333,79
37.09167,80
37.10000,80
37.10833,81
37.11667,81
37.12500,82
37.13333,83
37.14167,84
37.15000,85
37.15833,86
37.16667,87
37.17500,87
37.18333,88
37.19167,89
37.20000,90
37.20833,91
37.21667,92
37.22500,93
37.23333,94
37.24167,95
37.25000,96
37.25833,97
37.26667,98
37.27500,99
37.28333,100
37.29167,101
37.30000,101
37.30833,102
37.31667,103
37.32500,104
37.33333,104
37.34167,105
37.35000,107
37.35833,108
37.36667,108
37.37500,109
37.38333,110
37.39167,111
37.40000,112
37.40833,113
37.41667,115
37.42500,116
37.43333,117
37.44167,118
37.45000,119
37.45833,121
37.46667,121
37.47500,122
37.48333,123
37.49167,123
37.50000,124
37.50833,125
37.51667,127
37.52500,127
37.53333,128
37.54167,129
37.55000,130
37.55833,131
37.56667,133
37.57500,133
37.58333,134
37.59167,135
37.60000,135
37.60833,136
37.61667,136
37.62500,137
37.63333,137
37.64167,138
37.65000,139
37.65833,140
37.66667,140
37.67500,141
37.68333,141
37.69167,142
37.70000,142
37.70833,143
37.71667,144
37.72500,145
37.73333,145
37.74167,145
37.75000,146
37.75833,146
37.76667,146
37.77500,147
37.78333,147
37.79167,146
37.80000,146
37.80833,146
37.81667,147
37.82500,147
37.83333,147
37.84167,147
37.85000,147
37.85833,147
37.86667,147
37.87500,146
37.88333,146
37.89167,146
37.90000,145
37.90833,145
37.91667,145
37.92500,145
37.93333,144
37.94167,143
37.95000,143
37.95833,143
37.96667,142
37.97500,142
37.98333,141
37.99167,141
38.00000,140
38.00833,140
38.01667,139
38.02500,138
38.03333,137
38.04167,137
38.05000,136
38.05833,135
38.06667,134
38.07500,133
38.08333,133
38.09167,132
38.10000,131
38.10833,130
38.11667,129
38.12500,128
38.13333,127
38.14167,126
38.15000,125
38.15833,124
38.16667,123
38.17500,122
38.18333,121
38.19167,121
38.20000,120
38.20833,118
38.21667,117
38.22500,115
38.23333,114
38.24167,113
38.25000,111
38.25833,110
38.26667,109
38.27500,108
38.28333,106
38.29167,105
38.30000,104
38.30833,103
38.31667,101
38.32500,100
38.33333,98
38.34167,97
38.35000,96
38.35833,95
38.36667,93
38.37500,91
38.38333,90
38.39167,88
38.40000,87
38.40833,86
38.41667,85
38.42500,84
38.43333,82
38.44167,81
38.45000,80
38.45833,78
38.46667,77
38.47500,75
38.48333,73
38.49167,72
38.50000,70
38.50833,69
38.51667,68
38.52500,66
38.53333,65
38.54167,63
38.55000,62
38.55833,60
38.56667,59
38.57500,57
38.58333,56
38.59167,56
38.60000,55
38.60833,53
38.61667,52
38.62500,51
38.63333,50
38.64167,48
38.65000,47
38.65833,46
38.66667,45
38.67500,44
38.68333,43
38.69167,42
38.70000,40
38.70833,39
38.71667,38
38.72500,37
38.73333,36
38.74167,34
38.75000,33
38.75833,32
38.76667,30
38.77500,29
38.78333,28
38.79167,28
38.80000,27
38.80833,26
38.81667,25
38.82500,24
38.83333,23
38.84167,23
38.85000,22
38.85833,21
38.86667,21
38.87500,20
38.88333,20
38.89167,19
38.90000,18
38.90833,17
38.91667,16
38.92500,16
38.93333,15
38.94167,15
38.95000,15
38.95833,14
38.96667,13
38.97500,13
38.98333,12
38.99167,11
39.00000,11
39.00833,11
39.01667,11
39.02500,11
39.03333,10
39.04167,10
39.05000,10
39.05833,9
39.06667,8
39.07500,8
39.08333,7
39.09167,6
39.10000,6
39.10833,6
39.11667,6
39.12500,6
39.13333,6
39.14167,6
39.15000,6
39.15833,6
39.16667,5
39.17500,5
39.18333,5
39.19167,5
39.20000,5
39.20833,5
39.21667,5
39.22500,5
39.23333,4
39.24167,4
39.25000,4
39.25833,4
39.26667,4
39.27500,3
39.28333,3
39.29167,3
39.30000,2
39.30833,2
39.31667,2
39.32500,1
39.33333,1
39.34167,1
39.35000,1
39.35833,1
39.36667,1
39.37500,1
39.38333,1
39.39167,1
39.40000,1
39.40833,1
39.41667,1
39.42500,1
39.43333,1
39.44167,1
39.45000,0
39.45833,0
39.46667,0
39.47500,0
39.48333,0
39.49167,1
39.50000,1
39.50833,1
39.51667,1
39.52500,1
39.53333,1
39.54167,1
39.55000,1
39.55833,1
39.56667,0
39.57500,0
39.58333,0
39.59167,0
39.60000,1
39.60833,1
39.61667,1
39.62500,1
39.63333,1
39.64167,1
39.65000,0
39.65833,1
39.66667,0
39.67500,0
39.68333,0
39.69167,0
39.70000,0
39.70833,0
39.71667,0
39.72500,-0
39.73333,-0
39.74167,0
39.75000,0
39.75833,0
39.76667,0
39.77500,-0
39.78333,-1
39.79167,-1
39.80000,-1
39.80833,-1
39.81667,-2
39.82500,-2
39.83333,-1
39.84167,-1
39.85000,-1
39.85833,-1
39.86667,-1
39.87500,-1
39.88333,-1
39.89167,-1
39.90000,-1
39.90833,-1
39.91667,-1
39.92500,-1
39.93333,-2
39.94167,-2
39.95000,-2
39.95833,-2
39.96667,-2
39.97500,-2
39.98333,-2
39.99167,-2
40.00000,-1
40.00833,-1
40.01667,-1
40.02500,-1
40.03333,-1
40.04167,-2
40.05000,-2
40.05833,-2
40.06667,-2
40.07500,-2
40.08333,-2
40.09167,-2
40.10000,-2
40.10833,-2
40.11667,-2
40.12500,-2
40.13333,-2
40.14167,-2
40.15000,-2
40.15833,-2
40.16667,-2
40.17500,-2
40.18333,-2
40.19167,-2
40.20000,-2
40.20833,-1
40.21667,-1
40.22500,-1
40.23333,-1
40.24167,-1
40.25000,-1
40.25833,-1
40.26667,-1
40.27500,-1
40.28333,-1
40.29167,-1
40.30000,-1
40.30833,-1
40.31667,-1
40.32500,-1
40.33333,-1
40.34167,-0
40.35000,0
40.35833,1
40.36667,1
40.37500,1
40.38333,1
40.39167,1
40.40000,2
40.40833,2
40.41667,2
40.42500,2
40.43333,2
40.44167,2
40.45000,3
40.45833,3
40.46667,4
40.47500,4
40.48333,5
40.49167,5
40.50000,6
40.50833,6
40.51667,7
40.52500,7
40.53333,8
40.54167,8
40.55000,8
40.55833,9
40.56667,9
40.57500,10
40.58333,10
40.59167,11
40.60000,12
40.60833,12
40.61667,13
40.62500,14
40.63333,15
40.64167,16
40.65000,16
40.65833,17
40.66667,17
40.67500,18
40.68333,19
40.69167,20
40.70000,21
40.70833,22
40.71667,23
40.72500,24
40.73333,25
40.74167,25
40.75000,26
40.75833,27
40.76667,29
40.77500,30
40.78333,31
40.79167,32
40.80000,33
40.80833,35
40.81667,36
40.82500,37
40.83333,38
40.84167,39
40.85000,40
40.85833,41
40.86667,42
40.87500,44
40.88333,45
40.89167,47
40.90000,48
40.90833,49
40.91667,51
40.92500,52
40.93333,53
40.94167,55
40.95000,56
40.95833,57
40.96667,58
40.97500,60
40.98333,61
40.99167,62
41.00000,64
41.00833,66
41.01667,67
41.02500,69
41.03333,70
41.04167,71
41.05000,72
41.05833,74
41.06667,75
41.07500,77
41.08333,78
41.09167,80
41.10000,82
41.10833,84
41.11667,85
41.12500,87
41.13333,88
41.14167,89
41.15000,91
41.15833,92
41.16667,93
41.17500,95
41.18333,96
41.19167,97
41.20000,99
41.20833,101
41.21667,102
41.22500,104
41.23333,105
41.24167,107
41.25000,108
41.25833,110
41.26667,111
41.27500,112
41.28333,113
41.29167,115
41.30000,116
41.30833,118
41.31667,119
41.32500,120
41.33333,122
41.34167,123
41.35000,125
41.35833,126
41.36667,128
41.37500,129
41.38333,130
41.39167,131
41.40000,133
41.40833,134
41.41667,136
41.42500,138
41.43333,139
41.44167,141
41.45000,142
41.45833,143
41.46667,145
41.47500,146
41.48333,148
41.49167,149
41.50000,150
41.50833,151
41.51667,152
41.52500,153
41.53333,154
41.54167,156
41.55000,157
41.55833,158
41.56667,159
41.57500,161
41.58333,162
41.59167,164
41.60000,165
41.60833,166
41.61667,167
41.62500,168
41.63333,169
41.64167,170
41.65000,171
41.65833,171
41.66667,172
41.67500,172
41.68333,173
41.69167,174
41.70000,174
41.70833,175
41.71667,176
41.72500,178
41.73333,178
41.74167,180
41.75000,181
41.75833,181
41.76667,182
41.77500,182
41.78333,183
41.79167,184
41.80000,185
41.80833,185
41.81667,187
41.82500,187
41.83333,188
41.84167,188
41.85000,188
41.85833,188
41.86667,188
41.87500,189
41.88333,189
41.89167,189
41.90000,189
41.90833,189
41.91667,190
41.92500,190
41.93333,191
41.94167,191
41.95000,191
41.95833,191
41.96667,192
41.97500,192
41.98333,192
41.99167,192
42.00000,192
42.00833,192
42.01667,192
42.02500,192
42.03333,192
42.04167,192
42.05000,192
42.05833,192
42.06667,192
42.07500,192
42.08333,192
42.09167,192
42.10000,192
42.10833,192
42.11667,192
42.12500,191
42.13333,191
42.14167,191
42.15000,191
42.15833,191
42.16667,191
42.17500,190
42.18333,190
42.19167,190
42.20000,189
42.20833,189
42.21667,188
42.22500,188
42.23333,188
42.24167,188
42.25000,188
42.25833,187
42.26667,187
42.27500,186
42.28333,186
42.29167,186
42.30000,185
42.30833,185
42.31667,184
42.32500,184
42.33333,184
42.34167,183
42.35000,183
42.35833,183
42.36667,183
42.37500,182
42.38333,182
42.39167,181
42.40000,181
42.40833,180
42.41667,179
42.42500,179
42.43333,178
42.44167,178
42.45000,178
42.45833,177
42.46667,177
42.47500,176
42.48333,176
42.49167,175
42.50000,174
42.50833,174
42.51667,173
42.52500,173
42.53333,172
42.54167,171
42.55000,170
42.55833,169
42.56667,169
42.57500,168
42.58333,167
42.59167,167
42.60000,166
42.60833,166
42.61667,165
42.62500,165
42.63333,164
42.64167,163
42.65000,163
42.65833,162
42.66667,161
42.67500,160
42.68333,159
42.69167,158
42.70000,157
42.70833,157
42.71667,156
42.72500,155
42.73333,154
42.74167,154
42.75000,153
42.75833,152
42.76667,151
42.77500,150
42.78333,150
42.79167,149
42.80000,148
42.80833,147
42.81667,146
42.82500,145
42.83333,144
42.84167,143
42.85000,143
42.85833,142
42.86667,142
42.87500,141
42.88333,140
42.89167,139
42.90000,138
42.90833,137
42.91667,136
42.92500,135
42.93333,134
42.94167,133
42.95000,132
42.95833,131
42.96667,130
42.97500,129
42.98333,128
42.99167,128
43.00000,127
43.00833,126
43.01667,125
43.02500,125
43.03333,124
43.04167,122
43.05000,121
43.05833,121
43.06667,120
43.07500,119
43.08333,118
43.09167,118
43.10000,117
43.10833,116
43.11667,116
43.12500,115
43.13333,114
43.14167,113
43.15000,112
43.15833,111
43.16667,110
43.17500,109
43.18333,109
43.19167,108
43.20000,108
43.20833,107
43.21667,106
43.22500,105
43.23333,104
43.24167,102
43.25000,101
43.25833,101
43.26667,100
43.27500,99
43.28333,98
43.29167,98
43.30000,97
43.30833,97
43.31667,96
43.32500,95
43.33333,94
43.34167,93
43.35000,92
43.35833,91
43.36667,91
43.37500,90
43.38333,89
43.39167,88
43.40000,87
43.40833,87
43.41667,87
43.42500,86
43.43333,86
43.44167,85
43.45000,84
43.45833,83
43.46667,82
43.47500,81
43.48333,80
43.49167,80
43.50000,79
43.50833,78
43.51667,78
43.52500,77
43.53333,76
43.54167,76
43.55000,75
43.55833,74
43.56667,74
43.57500,73
43.58333,72
43.59167,72
43.60000,71
43.60833,70
43.61667,70
43.62500,69
43.63333,69
43.64167,68
43.65000,67
43.65833,67
43.66667,66
43.67500,65
43.68333,64
43.69167,63
43.70000,62
43.70833,62
43.71667,61
43.72500,60
43.73333,59
43.74167,59
43.75000,58
43.75833,58
43.76667,57
43.77500,56
43.78333,55
43.79167,54
43.80000,54
43.80833,53
43.81667,53
43.82500,52
43.83333,52
43.84167,51
43.85000,50
43.85833,50
43.86667,49
43.87500,48
43.88333,48
43.89167,47
43.90000,47
43.90833,46
43.91667,45
43.92500,45
43.93333,44
43.94167,43
43.95000,42
43.95833,41
43.96667,41
43.97500,40
43.98333,40
43.99167,40
44.00000,40
44.00833,39
44.01667,39
44.02500,38
44.03333,38
44.04167,37
44.05000,36
44.05833,35
44.06667,34
44.07500,34
44.08333,33
44.09167,33
44.10000,32
44.10833,32
44.11667,31
44.12500,31
44.13333,30
44.14167,30
44.15000,29
44.15833,28
44.16667,28
44.17500,27
44.18333,27
44.19167,26
44.20000,26
44.20833,25
44.21667,25
44.22500,25
44.23333,24
44.24167,24
44.25000,23
44.25833,23
44.26667,22
44.27500,22
44.28333,22
44.29167,21
44.30000,21
44.30833,20
44.31667,20
44.32500,19
44.33333,19
44.34167,19
44.35000,18
44.35833,17
44.36667,17
44.37500,16
44.38333,16
44.39167,15
44.40000,15
44.40833,15
44.41667,14
44.42500,14
44.43333,14
44.44167,13
44.45000,13
44.45833,13
44.46667,12
44.47500,12
44.48333,12
44.49167,12
44.50000,11
44.50833,11
44.51667,10
44.52500,9
44.53333,9
44.54167,9
44.55000,8
44.55833,8
44.56667,8
44.57500,7
44.58333,7
44.59167,7
44.60000,6
44.60833,6
44.61667,6
44.62500,6
44.63333,5
44.64167,5
44.65000,5
44.65833,5
44.66667,5
44.67500,5
44.68333,4
44.69167,4
44.70000,4
44.70833,4
44.71667,3
44.72500,3
44.73333,2
44.74167,2
44.75000,1
44.75833,1
44.76667,1
44.77500,1
44.78333,1
44.79167,0
44.80000,0
44.80833,-0
44.81667,-1
44.82500,-1
44.83333,-1
44.84167,-1
44.85000,-1
44.85833,-1
44.86667,-2
44.87500,-2
44.88333,-2
44.89167,-2
44.90000,-2
44.90833,-3
44.91667,-3
44.92500,-2
44.93333,-3
44.94167,-3
44.95000,-3
44.95833,-3
44.96667,-3
44.97500,-3
44.98333,-4
44.99167,-4
45.00000,-4
45.00833,-4
45.01667,-4
45.02500,-4
45.03333,-5
45.04167,-5
45.05000,-5
45.05833,-5
45.06667,-5
45.07500,-6
45.08333,-6
45.09167,-6
45.10000,-6
45.10833,-6
45.11667,-6
45.12500,-6
45.13333,-6
45.14167,-6
45.15000,-6
45.15833,-6
45.16667,-6
45.17500,-6
45.18333,-6
45.19167,-6
45.20000,-6
45.20833,-6
45.21667,-6
45.22500,-6
45.23333,-6
45.24167,-6
45.25000,-6
45.25833,-7
45.26667,-7
45.27500,-7
45.28333,-6
45.29167,-6
45.30000,-6
45.30833,-6
45.31667,-6
45.32500,-7
45.33333,-7
45.34167,-7
45.35000,-7
45.35833,-7
45.36667,-7
45.37500,-7
45.38333,-6
45.39167,-6
45.40000,-6
45.40833,-6
45.41667,-7
45.42500,-7
45.43333,-7
45.44167,-7
45.45000,-7
45.45833,-6
45.46667,-7
45.47500,-7
45.48333,-7
45.49167,-7
45.50000,-7
45.50833,-7
45.51667,-7
45.52500,-7
45.53333,-7
45.54167,-7
45.55000,-7
45.55833,-7
45.56667,-7
45.57500,-7
45.58333,-7
45.59167,-7
45.60000,-7
45.60833,-7
45.61667,-7
45.62500,-7
45.63333,-7
45.64167,-7
45.65000,-7
45.65833,-7
45.66667,-7
45.67500,-7
45.68333,-7
45.69167,-7
45.70000,-7
45.70833,-7
45.71667,-7
45.72500,-7
45.73333,-7
45.74167,-7
45.75000,-7
45.75833,-8
45.76667,-8
45.77500,-8
45.78333,-8
45.79167,-8
45.80000,-9
45.80833,-9
45.81667,-9
45.82500,-9
45.83333,-9
45.84167,-9
45.85000,-10
45.85833,-10
45.86667,-10
45.87500,-10
45.88333,-10
45.89167,-10
45.90000,-10
45.90833,-10
45.91667,-10
45.92500,-10
45.93333,-10
45.94167,-11
45.95000,-11
45.95833,-11
45.96667,-11
45.97500,-12
45.98333,-12
45.99167,-12
46.00000,-12
46.00833,-12
46.01667,-13
46.02500,-13
46.03333,-13
46.04167,-13
46.05000,-13
46.05833,-14
46.06667,-14
46.07500,-14
46.08333,-14
46.09167,-14
46.10000,-14
46.10833,-15
46.11667,-15
46.12500,-16
46.13333,-16
46.14167,-16
46.15000,-16
46.15833,-16
46.16667,-16
46.17500,-16
46.18333,-17
46.19167,-17
46.20000,-17
46.20833,-17
46.21667,-18
46.22500,-18
46.23333,-18
46.24167,-18
46.25000,-19
46.25833,-19
46.26667,-19
46.27500,-20
46.28333,-20
46.29167,-20
46.30000,-20
46.30833,-20
46.31667,-21
46.32500,-21
46.33333,-21
46.34167,-22
46.35000,-22
46.35833,-22
46.36667,-22
46.37500,-22
46.38333,-23
46.39167,-23
46.40000,-23
46.40833,-24
46.41667,-24
46.42500,-25
46.43333,-25
46.44167,-26
46.45000,-26
46.45833,-26
46.46667,-26
46.47500,-26
46.48333,-27
46.49167,-27
46.50000,-27
46.50833,-28
46.51667,-28
46.52500,-28
46.53333,-28
46.54167,-28
46.55000,-28
46.55833,-29
46.56667,-29
46.57500,-29
46.58333,-30
46.59167,-30
46.60000,-30
46.60833,-30
46.61667,-31
46.62500,-31
46.63333,-31
46.64167,-31
46.65000,-31
46.65833,-31
46.66667,-32
46.67500,-32
46.68333,-33
46.69167,-33
46.70000,-33
46.70833,-33
46.71667,-33
46.72500,-34
46.73333,-34
46.74167,-34
46.75000,-34
46.75833,-34
46.76667,-34
46.77500,-34
46.78333,-35
46.79167,-35
46.80000,-35
46.80833,-35
46.81667,-35
46.82500,-35
46.83333,-35
46.84167,-36
46.85000,-36
46.85833,-36
46.86667,-36
46.87500,-37
46.88333,-37
46.89167,-37
46.90000,-38
46.90833,-38
46.91667,-38
46.92500,-38
46.93333,-37
46.94167,-37
46.95000,-37
46.95833,-37
46.96667,-37
46.97500,-37
46.98333,-37
46.99167,-37
47.00000,-38
47.00833,-38
47.01667,-38
47.02500,-38
47.03333,-38
47.04167,-38
47.05000,-38
47.05833,-37
47.06667,-37
47.07500,-37
47.08333,-37
47.09167,-37
47.10000,-37
47.10833,-37
47.11667,-37
47.12500,-37
47.13333,-36
47.14167,-36
47.15000,-36
47.15833,-36
47.16667,-35
47.17500,-35
47.18333,-35
47.19167,-35
47.20000,-35
47.20833,-35
47.21667,-35
47.22500,-35
47.23333,-35
47.24167,-34
47.25000,-34
47.25833,-33
47.26667,-33
47.27500,-33
47.28333,-32
47.29167,-32
47.30000,-31
47.30833,-30
47.31667,-30
47.32500,-29
47.33333,-29
47.34167,-29
47.35000,-28
47.35833,-28
47.36667,-27
47.37500,-27
47.38333,-26
47.39167,-25
47.40000,-24
47.40833,-24
47.41667,-23
47.42500,-22
47.43333,-21
47.44167,-21
47.45000,-20
47.45833,-20
47.46667,-19
47.47500,-18
47.48333,-18
47.49167,-17
47.50000,-16
47.50833,-15
47.51667,-15
47.52500,-14
47.53333,-13
47.54167,-12
47.55000,-11
47.55833,-11
47.56667,-10
47.57500,-9
47.58333,-9
47.59167,-8
47.60000,-7
47.60833,-6
47.61667,-6
47.62500,-5
47.63333,-3
47.64167,-2
47.65000,-2
47.65833,-1
47.66667,-0
47.67500,0
47.68333,1
47.69167,2
47.70000,3
47.70833,4
47.71667,5
47.72500,6
47.73333,6
47.74167,7
47.75000,8
47.75833,9
47.76667,10
47.77500,11
47.78333,12
47.79167,12
47.80000,13
47.80833,14
47.81667,15
47.82500,15
47.83333,16
47.84167,17
47.85000,18
47.85833,19
47.86667,19
47.87500,20
47.88333,21
47.89167,22
47.90000,23
47.90833,23
47.91667,24
47.92500,24
47.93333,25
47.94167,25
47.95000,25
47.95833,26
47.96667,26
47.97500,27
47.98333,27
47.99167,27
48.00000,28
48.00833,28
48.01667,29
48.02500,30
48.03333,30
48.04167,31
48.05000,31
48.05833,32
48.06667,32
48.07500,32
48.08333,33
48.09167,33
48.10000,34
48.10833,34
48.11667,35
48.12500,36
48.13333,36
48.14167,36
48.15000,37
48.15833,37
48.16667,38
48.17500,38
48.18333,38
48.19167,39
48.20000,39
48.20833,39
48.21667,39
48.22500,40
48.23333,40
48.24167,40
48.25000,40
48.25833,41
48.26667,41
48.27500,41
48.28333,42
48.29167,42
48.30000,42
48.30833,42
48.31667,42
48.32500,42
48.33333,42
48.34167,43
48.35000,43
48.35833,43
48.36667,43
48.37500,43
48.38333,43
48.39167,43
48.40000,43
48.40833,44
48.41667,44
48.42500,44
48.43333,44
48.44167,44
48.45000,44
48.45833,44
48.46667,45
48.47500,45
48.48333,45
48.49167,45
48.50000,45
48.50833,45
48.51667,45
48.52500,45
48.53333,45
48.54167,44
48.55000,44
48.55833,44
48.56667,44
48.57500,44
48.58333,45
48.59167,45
48.60000,44
48.60833,44
48.61667,45
48.62500,45
48.63333,45
48.64167,45
48.65000,45
48.65833,45
48.66667,45
48.67500,45
48.68333,45
48.69167,45
48.70000,45
48.70833,45
48.71667,45
48.72500,45
48.73333,45
48.74167,45
48.75000,45
48.75833,46
48.76667,46
48.77500,46
48.78333,45
48.79167,46
48.80000,45
48.80833,45
48.81667,45
48.82500,45
48.83333,45
48.84167,45
48.85000,45
48.85833,45
48.86667,46
48.87500,45
48.88333,45
48.89167,45
48.90000,46
48.90833,46
48.91667,47
48.92500,47
48.93333,47
48.94167,47
48.95000,47
48.95833,48
48.96667,48
48.97500,47
48.98333,47
48.99167,47
49.00000,46
49.00833,46
49.01667,46
49.02500,46
49.03333,46
49.04167,46
49.05000,46
49.05833,46
49.06667,46
49.07500,46
49.08333,46
49.09167,47
49.10000,47
49.10833,47
49.11667,46
49.12500,47
49.13333,47
49.14167,47
49.15000,47
49.15833,46
49.16667,46
49.17500,46
49.18333,46
49.19167,47
49.20000,47
49.20833,47
49.21667,47
49.22500,47
49.23333,47
49.24167,47
49.25000,46
49.25833,46
49.26667,46
49.27500,46
49.28333,46
49.29167,45
49.30000,45
49.30833,46
49.31667,45
49.32500,45
49.33333,45
49.34167,45
49.35000,46
49.35833,45
49.36667,45
49.37500,44
49.38333,44
49.39167,43
49.40000,43
49.40833,43
49.41667,42
49.42500,42
49.43333,42
49.44167,43
49.45000,43
49.45833,43
49.46667,42
49.47500,42
49.48333,42
49.49167,42
49.50000,42
49.50833,42
49.51667,41
49.52500,40
49.53333,40
49.54167,40
49.55000,40
49.55833,39
49.56667,39
49.57500,40
49.58333,39
49.59167,39
49.60000,39
49.60833,38
49.61667,38
49.62500,38
49.63333,37
49.64167,37
49.65000,36
49.65833,35
49.66667,34
49.67500,33
49.68333,33
49.69167,33
49.70000,33
49.70833,32
49.71667,32
49.72500,31
49.73333,31
49.74167,30
49.75000,30
49.75833,30
49.76667,29
49.77500,29
49.78333,28
49.79167,28
49.80000,27
49.80833,27
49.81667,26
49.82500,26
49.83333,25
49.84167,25
49.85000,24
49.85833,23
49.86667,23
49.87500,22
49.88333,21
49.89167,21
49.90000,20
49.90833,19
49.91667,19
49.92500,18
49.93333,17
49.94167,16
49.95000,15
49.95833,14
49.96667,14
49.97500,13
49.98333,13
49.99167,12
50.00000,11

