[Header]
Application Name,LabSolutions
Version,5.97 SP1
Data File Name,C:\Users\cremerlab\Desktop\Richa\Oct_17th_2022_yield_expt\Oct 17th 2022 yield expt_10172022_001_002.lcd
Output Date,10/17/2022
Output Time,7:35:52 PM

[File Information]
Type,Data File
Generated,10/17/2022 6:45:32 PM
Generated by,System Administrator
Modified,10/17/2022 7:35:52 PM
Modified by,System Administrator

[Sample Information]
Operator Name,System Administrator
Acquired,10/17/2022 6:45:51 PM
Sample Type,0:Unknown
Level,0
Sample Name,101822_NCM_Trp_1
Sample ID,001
ISTD Amount1,1
ISTD Amount2,1
ISTD Amount3,1
ISTD Amount4,1
ISTD Amount5,1
ISTD Amount6,1
ISTD Amount7,1
ISTD Amount8,1
ISTD Amount9,1
ISTD Amount10,1
ISTD Amount11,1
ISTD Amount12,1
ISTD Amount13,1
ISTD Amount14,1
ISTD Amount15,1
ISTD Amount16,1
ISTD Amount17,1
ISTD Amount18,1
ISTD Amount19,1
ISTD Amount20,1
ISTD Amount21,1
ISTD Amount22,1
ISTD Amount23,1
ISTD Amount24,1
ISTD Amount25,1
ISTD Amount26,1
ISTD Amount27,1
ISTD Amount28,1
ISTD Amount29,1
ISTD Amount30,1
ISTD Amount31,1
ISTD Amount32,1
Sample Amount,1
Dilution Factor,1
Vial#,1
Injection Volume,20

[Original Files]
Data File,C:\Users\cremerlab\Desktop\Richa\Oct_17th_2022_yield_expt\Oct 17th 2022 yield expt_10172022_001_002.lcd
Method File,C:\Users\cremerlab\Desktop\Richa\acetate_excretion.lcm
Batch File,C:\Users\cremerlab\Desktop\Richa\Oct_17th_2022_yield_expt\Oct 17th 2022 yield expt.lcb
Report Format File,c:\LabSolutions\System\DEFAULT.lsr

[File Description]


[Configuration]
Instrument Name,HPLC-PC-Instrument1
Instrument #,1
Line #,1
# of Detectors,2
Detector ID,Detector A,Detector B
Detector Name,Detector A,Detector B
# of Channels,1,1

[Peak Table(Detector A)]
# of Peaks,0

[Peak Table(Detector B)]
# of Peaks,11
Peak#,R.Time,I.Time,F.Time,Area,Height,A/H,Conc.,Mark,ID#,Name,k',Plate #,Plate Ht.,Tailing,Resolution,Sep.Factor,Area Ratio,Height Ratio,Conc. %,Norm Conc.
1,11.034,10.267,12.358,2294543,116339,19.723,0.000,   ,,,0.000,7454,20.124,0.967,0.000,0.000,0,0,0.000,0.000
2,14.350,12.658,15.200,3583450,76088,47.096,0.000,   ,,,0.301,2462,60.927,0.652,3.976,0.000,0,0,0.000,0.000
3,15.777,15.200,17.217,1523344,52416,29.062,0.000, V ,,,0.430,6941,21.611,1.143,1.490,1.430,0,0,0.000,0.000
4,17.865,17.417,18.408,8067,265,30.403,0.000,   ,,,0.619,7373,20.345,1.076,2.627,1.440,0,0,0.000,0.000
5,19.046,18.467,19.742,10852,277,39.210,0.000,   ,,,0.726,4800,31.250,1.072,1.223,1.173,0,0,0.000,0.000
6,20.290,19.783,20.817,14414,482,29.880,0.000,   ,,,0.839,10263,14.615,1.019,1.310,1.155,0,0,0.000,0.000
7,21.869,21.400,22.500,16394,494,33.212,0.000,   ,,,0.982,10067,14.900,1.127,1.887,1.171,0,0,0.000,0.000
8,23.152,22.567,24.250,18225,361,50.434,0.000,   ,,,1.098,7059,21.250,0.000,1.299,1.118,0,0,0.000,0.000
9,25.087,24.250,26.492,160541,3790,42.363,0.000, V ,,,1.274,8712,17.217,1.130,1.778,1.160,0,0,0.000,0.000
10,29.173,28.308,30.583,143897,2881,49.946,0.000,   ,,,1.644,8597,17.449,1.291,3.501,1.291,0,0,0.000,0.000
11,32.407,31.667,34.225,32949,461,71.472,0.000,   ,,,1.937,6678,22.462,1.675,2.274,1.178,0,0,0.000,0.000

[LC Chromatogram(Detector B-Ch1)]
Interval(msec),500
# of Points,6001
Start Time(min),0.000
End Time(min),50.000
Intensity Units,mV
Intensity Multiplier,0.001
R.Time (min),Intensity
0.00000,-10
0.00833,-10
0.01667,0
0.02500,2
0.03333,2
0.04167,2
0.05000,2
0.05833,2
0.06667,1
0.07500,-0
0.08333,-1
0.09167,-2
0.10000,-3
0.10833,-4
0.11667,-4
0.12500,-5
0.13333,-6
0.14167,-7
0.15000,-8
0.15833,-8
0.16667,-8
0.17500,-9
0.18333,-9
0.19167,-10
0.20000,-11
0.20833,-11
0.21667,-11
0.22500,-11
0.23333,-11
0.24167,-12
0.25000,-12
0.25833,-12
0.26667,-13
0.27500,-13
0.28333,-14
0.29167,-14
0.30000,-15
0.30833,-15
0.31667,-16
0.32500,-16
0.33333,-17
0.34167,-17
0.35000,-17
0.35833,-17
0.36667,-18
0.37500,-18
0.38333,-18
0.39167,-18
0.40000,-18
0.40833,-18
0.41667,-19
0.42500,-19
0.43333,-19
0.44167,-19
0.45000,-20
0.45833,-20
0.46667,-20
0.47500,-20
0.48333,-20
0.49167,-21
0.50000,-21
0.50833,-21
0.51667,-20
0.52500,-21
0.53333,-21
0.54167,-21
0.55000,-21
0.55833,-22
0.56667,-22
0.57500,-23
0.58333,-23
0.59167,-23
0.60000,-23
0.60833,-23
0.61667,-23
0.62500,-24
0.63333,-24
0.64167,-24
0.65000,-24
0.65833,-24
0.66667,-24
0.67500,-25
0.68333,-25
0.69167,-25
0.70000,-25
0.70833,-25
0.71667,-25
0.72500,-26
0.73333,-26
0.74167,-26
0.75000,-26
0.75833,-26
0.76667,-26
0.77500,-25
0.78333,-25
0.79167,-25
0.80000,-25
0.80833,-25
0.81667,-25
0.82500,-26
0.83333,-26
0.84167,-26
0.85000,-26
0.85833,-26
0.86667,-26
0.87500,-27
0.88333,-27
0.89167,-27
0.90000,-27
0.90833,-26
0.91667,-26
0.92500,-26
0.93333,-26
0.94167,-26
0.95000,-26
0.95833,-26
0.96667,-27
0.97500,-27
0.98333,-27
0.99167,-27
1.00000,-28
1.00833,-28
1.01667,-27
1.02500,-27
1.03333,-27
1.04167,-28
1.05000,-28
1.05833,-28
1.06667,-28
1.07500,-28
1.08333,-28
1.09167,-27
1.10000,-28
1.10833,-28
1.11667,-28
1.12500,-28
1.13333,-28
1.14167,-28
1.15000,-28
1.15833,-28
1.16667,-28
1.17500,-28
1.18333,-28
1.19167,-29
1.20000,-29
1.20833,-29
1.21667,-29
1.22500,-29
1.23333,-29
1.24167,-30
1.25000,-30
1.25833,-30
1.26667,-30
1.27500,-30
1.28333,-30
1.29167,-30
1.30000,-30
1.30833,-30
1.31667,-30
1.32500,-30
1.33333,-31
1.34167,-31
1.35000,-31
1.35833,-31
1.36667,-31
1.37500,-31
1.38333,-31
1.39167,-31
1.40000,-31
1.40833,-32
1.41667,-32
1.42500,-33
1.43333,-33
1.44167,-33
1.45000,-33
1.45833,-33
1.46667,-33
1.47500,-33
1.48333,-33
1.49167,-32
1.50000,-33
1.50833,-33
1.51667,-33
1.52500,-33
1.53333,-33
1.54167,-33
1.55000,-33
1.55833,-34
1.56667,-34
1.57500,-35
1.58333,-35
1.59167,-35
1.60000,-35
1.60833,-35
1.61667,-35
1.62500,-35
1.63333,-35
1.64167,-35
1.65000,-35
1.65833,-35
1.66667,-35
1.67500,-36
1.68333,-36
1.69167,-36
1.70000,-36
1.70833,-36
1.71667,-36
1.72500,-36
1.73333,-36
1.74167,-36
1.75000,-36
1.75833,-37
1.76667,-37
1.77500,-37
1.78333,-37
1.79167,-37
1.80000,-37
1.80833,-37
1.81667,-38
1.82500,-38
1.83333,-38
1.84167,-38
1.85000,-38
1.85833,-38
1.86667,-38
1.87500,-38
1.88333,-39
1.89167,-39
1.90000,-39
1.90833,-40
1.91667,-40
1.92500,-40
1.93333,-40
1.94167,-40
1.95000,-40
1.95833,-40
1.96667,-40
1.97500,-40
1.98333,-41
1.99167,-41
2.00000,-42
2.00833,-42
2.01667,-43
2.02500,-43
2.03333,-43
2.04167,-43
2.05000,-44
2.05833,-44
2.06667,-44
2.07500,-43
2.08333,-44
2.09167,-44
2.10000,-44
2.10833,-44
2.11667,-44
2.12500,-44
2.13333,-44
2.14167,-45
2.15000,-45
2.15833,-45
2.16667,-46
2.17500,-46
2.18333,-46
2.19167,-46
2.20000,-46
2.20833,-46
2.21667,-46
2.22500,-46
2.23333,-47
2.24167,-47
2.25000,-48
2.25833,-48
2.26667,-48
2.27500,-48
2.28333,-48
2.29167,-49
2.30000,-49
2.30833,-50
2.31667,-50
2.32500,-50
2.33333,-50
2.34167,-50
2.35000,-50
2.35833,-50
2.36667,-51
2.37500,-51
2.38333,-51
2.39167,-52
2.40000,-52
2.40833,-53
2.41667,-53
2.42500,-53
2.43333,-53
2.44167,-53
2.45000,-53
2.45833,-54
2.46667,-54
2.47500,-54
2.48333,-55
2.49167,-55
2.50000,-55
2.50833,-55
2.51667,-55
2.52500,-55
2.53333,-55
2.54167,-55
2.55000,-56
2.55833,-56
2.56667,-56
2.57500,-56
2.58333,-57
2.59167,-57
2.60000,-58
2.60833,-58
2.61667,-58
2.62500,-58
2.63333,-58
2.64167,-58
2.65000,-58
2.65833,-58
2.66667,-58
2.67500,-58
2.68333,-58
2.69167,-59
2.70000,-59
2.70833,-59
2.71667,-59
2.72500,-59
2.73333,-59
2.74167,-59
2.75000,-59
2.75833,-59
2.76667,-60
2.77500,-60
2.78333,-60
2.79167,-60
2.80000,-60
2.80833,-60
2.81667,-60
2.82500,-60
2.83333,-60
2.84167,-61
2.85000,-61
2.85833,-60
2.86667,-60
2.87500,-60
2.88333,-60
2.89167,-60
2.90000,-60
2.90833,-60
2.91667,-60
2.92500,-60
2.93333,-60
2.94167,-60
2.95000,-60
2.95833,-60
2.96667,-60
2.97500,-60
2.98333,-60
2.99167,-60
3.00000,-61
3.00833,-61
3.01667,-61
3.02500,-62
3.03333,-62
3.04167,-62
3.05000,-62
3.05833,-61
3.06667,-62
3.07500,-62
3.08333,-62
3.09167,-63
3.10000,-63
3.10833,-63
3.11667,-63
3.12500,-63
3.13333,-63
3.14167,-64
3.15000,-64
3.15833,-63
3.16667,-63
3.17500,-63
3.18333,-62
3.19167,-62
3.20000,-63
3.20833,-63
3.21667,-63
3.22500,-63
3.23333,-64
3.24167,-64
3.25000,-64
3.25833,-64
3.26667,-64
3.27500,-64
3.28333,-64
3.29167,-64
3.30000,-64
3.30833,-63
3.31667,-63
3.32500,-63
3.33333,-64
3.34167,-64
3.35000,-64
3.35833,-64
3.36667,-64
3.37500,-64
3.38333,-64
3.39167,-64
3.40000,-64
3.40833,-64
3.41667,-64
3.42500,-64
3.43333,-65
3.44167,-65
3.45000,-65
3.45833,-65
3.46667,-65
3.47500,-65
3.48333,-65
3.49167,-65
3.50000,-65
3.50833,-65
3.51667,-65
3.52500,-65
3.53333,-66
3.54167,-66
3.55000,-66
3.55833,-66
3.56667,-66
3.57500,-66
3.58333,-65
3.59167,-65
3.60000,-65
3.60833,-65
3.61667,-65
3.62500,-65
3.63333,-65
3.64167,-66
3.65000,-66
3.65833,-66
3.66667,-65
3.67500,-65
3.68333,-65
3.69167,-65
3.70000,-65
3.70833,-65
3.71667,-65
3.72500,-64
3.73333,-64
3.74167,-64
3.75000,-64
3.75833,-64
3.76667,-64
3.77500,-64
3.78333,-64
3.79167,-64
3.80000,-64
3.80833,-63
3.81667,-63
3.82500,-63
3.83333,-63
3.84167,-63
3.85000,-63
3.85833,-63
3.86667,-63
3.87500,-62
3.88333,-62
3.89167,-62
3.90000,-62
3.90833,-61
3.91667,-61
3.92500,-62
3.93333,-62
3.94167,-62
3.95000,-62
3.95833,-62
3.96667,-62
3.97500,-62
3.98333,-62
3.99167,-62
4.00000,-61
4.00833,-61
4.01667,-61
4.02500,-60
4.03333,-60
4.04167,-60
4.05000,-60
4.05833,-59
4.06667,-59
4.07500,-59
4.08333,-58
4.09167,-58
4.10000,-57
4.10833,-57
4.11667,-57
4.12500,-57
4.13333,-57
4.14167,-57
4.15000,-57
4.15833,-56
4.16667,-56
4.17500,-56
4.18333,-55
4.19167,-55
4.20000,-56
4.20833,-56
4.21667,-55
4.22500,-55
4.23333,-54
4.24167,-53
4.25000,-53
4.25833,-53
4.26667,-53
4.27500,-53
4.28333,-52
4.29167,-52
4.30000,-52
4.30833,-52
4.31667,-52
4.32500,-52
4.33333,-51
4.34167,-51
4.35000,-51
4.35833,-51
4.36667,-51
4.37500,-51
4.38333,-50
4.39167,-49
4.40000,-49
4.40833,-49
4.41667,-48
4.42500,-48
4.43333,-48
4.44167,-48
4.45000,-47
4.45833,-47
4.46667,-47
4.47500,-47
4.48333,-46
4.49167,-46
4.50000,-46
4.50833,-46
4.51667,-46
4.52500,-46
4.53333,-46
4.54167,-46
4.55000,-46
4.55833,-46
4.56667,-47
4.57500,-47
4.58333,-46
4.59167,-46
4.60000,-46
4.60833,-46
4.61667,-46
4.62500,-46
4.63333,-46
4.64167,-46
4.65000,-46
4.65833,-46
4.66667,-45
4.67500,-45
4.68333,-45
4.69167,-45
4.70000,-45
4.70833,-45
4.71667,-45
4.72500,-45
4.73333,-45
4.74167,-45
4.75000,-45
4.75833,-45
4.76667,-45
4.77500,-45
4.78333,-45
4.79167,-45
4.80000,-46
4.80833,-46
4.81667,-46
4.82500,-46
4.83333,-46
4.84167,-46
4.85000,-46
4.85833,-46
4.86667,-46
4.87500,-46
4.88333,-47
4.89167,-47
4.90000,-47
4.90833,-47
4.91667,-47
4.92500,-47
4.93333,-47
4.94167,-47
4.95000,-47
4.95833,-47
4.96667,-48
4.97500,-48
4.98333,-48
4.99167,-49
5.00000,-49
5.00833,-49
5.01667,-49
5.02500,-49
5.03333,-50
5.04167,-50
5.05000,-51
5.05833,-51
5.06667,-51
5.07500,-51
5.08333,-52
5.09167,-52
5.10000,-52
5.10833,-53
5.11667,-53
5.12500,-53
5.13333,-53
5.14167,-54
5.15000,-54
5.15833,-54
5.16667,-54
5.17500,-55
5.18333,-55
5.19167,-55
5.20000,-56
5.20833,-56
5.21667,-56
5.22500,-57
5.23333,-57
5.24167,-57
5.25000,-58
5.25833,-58
5.26667,-58
5.27500,-59
5.28333,-60
5.29167,-60
5.30000,-60
5.30833,-60
5.31667,-60
5.32500,-61
5.33333,-61
5.34167,-61
5.35000,-61
5.35833,-61
5.36667,-61
5.37500,-62
5.38333,-62
5.39167,-62
5.40000,-63
5.40833,-64
5.41667,-64
5.42500,-65
5.43333,-65
5.44167,-65
5.45000,-66
5.45833,-66
5.46667,-66
5.47500,-67
5.48333,-68
5.49167,-69
5.50000,-70
5.50833,-71
5.51667,-71
5.52500,-72
5.53333,-72
5.54167,-72
5.55000,-73
5.55833,-73
5.56667,-73
5.57500,-74
5.58333,-75
5.59167,-75
5.60000,-76
5.60833,-76
5.61667,-76
5.62500,-77
5.63333,-77
5.64167,-78
5.65000,-78
5.65833,-79
5.66667,-79
5.67500,-79
5.68333,-80
5.69167,-80
5.70000,-81
5.70833,-82
5.71667,-82
5.72500,-83
5.73333,-84
5.74167,-84
5.75000,-84
5.75833,-84
5.76667,-85
5.77500,-85
5.78333,-86
5.79167,-86
5.80000,-86
5.80833,-86
5.81667,-87
5.82500,-88
5.83333,-88
5.84167,-89
5.85000,-89
5.85833,-90
5.86667,-91
5.87500,-91
5.88333,-92
5.89167,-93
5.90000,-93
5.90833,-94
5.91667,-94
5.92500,-95
5.93333,-95
5.94167,-95
5.95000,-95
5.95833,-96
5.96667,-96
5.97500,-97
5.98333,-97
5.99167,-97
6.00000,-97
6.00833,-98
6.01667,-98
6.02500,-99
6.03333,-99
6.04167,-99
6.05000,-100
6.05833,-100
6.06667,-100
6.07500,-101
6.08333,-101
6.09167,-102
6.10000,-103
6.10833,-103
6.11667,-103
6.12500,-104
6.13333,-104
6.14167,-104
6.15000,-105
6.15833,-105
6.16667,-105
6.17500,-106
6.18333,-106
6.19167,-106
6.20000,-107
6.20833,-107
6.21667,-107
6.22500,-108
6.23333,-108
6.24167,-108
6.25000,-108
6.25833,-108
6.26667,-109
6.27500,-109
6.28333,-110
6.29167,-110
6.30000,-110
6.30833,-111
6.31667,-111
6.32500,-111
6.33333,-111
6.34167,-111
6.35000,-112
6.35833,-112
6.36667,-112
6.37500,-113
6.38333,-113
6.39167,-113
6.40000,-113
6.40833,-113
6.41667,-113
6.42500,-113
6.43333,-114
6.44167,-114
6.45000,-115
6.45833,-115
6.46667,-116
6.47500,-116
6.48333,-116
6.49167,-116
6.50000,-116
6.50833,-116
6.51667,-116
6.52500,-117
6.53333,-117
6.54167,-116
6.55000,-116
6.55833,-117
6.56667,-117
6.57500,-117
6.58333,-118
6.59167,-118
6.60000,-118
6.60833,-118
6.61667,-118
6.62500,-118
6.63333,-118
6.64167,-118
6.65000,-118
6.65833,-118
6.66667,-119
6.67500,-119
6.68333,-119
6.69167,-119
6.70000,-119
6.70833,-120
6.71667,-120
6.72500,-120
6.73333,-120
6.74167,-121
6.75000,-121
6.75833,-121
6.76667,-121
6.77500,-121
6.78333,-121
6.79167,-121
6.80000,-121
6.80833,-120
6.81667,-120
6.82500,-121
6.83333,-121
6.84167,-122
6.85000,-122
6.85833,-122
6.86667,-123
6.87500,-123
6.88333,-123
6.89167,-123
6.90000,-123
6.90833,-123
6.91667,-123
6.92500,-123
6.93333,-124
6.94167,-124
6.95000,-124
6.95833,-124
6.96667,-124
6.97500,-124
6.98333,-124
6.99167,-124
7.00000,-124
7.00833,-124
7.01667,-124
7.02500,-124
7.03333,-124
7.04167,-124
7.05000,-124
7.05833,-124
7.06667,-124
7.07500,-125
7.08333,-125
7.09167,-125
7.10000,-125
7.10833,-125
7.11667,-124
7.12500,-124
7.13333,-125
7.14167,-125
7.15000,-125
7.15833,-125
7.16667,-126
7.17500,-126
7.18333,-127
7.19167,-127
7.20000,-127
7.20833,-127
7.21667,-127
7.22500,-127
7.23333,-126
7.24167,-126
7.25000,-127
7.25833,-127
7.26667,-127
7.27500,-127
7.28333,-127
7.29167,-127
7.30000,-127
7.30833,-128
7.31667,-128
7.32500,-128
7.33333,-128
7.34167,-128
7.35000,-128
7.35833,-128
7.36667,-128
7.37500,-129
7.38333,-129
7.39167,-129
7.40000,-129
7.40833,-129
7.41667,-129
7.42500,-129
7.43333,-129
7.44167,-129
7.45000,-130
7.45833,-130
7.46667,-130
7.47500,-130
7.48333,-130
7.49167,-130
7.50000,-130
7.50833,-130
7.51667,-130
7.52500,-130
7.53333,-131
7.54167,-131
7.55000,-131
7.55833,-131
7.56667,-131
7.57500,-131
7.58333,-132
7.59167,-132
7.60000,-132
7.60833,-132
7.61667,-132
7.62500,-133
7.63333,-133
7.64167,-133
7.65000,-133
7.65833,-133
7.66667,-133
7.67500,-133
7.68333,-133
7.69167,-133
7.70000,-134
7.70833,-134
7.71667,-134
7.72500,-134
7.73333,-134
7.74167,-134
7.75000,-134
7.75833,-134
7.76667,-134
7.77500,-134
7.78333,-134
7.79167,-134
7.80000,-134
7.80833,-135
7.81667,-135
7.82500,-135
7.83333,-136
7.84167,-136
7.85000,-136
7.85833,-136
7.86667,-137
7.87500,-137
7.88333,-137
7.89167,-138
7.90000,-138
7.90833,-138
7.91667,-138
7.92500,-138
7.93333,-138
7.94167,-138
7.95000,-138
7.95833,-138
7.96667,-138
7.97500,-138
7.98333,-138
7.99167,-139
8.00000,-139
8.00833,-139
8.01667,-139
8.02500,-139
8.03333,-140
8.04167,-140
8.05000,-140
8.05833,-140
8.06667,-140
8.07500,-140
8.08333,-140
8.09167,-140
8.10000,-140
8.10833,-140
8.11667,-140
8.12500,-141
8.13333,-141
8.14167,-141
8.15000,-142
8.15833,-141
8.16667,-142
8.17500,-142
8.18333,-142
8.19167,-141
8.20000,-141
8.20833,-142
8.21667,-141
8.22500,-141
8.23333,-141
8.24167,-142
8.25000,-142
8.25833,-142
8.26667,-142
8.27500,-142
8.28333,-142
8.29167,-142
8.30000,-142
8.30833,-143
8.31667,-143
8.32500,-142
8.33333,-143
8.34167,-143
8.35000,-143
8.35833,-144
8.36667,-144
8.37500,-144
8.38333,-144
8.39167,-145
8.40000,-145
8.40833,-145
8.41667,-145
8.42500,-145
8.43333,-146
8.44167,-146
8.45000,-146
8.45833,-146
8.46667,-146
8.47500,-146
8.48333,-146
8.49167,-146
8.50000,-146
8.50833,-146
8.51667,-146
8.52500,-146
8.53333,-146
8.54167,-146
8.55000,-146
8.55833,-147
8.56667,-147
8.57500,-147
8.58333,-147
8.59167,-147
8.60000,-148
8.60833,-148
8.61667,-148
8.62500,-148
8.63333,-148
8.64167,-148
8.65000,-148
8.65833,-148
8.66667,-148
8.67500,-148
8.68333,-148
8.69167,-148
8.70000,-148
8.70833,-148
8.71667,-149
8.72500,-149
8.73333,-149
8.74167,-150
8.75000,-150
8.75833,-150
8.76667,-150
8.77500,-150
8.78333,-150
8.79167,-151
8.80000,-151
8.80833,-151
8.81667,-151
8.82500,-151
8.83333,-151
8.84167,-151
8.85000,-151
8.85833,-151
8.86667,-152
8.87500,-152
8.88333,-153
8.89167,-153
8.90000,-153
8.90833,-153
8.91667,-153
8.92500,-153
8.93333,-153
8.94167,-153
8.95000,-153
8.95833,-154
8.96667,-154
8.97500,-154
8.98333,-154
8.99167,-154
9.00000,-154
9.00833,-154
9.01667,-154
9.02500,-154
9.03333,-155
9.04167,-155
9.05000,-154
9.05833,-154
9.06667,-154
9.07500,-154
9.08333,-155
9.09167,-155
9.10000,-156
9.10833,-156
9.11667,-156
9.12500,-156
9.13333,-157
9.14167,-157
9.15000,-156
9.15833,-156
9.16667,-156
9.17500,-156
9.18333,-156
9.19167,-156
9.20000,-156
9.20833,-157
9.21667,-157
9.22500,-157
9.23333,-157
9.24167,-157
9.25000,-157
9.25833,-157
9.26667,-158
9.27500,-158
9.28333,-158
9.29167,-158
9.30000,-159
9.30833,-159
9.31667,-159
9.32500,-159
9.33333,-159
9.34167,-160
9.35000,-160
9.35833,-161
9.36667,-160
9.37500,-160
9.38333,-160
9.39167,-160
9.40000,-160
9.40833,-160
9.41667,-160
9.42500,-160
9.43333,-160
9.44167,-160
9.45000,-160
9.45833,-160
9.46667,-160
9.47500,-160
9.48333,-161
9.49167,-161
9.50000,-161
9.50833,-161
9.51667,-161
9.52500,-161
9.53333,-161
9.54167,-161
9.55000,-161
9.55833,-161
9.56667,-162
9.57500,-162
9.58333,-162
9.59167,-162
9.60000,-162
9.60833,-162
9.61667,-162
9.62500,-163
9.63333,-163
9.64167,-163
9.65000,-163
9.65833,-163
9.66667,-163
9.67500,-164
9.68333,-164
9.69167,-164
9.70000,-164
9.70833,-164
9.71667,-164
9.72500,-165
9.73333,-165
9.74167,-165
9.75000,-165
9.75833,-165
9.76667,-165
9.77500,-165
9.78333,-165
9.79167,-166
9.80000,-166
9.80833,-166
9.81667,-166
9.82500,-166
9.83333,-166
9.84167,-166
9.85000,-166
9.85833,-166
9.86667,-166
9.87500,-167
9.88333,-166
9.89167,-166
9.90000,-167
9.90833,-167
9.91667,-167
9.92500,-167
9.93333,-167
9.94167,-167
9.95000,-167
9.95833,-167
9.96667,-167
9.97500,-167
9.98333,-167
9.99167,-168
10.00000,-168
10.00833,-168
10.01667,-168
10.02500,-168
10.03333,-168
10.04167,-168
10.05000,-168
10.05833,-167
10.06667,-167
10.07500,-167
10.08333,-166
10.09167,-166
10.10000,-166
10.10833,-165
10.11667,-165
10.12500,-165
10.13333,-164
10.14167,-164
10.15000,-163
10.15833,-163
10.16667,-162
10.17500,-161
10.18333,-160
10.19167,-159
10.20000,-158
10.20833,-157
10.21667,-156
10.22500,-154
10.23333,-153
10.24167,-151
10.25000,-149
10.25833,-147
10.26667,-145
10.27500,-142
10.28333,-140
10.29167,-137
10.30000,-134
10.30833,-130
10.31667,-125
10.32500,-120
10.33333,-113
10.34167,-105
10.35000,-96
10.35833,-86
10.36667,-74
10.37500,-60
10.38333,-45
10.39167,-29
10.40000,-12
10.40833,6
10.41667,24
10.42500,42
10.43333,60
10.44167,76
10.45000,90
10.45833,102
10.46667,111
10.47500,118
10.48333,122
10.49167,124
10.50000,125
10.50833,126
10.51667,128
10.52500,133
10.53333,146
10.54167,169
10.55000,205
10.55833,260
10.56667,338
10.57500,444
10.58333,584
10.59167,763
10.60000,988
10.60833,1263
10.61667,1596
10.62500,1991
10.63333,2455
10.64167,2993
10.65000,3611
10.65833,4313
10.66667,5104
10.67500,5990
10.68333,6973
10.69167,8059
10.70000,9250
10.70833,10550
10.71667,11961
10.72500,13487
10.73333,15128
10.74167,16887
10.75000,18764
10.75833,20760
10.76667,22876
10.77500,25110
10.78333,27465
10.79167,29938
10.80000,32528
10.80833,35234
10.81667,38053
10.82500,40984
10.83333,44022
10.84167,47166
10.85000,50409
10.85833,53747
10.86667,57173
10.87500,60682
10.88333,64264
10.89167,67910
10.90000,71607
10.90833,75343
10.91667,79101
10.92500,82864
10.93333,86607
10.94167,90307
10.95000,93931
10.95833,97446
10.96667,100813
10.97500,103987
10.98333,106920
10.99167,109559
11.00000,111850
11.00833,113737
11.01667,115162
11.02500,116071
11.03333,116416
11.04167,116155
11.05000,115257
11.05833,113706
11.06667,111501
11.07500,108660
11.08333,105216
11.09167,101223
11.10000,96749
11.10833,91875
11.11667,86693
11.12500,81297
11.13333,75783
11.14167,70245
11.15000,64767
11.15833,59425
11.16667,54284
11.17500,49393
11.18333,44791
11.19167,40502
11.20000,36542
11.20833,32915
11.21667,29618
11.22500,26639
11.23333,23963
11.24167,21572
11.25000,19443
11.25833,17555
11.26667,15885
11.27500,14411
11.28333,13112
11.29167,11969
11.30000,10962
11.30833,10076
11.31667,9294
11.32500,8604
11.33333,7993
11.34167,7452
11.35000,6971
11.35833,6542
11.36667,6157
11.37500,5812
11.38333,5500
11.39167,5217
11.40000,4959
11.40833,4723
11.41667,4507
11.42500,4307
11.43333,4122
11.44167,3950
11.45000,3790
11.45833,3640
11.46667,3498
11.47500,3365
11.48333,3239
11.49167,3120
11.50000,3007
11.50833,2899
11.51667,2797
11.52500,2699
11.53333,2606
11.54167,2517
11.55000,2432
11.55833,2350
11.56667,2271
11.57500,2196
11.58333,2123
11.59167,2054
11.60000,1988
11.60833,1924
11.61667,1863
11.62500,1804
11.63333,1748
11.64167,1694
11.65000,1642
11.65833,1592
11.66667,1544
11.67500,1497
11.68333,1453
11.69167,1410
11.70000,1369
11.70833,1330
11.71667,1292
11.72500,1255
11.73333,1221
11.74167,1187
11.75000,1155
11.75833,1124
11.76667,1094
11.77500,1066
11.78333,1039
11.79167,1014
11.80000,989
11.80833,965
11.81667,942
11.82500,920
11.83333,899
11.84167,879
11.85000,860
11.85833,841
11.86667,823
11.87500,806
11.88333,790
11.89167,775
11.90000,760
11.90833,746
11.91667,732
11.92500,719
11.93333,707
11.94167,695
11.95000,683
11.95833,672
11.96667,661
11.97500,651
11.98333,641
11.99167,631
12.00000,622
12.00833,613
12.01667,604
12.02500,595
12.03333,587
12.04167,580
12.05000,572
12.05833,565
12.06667,559
12.07500,552
12.08333,546
12.09167,541
12.10000,535
12.10833,530
12.11667,524
12.12500,519
12.13333,514
12.14167,510
12.15000,506
12.15833,502
12.16667,498
12.17500,494
12.18333,490
12.19167,487
12.20000,484
12.20833,481
12.21667,479
12.22500,476
12.23333,474
12.24167,472
12.25000,470
12.25833,469
12.26667,467
12.27500,466
12.28333,465
12.29167,464
12.30000,463
12.30833,462
12.31667,461
12.32500,461
12.33333,460
12.34167,460
12.35000,459
12.35833,459
12.36667,459
12.37500,459
12.38333,459
12.39167,459
12.40000,458
12.40833,458
12.41667,457
12.42500,457
12.43333,456
12.44167,455
12.45000,454
12.45833,453
12.46667,452
12.47500,451
12.48333,451
12.49167,449
12.50000,448
12.50833,446
12.51667,445
12.52500,443
12.53333,442
12.54167,440
12.55000,439
12.55833,437
12.56667,435
12.57500,433
12.58333,431
12.59167,429
12.60000,428
12.60833,426
12.61667,424
12.62500,422
12.63333,421
12.64167,420
12.65000,420
12.65833,420
12.66667,420
12.67500,421
12.68333,423
12.69167,426
12.70000,430
12.70833,436
12.71667,443
12.72500,451
12.73333,462
12.74167,475
12.75000,490
12.75833,508
12.76667,529
12.77500,553
12.78333,580
12.79167,611
12.80000,646
12.80833,685
12.81667,728
12.82500,775
12.83333,827
12.84167,884
12.85000,945
12.85833,1012
12.86667,1083
12.87500,1159
12.88333,1240
12.89167,1328
12.90000,1420
12.90833,1518
12.91667,1622
12.92500,1731
12.93333,1846
12.94167,1966
12.95000,2092
12.95833,2224
12.96667,2361
12.97500,2504
12.98333,2653
12.99167,2807
13.00000,2967
13.00833,3132
13.01667,3303
13.02500,3478
13.03333,3659
13.04167,3845
13.05000,4037
13.05833,4234
13.06667,4436
13.07500,4643
13.08333,4855
13.09167,5072
13.10000,5293
13.10833,5519
13.11667,5749
13.12500,5984
13.13333,6223
13.14167,6467
13.15000,6715
13.15833,6966
13.16667,7222
13.17500,7481
13.18333,7745
13.19167,8012
13.20000,8283
13.20833,8557
13.21667,8836
13.22500,9117
13.23333,9402
13.24167,9690
13.25000,9981
13.25833,10275
13.26667,10572
13.27500,10872
13.28333,11175
13.29167,11481
13.30000,11790
13.30833,12102
13.31667,12417
13.32500,12734
13.33333,13055
13.34167,13378
13.35000,13703
13.35833,14032
13.36667,14363
13.37500,14697
13.38333,15033
13.39167,15372
13.40000,15714
13.40833,16058
13.41667,16406
13.42500,16756
13.43333,17108
13.44167,17464
13.45000,17822
13.45833,18183
13.46667,18547
13.47500,18913
13.48333,19282
13.49167,19654
13.50000,20029
13.50833,20406
13.51667,20787
13.52500,21170
13.53333,21557
13.54167,21946
13.55000,22339
13.55833,22735
13.56667,23134
13.57500,23536
13.58333,23941
13.59167,24350
13.60000,24761
13.60833,25176
13.61667,25594
13.62500,26016
13.63333,26440
13.64167,26868
13.65000,27300
13.65833,27734
13.66667,28173
13.67500,28614
13.68333,29060
13.69167,29509
13.70000,29961
13.70833,30417
13.71667,30877
13.72500,31341
13.73333,31809
13.74167,32281
13.75000,32756
13.75833,33235
13.76667,33718
13.77500,34205
13.78333,34696
13.79167,35191
13.80000,35691
13.80833,36194
13.81667,36702
13.82500,37214
13.83333,37731
13.84167,38251
13.85000,38776
13.85833,39306
13.86667,39839
13.87500,40378
13.88333,40921
13.89167,41469
13.90000,42021
13.90833,42579
13.91667,43141
13.92500,43707
13.93333,44279
13.94167,44855
13.95000,45437
13.95833,46024
13.96667,46615
13.97500,47212
13.98333,47814
13.99167,48421
14.00000,49033
14.00833,49651
14.01667,50274
14.02500,50903
14.03333,51537
14.04167,52177
14.05000,52823
14.05833,53475
14.06667,54132
14.07500,54796
14.08333,55465
14.09167,56140
14.10000,56822
14.10833,57509
14.11667,58204
14.12500,58904
14.13333,59611
14.14167,60324
14.15000,61043
14.15833,61770
14.16667,62503
14.17500,63243
14.18333,63990
14.19167,64744
14.20000,65505
14.20833,66273
14.21667,67047
14.22500,67827
14.23333,68611
14.24167,69396
14.25000,70180
14.25833,70957
14.26667,71723
14.27500,72468
14.28333,73184
14.29167,73861
14.30000,74487
14.30833,75049
14.31667,75536
14.32500,75934
14.33333,76233
14.34167,76421
14.35000,76491
14.35833,76434
14.36667,76243
14.37500,75915
14.38333,75447
14.39167,74835
14.40000,74078
14.40833,73174
14.41667,72120
14.42500,70917
14.43333,69561
14.44167,68050
14.45000,66385
14.45833,64564
14.46667,62589
14.47500,60465
14.48333,58197
14.49167,55797
14.50000,53278
14.50833,50658
14.51667,47957
14.52500,45198
14.53333,42407
14.54167,39610
14.55000,36835
14.55833,34107
14.56667,31450
14.57500,28887
14.58333,26436
14.59167,24112
14.60000,21927
14.60833,19888
14.61667,18001
14.62500,16265
14.63333,14679
14.64167,13238
14.65000,11936
14.65833,10765
14.66667,9716
14.67500,8779
14.68333,7947
14.69167,7208
14.70000,6554
14.70833,5976
14.71667,5465
14.72500,5014
14.73333,4615
14.74167,4263
14.75000,3952
14.75833,3677
14.76667,3432
14.77500,3215
14.78333,3022
14.79167,2850
14.80000,2695
14.80833,2556
14.81667,2431
14.82500,2317
14.83333,2214
14.84167,2120
14.85000,2034
14.85833,1955
14.86667,1882
14.87500,1815
14.88333,1753
14.89167,1695
14.90000,1641
14.90833,1590
14.91667,1544
14.92500,1499
14.93333,1458
14.94167,1418
14.95000,1381
14.95833,1345
14.96667,1312
14.97500,1279
14.98333,1249
14.99167,1221
15.00000,1194
15.00833,1168
15.01667,1143
15.02500,1120
15.03333,1098
15.04167,1077
15.05000,1057
15.05833,1039
15.06667,1021
15.07500,1004
15.08333,987
15.09167,972
15.10000,958
15.10833,945
15.11667,932
15.12500,921
15.13333,910
15.14167,901
15.15000,892
15.15833,883
15.16667,876
15.17500,871
15.18333,866
15.19167,864
15.20000,864
15.20833,867
15.21667,872
15.22500,881
15.23333,894
15.24167,913
15.25000,938
15.25833,970
15.26667,1012
15.27500,1063
15.28333,1127
15.29167,1205
15.30000,1299
15.30833,1410
15.31667,1543
15.32500,1700
15.33333,1883
15.34167,2096
15.35000,2342
15.35833,2624
15.36667,2947
15.37500,3313
15.38333,3726
15.39167,4191
15.40000,4709
15.40833,5283
15.41667,5918
15.42500,6615
15.43333,7376
15.44167,8202
15.45000,9097
15.45833,10059
15.46667,11089
15.47500,12185
15.48333,13347
15.49167,14572
15.50000,15858
15.50833,17201
15.51667,18596
15.52500,20038
15.53333,21522
15.54167,23041
15.55000,24589
15.55833,26159
15.56667,27743
15.57500,29333
15.58333,30921
15.59167,32500
15.60000,34062
15.60833,35599
15.61667,37103
15.62500,38567
15.63333,39985
15.64167,41351
15.65000,42658
15.65833,43901
15.66667,45075
15.67500,46177
15.68333,47202
15.69167,48147
15.70000,49010
15.70833,49788
15.71667,50479
15.72500,51081
15.73333,51594
15.74167,52017
15.75000,52350
15.75833,52592
15.76667,52744
15.77500,52806
15.78333,52778
15.79167,52663
15.80000,52459
15.80833,52170
15.81667,51797
15.82500,51340
15.83333,50803
15.84167,50188
15.85000,49498
15.85833,48735
15.86667,47903
15.87500,47005
15.88333,46046
15.89167,45029
15.90000,43958
15.90833,42838
15.91667,41675
15.92500,40472
15.93333,39235
15.94167,37969
15.95000,36680
15.95833,35372
15.96667,34052
15.97500,32726
15.98333,31396
15.99167,30070
16.00000,28751
16.00833,27444
16.01667,26153
16.02500,24883
16.03333,23638
16.04167,22420
16.05000,21233
16.05833,20079
16.06667,18961
16.07500,17881
16.08333,16841
16.09167,15842
16.10000,14884
16.10833,13969
16.11667,13098
16.12500,12269
16.13333,11483
16.14167,10739
16.15000,10036
16.15833,9375
16.16667,8753
16.17500,8169
16.18333,7623
16.19167,7113
16.20000,6638
16.20833,6195
16.21667,5783
16.22500,5401
16.23333,5048
16.24167,4720
16.25000,4418
16.25833,4139
16.26667,3883
16.27500,3646
16.28333,3429
16.29167,3229
16.30000,3046
16.30833,2877
16.31667,2723
16.32500,2581
16.33333,2451
16.34167,2332
16.35000,2222
16.35833,2122
16.36667,2029
16.37500,1943
16.38333,1865
16.39167,1793
16.40000,1727
16.40833,1666
16.41667,1609
16.42500,1557
16.43333,1509
16.44167,1463
16.45000,1421
16.45833,1381
16.46667,1343
16.47500,1308
16.48333,1275
16.49167,1243
16.50000,1213
16.50833,1183
16.51667,1155
16.52500,1129
16.53333,1103
16.54167,1079
16.55000,1054
16.55833,1031
16.56667,1007
16.57500,985
16.58333,963
16.59167,941
16.60000,920
16.60833,899
16.61667,878
16.62500,858
16.63333,838
16.64167,819
16.65000,800
16.65833,782
16.66667,764
16.67500,746
16.68333,729
16.69167,712
16.70000,696
16.70833,679
16.71667,663
16.72500,648
16.73333,634
16.74167,620
16.75000,606
16.75833,594
16.76667,581
16.77500,569
16.78333,558
16.79167,546
16.80000,536
16.80833,525
16.81667,516
16.82500,506
16.83333,498
16.84167,490
16.85000,482
16.85833,475
16.86667,468
16.87500,462
16.88333,456
16.89167,451
16.90000,446
16.90833,441
16.91667,436
16.92500,431
16.93333,427
16.94167,424
16.95000,420
16.95833,417
16.96667,414
16.97500,411
16.98333,409
16.99167,407
17.00000,404
17.00833,402
17.01667,401
17.02500,399
17.03333,397
17.04167,395
17.05000,393
17.05833,392
17.06667,390
17.07500,389
17.08333,388
17.09167,387
17.10000,386
17.10833,385
17.11667,384
17.12500,382
17.13333,382
17.14167,381
17.15000,380
17.15833,379
17.16667,379
17.17500,378
17.18333,377
17.19167,377
17.20000,377
17.20833,376
17.21667,376
17.22500,375
17.23333,375
17.24167,374
17.25000,374
17.25833,373
17.26667,373
17.27500,372
17.28333,371
17.29167,371
17.30000,370
17.30833,370
17.31667,369
17.32500,369
17.33333,369
17.34167,369
17.35000,369
17.35833,368
17.36667,368
17.37500,368
17.38333,368
17.39167,368
17.40000,369
17.40833,370
17.41667,370
17.42500,371
17.43333,373
17.44167,374
17.45000,376
17.45833,378
17.46667,380
17.47500,383
17.48333,386
17.49167,389
17.50000,392
17.50833,396
17.51667,400
17.52500,404
17.53333,408
17.54167,412
17.55000,417
17.55833,421
17.56667,426
17.57500,432
17.58333,437
17.59167,443
17.60000,448
17.60833,454
17.61667,460
17.62500,465
17.63333,471
17.64167,477
17.65000,482
17.65833,488
17.66667,493
17.67500,499
17.68333,505
17.69167,510
17.70000,515
17.70833,520
17.71667,525
17.72500,530
17.73333,535
17.74167,539
17.75000,543
17.75833,547
17.76667,550
17.77500,554
17.78333,557
17.79167,559
17.80000,562
17.80833,564
17.81667,565
17.82500,567
17.83333,568
17.84167,569
17.85000,569
17.85833,570
17.86667,570
17.87500,570
17.88333,569
17.89167,568
17.90000,567
17.90833,565
17.91667,563
17.92500,560
17.93333,557
17.94167,553
17.95000,550
17.95833,546
17.96667,541
17.97500,536
17.98333,531
17.99167,526
18.00000,520
18.00833,514
18.01667,507
18.02500,501
18.03333,494
18.04167,487
18.05000,479
18.05833,472
18.06667,464
18.07500,456
18.08333,448
18.09167,440
18.10000,432
18.10833,425
18.11667,417
18.12500,409
18.13333,401
18.14167,394
18.15000,386
18.15833,378
18.16667,370
18.17500,362
18.18333,355
18.19167,348
18.20000,340
18.20833,333
18.21667,326
18.22500,319
18.23333,313
18.24167,306
18.25000,300
18.25833,294
18.26667,288
18.27500,282
18.28333,277
18.29167,272
18.30000,267
18.30833,262
18.31667,257
18.32500,253
18.33333,249
18.34167,245
18.35000,241
18.35833,237
18.36667,234
18.37500,232
18.38333,229
18.39167,228
18.40000,226
18.40833,224
18.41667,223
18.42500,222
18.43333,222
18.44167,222
18.45000,222
18.45833,222
18.46667,222
18.47500,222
18.48333,223
18.49167,224
18.50000,225
18.50833,227
18.51667,229
18.52500,231
18.53333,233
18.54167,235
18.55000,238
18.55833,241
18.56667,244
18.57500,247
18.58333,250
18.59167,254
18.60000,258
18.60833,262
18.61667,265
18.62500,269
18.63333,272
18.64167,276
18.65000,280
18.65833,284
18.66667,288
18.67500,293
18.68333,298
18.69167,302
18.70000,307
18.70833,312
18.71667,317
18.72500,322
18.73333,327
18.74167,332
18.75000,337
18.75833,342
18.76667,347
18.77500,352
18.78333,357
18.79167,362
18.80000,367
18.80833,372
18.81667,376
18.82500,381
18.83333,385
18.84167,390
18.85000,394
18.85833,398
18.86667,403
18.87500,407
18.88333,411
18.89167,415
18.90000,418
18.90833,422
18.91667,425
18.92500,428
18.93333,432
18.94167,435
18.95000,438
18.95833,440
18.96667,442
18.97500,444
18.98333,446
18.99167,448
19.00000,450
19.00833,451
19.01667,453
19.02500,454
19.03333,455
19.04167,456
19.05000,456
19.05833,456
19.06667,455
19.07500,455
19.08333,454
19.09167,453
19.10000,452
19.10833,450
19.11667,449
19.12500,447
19.13333,445
19.14167,443
19.15000,441
19.15833,438
19.16667,435
19.17500,432
19.18333,429
19.19167,425
19.20000,422
19.20833,418
19.21667,414
19.22500,410
19.23333,406
19.24167,401
19.25000,397
19.25833,392
19.26667,387
19.27500,382
19.28333,376
19.29167,371
19.30000,365
19.30833,360
19.31667,354
19.32500,349
19.33333,343
19.34167,337
19.35000,332
19.35833,326
19.36667,321
19.37500,315
19.38333,309
19.39167,302
19.40000,296
19.40833,290
19.41667,284
19.42500,278
19.43333,272
19.44167,266
19.45000,260
19.45833,255
19.46667,249
19.47500,244
19.48333,238
19.49167,233
19.50000,227
19.50833,221
19.51667,216
19.52500,211
19.53333,206
19.54167,201
19.55000,195
19.55833,191
19.56667,186
19.57500,181
19.58333,177
19.59167,172
19.60000,168
19.60833,164
19.61667,159
19.62500,155
19.63333,152
19.64167,148
19.65000,145
19.65833,142
19.66667,140
19.67500,137
19.68333,135
19.69167,133
19.70000,132
19.70833,130
19.71667,129
19.72500,128
19.73333,128
19.74167,128
19.75000,128
19.75833,128
19.76667,129
19.77500,130
19.78333,132
19.79167,134
19.80000,136
19.80833,139
19.81667,143
19.82500,148
19.83333,153
19.84167,159
19.85000,165
19.85833,172
19.86667,179
19.87500,187
19.88333,195
19.89167,204
19.90000,214
19.90833,224
19.91667,235
19.92500,246
19.93333,258
19.94167,270
19.95000,283
19.95833,296
19.96667,309
19.97500,323
19.98333,337
19.99167,352
20.00000,367
20.00833,381
20.01667,396
20.02500,412
20.03333,427
20.04167,442
20.05000,457
20.05833,472
20.06667,487
20.07500,503
20.08333,517
20.09167,532
20.10000,546
20.10833,560
20.11667,574
20.12500,586
20.13333,599
20.14167,611
20.15000,622
20.15833,632
20.16667,642
20.17500,652
20.18333,661
20.19167,669
20.20000,677
20.20833,684
20.21667,690
20.22500,696
20.23333,701
20.24167,705
20.25000,709
20.25833,712
20.26667,713
20.27500,715
20.28333,716
20.29167,716
20.30000,716
20.30833,714
20.31667,712
20.32500,709
20.33333,706
20.34167,702
20.35000,697
20.35833,692
20.36667,687
20.37500,681
20.38333,674
20.39167,667
20.40000,659
20.40833,651
20.41667,643
20.42500,634
20.43333,624
20.44167,615
20.45000,605
20.45833,595
20.46667,585
20.47500,575
20.48333,564
20.49167,554
20.50000,543
20.50833,533
20.51667,522
20.52500,511
20.53333,501
20.54167,491
20.55000,481
20.55833,471
20.56667,462
20.57500,453
20.58333,444
20.59167,436
20.60000,428
20.60833,420
20.61667,412
20.62500,405
20.63333,398
20.64167,392
20.65000,386
20.65833,380
20.66667,375
20.67500,371
20.68333,366
20.69167,363
20.70000,359
20.70833,356
20.71667,354
20.72500,351
20.73333,349
20.74167,348
20.75000,346
20.75833,344
20.76667,343
20.77500,342
20.78333,341
20.79167,340
20.80000,340
20.80833,340
20.81667,339
20.82500,339
20.83333,339
20.84167,338
20.85000,338
20.85833,338
20.86667,338
20.87500,338
20.88333,338
20.89167,337
20.90000,337
20.90833,336
20.91667,336
20.92500,336
20.93333,336
20.94167,335
20.95000,335
20.95833,334
20.96667,333
20.97500,333
20.98333,331
20.99167,330
21.00000,329
21.00833,327
21.01667,326
21.02500,324
21.03333,322
21.04167,320
21.05000,318
21.05833,316
21.06667,314
21.07500,312
21.08333,310
21.09167,307
21.10000,305
21.10833,302
21.11667,299
21.12500,296
21.13333,293
21.14167,290
21.15000,287
21.15833,284
21.16667,281
21.17500,278
21.18333,274
21.19167,271
21.20000,268
21.20833,264
21.21667,261
21.22500,258
21.23333,255
21.24167,252
21.25000,249
21.25833,246
21.26667,244
21.27500,241
21.28333,239
21.29167,236
21.30000,234
21.30833,231
21.31667,229
21.32500,227
21.33333,225
21.34167,224
21.35000,223
21.35833,222
21.36667,221
21.37500,220
21.38333,220
21.39167,219
21.40000,219
21.40833,220
21.41667,221
21.42500,223
21.43333,224
21.44167,226
21.45000,229
21.45833,232
21.46667,236
21.47500,240
21.48333,244
21.49167,250
21.50000,255
21.50833,261
21.51667,267
21.52500,274
21.53333,281
21.54167,289
21.55000,297
21.55833,306
21.56667,315
21.57500,325
21.58333,335
21.59167,345
21.60000,355
21.60833,365
21.61667,376
21.62500,387
21.63333,398
21.64167,410
21.65000,421
21.65833,432
21.66667,442
21.67500,453
21.68333,463
21.69167,473
21.70000,483
21.70833,492
21.71667,502
21.72500,510
21.73333,519
21.74167,527
21.75000,535
21.75833,542
21.76667,548
21.77500,554
21.78333,559
21.79167,564
21.80000,569
21.80833,573
21.81667,576
21.82500,579
21.83333,582
21.84167,584
21.85000,586
21.85833,586
21.86667,587
21.87500,587
21.88333,586
21.89167,585
21.90000,584
21.90833,582
21.91667,580
21.92500,577
21.93333,574
21.94167,571
21.95000,566
21.95833,562
21.96667,557
21.97500,551
21.98333,545
21.99167,538
22.00000,531
22.00833,523
22.01667,514
22.02500,506
22.03333,496
22.04167,486
22.05000,476
22.05833,465
22.06667,453
22.07500,441
22.08333,429
22.09167,416
22.10000,403
22.10833,390
22.11667,377
22.12500,363
22.13333,349
22.14167,335
22.15000,321
22.15833,306
22.16667,291
22.17500,277
22.18333,262
22.19167,247
22.20000,233
22.20833,218
22.21667,203
22.22500,189
22.23333,175
22.24167,161
22.25000,148
22.25833,134
22.26667,121
22.27500,108
22.28333,96
22.29167,85
22.30000,74
22.30833,63
22.31667,52
22.32500,43
22.33333,33
22.34167,24
22.35000,15
22.35833,6
22.36667,-2
22.37500,-9
22.38333,-16
22.39167,-23
22.40000,-29
22.40833,-35
22.41667,-41
22.42500,-46
22.43333,-51
22.44167,-55
22.45000,-59
22.45833,-63
22.46667,-66
22.47500,-69
22.48333,-71
22.49167,-74
22.50000,-76
22.50833,-79
22.51667,-80
22.52500,-81
22.53333,-82
22.54167,-83
22.55000,-83
22.55833,-83
22.56667,-83
22.57500,-82
22.58333,-81
22.59167,-80
22.60000,-79
22.60833,-77
22.61667,-75
22.62500,-73
22.63333,-71
22.64167,-68
22.65000,-65
22.65833,-61
22.66667,-58
22.67500,-53
22.68333,-49
22.69167,-44
22.70000,-40
22.70833,-35
22.71667,-29
22.72500,-24
22.73333,-18
22.74167,-12
22.75000,-6
22.75833,0
22.76667,6
22.77500,13
22.78333,19
22.79167,27
22.80000,34
22.80833,42
22.81667,50
22.82500,57
22.83333,65
22.84167,73
22.85000,80
22.85833,88
22.86667,95
22.87500,103
22.88333,111
22.89167,118
22.90000,125
22.90833,132
22.91667,139
22.92500,146
22.93333,153
22.94167,159
22.95000,166
22.95833,172
22.96667,178
22.97500,184
22.98333,190
22.99167,195
23.00000,200
23.00833,205
23.01667,210
23.02500,215
23.03333,219
23.04167,223
23.05000,227
23.05833,230
23.06667,233
23.07500,236
23.08333,238
23.09167,241
23.10000,242
23.10833,244
23.11667,246
23.12500,247
23.13333,248
23.14167,248
23.15000,249
23.15833,248
23.16667,248
23.17500,247
23.18333,245
23.19167,243
23.20000,241
23.20833,239
23.21667,236
23.22500,233
23.23333,230
23.24167,227
23.25000,223
23.25833,219
23.26667,215
23.27500,211
23.28333,206
23.29167,201
23.30000,195
23.30833,190
23.31667,184
23.32500,178
23.33333,172
23.34167,166
23.35000,160
23.35833,155
23.36667,149
23.37500,143
23.38333,137
23.39167,131
23.40000,125
23.40833,118
23.41667,112
23.42500,106
23.43333,100
23.44167,95
23.45000,90
23.45833,84
23.46667,79
23.47500,74
23.48333,69
23.49167,64
23.50000,60
23.50833,55
23.51667,51
23.52500,47
23.53333,43
23.54167,40
23.55000,36
23.55833,33
23.56667,29
23.57500,26
23.58333,23
23.59167,20
23.60000,17
23.60833,14
23.61667,11
23.62500,9
23.63333,7
23.64167,5
23.65000,3
23.65833,1
23.66667,-1
23.67500,-2
23.68333,-3
23.69167,-4
23.70000,-6
23.70833,-7
23.71667,-8
23.72500,-9
23.73333,-11
23.74167,-12
23.75000,-13
23.75833,-14
23.76667,-15
23.77500,-16
23.78333,-17
23.79167,-18
23.80000,-19
23.80833,-20
23.81667,-21
23.82500,-22
23.83333,-23
23.84167,-24
23.85000,-25
23.85833,-26
23.86667,-27
23.87500,-28
23.88333,-30
23.89167,-31
23.90000,-32
23.90833,-33
23.91667,-34
23.92500,-35
23.93333,-35
23.94167,-36
23.95000,-37
23.95833,-38
23.96667,-40
23.97500,-41
23.98333,-42
23.99167,-44
24.00000,-45
24.00833,-45
24.01667,-46
24.02500,-47
24.03333,-48
24.04167,-49
24.05000,-50
24.05833,-51
24.06667,-52
24.07500,-53
24.08333,-54
24.09167,-55
24.10000,-56
24.10833,-57
24.11667,-58
24.12500,-58
24.13333,-59
24.14167,-60
24.15000,-61
24.15833,-62
24.16667,-63
24.17500,-64
24.18333,-64
24.19167,-64
24.20000,-65
24.20833,-66
24.21667,-66
24.22500,-67
24.23333,-67
24.24167,-68
24.25000,-68
24.25833,-68
24.26667,-68
24.27500,-68
24.28333,-68
24.29167,-68
24.30000,-68
24.30833,-68
24.31667,-67
24.32500,-66
24.33333,-65
24.34167,-63
24.35000,-62
24.35833,-60
24.36667,-57
24.37500,-54
24.38333,-50
24.39167,-46
24.40000,-41
24.40833,-36
24.41667,-30
24.42500,-23
24.43333,-15
24.44167,-5
24.45000,5
24.45833,16
24.46667,28
24.47500,42
24.48333,57
24.49167,74
24.50000,93
24.50833,113
24.51667,136
24.52500,160
24.53333,186
24.54167,214
24.55000,245
24.55833,277
24.56667,313
24.57500,350
24.58333,390
24.59167,433
24.60000,477
24.60833,525
24.61667,575
24.62500,628
24.63333,683
24.64167,740
24.65000,799
24.65833,860
24.66667,924
24.67500,989
24.68333,1057
24.69167,1126
24.70000,1197
24.70833,1270
24.71667,1343
24.72500,1418
24.73333,1494
24.74167,1571
24.75000,1648
24.75833,1725
24.76667,1803
24.77500,1881
24.78333,1958
24.79167,2034
24.80000,2110
24.80833,2185
24.81667,2259
24.82500,2332
24.83333,2404
24.84167,2474
24.85000,2543
24.85833,2611
24.86667,2676
24.87500,2740
24.88333,2802
24.89167,2861
24.90000,2918
24.90833,2973
24.91667,3025
24.92500,3076
24.93333,3124
24.94167,3170
24.95000,3214
24.95833,3255
24.96667,3293
24.97500,3330
24.98333,3364
24.99167,3395
25.00000,3425
25.00833,3452
25.01667,3476
25.02500,3498
25.03333,3517
25.04167,3534
25.05000,3548
25.05833,3559
25.06667,3568
25.07500,3574
25.08333,3577
25.09167,3576
25.10000,3573
25.10833,3567
25.11667,3558
25.12500,3547
25.13333,3532
25.14167,3514
25.15000,3493
25.15833,3469
25.16667,3442
25.17500,3412
25.18333,3378
25.19167,3341
25.20000,3302
25.20833,3259
25.21667,3214
25.22500,3166
25.23333,3116
25.24167,3063
25.25000,3007
25.25833,2949
25.26667,2888
25.27500,2826
25.28333,2761
25.29167,2695
25.30000,2627
25.30833,2558
25.31667,2487
25.32500,2416
25.33333,2343
25.34167,2270
25.35000,2197
25.35833,2123
25.36667,2050
25.37500,1976
25.38333,1903
25.39167,1830
25.40000,1757
25.40833,1685
25.41667,1614
25.42500,1544
25.43333,1475
25.44167,1408
25.45000,1341
25.45833,1277
25.46667,1213
25.47500,1152
25.48333,1092
25.49167,1034
25.50000,978
25.50833,923
25.51667,870
25.52500,819
25.53333,771
25.54167,724
25.55000,679
25.55833,636
25.56667,595
25.57500,556
25.58333,519
25.59167,483
25.60000,449
25.60833,417
25.61667,386
25.62500,357
25.63333,330
25.64167,303
25.65000,279
25.65833,256
25.66667,234
25.67500,213
25.68333,193
25.69167,174
25.70000,156
25.70833,140
25.71667,124
25.72500,110
25.73333,96
25.74167,82
25.75000,70
25.75833,58
25.76667,47
25.77500,37
25.78333,27
25.79167,18
25.80000,9
25.80833,1
25.81667,-8
25.82500,-16
25.83333,-24
25.84167,-31
25.85000,-38
25.85833,-45
25.86667,-51
25.87500,-57
25.88333,-64
25.89167,-69
25.90000,-75
25.90833,-81
25.91667,-87
25.92500,-93
25.93333,-98
25.94167,-103
25.95000,-109
25.95833,-114
25.96667,-119
25.97500,-123
25.98333,-129
25.99167,-134
26.00000,-138
26.00833,-143
26.01667,-148
26.02500,-153
26.03333,-158
26.04167,-163
26.05000,-167
26.05833,-172
26.06667,-177
26.07500,-181
26.08333,-185
26.09167,-189
26.10000,-193
26.10833,-197
26.11667,-201
26.12500,-204
26.13333,-208
26.14167,-212
26.15000,-215
26.15833,-219
26.16667,-222
26.17500,-225
26.18333,-228
26.19167,-232
26.20000,-235
26.20833,-238
26.21667,-241
26.22500,-244
26.23333,-246
26.24167,-249
26.25000,-251
26.25833,-254
26.26667,-256
26.27500,-258
26.28333,-260
26.29167,-263
26.30000,-265
26.30833,-267
26.31667,-268
26.32500,-270
26.33333,-271
26.34167,-272
26.35000,-273
26.35833,-274
26.36667,-275
26.37500,-276
26.38333,-277
26.39167,-279
26.40000,-280
26.40833,-281
26.41667,-281
26.42500,-282
26.43333,-283
26.44167,-283
26.45000,-284
26.45833,-284
26.46667,-285
26.47500,-285
26.48333,-285
26.49167,-286
26.50000,-286
26.50833,-286
26.51667,-287
26.52500,-287
26.53333,-287
26.54167,-287
26.55000,-288
26.55833,-288
26.56667,-287
26.57500,-287
26.58333,-287
26.59167,-287
26.60000,-287
26.60833,-287
26.61667,-287
26.62500,-287
26.63333,-287
26.64167,-287
26.65000,-288
26.65833,-288
26.66667,-288
26.67500,-289
26.68333,-289
26.69167,-289
26.70000,-289
26.70833,-289
26.71667,-288
26.72500,-288
26.73333,-288
26.74167,-288
26.75000,-288
26.75833,-287
26.76667,-287
26.77500,-288
26.78333,-288
26.79167,-288
26.80000,-288
26.80833,-288
26.81667,-288
26.82500,-288
26.83333,-288
26.84167,-288
26.85000,-288
26.85833,-288
26.86667,-287
26.87500,-287
26.88333,-287
26.89167,-287
26.90000,-287
26.90833,-288
26.91667,-288
26.92500,-288
26.93333,-288
26.94167,-288
26.95000,-288
26.95833,-288
26.96667,-288
26.97500,-288
26.98333,-288
26.99167,-288
27.00000,-288
27.00833,-288
27.01667,-288
27.02500,-288
27.03333,-288
27.04167,-289
27.05000,-288
27.05833,-288
27.06667,-289
27.07500,-289
27.08333,-289
27.09167,-289
27.10000,-289
27.10833,-289
27.11667,-289
27.12500,-289
27.13333,-289
27.14167,-289
27.15000,-289
27.15833,-289
27.16667,-289
27.17500,-289
27.18333,-289
27.19167,-289
27.20000,-290
27.20833,-290
27.21667,-290
27.22500,-290
27.23333,-290
27.24167,-290
27.25000,-291
27.25833,-291
27.26667,-291
27.27500,-291
27.28333,-291
27.29167,-291
27.30000,-292
27.30833,-292
27.31667,-292
27.32500,-292
27.33333,-292
27.34167,-293
27.35000,-293
27.35833,-294
27.36667,-294
27.37500,-294
27.38333,-295
27.39167,-295
27.40000,-296
27.40833,-296
27.41667,-297
27.42500,-297
27.43333,-298
27.44167,-299
27.45000,-300
27.45833,-300
27.46667,-301
27.47500,-301
27.48333,-302
27.49167,-303
27.50000,-304
27.50833,-305
27.51667,-305
27.52500,-305
27.53333,-306
27.54167,-307
27.55000,-307
27.55833,-308
27.56667,-309
27.57500,-310
27.58333,-311
27.59167,-312
27.60000,-313
27.60833,-313
27.61667,-314
27.62500,-315
27.63333,-316
27.64167,-317
27.65000,-318
27.65833,-319
27.66667,-320
27.67500,-322
27.68333,-323
27.69167,-324
27.70000,-325
27.70833,-326
27.71667,-327
27.72500,-329
27.73333,-330
27.74167,-332
27.75000,-333
27.75833,-334
27.76667,-336
27.77500,-337
27.78333,-337
27.79167,-338
27.80000,-339
27.80833,-340
27.81667,-341
27.82500,-342
27.83333,-343
27.84167,-344
27.85000,-345
27.85833,-346
27.86667,-347
27.87500,-348
27.88333,-349
27.89167,-349
27.90000,-350
27.90833,-351
27.91667,-352
27.92500,-353
27.93333,-354
27.94167,-354
27.95000,-355
27.95833,-355
27.96667,-356
27.97500,-357
27.98333,-357
27.99167,-357
28.00000,-357
28.00833,-358
28.01667,-358
28.02500,-358
28.03333,-359
28.04167,-359
28.05000,-360
28.05833,-360
28.06667,-360
28.07500,-360
28.08333,-360
28.09167,-361
28.10000,-361
28.10833,-361
28.11667,-361
28.12500,-361
28.13333,-361
28.14167,-361
28.15000,-361
28.15833,-361
28.16667,-361
28.17500,-361
28.18333,-361
28.19167,-361
28.20000,-361
28.20833,-361
28.21667,-361
28.22500,-362
28.23333,-361
28.24167,-361
28.25000,-360
28.25833,-360
28.26667,-359
28.27500,-359
28.28333,-359
28.29167,-358
28.30000,-357
28.30833,-356
28.31667,-355
28.32500,-354
28.33333,-353
28.34167,-351
28.35000,-349
28.35833,-347
28.36667,-345
28.37500,-343
28.38333,-340
28.39167,-337
28.40000,-333
28.40833,-329
28.41667,-325
28.42500,-321
28.43333,-315
28.44167,-309
28.45000,-303
28.45833,-296
28.46667,-288
28.47500,-280
28.48333,-270
28.49167,-260
28.50000,-249
28.50833,-237
28.51667,-225
28.52500,-211
28.53333,-196
28.54167,-180
28.55000,-163
28.55833,-145
28.56667,-126
28.57500,-105
28.58333,-83
28.59167,-59
28.60000,-34
28.60833,-8
28.61667,20
28.62500,49
28.63333,79
28.64167,111
28.65000,144
28.65833,178
28.66667,214
28.67500,251
28.68333,290
28.69167,331
28.70000,373
28.70833,416
28.71667,460
28.72500,506
28.73333,552
28.74167,600
28.75000,648
28.75833,697
28.76667,747
28.77500,798
28.78333,850
28.79167,902
28.80000,954
28.80833,1006
28.81667,1059
28.82500,1112
28.83333,1166
28.84167,1218
28.85000,1271
28.85833,1323
28.86667,1375
28.87500,1426
28.88333,1476
28.89167,1526
28.90000,1575
28.90833,1623
28.91667,1670
28.92500,1715
28.93333,1760
28.94167,1803
28.95000,1845
28.95833,1885
28.96667,1924
28.97500,1961
28.98333,1997
28.99167,2031
29.00000,2064
29.00833,2095
29.01667,2124
29.02500,2152
29.03333,2179
29.04167,2203
29.05000,2227
29.05833,2248
29.06667,2268
29.07500,2286
29.08333,2302
29.09167,2317
29.10000,2331
29.10833,2343
29.11667,2354
29.12500,2362
29.13333,2369
29.14167,2375
29.15000,2380
29.15833,2383
29.16667,2384
29.17500,2385
29.18333,2383
29.19167,2381
29.20000,2377
29.20833,2371
29.21667,2364
29.22500,2356
29.23333,2346
29.24167,2335
29.25000,2323
29.25833,2309
29.26667,2294
29.27500,2277
29.28333,2258
29.29167,2239
29.30000,2218
29.30833,2195
29.31667,2171
29.32500,2146
29.33333,2120
29.34167,2092
29.35000,2063
29.35833,2032
29.36667,2000
29.37500,1967
29.38333,1932
29.39167,1897
29.40000,1860
29.40833,1822
29.41667,1782
29.42500,1742
29.43333,1701
29.44167,1659
29.45000,1616
29.45833,1572
29.46667,1527
29.47500,1482
29.48333,1437
29.49167,1390
29.50000,1344
29.50833,1297
29.51667,1250
29.52500,1203
29.53333,1155
29.54167,1108
29.55000,1060
29.55833,1013
29.56667,967
29.57500,920
29.58333,874
29.59167,829
29.60000,783
29.60833,739
29.61667,695
29.62500,651
29.63333,609
29.64167,567
29.65000,526
29.65833,486
29.66667,447
29.67500,409
29.68333,372
29.69167,336
29.70000,301
29.70833,267
29.71667,234
29.72500,202
29.73333,172
29.74167,142
29.75000,114
29.75833,86
29.76667,60
29.77500,35
29.78333,10
29.79167,-13
29.80000,-36
29.80833,-58
29.81667,-79
29.82500,-98
29.83333,-117
29.84167,-134
29.85000,-151
29.85833,-167
29.86667,-183
29.87500,-197
29.88333,-211
29.89167,-225
29.90000,-238
29.90833,-250
29.91667,-262
29.92500,-273
29.93333,-283
29.94167,-293
29.95000,-303
29.95833,-312
29.96667,-321
29.97500,-330
29.98333,-338
29.99167,-346
30.00000,-354
30.00833,-361
30.01667,-368
30.02500,-375
30.03333,-382
30.04167,-388
30.05000,-395
30.05833,-401
30.06667,-407
30.07500,-413
30.08333,-419
30.09167,-425
30.10000,-431
30.10833,-436
30.11667,-442
30.12500,-448
30.13333,-454
30.14167,-459
30.15000,-465
30.15833,-471
30.16667,-477
30.17500,-483
30.18333,-490
30.19167,-496
30.20000,-502
30.20833,-508
30.21667,-514
30.22500,-520
30.23333,-525
30.24167,-531
30.25000,-537
30.25833,-543
30.26667,-549
30.27500,-555
30.28333,-561
30.29167,-568
30.30000,-574
30.30833,-580
30.31667,-586
30.32500,-592
30.33333,-598
30.34167,-604
30.35000,-610
30.35833,-615
30.36667,-621
30.37500,-627
30.38333,-633
30.39167,-638
30.40000,-644
30.40833,-649
30.41667,-654
30.42500,-659
30.43333,-664
30.44167,-668
30.45000,-673
30.45833,-677
30.46667,-681
30.47500,-685
30.48333,-690
30.49167,-694
30.50000,-698
30.50833,-702
30.51667,-705
30.52500,-708
30.53333,-711
30.54167,-714
30.55000,-717
30.55833,-719
30.56667,-721
30.57500,-723
30.58333,-725
30.59167,-726
30.60000,-727
30.60833,-727
30.61667,-728
30.62500,-729
30.63333,-729
30.64167,-730
30.65000,-729
30.65833,-729
30.66667,-728
30.67500,-727
30.68333,-726
30.69167,-725
30.70000,-724
30.70833,-722
30.71667,-720
30.72500,-718
30.73333,-715
30.74167,-712
30.75000,-709
30.75833,-706
30.76667,-703
30.77500,-699
30.78333,-695
30.79167,-691
30.80000,-686
30.80833,-682
30.81667,-677
30.82500,-672
30.83333,-667
30.84167,-662
30.85000,-656
30.85833,-651
30.86667,-646
30.87500,-641
30.88333,-635
30.89167,-630
30.90000,-624
30.90833,-617
30.91667,-611
30.92500,-604
30.93333,-598
30.94167,-591
30.95000,-585
30.95833,-578
30.96667,-572
30.97500,-566
30.98333,-559
30.99167,-553
31.00000,-547
31.00833,-540
31.01667,-534
31.02500,-528
31.03333,-522
31.04167,-516
31.05000,-509
31.05833,-503
31.06667,-498
31.07500,-492
31.08333,-486
31.09167,-481
31.10000,-475
31.10833,-470
31.11667,-465
31.12500,-459
31.13333,-454
31.14167,-449
31.15000,-445
31.15833,-440
31.16667,-435
31.17500,-431
31.18333,-427
31.19167,-423
31.20000,-420
31.20833,-416
31.21667,-413
31.22500,-410
31.23333,-407
31.24167,-405
31.25000,-402
31.25833,-399
31.26667,-397
31.27500,-395
31.28333,-392
31.29167,-390
31.30000,-389
31.30833,-388
31.31667,-386
31.32500,-385
31.33333,-384
31.34167,-383
31.35000,-382
31.35833,-382
31.36667,-381
31.37500,-381
31.38333,-380
31.39167,-380
31.40000,-379
31.40833,-379
31.41667,-379
31.42500,-379
31.43333,-379
31.44167,-379
31.45000,-379
31.45833,-379
31.46667,-380
31.47500,-380
31.48333,-381
31.49167,-382
31.50000,-383
31.50833,-383
31.51667,-383
31.52500,-383
31.53333,-384
31.54167,-384
31.55000,-385
31.55833,-385
31.56667,-385
31.57500,-386
31.58333,-386
31.59167,-386
31.60000,-385
31.60833,-385
31.61667,-384
31.62500,-384
31.63333,-383
31.64167,-383
31.65000,-381
31.65833,-380
31.66667,-379
31.67500,-378
31.68333,-377
31.69167,-375
31.70000,-374
31.70833,-372
31.71667,-370
31.72500,-367
31.73333,-365
31.74167,-362
31.75000,-359
31.75833,-356
31.76667,-353
31.77500,-349
31.78333,-346
31.79167,-342
31.80000,-338
31.80833,-333
31.81667,-329
31.82500,-323
31.83333,-318
31.84167,-312
31.85000,-307
31.85833,-301
31.86667,-295
31.87500,-290
31.88333,-284
31.89167,-278
31.90000,-271
31.90833,-264
31.91667,-258
31.92500,-251
31.93333,-244
31.94167,-237
31.95000,-230
31.95833,-223
31.96667,-216
31.97500,-208
31.98333,-201
31.99167,-194
32.00000,-186
32.00833,-179
32.01667,-171
32.02500,-164
32.03333,-157
32.04167,-150
32.05000,-143
32.05833,-136
32.06667,-129
32.07500,-122
32.08333,-115
32.09167,-109
32.10000,-102
32.10833,-96
32.11667,-89
32.12500,-83
32.13333,-77
32.14167,-71
32.15000,-65
32.15833,-60
32.16667,-54
32.17500,-49
32.18333,-44
32.19167,-39
32.20000,-34
32.20833,-29
32.21667,-24
32.22500,-19
32.23333,-15
32.24167,-11
32.25000,-7
32.25833,-3
32.26667,1
32.27500,4
32.28333,7
32.29167,10
32.30000,13
32.30833,16
32.31667,18
32.32500,21
32.33333,23
32.34167,26
32.35000,28
32.35833,30
32.36667,31
32.37500,33
32.38333,34
32.39167,35
32.40000,36
32.40833,36
32.41667,36
32.42500,36
32.43333,36
32.44167,36
32.45000,35
32.45833,35
32.46667,34
32.47500,33
32.48333,32
32.49167,30
32.50000,28
32.50833,26
32.51667,24
32.52500,21
32.53333,18
32.54167,15
32.55000,13
32.55833,10
32.56667,7
32.57500,3
32.58333,-0
32.59167,-5
32.60000,-9
32.60833,-13
32.61667,-18
32.62500,-23
32.63333,-27
32.64167,-32
32.65000,-37
32.65833,-41
32.66667,-46
32.67500,-51
32.68333,-56
32.69167,-61
32.70000,-66
32.70833,-72
32.71667,-77
32.72500,-83
32.73333,-88
32.74167,-93
32.75000,-98
32.75833,-103
32.76667,-109
32.77500,-113
32.78333,-119
32.79167,-124
32.80000,-129
32.80833,-134
32.81667,-139
32.82500,-143
32.83333,-148
32.84167,-153
32.85000,-157
32.85833,-161
32.86667,-165
32.87500,-169
32.88333,-173
32.89167,-176
32.90000,-180
32.90833,-183
32.91667,-186
32.92500,-189
32.93333,-192
32.94167,-194
32.95000,-197
32.95833,-199
32.96667,-202
32.97500,-204
32.98333,-206
32.99167,-208
33.00000,-210
33.00833,-212
33.01667,-214
33.02500,-215
33.03333,-217
33.04167,-219
33.05000,-220
33.05833,-222
33.06667,-224
33.07500,-225
33.08333,-227
33.09167,-228
33.10000,-230
33.10833,-231
33.11667,-231
33.12500,-232
33.13333,-233
33.14167,-235
33.15000,-236
33.15833,-238
33.16667,-239
33.17500,-241
33.18333,-242
33.19167,-243
33.20000,-244
33.20833,-245
33.21667,-247
33.22500,-248
33.23333,-250
33.24167,-251
33.25000,-253
33.25833,-254
33.26667,-256
33.27500,-257
33.28333,-259
33.29167,-261
33.30000,-263
33.30833,-265
33.31667,-267
33.32500,-269
33.33333,-271
33.34167,-273
33.35000,-276
33.35833,-277
33.36667,-279
33.37500,-282
33.38333,-284
33.39167,-286
33.40000,-288
33.40833,-291
33.41667,-294
33.42500,-297
33.43333,-300
33.44167,-303
33.45000,-306
33.45833,-308
33.46667,-311
33.47500,-314
33.48333,-317
33.49167,-320
33.50000,-324
33.50833,-327
33.51667,-330
33.52500,-333
33.53333,-336
33.54167,-339
33.55000,-342
33.55833,-346
33.56667,-349
33.57500,-352
33.58333,-356
33.59167,-360
33.60000,-363
33.60833,-367
33.61667,-370
33.62500,-373
33.63333,-377
33.64167,-380
33.65000,-384
33.65833,-387
33.66667,-391
33.67500,-394
33.68333,-398
33.69167,-401
33.70000,-404
33.70833,-408
33.71667,-411
33.72500,-415
33.73333,-419
33.74167,-422
33.75000,-425
33.75833,-428
33.76667,-432
33.77500,-435
33.78333,-439
33.79167,-442
33.80000,-445
33.80833,-449
33.81667,-452
33.82500,-455
33.83333,-458
33.84167,-460
33.85000,-463
33.85833,-466
33.86667,-469
33.87500,-472
33.88333,-475
33.89167,-478
33.90000,-481
33.90833,-483
33.91667,-486
33.92500,-489
33.93333,-491
33.94167,-493
33.95000,-495
33.95833,-498
33.96667,-500
33.97500,-502
33.98333,-504
33.99167,-506
34.00000,-508
34.00833,-510
34.01667,-511
34.02500,-513
34.03333,-515
34.04167,-516
34.05000,-518
34.05833,-519
34.06667,-520
34.07500,-522
34.08333,-523
34.09167,-525
34.10000,-526
34.10833,-527
34.11667,-529
34.12500,-530
34.13333,-531
34.14167,-532
34.15000,-533
34.15833,-534
34.16667,-535
34.17500,-536
34.18333,-536
34.19167,-537
34.20000,-537
34.20833,-538
34.21667,-538
34.22500,-538
34.23333,-539
34.24167,-539
34.25000,-540
34.25833,-540
34.26667,-541
34.27500,-541
34.28333,-542
34.29167,-542
34.30000,-542
34.30833,-543
34.31667,-544
34.32500,-544
34.33333,-544
34.34167,-545
34.35000,-545
34.35833,-545
34.36667,-546
34.37500,-546
34.38333,-547
34.39167,-547
34.40000,-548
34.40833,-548
34.41667,-548
34.42500,-549
34.43333,-549
34.44167,-549
34.45000,-549
34.45833,-550
34.46667,-550
34.47500,-550
34.48333,-551
34.49167,-551
34.50000,-551
34.50833,-552
34.51667,-552
34.52500,-552
34.53333,-553
34.54167,-553
34.55000,-554
34.55833,-554
34.56667,-554
34.57500,-555
34.58333,-555
34.59167,-556
34.60000,-556
34.60833,-556
34.61667,-557
34.62500,-557
34.63333,-557
34.64167,-558
34.65000,-558
34.65833,-558
34.66667,-559
34.67500,-559
34.68333,-559
34.69167,-560
34.70000,-560
34.70833,-560
34.71667,-560
34.72500,-560
34.73333,-560
34.74167,-560
34.75000,-561
34.75833,-561
34.76667,-562
34.77500,-562
34.78333,-563
34.79167,-563
34.80000,-563
34.80833,-563
34.81667,-563
34.82500,-563
34.83333,-564
34.84167,-564
34.85000,-564
34.85833,-565
34.86667,-565
34.87500,-566
34.88333,-566
34.89167,-567
34.90000,-567
34.90833,-567
34.91667,-567
34.92500,-567
34.93333,-568
34.94167,-568
34.95000,-568
34.95833,-568
34.96667,-569
34.97500,-569
34.98333,-569
34.99167,-569
35.00000,-569
35.00833,-569
35.01667,-569
35.02500,-570
35.03333,-570
35.04167,-570
35.05000,-570
35.05833,-570
35.06667,-570
35.07500,-570
35.08333,-570
35.09167,-570
35.10000,-570
35.10833,-570
35.11667,-570
35.12500,-570
35.13333,-570
35.14167,-571
35.15000,-571
35.15833,-571
35.16667,-571
35.17500,-571
35.18333,-571
35.19167,-571
35.20000,-571
35.20833,-571
35.21667,-571
35.22500,-571
35.23333,-570
35.24167,-570
35.25000,-570
35.25833,-570
35.26667,-571
35.27500,-571
35.28333,-570
35.29167,-570
35.30000,-570
35.30833,-570
35.31667,-570
35.32500,-570
35.33333,-570
35.34167,-570
35.35000,-570
35.35833,-570
35.36667,-571
35.37500,-571
35.38333,-571
35.39167,-571
35.40000,-570
35.40833,-570
35.41667,-570
35.42500,-570
35.43333,-570
35.44167,-570
35.45000,-570
35.45833,-570
35.46667,-570
35.47500,-570
35.48333,-570
35.49167,-570
35.50000,-570
35.50833,-570
35.51667,-570
35.52500,-570
35.53333,-570
35.54167,-570
35.55000,-570
35.55833,-570
35.56667,-570
35.57500,-570
35.58333,-570
35.59167,-570
35.60000,-570
35.60833,-570
35.61667,-570
35.62500,-570
35.63333,-570
35.64167,-570
35.65000,-570
35.65833,-570
35.66667,-569
35.67500,-569
35.68333,-569
35.69167,-569
35.70000,-569
35.70833,-569
35.71667,-569
35.72500,-569
35.73333,-569
35.74167,-569
35.75000,-570
35.75833,-570
35.76667,-570
35.77500,-570
35.78333,-570
35.79167,-570
35.80000,-570
35.80833,-569
35.81667,-569
35.82500,-569
35.83333,-569
35.84167,-569
35.85000,-569
35.85833,-569
35.86667,-569
35.87500,-570
35.88333,-570
35.89167,-569
35.90000,-569
35.90833,-568
35.91667,-568
35.92500,-568
35.93333,-567
35.94167,-567
35.95000,-568
35.95833,-568
35.96667,-567
35.97500,-567
35.98333,-567
35.99167,-567
36.00000,-568
36.00833,-567
36.01667,-567
36.02500,-567
36.03333,-567
36.04167,-567
36.05000,-567
36.05833,-566
36.06667,-566
36.07500,-566
36.08333,-567
36.09167,-567
36.10000,-567
36.10833,-567
36.11667,-567
36.12500,-567
36.13333,-566
36.14167,-566
36.15000,-565
36.15833,-565
36.16667,-565
36.17500,-565
36.18333,-565
36.19167,-565
36.20000,-564
36.20833,-564
36.21667,-564
36.22500,-564
36.23333,-564
36.24167,-564
36.25000,-564
36.25833,-564
36.26667,-564
36.27500,-564
36.28333,-563
36.29167,-563
36.30000,-563
36.30833,-563
36.31667,-563
36.32500,-563
36.33333,-563
36.34167,-563
36.35000,-563
36.35833,-562
36.36667,-562
36.37500,-562
36.38333,-562
36.39167,-562
36.40000,-561
36.40833,-562
36.41667,-562
36.42500,-562
36.43333,-562
36.44167,-561
36.45000,-561
36.45833,-561
36.46667,-561
36.47500,-560
36.48333,-560
36.49167,-561
36.50000,-561
36.50833,-561
36.51667,-560
36.52500,-559
36.53333,-559
36.54167,-559
36.55000,-558
36.55833,-558
36.56667,-557
36.57500,-557
36.58333,-557
36.59167,-556
36.60000,-556
36.60833,-556
36.61667,-556
36.62500,-556
36.63333,-555
36.64167,-555
36.65000,-554
36.65833,-554
36.66667,-553
36.67500,-553
36.68333,-553
36.69167,-552
36.70000,-552
36.70833,-552
36.71667,-552
36.72500,-551
36.73333,-551
36.74167,-551
36.75000,-550
36.75833,-550
36.76667,-550
36.77500,-549
36.78333,-549
36.79167,-549
36.80000,-548
36.80833,-548
36.81667,-548
36.82500,-547
36.83333,-546
36.84167,-546
36.85000,-545
36.85833,-545
36.86667,-545
36.87500,-544
36.88333,-544
36.89167,-544
36.90000,-543
36.90833,-543
36.91667,-542
36.92500,-542
36.93333,-541
36.94167,-540
36.95000,-539
36.95833,-539
36.96667,-538
36.97500,-538
36.98333,-538
36.99167,-537
37.00000,-537
37.00833,-536
37.01667,-536
37.02500,-535
37.03333,-535
37.04167,-535
37.05000,-534
37.05833,-534
37.06667,-533
37.07500,-533
37.08333,-533
37.09167,-532
37.10000,-531
37.10833,-531
37.11667,-530
37.12500,-529
37.13333,-529
37.14167,-528
37.15000,-528
37.15833,-527
37.16667,-527
37.17500,-526
37.18333,-525
37.19167,-525
37.20000,-524
37.20833,-523
37.21667,-522
37.22500,-522
37.23333,-521
37.24167,-520
37.25000,-520
37.25833,-520
37.26667,-519
37.27500,-519
37.28333,-518
37.29167,-518
37.30000,-518
37.30833,-517
37.31667,-517
37.32500,-516
37.33333,-515
37.34167,-514
37.35000,-513
37.35833,-513
37.36667,-512
37.37500,-511
37.38333,-510
37.39167,-509
37.40000,-509
37.40833,-508
37.41667,-507
37.42500,-507
37.43333,-507
37.44167,-506
37.45000,-506
37.45833,-505
37.46667,-505
37.47500,-505
37.48333,-504
37.49167,-504
37.50000,-504
37.50833,-503
37.51667,-503
37.52500,-502
37.53333,-502
37.54167,-502
37.55000,-501
37.55833,-501
37.56667,-500
37.57500,-500
37.58333,-499
37.59167,-499
37.60000,-499
37.60833,-498
37.61667,-498
37.62500,-498
37.63333,-498
37.64167,-498
37.65000,-498
37.65833,-497
37.66667,-497
37.67500,-497
37.68333,-496
37.69167,-497
37.70000,-497
37.70833,-497
37.71667,-498
37.72500,-498
37.73333,-498
37.74167,-498
37.75000,-499
37.75833,-499
37.76667,-499
37.77500,-499
37.78333,-500
37.79167,-500
37.80000,-501
37.80833,-501
37.81667,-502
37.82500,-502
37.83333,-503
37.84167,-503
37.85000,-504
37.85833,-505
37.86667,-505
37.87500,-506
37.88333,-506
37.89167,-507
37.90000,-508
37.90833,-508
37.91667,-509
37.92500,-510
37.93333,-510
37.94167,-511
37.95000,-513
37.95833,-514
37.96667,-515
37.97500,-516
37.98333,-517
37.99167,-518
38.00000,-518
38.00833,-520
38.01667,-521
38.02500,-522
38.03333,-523
38.04167,-524
38.05000,-525
38.05833,-527
38.06667,-528
38.07500,-529
38.08333,-529
38.09167,-530
38.10000,-532
38.10833,-533
38.11667,-534
38.12500,-535
38.13333,-536
38.14167,-538
38.15000,-539
38.15833,-540
38.16667,-541
38.17500,-542
38.18333,-544
38.19167,-545
38.20000,-547
38.20833,-548
38.21667,-550
38.22500,-551
38.23333,-553
38.24167,-554
38.25000,-556
38.25833,-557
38.26667,-558
38.27500,-559
38.28333,-560
38.29167,-562
38.30000,-563
38.30833,-565
38.31667,-567
38.32500,-568
38.33333,-570
38.34167,-571
38.35000,-573
38.35833,-574
38.36667,-575
38.37500,-576
38.38333,-577
38.39167,-579
38.40000,-580
38.40833,-582
38.41667,-584
38.42500,-585
38.43333,-587
38.44167,-588
38.45000,-590
38.45833,-591
38.46667,-592
38.47500,-594
38.48333,-595
38.49167,-596
38.50000,-597
38.50833,-599
38.51667,-600
38.52500,-601
38.53333,-603
38.54167,-603
38.55000,-605
38.55833,-606
38.56667,-607
38.57500,-609
38.58333,-610
38.59167,-612
38.60000,-613
38.60833,-614
38.61667,-615
38.62500,-616
38.63333,-617
38.64167,-618
38.65000,-619
38.65833,-620
38.66667,-621
38.67500,-621
38.68333,-622
38.69167,-623
38.70000,-624
38.70833,-625
38.71667,-626
38.72500,-627
38.73333,-628
38.74167,-629
38.75000,-630
38.75833,-630
38.76667,-631
38.77500,-632
38.78333,-633
38.79167,-634
38.80000,-634
38.80833,-635
38.81667,-636
38.82500,-637
38.83333,-638
38.84167,-638
38.85000,-638
38.85833,-638
38.86667,-639
38.87500,-640
38.88333,-641
38.89167,-641
38.90000,-642
38.90833,-642
38.91667,-642
38.92500,-642
38.93333,-642
38.94167,-643
38.95000,-643
38.95833,-644
38.96667,-644
38.97500,-645
38.98333,-645
38.99167,-646
39.00000,-646
39.00833,-647
39.01667,-647
39.02500,-647
39.03333,-647
39.04167,-647
39.05000,-647
39.05833,-647
39.06667,-648
39.07500,-648
39.08333,-648
39.09167,-648
39.10000,-649
39.10833,-649
39.11667,-649
39.12500,-649
39.13333,-649
39.14167,-649
39.15000,-649
39.15833,-649
39.16667,-649
39.17500,-650
39.18333,-650
39.19167,-650
39.20000,-651
39.20833,-651
39.21667,-652
39.22500,-652
39.23333,-652
39.24167,-652
39.25000,-652
39.25833,-652
39.26667,-652
39.27500,-653
39.28333,-653
39.29167,-653
39.30000,-653
39.30833,-653
39.31667,-653
39.32500,-654
39.33333,-654
39.34167,-654
39.35000,-654
39.35833,-654
39.36667,-654
39.37500,-655
39.38333,-655
39.39167,-655
39.40000,-655
39.40833,-655
39.41667,-655
39.42500,-656
39.43333,-656
39.44167,-656
39.45000,-656
39.45833,-656
39.46667,-657
39.47500,-657
39.48333,-657
39.49167,-657
39.50000,-657
39.50833,-657
39.51667,-657
39.52500,-657
39.53333,-657
39.54167,-657
39.55000,-656
39.55833,-657
39.56667,-657
39.57500,-657
39.58333,-657
39.59167,-657
39.60000,-657
39.60833,-658
39.61667,-659
39.62500,-659
39.63333,-660
39.64167,-660
39.65000,-660
39.65833,-660
39.66667,-660
39.67500,-660
39.68333,-660
39.69167,-660
39.70000,-660
39.70833,-660
39.71667,-660
39.72500,-661
39.73333,-661
39.74167,-662
39.75000,-662
39.75833,-662
39.76667,-662
39.77500,-662
39.78333,-662
39.79167,-663
39.80000,-663
39.80833,-663
39.81667,-663
39.82500,-663
39.83333,-663
39.84167,-663
39.85000,-663
39.85833,-663
39.86667,-663
39.87500,-663
39.88333,-664
39.89167,-664
39.90000,-665
39.90833,-665
39.91667,-665
39.92500,-665
39.93333,-665
39.94167,-665
39.95000,-665
39.95833,-665
39.96667,-665
39.97500,-665
39.98333,-665
39.99167,-666
40.00000,-666
40.00833,-666
40.01667,-666
40.02500,-666
40.03333,-667
40.04167,-666
40.05000,-666
40.05833,-666
40.06667,-666
40.07500,-666
40.08333,-666
40.09167,-667
40.10000,-667
40.10833,-667
40.11667,-667
40.12500,-667
40.13333,-667
40.14167,-667
40.15000,-667
40.15833,-667
40.16667,-667
40.17500,-667
40.18333,-667
40.19167,-668
40.20000,-668
40.20833,-668
40.21667,-668
40.22500,-668
40.23333,-668
40.24167,-668
40.25000,-668
40.25833,-668
40.26667,-668
40.27500,-668
40.28333,-667
40.29167,-667
40.30000,-667
40.30833,-667
40.31667,-668
40.32500,-668
40.33333,-668
40.34167,-668
40.35000,-668
40.35833,-668
40.36667,-668
40.37500,-669
40.38333,-668
40.39167,-668
40.40000,-668
40.40833,-668
40.41667,-668
40.42500,-668
40.43333,-668
40.44167,-668
40.45000,-669
40.45833,-669
40.46667,-669
40.47500,-668
40.48333,-668
40.49167,-668
40.50000,-668
40.50833,-668
40.51667,-668
40.52500,-668
40.53333,-668
40.54167,-668
40.55000,-668
40.55833,-668
40.56667,-668
40.57500,-667
40.58333,-667
40.59167,-667
40.60000,-666
40.60833,-666
40.61667,-666
40.62500,-666
40.63333,-666
40.64167,-666
40.65000,-667
40.65833,-667
40.66667,-667
40.67500,-667
40.68333,-666
40.69167,-666
40.70000,-666
40.70833,-666
40.71667,-665
40.72500,-665
40.73333,-665
40.74167,-665
40.75000,-665
40.75833,-665
40.76667,-665
40.77500,-665
40.78333,-665
40.79167,-664
40.80000,-664
40.80833,-664
40.81667,-664
40.82500,-663
40.83333,-663
40.84167,-662
40.85000,-662
40.85833,-661
40.86667,-661
40.87500,-661
40.88333,-660
40.89167,-660
40.90000,-659
40.90833,-659
40.91667,-659
40.92500,-658
40.93333,-658
40.94167,-658
40.95000,-658
40.95833,-657
40.96667,-657
40.97500,-656
40.98333,-655
40.99167,-655
41.00000,-654
41.00833,-653
41.01667,-652
41.02500,-652
41.03333,-651
41.04167,-651
41.05000,-650
41.05833,-650
41.06667,-649
41.07500,-649
41.08333,-648
41.09167,-648
41.10000,-647
41.10833,-647
41.11667,-646
41.12500,-646
41.13333,-645
41.14167,-644
41.15000,-643
41.15833,-642
41.16667,-642
41.17500,-641
41.18333,-640
41.19167,-638
41.20000,-637
41.20833,-636
41.21667,-635
41.22500,-635
41.23333,-634
41.24167,-633
41.25000,-633
41.25833,-632
41.26667,-631
41.27500,-630
41.28333,-629
41.29167,-628
41.30000,-627
41.30833,-626
41.31667,-625
41.32500,-624
41.33333,-623
41.34167,-621
41.35000,-620
41.35833,-619
41.36667,-618
41.37500,-617
41.38333,-616
41.39167,-615
41.40000,-614
41.40833,-613
41.41667,-612
41.42500,-612
41.43333,-611
41.44167,-610
41.45000,-608
41.45833,-607
41.46667,-607
41.47500,-606
41.48333,-604
41.49167,-603
41.50000,-602
41.50833,-601
41.51667,-600
41.52500,-599
41.53333,-598
41.54167,-597
41.55000,-595
41.55833,-594
41.56667,-593
41.57500,-592
41.58333,-591
41.59167,-590
41.60000,-589
41.60833,-588
41.61667,-587
41.62500,-586
41.63333,-585
41.64167,-584
41.65000,-583
41.65833,-582
41.66667,-581
41.67500,-580
41.68333,-579
41.69167,-578
41.70000,-577
41.70833,-576
41.71667,-576
41.72500,-575
41.73333,-573
41.74167,-572
41.75000,-571
41.75833,-570
41.76667,-569
41.77500,-569
41.78333,-568
41.79167,-567
41.80000,-566
41.80833,-566
41.81667,-565
41.82500,-565
41.83333,-564
41.84167,-563
41.85000,-563
41.85833,-562
41.86667,-561
41.87500,-561
41.88333,-561
41.89167,-560
41.90000,-559
41.90833,-558
41.91667,-557
41.92500,-556
41.93333,-556
41.94167,-556
41.95000,-556
41.95833,-555
41.96667,-555
41.97500,-554
41.98333,-554
41.99167,-553
42.00000,-553
42.00833,-552
42.01667,-551
42.02500,-551
42.03333,-551
42.04167,-550
42.05000,-550
42.05833,-550
42.06667,-550
42.07500,-550
42.08333,-550
42.09167,-550
42.10000,-550
42.10833,-550
42.11667,-550
42.12500,-550
42.13333,-550
42.14167,-550
42.15000,-550
42.15833,-549
42.16667,-550
42.17500,-549
42.18333,-550
42.19167,-550
42.20000,-550
42.20833,-551
42.21667,-551
42.22500,-551
42.23333,-551
42.24167,-552
42.25000,-552
42.25833,-552
42.26667,-552
42.27500,-552
42.28333,-552
42.29167,-552
42.30000,-552
42.30833,-553
42.31667,-553
42.32500,-553
42.33333,-554
42.34167,-554
42.35000,-555
42.35833,-556
42.36667,-557
42.37500,-557
42.38333,-558
42.39167,-559
42.40000,-559
42.40833,-560
42.41667,-561
42.42500,-561
42.43333,-562
42.44167,-562
42.45000,-563
42.45833,-563
42.46667,-564
42.47500,-565
42.48333,-566
42.49167,-567
42.50000,-568
42.50833,-569
42.51667,-570
42.52500,-571
42.53333,-571
42.54167,-572
42.55000,-573
42.55833,-573
42.56667,-574
42.57500,-575
42.58333,-575
42.59167,-576
42.60000,-577
42.60833,-578
42.61667,-579
42.62500,-580
42.63333,-581
42.64167,-582
42.65000,-583
42.65833,-584
42.66667,-585
42.67500,-586
42.68333,-586
42.69167,-587
42.70000,-588
42.70833,-588
42.71667,-590
42.72500,-591
42.73333,-592
42.74167,-593
42.75000,-594
42.75833,-595
42.76667,-596
42.77500,-596
42.78333,-597
42.79167,-598
42.80000,-600
42.80833,-601
42.81667,-602
42.82500,-603
42.83333,-603
42.84167,-604
42.85000,-605
42.85833,-606
42.86667,-607
42.87500,-608
42.88333,-609
42.89167,-611
42.90000,-611
42.90833,-612
42.91667,-613
42.92500,-615
42.93333,-616
42.94167,-616
42.95000,-617
42.95833,-618
42.96667,-619
42.97500,-620
42.98333,-621
42.99167,-622
43.00000,-623
43.00833,-624
43.01667,-625
43.02500,-626
43.03333,-627
43.04167,-628
43.05000,-629
43.05833,-630
43.06667,-631
43.07500,-632
43.08333,-633
43.09167,-633
43.10000,-634
43.10833,-635
43.11667,-636
43.12500,-637
43.13333,-638
43.14167,-639
43.15000,-640
43.15833,-641
43.16667,-642
43.17500,-643
43.18333,-643
43.19167,-644
43.20000,-645
43.20833,-646
43.21667,-647
43.22500,-648
43.23333,-649
43.24167,-650
43.25000,-651
43.25833,-651
43.26667,-652
43.27500,-653
43.28333,-653
43.29167,-654
43.30000,-655
43.30833,-656
43.31667,-657
43.32500,-658
43.33333,-658
43.34167,-659
43.35000,-660
43.35833,-661
43.36667,-662
43.37500,-662
43.38333,-663
43.39167,-663
43.40000,-664
43.40833,-665
43.41667,-666
43.42500,-667
43.43333,-667
43.44167,-667
43.45000,-668
43.45833,-668
43.46667,-669
43.47500,-670
43.48333,-671
43.49167,-672
43.50000,-672
43.50833,-673
43.51667,-673
43.52500,-674
43.53333,-675
43.54167,-675
43.55000,-676
43.55833,-677
43.56667,-678
43.57500,-679
43.58333,-680
43.59167,-680
43.60000,-680
43.60833,-681
43.61667,-682
43.62500,-682
43.63333,-683
43.64167,-684
43.65000,-684
43.65833,-684
43.66667,-685
43.67500,-685
43.68333,-686
43.69167,-687
43.70000,-687
43.70833,-688
43.71667,-689
43.72500,-689
43.73333,-690
43.74167,-690
43.75000,-691
43.75833,-691
43.76667,-692
43.77500,-693
43.78333,-693
43.79167,-694
43.80000,-694
43.80833,-695
43.81667,-695
43.82500,-696
43.83333,-697
43.84167,-697
43.85000,-698
43.85833,-698
43.86667,-698
43.87500,-699
43.88333,-699
43.89167,-700
43.90000,-701
43.90833,-701
43.91667,-701
43.92500,-701
43.93333,-701
43.94167,-702
43.95000,-702
43.95833,-703
43.96667,-703
43.97500,-704
43.98333,-704
43.99167,-705
44.00000,-706
44.00833,-706
44.01667,-707
44.02500,-707
44.03333,-707
44.04167,-707
44.05000,-708
44.05833,-709
44.06667,-709
44.07500,-710
44.08333,-710
44.09167,-711
44.10000,-711
44.10833,-712
44.11667,-712
44.12500,-712
44.13333,-712
44.14167,-712
44.15000,-713
44.15833,-713
44.16667,-714
44.17500,-714
44.18333,-715
44.19167,-716
44.20000,-716
44.20833,-716
44.21667,-716
44.22500,-717
44.23333,-717
44.24167,-717
44.25000,-717
44.25833,-718
44.26667,-718
44.27500,-719
44.28333,-719
44.29167,-720
44.30000,-720
44.30833,-721
44.31667,-721
44.32500,-721
44.33333,-721
44.34167,-721
44.35000,-722
44.35833,-722
44.36667,-723
44.37500,-723
44.38333,-723
44.39167,-723
44.40000,-723
44.40833,-723
44.41667,-723
44.42500,-723
44.43333,-724
44.44167,-724
44.45000,-724
44.45833,-724
44.46667,-724
44.47500,-724
44.48333,-725
44.49167,-725
44.50000,-726
44.50833,-726
44.51667,-727
44.52500,-727
44.53333,-727
44.54167,-727
44.55000,-727
44.55833,-727
44.56667,-727
44.57500,-728
44.58333,-728
44.59167,-728
44.60000,-729
44.60833,-729
44.61667,-729
44.62500,-729
44.63333,-730
44.64167,-730
44.65000,-730
44.65833,-730
44.66667,-730
44.67500,-730
44.68333,-730
44.69167,-731
44.70000,-731
44.70833,-731
44.71667,-731
44.72500,-731
44.73333,-731
44.74167,-731
44.75000,-732
44.75833,-732
44.76667,-732
44.77500,-732
44.78333,-732
44.79167,-732
44.80000,-732
44.80833,-732
44.81667,-733
44.82500,-733
44.83333,-733
44.84167,-733
44.85000,-733
44.85833,-733
44.86667,-733
44.87500,-733
44.88333,-734
44.89167,-733
44.90000,-733
44.90833,-733
44.91667,-733
44.92500,-733
44.93333,-733
44.94167,-732
44.95000,-732
44.95833,-733
44.96667,-733
44.97500,-733
44.98333,-734
44.99167,-734
45.00000,-734
45.00833,-735
45.01667,-735
45.02500,-734
45.03333,-734
45.04167,-734
45.05000,-735
45.05833,-735
45.06667,-735
45.07500,-734
45.08333,-734
45.09167,-734
45.10000,-734
45.10833,-734
45.11667,-734
45.12500,-734
45.13333,-733
45.14167,-733
45.15000,-733
45.15833,-733
45.16667,-734
45.17500,-734
45.18333,-734
45.19167,-734
45.20000,-734
45.20833,-733
45.21667,-733
45.22500,-733
45.23333,-733
45.24167,-733
45.25000,-733
45.25833,-733
45.26667,-733
45.27500,-733
45.28333,-733
45.29167,-733
45.30000,-733
45.30833,-733
45.31667,-733
45.32500,-733
45.33333,-733
45.34167,-733
45.35000,-733
45.35833,-733
45.36667,-733
45.37500,-733
45.38333,-733
45.39167,-733
45.40000,-733
45.40833,-733
45.41667,-733
45.42500,-733
45.43333,-733
45.44167,-733
45.45000,-733
45.45833,-733
45.46667,-732
45.47500,-732
45.48333,-733
45.49167,-733
45.50000,-733
45.50833,-733
45.51667,-733
45.52500,-733
45.53333,-733
45.54167,-733
45.55000,-733
45.55833,-733
45.56667,-733
45.57500,-733
45.58333,-733
45.59167,-733
45.60000,-733
45.60833,-733
45.61667,-733
45.62500,-733
45.63333,-734
45.64167,-734
45.65000,-734
45.65833,-734
45.66667,-734
45.67500,-734
45.68333,-734
45.69167,-734
45.70000,-734
45.70833,-734
45.71667,-735
45.72500,-735
45.73333,-735
45.74167,-735
45.75000,-734
45.75833,-734
45.76667,-734
45.77500,-735
45.78333,-735
45.79167,-735
45.80000,-735
45.80833,-735
45.81667,-735
45.82500,-735
45.83333,-735
45.84167,-736
45.85000,-736
45.85833,-736
45.86667,-737
45.87500,-737
45.88333,-737
45.89167,-737
45.90000,-737
45.90833,-737
45.91667,-737
45.92500,-737
45.93333,-737
45.94167,-737
45.95000,-738
45.95833,-738
45.96667,-738
45.97500,-738
45.98333,-738
45.99167,-738
46.00000,-739
46.00833,-739
46.01667,-740
46.02500,-740
46.03333,-741
46.04167,-741
46.05000,-741
46.05833,-741
46.06667,-741
46.07500,-741
46.08333,-742
46.09167,-742
46.10000,-743
46.10833,-743
46.11667,-743
46.12500,-743
46.13333,-744
46.14167,-744
46.15000,-745
46.15833,-745
46.16667,-745
46.17500,-746
46.18333,-746
46.19167,-746
46.20000,-746
46.20833,-746
46.21667,-747
46.22500,-747
46.23333,-748
46.24167,-748
46.25000,-748
46.25833,-748
46.26667,-748
46.27500,-749
46.28333,-749
46.29167,-750
46.30000,-750
46.30833,-751
46.31667,-751
46.32500,-751
46.33333,-751
46.34167,-751
46.35000,-752
46.35833,-752
46.36667,-753
46.37500,-753
46.38333,-753
46.39167,-753
46.40000,-754
46.40833,-754
46.41667,-755
46.42500,-755
46.43333,-755
46.44167,-755
46.45000,-756
46.45833,-756
46.46667,-756
46.47500,-757
46.48333,-758
46.49167,-758
46.50000,-759
46.50833,-759
46.51667,-760
46.52500,-760
46.53333,-760
46.54167,-760
46.55000,-760
46.55833,-760
46.56667,-761
46.57500,-761
46.58333,-761
46.59167,-761
46.60000,-761
46.60833,-762
46.61667,-762
46.62500,-762
46.63333,-763
46.64167,-764
46.65000,-764
46.65833,-764
46.66667,-764
46.67500,-765
46.68333,-765
46.69167,-765
46.70000,-766
46.70833,-766
46.71667,-766
46.72500,-766
46.73333,-766
46.74167,-766
46.75000,-767
46.75833,-767
46.76667,-768
46.77500,-768
46.78333,-768
46.79167,-769
46.80000,-769
46.80833,-769
46.81667,-769
46.82500,-769
46.83333,-769
46.84167,-769
46.85000,-769
46.85833,-769
46.86667,-770
46.87500,-770
46.88333,-770
46.89167,-771
46.90000,-771
46.90833,-772
46.91667,-772
46.92500,-772
46.93333,-772
46.94167,-772
46.95000,-772
46.95833,-772
46.96667,-772
46.97500,-772
46.98333,-772
46.99167,-772
47.00000,-772
47.00833,-772
47.01667,-772
47.02500,-772
47.03333,-772
47.04167,-772
47.05000,-772
47.05833,-771
47.06667,-771
47.07500,-771
47.08333,-771
47.09167,-771
47.10000,-771
47.10833,-770
47.11667,-770
47.12500,-770
47.13333,-770
47.14167,-770
47.15000,-770
47.15833,-770
47.16667,-770
47.17500,-770
47.18333,-770
47.19167,-769
47.20000,-769
47.20833,-769
47.21667,-768
47.22500,-768
47.23333,-767
47.24167,-767
47.25000,-766
47.25833,-766
47.26667,-765
47.27500,-765
47.28333,-765
47.29167,-765
47.30000,-765
47.30833,-765
47.31667,-764
47.32500,-764
47.33333,-763
47.34167,-762
47.35000,-761
47.35833,-760
47.36667,-760
47.37500,-759
47.38333,-758
47.39167,-758
47.40000,-757
47.40833,-756
47.41667,-756
47.42500,-755
47.43333,-754
47.44167,-754
47.45000,-754
47.45833,-754
47.46667,-753
47.47500,-752
47.48333,-752
47.49167,-751
47.50000,-750
47.50833,-749
47.51667,-749
47.52500,-748
47.53333,-748
47.54167,-747
47.55000,-746
47.55833,-746
47.56667,-745
47.57500,-744
47.58333,-744
47.59167,-743
47.60000,-742
47.60833,-741
47.61667,-741
47.62500,-740
47.63333,-739
47.64167,-739
47.65000,-738
47.65833,-738
47.66667,-737
47.67500,-736
47.68333,-736
47.69167,-735
47.70000,-734
47.70833,-733
47.71667,-732
47.72500,-732
47.73333,-731
47.74167,-730
47.75000,-730
47.75833,-729
47.76667,-729
47.77500,-728
47.78333,-727
47.79167,-727
47.80000,-726
47.80833,-726
47.81667,-725
47.82500,-725
47.83333,-725
47.84167,-724
47.85000,-724
47.85833,-724
47.86667,-724
47.87500,-723
47.88333,-723
47.89167,-722
47.90000,-722
47.90833,-722
47.91667,-721
47.92500,-720
47.93333,-720
47.94167,-719
47.95000,-719
47.95833,-718
47.96667,-718
47.97500,-718
47.98333,-718
47.99167,-718
48.00000,-717
48.00833,-717
48.01667,-717
48.02500,-717
48.03333,-717
48.04167,-717
48.05000,-717
48.05833,-717
48.06667,-717
48.07500,-716
48.08333,-716
48.09167,-716
48.10000,-715
48.10833,-715
48.11667,-715
48.12500,-716
48.13333,-715
48.14167,-715
48.15000,-715
48.15833,-715
48.16667,-715
48.17500,-715
48.18333,-715
48.19167,-715
48.20000,-714
48.20833,-714
48.21667,-714
48.22500,-714
48.23333,-714
48.24167,-714
48.25000,-714
48.25833,-714
48.26667,-714
48.27500,-714
48.28333,-714
48.29167,-714
48.30000,-714
48.30833,-714
48.31667,-714
48.32500,-714
48.33333,-714
48.34167,-714
48.35000,-714
48.35833,-714
48.36667,-714
48.37500,-714
48.38333,-714
48.39167,-714
48.40000,-715
48.40833,-715
48.41667,-715
48.42500,-715
48.43333,-716
48.44167,-716
48.45000,-716
48.45833,-716
48.46667,-716
48.47500,-716
48.48333,-716
48.49167,-716
48.50000,-716
48.50833,-716
48.51667,-716
48.52500,-717
48.53333,-717
48.54167,-717
48.55000,-717
48.55833,-717
48.56667,-717
48.57500,-717
48.58333,-717
48.59167,-717
48.60000,-717
48.60833,-717
48.61667,-717
48.62500,-717
48.63333,-717
48.64167,-717
48.65000,-717
48.65833,-717
48.66667,-717
48.67500,-717
48.68333,-717
48.69167,-718
48.70000,-718
48.70833,-718
48.71667,-718
48.72500,-718
48.73333,-718
48.74167,-718
48.75000,-719
48.75833,-719
48.76667,-719
48.77500,-719
48.78333,-718
48.79167,-718
48.80000,-718
48.80833,-718
48.81667,-718
48.82500,-718
48.83333,-719
48.84167,-718
48.85000,-719
48.85833,-719
48.86667,-719
48.87500,-719
48.88333,-719
48.89167,-719
48.90000,-719
48.90833,-719
48.91667,-719
48.92500,-719
48.93333,-719
48.94167,-719
48.95000,-719
48.95833,-719
48.96667,-719
48.97500,-718
48.98333,-718
48.99167,-719
49.00000,-719
49.00833,-719
49.01667,-719
49.02500,-719
49.03333,-719
49.04167,-719
49.05000,-718
49.05833,-719
49.06667,-719
49.07500,-719
49.08333,-720
49.09167,-720
49.10000,-720
49.10833,-720
49.11667,-720
49.12500,-720
49.13333,-720
49.14167,-721
49.15000,-721
49.15833,-721
49.16667,-722
49.17500,-722
49.18333,-722
49.19167,-723
49.20000,-723
49.20833,-723
49.21667,-724
49.22500,-724
49.23333,-725
49.24167,-725
49.25000,-725
49.25833,-725
49.26667,-725
49.27500,-725
49.28333,-725
49.29167,-726
49.30000,-726
49.30833,-727
49.31667,-727
49.32500,-727
49.33333,-728
49.34167,-728
49.35000,-728
49.35833,-729
49.36667,-729
49.37500,-729
49.38333,-730
49.39167,-731
49.40000,-731
49.40833,-731
49.41667,-732
49.42500,-732
49.43333,-732
49.44167,-732
49.45000,-733
49.45833,-733
49.46667,-734
49.47500,-734
49.48333,-735
49.49167,-735
49.50000,-736
49.50833,-736
49.51667,-737
49.52500,-737
49.53333,-738
49.54167,-738
49.55000,-739
49.55833,-739
49.56667,-740
49.57500,-741
49.58333,-742
49.59167,-743
49.60000,-744
49.60833,-744
49.61667,-744
49.62500,-744
49.63333,-745
49.64167,-746
49.65000,-746
49.65833,-746
49.66667,-747
49.67500,-747
49.68333,-748
49.69167,-749
49.70000,-750
49.70833,-751
49.71667,-751
49.72500,-752
49.73333,-753
49.74167,-754
49.75000,-755
49.75833,-757
49.76667,-758
49.77500,-759
49.78333,-760
49.79167,-761
49.80000,-761
49.80833,-762
49.81667,-762
49.82500,-763
49.83333,-763
49.84167,-764
49.85000,-765
49.85833,-770
49.86667,-776
49.87500,-782
49.88333,-787
49.89167,-791
49.90000,-794
49.90833,-796
49.91667,-798
49.92500,-800
49.93333,-801
49.94167,-802
49.95000,-804
49.95833,-805
49.96667,-807
49.97500,-808
49.98333,-809
49.99167,-811
50.00000,-812

