[Header]
Application Name,LabSolutions
Version,5.97 SP1
Data File Name,C:\Users\cremerlab\Desktop\Richa\Oct_18th_2022_yield_expt\Oct 18th 2022 yield expt_10182022_001_024.lcd
Output Date,10/19/2022
Output Time,12:59:02 PM

[File Information]
Type,Data File
Generated,10/19/2022 12:08:43 PM
Generated by,System Administrator
Modified,10/19/2022 12:59:02 PM
Modified by,System Administrator

[Sample Information]
Operator Name,System Administrator
Acquired,10/19/2022 12:09:01 PM
Sample Type,0:Unknown
Level,0
Sample Name,101822_BF_Trp_3
Sample ID,001
ISTD Amount1,1
ISTD Amount2,1
ISTD Amount3,1
ISTD Amount4,1
ISTD Amount5,1
ISTD Amount6,1
ISTD Amount7,1
ISTD Amount8,1
ISTD Amount9,1
ISTD Amount10,1
ISTD Amount11,1
ISTD Amount12,1
ISTD Amount13,1
ISTD Amount14,1
ISTD Amount15,1
ISTD Amount16,1
ISTD Amount17,1
ISTD Amount18,1
ISTD Amount19,1
ISTD Amount20,1
ISTD Amount21,1
ISTD Amount22,1
ISTD Amount23,1
ISTD Amount24,1
ISTD Amount25,1
ISTD Amount26,1
ISTD Amount27,1
ISTD Amount28,1
ISTD Amount29,1
ISTD Amount30,1
ISTD Amount31,1
ISTD Amount32,1
Sample Amount,1
Dilution Factor,1
Vial#,23
Injection Volume,20

[Original Files]
Data File,C:\Users\cremerlab\Desktop\Richa\Oct_18th_2022_yield_expt\Oct 18th 2022 yield expt_10182022_001_024.lcd
Method File,C:\Users\cremerlab\Desktop\Richa\acetate_excretion.lcm
Batch File,C:\Users\cremerlab\Desktop\Richa\Oct_18th_2022_yield_expt\Oct 18th 2022 yield expt.lcb
Report Format File,c:\LabSolutions\System\DEFAULT.lsr

[File Description]


[Configuration]
Instrument Name,HPLC-PC-Instrument1
Instrument #,1
Line #,1
# of Detectors,2
Detector ID,Detector A,Detector B
Detector Name,Detector A,Detector B
# of Channels,1,1

[Peak Table(Detector A)]
# of Peaks,0

[Peak Table(Detector B)]
# of Peaks,13
Peak#,R.Time,I.Time,F.Time,Area,Height,A/H,Conc.,Mark,ID#,Name,k',Plate #,Plate Ht.,Tailing,Resolution,Sep.Factor,Area Ratio,Height Ratio,Conc. %,Norm Conc.
1,10.483,10.267,10.525,1455,192,7.583,0.000,   ,,,0.000,8455,17.742,0.000,0.000,0.000,0,0,0.000,0.000
2,11.036,10.525,12.367,2338020,118795,19.681,0.000, V ,,,0.053,7471,20.077,0.965,1.143,0.000,0,0,0.000,0.000
3,14.366,12.667,15.208,3701519,78466,47.174,0.000,   ,,,0.370,2463,60.904,0.655,3.991,7.025,0,0,0.000,0.000
4,15.783,15.208,18.458,1499521,50528,29.677,0.000,SV ,,,0.505,6818,22.001,1.150,1.474,1.365,0,0,0.000,0.000
5,17.888,17.425,18.425,8036,271,29.627,0.000,T  ,,,0.706,7764,19.320,1.063,2.671,1.397,0,0,0.000,0.000
6,19.069,18.475,19.742,11121,281,39.526,0.000,   ,,,0.819,4795,31.281,1.067,1.234,1.159,0,0,0.000,0.000
7,20.307,19.758,20.600,19440,620,31.347,0.000,   ,,,0.937,4193,35.775,0.000,1.051,1.144,0,0,0.000,0.000
8,20.998,20.600,21.475,31203,777,40.169,0.000, V ,,,1.003,3913,38.329,0.000,0.532,1.070,0,0,0.000,0.000
9,21.872,21.475,22.592,25558,684,37.350,0.000, V ,,,1.086,6341,23.655,0.000,0.716,1.083,0,0,0.000,0.000
10,23.199,22.650,24.275,11930,192,62.206,0.000,   ,,,1.213,1463,102.506,0.000,0.753,1.117,0,0,0.000,0.000
11,25.095,24.275,26.467,161393,3804,42.432,0.000, V ,,,1.394,8624,17.392,1.143,1.081,1.149,0,0,0.000,0.000
12,29.208,28.342,30.542,143562,2996,47.915,0.000,   ,,,1.786,8900,16.853,1.115,3.547,1.282,0,0,0.000,0.000
13,32.395,31.650,33.108,10436,237,44.001,0.000,   ,,,2.090,11933,12.570,1.008,2.629,1.170,0,0,0.000,0.000

[LC Chromatogram(Detector B-Ch1)]
Interval(msec),500
# of Points,6001
Start Time(min),0.000
End Time(min),50.000
Intensity Units,mV
Intensity Multiplier,0.001
R.Time (min),Intensity
0.00000,-20
0.00833,-20
0.01667,-6
0.02500,-0
0.03333,-1
0.04167,-1
0.05000,-1
0.05833,-2
0.06667,-2
0.07500,-2
0.08333,-3
0.09167,-3
0.10000,-4
0.10833,-4
0.11667,-5
0.12500,-5
0.13333,-5
0.14167,-6
0.15000,-6
0.15833,-6
0.16667,-7
0.17500,-7
0.18333,-7
0.19167,-7
0.20000,-8
0.20833,-8
0.21667,-8
0.22500,-8
0.23333,-9
0.24167,-9
0.25000,-9
0.25833,-10
0.26667,-10
0.27500,-10
0.28333,-9
0.29167,-9
0.30000,-10
0.30833,-10
0.31667,-10
0.32500,-10
0.33333,-10
0.34167,-11
0.35000,-11
0.35833,-11
0.36667,-11
0.37500,-11
0.38333,-11
0.39167,-11
0.40000,-12
0.40833,-12
0.41667,-12
0.42500,-12
0.43333,-12
0.44167,-12
0.45000,-12
0.45833,-12
0.46667,-12
0.47500,-12
0.48333,-12
0.49167,-12
0.50000,-12
0.50833,-12
0.51667,-12
0.52500,-12
0.53333,-12
0.54167,-13
0.55000,-13
0.55833,-13
0.56667,-13
0.57500,-13
0.58333,-13
0.59167,-13
0.60000,-12
0.60833,-12
0.61667,-12
0.62500,-12
0.63333,-12
0.64167,-12
0.65000,-12
0.65833,-12
0.66667,-12
0.67500,-11
0.68333,-11
0.69167,-11
0.70000,-11
0.70833,-11
0.71667,-11
0.72500,-11
0.73333,-11
0.74167,-11
0.75000,-11
0.75833,-11
0.76667,-11
0.77500,-10
0.78333,-10
0.79167,-10
0.80000,-10
0.80833,-9
0.81667,-9
0.82500,-9
0.83333,-9
0.84167,-8
0.85000,-8
0.85833,-8
0.86667,-9
0.87500,-9
0.88333,-9
0.89167,-9
0.90000,-9
0.90833,-9
0.91667,-8
0.92500,-8
0.93333,-8
0.94167,-7
0.95000,-7
0.95833,-7
0.96667,-7
0.97500,-7
0.98333,-7
0.99167,-7
1.00000,-6
1.00833,-6
1.01667,-5
1.02500,-5
1.03333,-4
1.04167,-4
1.05000,-4
1.05833,-4
1.06667,-3
1.07500,-3
1.08333,-2
1.09167,-2
1.10000,-2
1.10833,-2
1.11667,-1
1.12500,-1
1.13333,-1
1.14167,-1
1.15000,-1
1.15833,-1
1.16667,-1
1.17500,-1
1.18333,-1
1.19167,-1
1.20000,-1
1.20833,-1
1.21667,-1
1.22500,-1
1.23333,-1
1.24167,-1
1.25000,-0
1.25833,0
1.26667,-0
1.27500,-0
1.28333,-0
1.29167,0
1.30000,0
1.30833,1
1.31667,1
1.32500,1
1.33333,1
1.34167,1
1.35000,1
1.35833,1
1.36667,1
1.37500,1
1.38333,1
1.39167,1
1.40000,1
1.40833,1
1.41667,1
1.42500,1
1.43333,1
1.44167,1
1.45000,2
1.45833,2
1.46667,2
1.47500,2
1.48333,2
1.49167,2
1.50000,2
1.50833,2
1.51667,2
1.52500,2
1.53333,3
1.54167,3
1.55000,3
1.55833,3
1.56667,3
1.57500,3
1.58333,3
1.59167,3
1.60000,3
1.60833,3
1.61667,3
1.62500,3
1.63333,3
1.64167,3
1.65000,2
1.65833,2
1.66667,2
1.67500,2
1.68333,2
1.69167,2
1.70000,2
1.70833,2
1.71667,2
1.72500,2
1.73333,2
1.74167,3
1.75000,3
1.75833,3
1.76667,3
1.77500,3
1.78333,2
1.79167,2
1.80000,2
1.80833,2
1.81667,2
1.82500,2
1.83333,2
1.84167,2
1.85000,1
1.85833,1
1.86667,1
1.87500,0
1.88333,0
1.89167,0
1.90000,0
1.90833,0
1.91667,0
1.92500,0
1.93333,0
1.94167,1
1.95000,1
1.95833,0
1.96667,0
1.97500,0
1.98333,-0
1.99167,-0
2.00000,-0
2.00833,-0
2.01667,-0
2.02500,-0
2.03333,-0
2.04167,-0
2.05000,-0
2.05833,-1
2.06667,-1
2.07500,-1
2.08333,-1
2.09167,-2
2.10000,-2
2.10833,-2
2.11667,-2
2.12500,-2
2.13333,-2
2.14167,-2
2.15000,-2
2.15833,-2
2.16667,-3
2.17500,-3
2.18333,-4
2.19167,-4
2.20000,-4
2.20833,-4
2.21667,-4
2.22500,-4
2.23333,-4
2.24167,-5
2.25000,-5
2.25833,-5
2.26667,-5
2.27500,-5
2.28333,-6
2.29167,-6
2.30000,-6
2.30833,-6
2.31667,-6
2.32500,-6
2.33333,-7
2.34167,-7
2.35000,-7
2.35833,-7
2.36667,-8
2.37500,-8
2.38333,-8
2.39167,-8
2.40000,-8
2.40833,-8
2.41667,-8
2.42500,-8
2.43333,-8
2.44167,-8
2.45000,-9
2.45833,-9
2.46667,-9
2.47500,-9
2.48333,-10
2.49167,-10
2.50000,-10
2.50833,-10
2.51667,-11
2.52500,-11
2.53333,-11
2.54167,-11
2.55000,-11
2.55833,-11
2.56667,-11
2.57500,-11
2.58333,-11
2.59167,-11
2.60000,-11
2.60833,-11
2.61667,-11
2.62500,-11
2.63333,-11
2.64167,-11
2.65000,-11
2.65833,-12
2.66667,-12
2.67500,-13
2.68333,-13
2.69167,-13
2.70000,-13
2.70833,-13
2.71667,-13
2.72500,-13
2.73333,-13
2.74167,-13
2.75000,-13
2.75833,-13
2.76667,-13
2.77500,-13
2.78333,-14
2.79167,-14
2.80000,-14
2.80833,-14
2.81667,-14
2.82500,-14
2.83333,-14
2.84167,-15
2.85000,-15
2.85833,-15
2.86667,-14
2.87500,-14
2.88333,-14
2.89167,-14
2.90000,-14
2.90833,-14
2.91667,-14
2.92500,-14
2.93333,-14
2.94167,-14
2.95000,-14
2.95833,-14
2.96667,-14
2.97500,-14
2.98333,-14
2.99167,-14
3.00000,-14
3.00833,-14
3.01667,-14
3.02500,-14
3.03333,-14
3.04167,-15
3.05000,-15
3.05833,-15
3.06667,-15
3.07500,-15
3.08333,-15
3.09167,-15
3.10000,-15
3.10833,-15
3.11667,-14
3.12500,-14
3.13333,-14
3.14167,-14
3.15000,-14
3.15833,-14
3.16667,-13
3.17500,-13
3.18333,-13
3.19167,-13
3.20000,-13
3.20833,-13
3.21667,-12
3.22500,-12
3.23333,-13
3.24167,-13
3.25000,-12
3.25833,-12
3.26667,-12
3.27500,-12
3.28333,-11
3.29167,-11
3.30000,-10
3.30833,-11
3.31667,-11
3.32500,-11
3.33333,-11
3.34167,-11
3.35000,-11
3.35833,-10
3.36667,-10
3.37500,-10
3.38333,-10
3.39167,-10
3.40000,-9
3.40833,-9
3.41667,-9
3.42500,-9
3.43333,-8
3.44167,-8
3.45000,-8
3.45833,-8
3.46667,-8
3.47500,-8
3.48333,-8
3.49167,-7
3.50000,-7
3.50833,-7
3.51667,-7
3.52500,-6
3.53333,-6
3.54167,-6
3.55000,-5
3.55833,-5
3.56667,-5
3.57500,-5
3.58333,-4
3.59167,-4
3.60000,-4
3.60833,-4
3.61667,-4
3.62500,-3
3.63333,-3
3.64167,-2
3.65000,-2
3.65833,-2
3.66667,-1
3.67500,-1
3.68333,-0
3.69167,-0
3.70000,-0
3.70833,0
3.71667,1
3.72500,2
3.73333,2
3.74167,3
3.75000,3
3.75833,3
3.76667,4
3.77500,4
3.78333,5
3.79167,5
3.80000,6
3.80833,6
3.81667,6
3.82500,6
3.83333,6
3.84167,6
3.85000,6
3.85833,7
3.86667,7
3.87500,8
3.88333,9
3.89167,10
3.90000,11
3.90833,11
3.91667,11
3.92500,12
3.93333,12
3.94167,12
3.95000,13
3.95833,14
3.96667,14
3.97500,15
3.98333,15
3.99167,16
4.00000,17
4.00833,17
4.01667,18
4.02500,18
4.03333,19
4.04167,20
4.05000,20
4.05833,21
4.06667,21
4.07500,22
4.08333,22
4.09167,23
4.10000,24
4.10833,25
4.11667,26
4.12500,26
4.13333,27
4.14167,28
4.15000,29
4.15833,29
4.16667,30
4.17500,31
4.18333,31
4.19167,32
4.20000,32
4.20833,33
4.21667,34
4.22500,35
4.23333,35
4.24167,36
4.25000,36
4.25833,37
4.26667,38
4.27500,39
4.28333,40
4.29167,41
4.30000,41
4.30833,42
4.31667,42
4.32500,43
4.33333,43
4.34167,44
4.35000,45
4.35833,45
4.36667,46
4.37500,47
4.38333,48
4.39167,48
4.40000,49
4.40833,49
4.41667,49
4.42500,49
4.43333,50
4.44167,50
4.45000,50
4.45833,51
4.46667,51
4.47500,52
4.48333,52
4.49167,53
4.50000,54
4.50833,55
4.51667,55
4.52500,55
4.53333,55
4.54167,55
4.55000,56
4.55833,56
4.56667,57
4.57500,57
4.58333,57
4.59167,57
4.60000,58
4.60833,58
4.61667,59
4.62500,59
4.63333,59
4.64167,60
4.65000,60
4.65833,60
4.66667,60
4.67500,60
4.68333,61
4.69167,61
4.70000,61
4.70833,61
4.71667,61
4.72500,61
4.73333,61
4.74167,61
4.75000,61
4.75833,61
4.76667,61
4.77500,61
4.78333,61
4.79167,61
4.80000,61
4.80833,61
4.81667,61
4.82500,62
4.83333,62
4.84167,62
4.85000,62
4.85833,62
4.86667,62
4.87500,61
4.88333,61
4.89167,61
4.90000,61
4.90833,61
4.91667,61
4.92500,60
4.93333,60
4.94167,60
4.95000,60
4.95833,59
4.96667,59
4.97500,59
4.98333,59
4.99167,58
5.00000,58
5.00833,57
5.01667,57
5.02500,56
5.03333,56
5.04167,56
5.05000,55
5.05833,55
5.06667,55
5.07500,55
5.08333,54
5.09167,54
5.10000,53
5.10833,53
5.11667,53
5.12500,52
5.13333,52
5.14167,51
5.15000,50
5.15833,49
5.16667,49
5.17500,48
5.18333,47
5.19167,47
5.20000,46
5.20833,46
5.21667,45
5.22500,45
5.23333,45
5.24167,44
5.25000,44
5.25833,43
5.26667,43
5.27500,42
5.28333,41
5.29167,41
5.30000,40
5.30833,40
5.31667,40
5.32500,39
5.33333,39
5.34167,38
5.35000,37
5.35833,36
5.36667,35
5.37500,34
5.38333,33
5.39167,32
5.40000,31
5.40833,31
5.41667,30
5.42500,29
5.43333,29
5.44167,28
5.45000,27
5.45833,26
5.46667,25
5.47500,25
5.48333,24
5.49167,24
5.50000,23
5.50833,23
5.51667,22
5.52500,21
5.53333,20
5.54167,19
5.55000,18
5.55833,17
5.56667,16
5.57500,15
5.58333,15
5.59167,14
5.60000,13
5.60833,12
5.61667,11
5.62500,10
5.63333,10
5.64167,9
5.65000,8
5.65833,7
5.66667,6
5.67500,5
5.68333,5
5.69167,4
5.70000,3
5.70833,2
5.71667,1
5.72500,0
5.73333,-0
5.74167,-1
5.75000,-2
5.75833,-3
5.76667,-4
5.77500,-5
5.78333,-5
5.79167,-6
5.80000,-7
5.80833,-7
5.81667,-8
5.82500,-8
5.83333,-9
5.84167,-10
5.85000,-11
5.85833,-12
5.86667,-13
5.87500,-14
5.88333,-15
5.89167,-15
5.90000,-16
5.90833,-17
5.91667,-17
5.92500,-18
5.93333,-19
5.94167,-19
5.95000,-20
5.95833,-20
5.96667,-21
5.97500,-22
5.98333,-22
5.99167,-23
6.00000,-23
6.00833,-24
6.01667,-24
6.02500,-25
6.03333,-25
6.04167,-26
6.05000,-27
6.05833,-28
6.06667,-28
6.07500,-29
6.08333,-30
6.09167,-31
6.10000,-31
6.10833,-32
6.11667,-32
6.12500,-32
6.13333,-32
6.14167,-32
6.15000,-33
6.15833,-33
6.16667,-34
6.17500,-35
6.18333,-35
6.19167,-36
6.20000,-36
6.20833,-37
6.21667,-37
6.22500,-37
6.23333,-38
6.24167,-38
6.25000,-39
6.25833,-39
6.26667,-39
6.27500,-39
6.28333,-39
6.29167,-40
6.30000,-40
6.30833,-40
6.31667,-41
6.32500,-41
6.33333,-42
6.34167,-42
6.35000,-42
6.35833,-42
6.36667,-42
6.37500,-42
6.38333,-42
6.39167,-43
6.40000,-43
6.40833,-43
6.41667,-44
6.42500,-44
6.43333,-44
6.44167,-44
6.45000,-44
6.45833,-44
6.46667,-45
6.47500,-45
6.48333,-45
6.49167,-45
6.50000,-45
6.50833,-46
6.51667,-46
6.52500,-46
6.53333,-46
6.54167,-46
6.55000,-46
6.55833,-46
6.56667,-47
6.57500,-47
6.58333,-47
6.59167,-47
6.60000,-47
6.60833,-47
6.61667,-47
6.62500,-47
6.63333,-47
6.64167,-47
6.65000,-47
6.65833,-47
6.66667,-48
6.67500,-48
6.68333,-48
6.69167,-48
6.70000,-48
6.70833,-48
6.71667,-48
6.72500,-48
6.73333,-48
6.74167,-48
6.75000,-48
6.75833,-49
6.76667,-50
6.77500,-50
6.78333,-50
6.79167,-50
6.80000,-50
6.80833,-50
6.81667,-50
6.82500,-50
6.83333,-50
6.84167,-50
6.85000,-49
6.85833,-49
6.86667,-49
6.87500,-48
6.88333,-49
6.89167,-48
6.90000,-48
6.90833,-48
6.91667,-49
6.92500,-49
6.93333,-49
6.94167,-49
6.95000,-49
6.95833,-49
6.96667,-49
6.97500,-49
6.98333,-48
6.99167,-48
7.00000,-48
7.00833,-48
7.01667,-48
7.02500,-48
7.03333,-48
7.04167,-48
7.05000,-48
7.05833,-48
7.06667,-48
7.07500,-48
7.08333,-48
7.09167,-48
7.10000,-48
7.10833,-48
7.11667,-49
7.12500,-49
7.13333,-49
7.14167,-49
7.15000,-49
7.15833,-49
7.16667,-49
7.17500,-49
7.18333,-49
7.19167,-49
7.20000,-50
7.20833,-50
7.21667,-50
7.22500,-50
7.23333,-50
7.24167,-50
7.25000,-50
7.25833,-50
7.26667,-50
7.27500,-50
7.28333,-50
7.29167,-50
7.30000,-49
7.30833,-49
7.31667,-49
7.32500,-49
7.33333,-49
7.34167,-49
7.35000,-49
7.35833,-50
7.36667,-50
7.37500,-49
7.38333,-50
7.39167,-50
7.40000,-50
7.40833,-50
7.41667,-50
7.42500,-50
7.43333,-50
7.44167,-50
7.45000,-50
7.45833,-50
7.46667,-50
7.47500,-50
7.48333,-50
7.49167,-50
7.50000,-50
7.50833,-49
7.51667,-49
7.52500,-49
7.53333,-49
7.54167,-49
7.55000,-49
7.55833,-49
7.56667,-50
7.57500,-50
7.58333,-50
7.59167,-50
7.60000,-50
7.60833,-51
7.61667,-51
7.62500,-51
7.63333,-51
7.64167,-51
7.65000,-51
7.65833,-51
7.66667,-51
7.67500,-51
7.68333,-50
7.69167,-50
7.70000,-50
7.70833,-50
7.71667,-50
7.72500,-50
7.73333,-50
7.74167,-50
7.75000,-50
7.75833,-50
7.76667,-50
7.77500,-50
7.78333,-50
7.79167,-50
7.80000,-51
7.80833,-51
7.81667,-51
7.82500,-51
7.83333,-50
7.84167,-50
7.85000,-50
7.85833,-50
7.86667,-51
7.87500,-51
7.88333,-51
7.89167,-51
7.90000,-50
7.90833,-51
7.91667,-51
7.92500,-51
7.93333,-50
7.94167,-50
7.95000,-50
7.95833,-50
7.96667,-50
7.97500,-50
7.98333,-50
7.99167,-50
8.00000,-50
8.00833,-50
8.01667,-50
8.02500,-50
8.03333,-50
8.04167,-50
8.05000,-50
8.05833,-50
8.06667,-50
8.07500,-50
8.08333,-50
8.09167,-50
8.10000,-50
8.10833,-50
8.11667,-50
8.12500,-50
8.13333,-50
8.14167,-51
8.15000,-51
8.15833,-51
8.16667,-51
8.17500,-51
8.18333,-51
8.19167,-51
8.20000,-51
8.20833,-51
8.21667,-51
8.22500,-51
8.23333,-51
8.24167,-51
8.25000,-51
8.25833,-51
8.26667,-52
8.27500,-52
8.28333,-51
8.29167,-51
8.30000,-51
8.30833,-51
8.31667,-50
8.32500,-50
8.33333,-51
8.34167,-51
8.35000,-51
8.35833,-51
8.36667,-51
8.37500,-51
8.38333,-51
8.39167,-51
8.40000,-51
8.40833,-50
8.41667,-50
8.42500,-50
8.43333,-50
8.44167,-50
8.45000,-50
8.45833,-50
8.46667,-50
8.47500,-50
8.48333,-50
8.49167,-50
8.50000,-51
8.50833,-51
8.51667,-51
8.52500,-51
8.53333,-51
8.54167,-50
8.55000,-50
8.55833,-50
8.56667,-50
8.57500,-50
8.58333,-49
8.59167,-49
8.60000,-49
8.60833,-50
8.61667,-50
8.62500,-50
8.63333,-51
8.64167,-51
8.65000,-51
8.65833,-50
8.66667,-50
8.67500,-50
8.68333,-50
8.69167,-50
8.70000,-50
8.70833,-50
8.71667,-50
8.72500,-50
8.73333,-50
8.74167,-50
8.75000,-50
8.75833,-50
8.76667,-50
8.77500,-50
8.78333,-51
8.79167,-51
8.80000,-51
8.80833,-51
8.81667,-51
8.82500,-51
8.83333,-51
8.84167,-51
8.85000,-51
8.85833,-52
8.86667,-51
8.87500,-51
8.88333,-51
8.89167,-51
8.90000,-51
8.90833,-51
8.91667,-51
8.92500,-50
8.93333,-50
8.94167,-51
8.95000,-51
8.95833,-50
8.96667,-50
8.97500,-50
8.98333,-51
8.99167,-51
9.00000,-50
9.00833,-50
9.01667,-50
9.02500,-50
9.03333,-50
9.04167,-50
9.05000,-50
9.05833,-50
9.06667,-50
9.07500,-50
9.08333,-49
9.09167,-49
9.10000,-49
9.10833,-49
9.11667,-49
9.12500,-49
9.13333,-49
9.14167,-49
9.15000,-49
9.15833,-49
9.16667,-49
9.17500,-49
9.18333,-49
9.19167,-49
9.20000,-50
9.20833,-49
9.21667,-49
9.22500,-49
9.23333,-49
9.24167,-49
9.25000,-49
9.25833,-49
9.26667,-49
9.27500,-49
9.28333,-49
9.29167,-49
9.30000,-48
9.30833,-48
9.31667,-48
9.32500,-48
9.33333,-48
9.34167,-49
9.35000,-49
9.35833,-49
9.36667,-49
9.37500,-49
9.38333,-49
9.39167,-49
9.40000,-49
9.40833,-49
9.41667,-49
9.42500,-49
9.43333,-49
9.44167,-48
9.45000,-48
9.45833,-49
9.46667,-49
9.47500,-49
9.48333,-49
9.49167,-49
9.50000,-49
9.50833,-48
9.51667,-48
9.52500,-48
9.53333,-48
9.54167,-48
9.55000,-48
9.55833,-48
9.56667,-48
9.57500,-48
9.58333,-48
9.59167,-48
9.60000,-48
9.60833,-48
9.61667,-48
9.62500,-48
9.63333,-48
9.64167,-48
9.65000,-48
9.65833,-48
9.66667,-48
9.67500,-48
9.68333,-47
9.69167,-47
9.70000,-47
9.70833,-47
9.71667,-47
9.72500,-48
9.73333,-48
9.74167,-48
9.75000,-48
9.75833,-47
9.76667,-47
9.77500,-47
9.78333,-47
9.79167,-46
9.80000,-46
9.80833,-46
9.81667,-46
9.82500,-46
9.83333,-46
9.84167,-46
9.85000,-46
9.85833,-46
9.86667,-46
9.87500,-46
9.88333,-46
9.89167,-46
9.90000,-46
9.90833,-47
9.91667,-47
9.92500,-47
9.93333,-47
9.94167,-47
9.95000,-47
9.95833,-46
9.96667,-46
9.97500,-46
9.98333,-46
9.99167,-46
10.00000,-45
10.00833,-45
10.01667,-45
10.02500,-45
10.03333,-45
10.04167,-45
10.05000,-45
10.05833,-45
10.06667,-44
10.07500,-44
10.08333,-43
10.09167,-43
10.10000,-43
10.10833,-42
10.11667,-42
10.12500,-41
10.13333,-41
10.14167,-40
10.15000,-39
10.15833,-38
10.16667,-37
10.17500,-36
10.18333,-36
10.19167,-35
10.20000,-34
10.20833,-33
10.21667,-32
10.22500,-30
10.23333,-29
10.24167,-27
10.25000,-25
10.25833,-23
10.26667,-21
10.27500,-18
10.28333,-16
10.29167,-13
10.30000,-9
10.30833,-6
10.31667,-1
10.32500,4
10.33333,10
10.34167,18
10.35000,26
10.35833,36
10.36667,47
10.37500,60
10.38333,74
10.39167,89
10.40000,106
10.40833,123
10.41667,141
10.42500,159
10.43333,176
10.44167,193
10.45000,207
10.45833,219
10.46667,228
10.47500,234
10.48333,237
10.49167,237
10.50000,235
10.50833,232
10.51667,229
10.52500,228
10.53333,234
10.54167,248
10.55000,275
10.55833,320
10.56667,386
10.57500,479
10.58333,606
10.59167,770
10.60000,979
10.60833,1238
10.61667,1554
10.62500,1933
10.63333,2381
10.64167,2903
10.65000,3505
10.65833,4193
10.66667,4971
10.67500,5845
10.68333,6818
10.69167,7896
10.70000,9082
10.70833,10379
10.71667,11791
10.72500,13318
10.73333,14964
10.74167,16731
10.75000,18619
10.75833,20630
10.76667,22764
10.77500,25020
10.78333,27400
10.79167,29901
10.80000,32523
10.80833,35265
10.81667,38123
10.82500,41096
10.83333,44181
10.84167,47373
10.85000,50669
10.85833,54063
10.86667,57549
10.87500,61120
10.88333,64769
10.89167,68484
10.90000,72256
10.90833,76071
10.91667,79912
10.92500,83763
10.93333,87600
10.94167,91399
10.95000,95129
10.95833,98756
10.96667,102242
10.97500,105542
10.98333,108608
10.99167,111388
11.00000,113826
11.00833,115864
11.01667,117444
11.02500,118509
11.03333,119009
11.04167,118899
11.05000,118146
11.05833,116729
11.06667,114645
11.07500,111905
11.08333,108541
11.09167,104604
11.10000,100159
11.10833,95286
11.11667,90076
11.12500,84623
11.13333,79025
11.14167,73379
11.15000,67771
11.15833,62282
11.16667,56978
11.17500,51916
11.18333,47136
11.19167,42669
11.20000,38531
11.20833,34731
11.21667,31267
11.22500,28129
11.23333,25304
11.24167,22774
11.25000,20520
11.25833,18517
11.26667,16744
11.27500,15177
11.28333,13796
11.29167,12580
11.30000,11509
11.30833,10566
11.31667,9736
11.32500,9004
11.33333,8358
11.34167,7785
11.35000,7277
11.35833,6825
11.36667,6421
11.37500,6059
11.38333,5733
11.39167,5439
11.40000,5172
11.40833,4928
11.41667,4706
11.42500,4501
11.43333,4312
11.44167,4137
11.45000,3974
11.45833,3822
11.46667,3678
11.47500,3544
11.48333,3417
11.49167,3297
11.50000,3184
11.50833,3076
11.51667,2974
11.52500,2876
11.53333,2782
11.54167,2693
11.55000,2608
11.55833,2525
11.56667,2447
11.57500,2371
11.58333,2299
11.59167,2229
11.60000,2163
11.60833,2098
11.61667,2037
11.62500,1978
11.63333,1921
11.64167,1866
11.65000,1813
11.65833,1762
11.66667,1713
11.67500,1666
11.68333,1622
11.69167,1578
11.70000,1537
11.70833,1497
11.71667,1459
11.72500,1422
11.73333,1387
11.74167,1354
11.75000,1321
11.75833,1290
11.76667,1260
11.77500,1231
11.78333,1204
11.79167,1178
11.80000,1152
11.80833,1128
11.81667,1104
11.82500,1082
11.83333,1060
11.84167,1040
11.85000,1020
11.85833,1002
11.86667,984
11.87500,967
11.88333,951
11.89167,935
11.90000,920
11.90833,906
11.91667,892
11.92500,879
11.93333,866
11.94167,854
11.95000,843
11.95833,832
11.96667,821
11.97500,812
11.98333,802
11.99167,793
12.00000,783
12.00833,774
12.01667,766
12.02500,757
12.03333,750
12.04167,743
12.05000,736
12.05833,729
12.06667,723
12.07500,717
12.08333,710
12.09167,704
12.10000,699
12.10833,693
12.11667,688
12.12500,683
12.13333,678
12.14167,673
12.15000,669
12.15833,665
12.16667,661
12.17500,657
12.18333,654
12.19167,651
12.20000,648
12.20833,645
12.21667,642
12.22500,640
12.23333,637
12.24167,635
12.25000,633
12.25833,631
12.26667,630
12.27500,629
12.28333,627
12.29167,626
12.30000,625
12.30833,624
12.31667,623
12.32500,622
12.33333,621
12.34167,621
12.35000,620
12.35833,620
12.36667,620
12.37500,620
12.38333,619
12.39167,619
12.40000,619
12.40833,619
12.41667,619
12.42500,618
12.43333,618
12.44167,617
12.45000,617
12.45833,616
12.46667,615
12.47500,615
12.48333,614
12.49167,613
12.50000,612
12.50833,611
12.51667,610
12.52500,609
12.53333,607
12.54167,606
12.55000,605
12.55833,603
12.56667,601
12.57500,599
12.58333,598
12.59167,597
12.60000,595
12.60833,594
12.61667,592
12.62500,591
12.63333,589
12.64167,588
12.65000,587
12.65833,587
12.66667,587
12.67500,587
12.68333,588
12.69167,590
12.70000,592
12.70833,596
12.71667,601
12.72500,607
12.73333,614
12.74167,624
12.75000,635
12.75833,650
12.76667,666
12.77500,685
12.78333,707
12.79167,731
12.80000,760
12.80833,792
12.81667,828
12.82500,868
12.83333,912
12.84167,961
12.85000,1014
12.85833,1073
12.86667,1136
12.87500,1204
12.88333,1277
12.89167,1356
12.90000,1440
12.90833,1529
12.91667,1624
12.92500,1724
12.93333,1830
12.94167,1942
12.95000,2059
12.95833,2182
12.96667,2311
12.97500,2446
12.98333,2587
12.99167,2734
13.00000,2886
13.00833,3044
13.01667,3208
13.02500,3378
13.03333,3553
13.04167,3734
13.05000,3920
13.05833,4113
13.06667,4310
13.07500,4513
13.08333,4721
13.09167,4934
13.10000,5152
13.10833,5375
13.11667,5603
13.12500,5836
13.13333,6074
13.14167,6317
13.15000,6564
13.15833,6815
13.16667,7071
13.17500,7331
13.18333,7595
13.19167,7863
13.20000,8136
13.20833,8412
13.21667,8691
13.22500,8975
13.23333,9262
13.24167,9552
13.25000,9846
13.25833,10143
13.26667,10444
13.27500,10748
13.28333,11055
13.29167,11365
13.30000,11678
13.30833,11994
13.31667,12312
13.32500,12634
13.33333,12958
13.34167,13286
13.35000,13616
13.35833,13950
13.36667,14286
13.37500,14624
13.38333,14965
13.39167,15310
13.40000,15657
13.40833,16006
13.41667,16359
13.42500,16715
13.43333,17073
13.44167,17434
13.45000,17797
13.45833,18164
13.46667,18533
13.47500,18905
13.48333,19280
13.49167,19657
13.50000,20038
13.50833,20422
13.51667,20808
13.52500,21198
13.53333,21591
13.54167,21986
13.55000,22385
13.55833,22787
13.56667,23192
13.57500,23601
13.58333,24013
13.59167,24427
13.60000,24845
13.60833,25266
13.61667,25690
13.62500,26118
13.63333,26550
13.64167,26985
13.65000,27424
13.65833,27866
13.66667,28312
13.67500,28761
13.68333,29214
13.69167,29671
13.70000,30131
13.70833,30595
13.71667,31063
13.72500,31535
13.73333,32010
13.74167,32490
13.75000,32973
13.75833,33461
13.76667,33952
13.77500,34448
13.78333,34948
13.79167,35451
13.80000,35959
13.80833,36471
13.81667,36988
13.82500,37509
13.83333,38034
13.84167,38564
13.85000,39099
13.85833,39637
13.86667,40180
13.87500,40728
13.88333,41280
13.89167,41838
13.90000,42400
13.90833,42967
13.91667,43538
13.92500,44115
13.93333,44696
13.94167,45283
13.95000,45874
13.95833,46471
13.96667,47072
13.97500,47679
13.98333,48291
13.99167,48909
14.00000,49531
14.00833,50159
14.01667,50793
14.02500,51432
14.03333,52076
14.04167,52727
14.05000,53383
14.05833,54045
14.06667,54713
14.07500,55387
14.08333,56067
14.09167,56753
14.10000,57445
14.10833,58144
14.11667,58848
14.12500,59560
14.13333,60277
14.14167,61002
14.15000,61733
14.15833,62470
14.16667,63215
14.17500,63967
14.18333,64725
14.19167,65491
14.20000,66264
14.20833,67044
14.21667,67832
14.22500,68626
14.23333,69427
14.24167,70233
14.25000,71044
14.25833,71855
14.26667,72665
14.27500,73466
14.28333,74252
14.29167,75017
14.30000,75749
14.30833,76438
14.31667,77072
14.32500,77638
14.33333,78124
14.34167,78517
14.35000,78805
14.35833,78979
14.36667,79029
14.37500,78948
14.38333,78730
14.39167,78371
14.40000,77868
14.40833,77218
14.41667,76418
14.42500,75468
14.43333,74365
14.44167,73107
14.45000,71694
14.45833,70121
14.46667,68389
14.47500,66498
14.48333,64449
14.49167,62248
14.50000,59902
14.50833,57423
14.51667,54825
14.52500,52126
14.53333,49348
14.54167,46515
14.55000,43652
14.55833,40788
14.56667,37949
14.57500,35162
14.58333,32450
14.59167,29837
14.60000,27340
14.60833,24973
14.61667,22749
14.62500,20675
14.63333,18756
14.64167,16991
14.65000,15378
14.65833,13912
14.66667,12587
14.67500,11395
14.68333,10327
14.69167,9373
14.70000,8523
14.70833,7769
14.71667,7100
14.72500,6509
14.73333,5985
14.74167,5522
14.75000,5113
14.75833,4751
14.76667,4430
14.77500,4146
14.78333,3893
14.79167,3668
14.80000,3467
14.80833,3287
14.81667,3126
14.82500,2980
14.83333,2849
14.84167,2730
14.85000,2621
14.85833,2522
14.86667,2431
14.87500,2347
14.88333,2270
14.89167,2198
14.90000,2132
14.90833,2070
14.91667,2013
14.92500,1958
14.93333,1908
14.94167,1860
14.95000,1814
14.95833,1771
14.96667,1731
14.97500,1692
14.98333,1655
14.99167,1620
15.00000,1587
15.00833,1556
15.01667,1526
15.02500,1497
15.03333,1470
15.04167,1445
15.05000,1420
15.05833,1397
15.06667,1375
15.07500,1353
15.08333,1333
15.09167,1313
15.10000,1295
15.10833,1278
15.11667,1262
15.12500,1247
15.13333,1233
15.14167,1220
15.15000,1208
15.15833,1197
15.16667,1186
15.17500,1177
15.18333,1170
15.19167,1164
15.20000,1161
15.20833,1160
15.21667,1161
15.22500,1166
15.23333,1174
15.24167,1187
15.25000,1206
15.25833,1231
15.26667,1264
15.27500,1306
15.28333,1359
15.29167,1424
15.30000,1504
15.30833,1599
15.31667,1714
15.32500,1851
15.33333,2012
15.34167,2200
15.35000,2418
15.35833,2669
15.36667,2958
15.37500,3287
15.38333,3660
15.39167,4079
15.40000,4548
15.40833,5071
15.41667,5651
15.42500,6288
15.43333,6987
15.44167,7749
15.45000,8575
15.45833,9466
15.46667,10422
15.47500,11443
15.48333,12527
15.49167,13672
15.50000,14878
15.50833,16139
15.51667,17453
15.52500,18815
15.53333,20219
15.54167,21659
15.55000,23130
15.55833,24624
15.56667,26136
15.57500,27657
15.58333,29180
15.59167,30699
15.60000,32204
15.60833,33688
15.61667,35146
15.62500,36569
15.63333,37952
15.64167,39288
15.65000,40571
15.65833,41795
15.66667,42957
15.67500,44052
15.68333,45076
15.69167,46026
15.70000,46900
15.70833,47694
15.71667,48407
15.72500,49037
15.73333,49583
15.74167,50044
15.75000,50421
15.75833,50712
15.76667,50917
15.77500,51037
15.78333,51072
15.79167,51022
15.80000,50889
15.80833,50673
15.81667,50376
15.82500,50000
15.83333,49546
15.84167,49017
15.85000,48415
15.85833,47742
15.86667,47001
15.87500,46196
15.88333,45328
15.89167,44403
15.90000,43424
15.90833,42395
15.91667,41321
15.92500,40206
15.93333,39055
15.94167,37873
15.95000,36664
15.95833,35435
15.96667,34189
15.97500,32931
15.98333,31668
15.99167,30402
16.00000,29140
16.00833,27885
16.01667,26641
16.02500,25414
16.03333,24206
16.04167,23021
16.05000,21862
16.05833,20733
16.06667,19635
16.07500,18570
16.08333,17541
16.09167,16549
16.10000,15596
16.10833,14682
16.11667,13808
16.12500,12975
16.13333,12181
16.14167,11428
16.15000,10715
16.15833,10041
16.16667,9405
16.17500,8807
16.18333,8246
16.19167,7720
16.20000,7227
16.20833,6767
16.21667,6339
16.22500,5940
16.23333,5570
16.24167,5226
16.25000,4908
16.25833,4614
16.26667,4343
16.27500,4092
16.28333,3861
16.29167,3648
16.30000,3452
16.30833,3272
16.31667,3107
16.32500,2956
16.33333,2816
16.34167,2688
16.35000,2571
16.35833,2464
16.36667,2365
16.37500,2275
16.38333,2192
16.39167,2116
16.40000,2046
16.40833,1981
16.41667,1922
16.42500,1867
16.43333,1817
16.44167,1770
16.45000,1726
16.45833,1686
16.46667,1648
16.47500,1613
16.48333,1580
16.49167,1549
16.50000,1520
16.50833,1493
16.51667,1467
16.52500,1442
16.53333,1418
16.54167,1396
16.55000,1373
16.55833,1352
16.56667,1332
16.57500,1312
16.58333,1293
16.59167,1274
16.60000,1255
16.60833,1237
16.61667,1220
16.62500,1203
16.63333,1186
16.64167,1169
16.65000,1152
16.65833,1136
16.66667,1120
16.67500,1104
16.68333,1089
16.69167,1074
16.70000,1059
16.70833,1044
16.71667,1030
16.72500,1016
16.73333,1003
16.74167,990
16.75000,977
16.75833,965
16.76667,952
16.77500,940
16.78333,929
16.79167,918
16.80000,908
16.80833,898
16.81667,888
16.82500,879
16.83333,871
16.84167,863
16.85000,854
16.85833,846
16.86667,838
16.87500,831
16.88333,824
16.89167,817
16.90000,811
16.90833,805
16.91667,799
16.92500,794
16.93333,788
16.94167,783
16.95000,779
16.95833,774
16.96667,770
16.97500,766
16.98333,762
16.99167,758
17.00000,754
17.00833,750
17.01667,746
17.02500,742
17.03333,739
17.04167,736
17.05000,733
17.05833,730
17.06667,727
17.07500,724
17.08333,721
17.09167,719
17.10000,716
17.10833,713
17.11667,711
17.12500,708
17.13333,706
17.14167,704
17.15000,702
17.15833,699
17.16667,697
17.17500,694
17.18333,692
17.19167,690
17.20000,688
17.20833,686
17.21667,685
17.22500,683
17.23333,681
17.24167,679
17.25000,677
17.25833,675
17.26667,674
17.27500,672
17.28333,671
17.29167,669
17.30000,668
17.30833,666
17.31667,664
17.32500,663
17.33333,661
17.34167,660
17.35000,659
17.35833,657
17.36667,655
17.37500,654
17.38333,653
17.39167,653
17.40000,652
17.40833,651
17.41667,650
17.42500,650
17.43333,650
17.44167,650
17.45000,651
17.45833,652
17.46667,653
17.47500,654
17.48333,655
17.49167,656
17.50000,658
17.50833,661
17.51667,664
17.52500,668
17.53333,672
17.54167,676
17.55000,680
17.55833,684
17.56667,688
17.57500,693
17.58333,698
17.59167,703
17.60000,708
17.60833,713
17.61667,719
17.62500,725
17.63333,730
17.64167,736
17.65000,742
17.65833,748
17.66667,754
17.67500,760
17.68333,766
17.69167,772
17.70000,778
17.70833,783
17.71667,789
17.72500,795
17.73333,800
17.74167,805
17.75000,810
17.75833,815
17.76667,820
17.77500,824
17.78333,828
17.79167,831
17.80000,835
17.80833,838
17.81667,841
17.82500,844
17.83333,847
17.84167,849
17.85000,851
17.85833,852
17.86667,853
17.87500,854
17.88333,855
17.89167,855
17.90000,854
17.90833,853
17.91667,852
17.92500,850
17.93333,848
17.94167,846
17.95000,843
17.95833,840
17.96667,836
17.97500,832
17.98333,828
17.99167,823
18.00000,818
18.00833,812
18.01667,806
18.02500,800
18.03333,794
18.04167,787
18.05000,781
18.05833,774
18.06667,766
18.07500,759
18.08333,751
18.09167,743
18.10000,735
18.10833,727
18.11667,719
18.12500,711
18.13333,702
18.14167,694
18.15000,686
18.15833,678
18.16667,670
18.17500,661
18.18333,653
18.19167,645
18.20000,637
18.20833,630
18.21667,623
18.22500,615
18.23333,608
18.24167,600
18.25000,593
18.25833,587
18.26667,580
18.27500,574
18.28333,568
18.29167,562
18.30000,557
18.30833,551
18.31667,546
18.32500,542
18.33333,537
18.34167,533
18.35000,529
18.35833,525
18.36667,522
18.37500,519
18.38333,517
18.39167,514
18.40000,512
18.40833,510
18.41667,508
18.42500,507
18.43333,506
18.44167,506
18.45000,505
18.45833,505
18.46667,505
18.47500,506
18.48333,506
18.49167,507
18.50000,508
18.50833,510
18.51667,512
18.52500,513
18.53333,516
18.54167,518
18.55000,521
18.55833,524
18.56667,527
18.57500,531
18.58333,535
18.59167,539
18.60000,543
18.60833,547
18.61667,551
18.62500,555
18.63333,560
18.64167,564
18.65000,569
18.65833,574
18.66667,579
18.67500,584
18.68333,589
18.69167,594
18.70000,599
18.70833,604
18.71667,609
18.72500,615
18.73333,620
18.74167,626
18.75000,631
18.75833,636
18.76667,642
18.77500,647
18.78333,652
18.79167,658
18.80000,664
18.80833,669
18.81667,674
18.82500,679
18.83333,684
18.84167,689
18.85000,695
18.85833,699
18.86667,704
18.87500,709
18.88333,713
18.89167,718
18.90000,722
18.90833,727
18.91667,731
18.92500,735
18.93333,739
18.94167,743
18.95000,747
18.95833,750
18.96667,753
18.97500,755
18.98333,757
18.99167,759
19.00000,761
19.00833,762
19.01667,764
19.02500,765
19.03333,766
19.04167,767
19.05000,768
19.05833,769
19.06667,769
19.07500,769
19.08333,769
19.09167,768
19.10000,768
19.10833,767
19.11667,766
19.12500,765
19.13333,764
19.14167,762
19.15000,760
19.15833,757
19.16667,755
19.17500,752
19.18333,749
19.19167,746
19.20000,743
19.20833,739
19.21667,736
19.22500,732
19.23333,728
19.24167,724
19.25000,720
19.25833,716
19.26667,711
19.27500,707
19.28333,702
19.29167,698
19.30000,693
19.30833,688
19.31667,683
19.32500,678
19.33333,673
19.34167,667
19.35000,662
19.35833,657
19.36667,652
19.37500,647
19.38333,641
19.39167,636
19.40000,631
19.40833,626
19.41667,621
19.42500,615
19.43333,610
19.44167,605
19.45000,599
19.45833,594
19.46667,588
19.47500,583
19.48333,578
19.49167,573
19.50000,568
19.50833,563
19.51667,559
19.52500,554
19.53333,549
19.54167,545
19.55000,540
19.55833,535
19.56667,531
19.57500,526
19.58333,522
19.59167,518
19.60000,514
19.60833,510
19.61667,506
19.62500,502
19.63333,498
19.64167,495
19.65000,492
19.65833,489
19.66667,485
19.67500,482
19.68333,480
19.69167,477
19.70000,475
19.70833,473
19.71667,471
19.72500,470
19.73333,469
19.74167,468
19.75000,469
19.75833,469
19.76667,469
19.77500,470
19.78333,470
19.79167,472
19.80000,474
19.80833,476
19.81667,478
19.82500,481
19.83333,485
19.84167,489
19.85000,494
19.85833,499
19.86667,505
19.87500,512
19.88333,519
19.89167,526
19.90000,535
19.90833,544
19.91667,553
19.92500,563
19.93333,574
19.94167,585
19.95000,597
19.95833,610
19.96667,623
19.97500,636
19.98333,649
19.99167,663
20.00000,677
20.00833,692
20.01667,706
20.02500,721
20.03333,736
20.04167,752
20.05000,767
20.05833,782
20.06667,797
20.07500,812
20.08333,827
20.09167,842
20.10000,857
20.10833,871
20.11667,885
20.12500,899
20.13333,913
20.14167,926
20.15000,939
20.15833,951
20.16667,963
20.17500,974
20.18333,984
20.19167,993
20.20000,1002
20.20833,1011
20.21667,1019
20.22500,1026
20.23333,1033
20.24167,1039
20.25000,1044
20.25833,1048
20.26667,1052
20.27500,1055
20.28333,1057
20.29167,1059
20.30000,1060
20.30833,1061
20.31667,1060
20.32500,1059
20.33333,1058
20.34167,1055
20.35000,1053
20.35833,1050
20.36667,1047
20.37500,1043
20.38333,1038
20.39167,1033
20.40000,1027
20.40833,1021
20.41667,1014
20.42500,1008
20.43333,1001
20.44167,994
20.45000,987
20.45833,980
20.46667,973
20.47500,966
20.48333,958
20.49167,951
20.50000,944
20.50833,938
20.51667,931
20.52500,925
20.53333,919
20.54167,913
20.55000,908
20.55833,904
20.56667,900
20.57500,898
20.58333,896
20.59167,894
20.60000,894
20.60833,894
20.61667,895
20.62500,896
20.63333,898
20.64167,901
20.65000,905
20.65833,909
20.66667,914
20.67500,920
20.68333,926
20.69167,933
20.70000,941
20.70833,949
20.71667,956
20.72500,965
20.73333,973
20.74167,982
20.75000,991
20.75833,1001
20.76667,1011
20.77500,1021
20.78333,1031
20.79167,1041
20.80000,1050
20.80833,1060
20.81667,1069
20.82500,1078
20.83333,1087
20.84167,1095
20.85000,1104
20.85833,1111
20.86667,1119
20.87500,1126
20.88333,1132
20.89167,1139
20.90000,1145
20.90833,1151
20.91667,1156
20.92500,1161
20.93333,1165
20.94167,1169
20.95000,1173
20.95833,1175
20.96667,1178
20.97500,1179
20.98333,1180
20.99167,1181
21.00000,1181
21.00833,1181
21.01667,1181
21.02500,1180
21.03333,1178
21.04167,1175
21.05000,1172
21.05833,1168
21.06667,1163
21.07500,1158
21.08333,1153
21.09167,1147
21.10000,1140
21.10833,1133
21.11667,1125
21.12500,1117
21.13333,1108
21.14167,1098
21.15000,1088
21.15833,1078
21.16667,1067
21.17500,1056
21.18333,1045
21.19167,1033
21.20000,1021
21.20833,1009
21.21667,997
21.22500,984
21.23333,971
21.24167,958
21.25000,946
21.25833,933
21.26667,920
21.27500,907
21.28333,895
21.29167,883
21.30000,871
21.30833,859
21.31667,847
21.32500,836
21.33333,825
21.34167,814
21.35000,804
21.35833,795
21.36667,785
21.37500,776
21.38333,768
21.39167,761
21.40000,754
21.40833,748
21.41667,743
21.42500,738
21.43333,734
21.44167,731
21.45000,728
21.45833,726
21.46667,725
21.47500,724
21.48333,724
21.49167,725
21.50000,727
21.50833,731
21.51667,734
21.52500,739
21.53333,744
21.54167,750
21.55000,757
21.55833,764
21.56667,772
21.57500,780
21.58333,789
21.59167,799
21.60000,808
21.60833,818
21.61667,829
21.62500,840
21.63333,850
21.64167,861
21.65000,872
21.65833,883
21.66667,893
21.67500,904
21.68333,914
21.69167,925
21.70000,935
21.70833,945
21.71667,955
21.72500,964
21.73333,972
21.74167,980
21.75000,988
21.75833,996
21.76667,1003
21.77500,1009
21.78333,1014
21.79167,1019
21.80000,1024
21.80833,1028
21.81667,1032
21.82500,1035
21.83333,1038
21.84167,1040
21.85000,1042
21.85833,1043
21.86667,1044
21.87500,1044
21.88333,1043
21.89167,1043
21.90000,1041
21.90833,1039
21.91667,1037
21.92500,1034
21.93333,1030
21.94167,1026
21.95000,1021
21.95833,1016
21.96667,1010
21.97500,1004
21.98333,997
21.99167,990
22.00000,982
22.00833,973
22.01667,964
22.02500,955
22.03333,944
22.04167,933
22.05000,922
22.05833,910
22.06667,898
22.07500,885
22.08333,873
22.09167,859
22.10000,845
22.10833,831
22.11667,816
22.12500,801
22.13333,786
22.14167,771
22.15000,755
22.15833,739
22.16667,724
22.17500,708
22.18333,692
22.19167,677
22.20000,661
22.20833,646
22.21667,631
22.22500,616
22.23333,602
22.24167,587
22.25000,573
22.25833,559
22.26667,546
22.27500,533
22.28333,520
22.29167,508
22.30000,496
22.30833,485
22.31667,474
22.32500,463
22.33333,453
22.34167,443
22.35000,434
22.35833,425
22.36667,417
22.37500,409
22.38333,401
22.39167,393
22.40000,387
22.40833,381
22.41667,375
22.42500,369
22.43333,364
22.44167,360
22.45000,355
22.45833,351
22.46667,348
22.47500,344
22.48333,341
22.49167,338
22.50000,336
22.50833,334
22.51667,332
22.52500,330
22.53333,328
22.54167,327
22.55000,326
22.55833,324
22.56667,324
22.57500,323
22.58333,322
22.59167,322
22.60000,322
22.60833,322
22.61667,323
22.62500,323
22.63333,324
22.64167,325
22.65000,326
22.65833,327
22.66667,328
22.67500,329
22.68333,331
22.69167,332
22.70000,334
22.70833,336
22.71667,339
22.72500,341
22.73333,344
22.74167,347
22.75000,349
22.75833,352
22.76667,355
22.77500,358
22.78333,362
22.79167,365
22.80000,368
22.80833,372
22.81667,376
22.82500,380
22.83333,383
22.84167,387
22.85000,391
22.85833,394
22.86667,398
22.87500,402
22.88333,406
22.89167,409
22.90000,413
22.90833,416
22.91667,420
22.92500,424
22.93333,427
22.94167,430
22.95000,434
22.95833,437
22.96667,441
22.97500,444
22.98333,448
22.99167,451
23.00000,454
23.00833,456
23.01667,459
23.02500,462
23.03333,465
23.04167,467
23.05000,470
23.05833,472
23.06667,474
23.07500,477
23.08333,479
23.09167,481
23.10000,483
23.10833,484
23.11667,486
23.12500,487
23.13333,488
23.14167,488
23.15000,489
23.15833,489
23.16667,490
23.17500,490
23.18333,491
23.19167,491
23.20000,491
23.20833,491
23.21667,490
23.22500,490
23.23333,489
23.24167,488
23.25000,488
23.25833,487
23.26667,486
23.27500,484
23.28333,483
23.29167,481
23.30000,479
23.30833,478
23.31667,476
23.32500,475
23.33333,473
23.34167,470
23.35000,468
23.35833,466
23.36667,464
23.37500,461
23.38333,459
23.39167,457
23.40000,455
23.40833,453
23.41667,451
23.42500,449
23.43333,447
23.44167,445
23.45000,442
23.45833,440
23.46667,438
23.47500,436
23.48333,435
23.49167,433
23.50000,432
23.50833,430
23.51667,428
23.52500,427
23.53333,425
23.54167,423
23.55000,422
23.55833,420
23.56667,419
23.57500,417
23.58333,416
23.59167,414
23.60000,413
23.60833,412
23.61667,411
23.62500,410
23.63333,409
23.64167,408
23.65000,407
23.65833,406
23.66667,405
23.67500,404
23.68333,403
23.69167,402
23.70000,401
23.70833,401
23.71667,400
23.72500,399
23.73333,399
23.74167,398
23.75000,397
23.75833,396
23.76667,395
23.77500,394
23.78333,393
23.79167,392
23.80000,392
23.80833,391
23.81667,390
23.82500,389
23.83333,388
23.84167,387
23.85000,386
23.85833,385
23.86667,384
23.87500,382
23.88333,381
23.89167,380
23.90000,379
23.90833,378
23.91667,377
23.92500,377
23.93333,376
23.94167,375
23.95000,374
23.95833,373
23.96667,372
23.97500,371
23.98333,369
23.99167,368
24.00000,366
24.00833,365
24.01667,363
24.02500,362
24.03333,362
24.04167,361
24.05000,360
24.05833,358
24.06667,357
24.07500,356
24.08333,355
24.09167,355
24.10000,353
24.10833,352
24.11667,351
24.12500,350
24.13333,349
24.14167,348
24.15000,347
24.15833,345
24.16667,344
24.17500,343
24.18333,342
24.19167,341
24.20000,340
24.20833,339
24.21667,339
24.22500,338
24.23333,337
24.24167,337
24.25000,336
24.25833,336
24.26667,335
24.27500,335
24.28333,335
24.29167,335
24.30000,335
24.30833,335
24.31667,335
24.32500,336
24.33333,336
24.34167,337
24.35000,339
24.35833,340
24.36667,343
24.37500,345
24.38333,348
24.39167,352
24.40000,356
24.40833,361
24.41667,366
24.42500,373
24.43333,380
24.44167,388
24.45000,397
24.45833,408
24.46667,419
24.47500,432
24.48333,447
24.49167,463
24.50000,481
24.50833,500
24.51667,522
24.52500,545
24.53333,570
24.54167,597
24.55000,626
24.55833,657
24.56667,691
24.57500,727
24.58333,766
24.59167,807
24.60000,851
24.60833,897
24.61667,945
24.62500,996
24.63333,1050
24.64167,1106
24.65000,1164
24.65833,1224
24.66667,1287
24.67500,1351
24.68333,1419
24.69167,1487
24.70000,1558
24.70833,1630
24.71667,1703
24.72500,1778
24.73333,1854
24.74167,1931
24.75000,2009
24.75833,2087
24.76667,2165
24.77500,2243
24.78333,2321
24.79167,2398
24.80000,2475
24.80833,2552
24.81667,2627
24.82500,2702
24.83333,2775
24.84167,2847
24.85000,2917
24.85833,2986
24.86667,3053
24.87500,3118
24.88333,3181
24.89167,3242
24.90000,3302
24.90833,3359
24.91667,3414
24.92500,3466
24.93333,3517
24.94167,3565
24.95000,3611
24.95833,3654
24.96667,3695
24.97500,3734
24.98333,3770
24.99167,3803
25.00000,3835
25.00833,3863
25.01667,3889
25.02500,3913
25.03333,3935
25.04167,3954
25.05000,3970
25.05833,3984
25.06667,3994
25.07500,4002
25.08333,4008
25.09167,4010
25.10000,4010
25.10833,4007
25.11667,4000
25.12500,3991
25.13333,3979
25.14167,3964
25.15000,3946
25.15833,3925
25.16667,3900
25.17500,3872
25.18333,3842
25.19167,3808
25.20000,3772
25.20833,3732
25.21667,3690
25.22500,3644
25.23333,3596
25.24167,3546
25.25000,3493
25.25833,3438
25.26667,3380
25.27500,3320
25.28333,3258
25.29167,3194
25.30000,3128
25.30833,3061
25.31667,2993
25.32500,2923
25.33333,2853
25.34167,2781
25.35000,2709
25.35833,2636
25.36667,2563
25.37500,2490
25.38333,2418
25.39167,2345
25.40000,2273
25.40833,2201
25.41667,2129
25.42500,2059
25.43333,1989
25.44167,1920
25.45000,1853
25.45833,1787
25.46667,1722
25.47500,1659
25.48333,1598
25.49167,1538
25.50000,1480
25.50833,1424
25.51667,1370
25.52500,1317
25.53333,1267
25.54167,1218
25.55000,1171
25.55833,1126
25.56667,1082
25.57500,1041
25.58333,1001
25.59167,963
25.60000,926
25.60833,892
25.61667,859
25.62500,828
25.63333,798
25.64167,769
25.65000,742
25.65833,717
25.66667,693
25.67500,670
25.68333,648
25.69167,628
25.70000,609
25.70833,591
25.71667,575
25.72500,559
25.73333,543
25.74167,529
25.75000,515
25.75833,502
25.76667,490
25.77500,478
25.78333,467
25.79167,457
25.80000,447
25.80833,437
25.81667,428
25.82500,419
25.83333,411
25.84167,403
25.85000,395
25.85833,388
25.86667,381
25.87500,374
25.88333,368
25.89167,361
25.90000,355
25.90833,349
25.91667,343
25.92500,336
25.93333,330
25.94167,324
25.95000,319
25.95833,313
25.96667,308
25.97500,303
25.98333,298
25.99167,292
26.00000,287
26.00833,282
26.01667,277
26.02500,272
26.03333,267
26.04167,262
26.05000,258
26.05833,254
26.06667,249
26.07500,245
26.08333,241
26.09167,237
26.10000,233
26.10833,228
26.11667,224
26.12500,221
26.13333,217
26.14167,214
26.15000,210
26.15833,207
26.16667,203
26.17500,199
26.18333,196
26.19167,192
26.20000,189
26.20833,187
26.21667,184
26.22500,181
26.23333,178
26.24167,175
26.25000,172
26.25833,170
26.26667,167
26.27500,165
26.28333,163
26.29167,161
26.30000,159
26.30833,158
26.31667,157
26.32500,155
26.33333,153
26.34167,152
26.35000,150
26.35833,149
26.36667,148
26.37500,147
26.38333,146
26.39167,145
26.40000,144
26.40833,144
26.41667,143
26.42500,142
26.43333,142
26.44167,141
26.45000,141
26.45833,140
26.46667,140
26.47500,140
26.48333,139
26.49167,139
26.50000,139
26.50833,139
26.51667,139
26.52500,139
26.53333,139
26.54167,139
26.55000,139
26.55833,139
26.56667,139
26.57500,138
26.58333,138
26.59167,138
26.60000,138
26.60833,139
26.61667,139
26.62500,139
26.63333,140
26.64167,140
26.65000,140
26.65833,140
26.66667,140
26.67500,140
26.68333,140
26.69167,141
26.70000,141
26.70833,142
26.71667,142
26.72500,142
26.73333,142
26.74167,142
26.75000,143
26.75833,143
26.76667,143
26.77500,143
26.78333,143
26.79167,144
26.80000,144
26.80833,144
26.81667,144
26.82500,144
26.83333,144
26.84167,144
26.85000,144
26.85833,145
26.86667,145
26.87500,146
26.88333,146
26.89167,146
26.90000,146
26.90833,146
26.91667,146
26.92500,146
26.93333,146
26.94167,146
26.95000,146
26.95833,147
26.96667,147
26.97500,147
26.98333,147
26.99167,147
27.00000,147
27.00833,147
27.01667,148
27.02500,148
27.03333,148
27.04167,149
27.05000,149
27.05833,149
27.06667,150
27.07500,150
27.08333,150
27.09167,150
27.10000,150
27.10833,151
27.11667,151
27.12500,150
27.13333,151
27.14167,151
27.15000,151
27.15833,151
27.16667,151
27.17500,151
27.18333,151
27.19167,151
27.20000,151
27.20833,151
27.21667,150
27.22500,150
27.23333,150
27.24167,150
27.25000,150
27.25833,151
27.26667,151
27.27500,151
27.28333,151
27.29167,151
27.30000,151
27.30833,151
27.31667,151
27.32500,151
27.33333,151
27.34167,151
27.35000,151
27.35833,151
27.36667,151
27.37500,150
27.38333,150
27.39167,150
27.40000,150
27.40833,149
27.41667,149
27.42500,148
27.43333,148
27.44167,148
27.45000,148
27.45833,148
27.46667,148
27.47500,147
27.48333,146
27.49167,146
27.50000,146
27.50833,146
27.51667,146
27.52500,146
27.53333,145
27.54167,145
27.55000,144
27.55833,144
27.56667,144
27.57500,143
27.58333,142
27.59167,142
27.60000,141
27.60833,141
27.61667,140
27.62500,139
27.63333,139
27.64167,138
27.65000,138
27.65833,137
27.66667,137
27.67500,136
27.68333,136
27.69167,135
27.70000,134
27.70833,134
27.71667,133
27.72500,132
27.73333,132
27.74167,131
27.75000,130
27.75833,129
27.76667,128
27.77500,127
27.78333,126
27.79167,126
27.80000,125
27.80833,125
27.81667,124
27.82500,124
27.83333,123
27.84167,123
27.85000,122
27.85833,122
27.86667,121
27.87500,120
27.88333,120
27.89167,119
27.90000,119
27.90833,119
27.91667,118
27.92500,118
27.93333,117
27.94167,117
27.95000,117
27.95833,117
27.96667,116
27.97500,116
27.98333,116
27.99167,116
28.00000,116
28.00833,116
28.01667,116
28.02500,116
28.03333,116
28.04167,116
28.05000,117
28.05833,117
28.06667,116
28.07500,116
28.08333,116
28.09167,116
28.10000,116
28.10833,116
28.11667,116
28.12500,117
28.13333,117
28.14167,117
28.15000,116
28.15833,116
28.16667,117
28.17500,117
28.18333,117
28.19167,117
28.20000,117
28.20833,117
28.21667,117
28.22500,117
28.23333,117
28.24167,118
28.25000,118
28.25833,118
28.26667,119
28.27500,119
28.28333,119
28.29167,120
28.30000,120
28.30833,121
28.31667,122
28.32500,123
28.33333,124
28.34167,125
28.35000,126
28.35833,127
28.36667,129
28.37500,130
28.38333,132
28.39167,134
28.40000,137
28.40833,140
28.41667,143
28.42500,146
28.43333,150
28.44167,155
28.45000,159
28.45833,165
28.46667,171
28.47500,177
28.48333,185
28.49167,193
28.50000,202
28.50833,211
28.51667,222
28.52500,233
28.53333,246
28.54167,258
28.55000,272
28.55833,288
28.56667,304
28.57500,322
28.58333,340
28.59167,361
28.60000,382
28.60833,405
28.61667,429
28.62500,455
28.63333,482
28.64167,510
28.65000,539
28.65833,571
28.66667,604
28.67500,638
28.68333,675
28.69167,713
28.70000,753
28.70833,794
28.71667,836
28.72500,880
28.73333,925
28.74167,972
28.75000,1019
28.75833,1069
28.76667,1119
28.77500,1170
28.78333,1222
28.79167,1274
28.80000,1328
28.80833,1382
28.81667,1437
28.82500,1493
28.83333,1549
28.84167,1606
28.85000,1662
28.85833,1719
28.86667,1775
28.87500,1832
28.88333,1887
28.89167,1943
28.90000,1997
28.90833,2051
28.91667,2105
28.92500,2158
28.93333,2210
28.94167,2262
28.95000,2312
28.95833,2360
28.96667,2407
28.97500,2453
28.98333,2497
28.99167,2540
29.00000,2581
29.00833,2621
29.01667,2659
29.02500,2696
29.03333,2730
29.04167,2764
29.05000,2795
29.05833,2825
29.06667,2853
29.07500,2880
29.08333,2904
29.09167,2927
29.10000,2948
29.10833,2967
29.11667,2985
29.12500,3002
29.13333,3016
29.14167,3029
29.15000,3040
29.15833,3050
29.16667,3059
29.17500,3065
29.18333,3070
29.19167,3073
29.20000,3075
29.20833,3075
29.21667,3075
29.22500,3073
29.23333,3069
29.24167,3064
29.25000,3058
29.25833,3050
29.26667,3040
29.27500,3028
29.28333,3016
29.29167,3001
29.30000,2985
29.30833,2968
29.31667,2950
29.32500,2930
29.33333,2908
29.34167,2885
29.35000,2861
29.35833,2835
29.36667,2808
29.37500,2779
29.38333,2748
29.39167,2716
29.40000,2683
29.40833,2648
29.41667,2612
29.42500,2574
29.43333,2535
29.44167,2496
29.45000,2455
29.45833,2413
29.46667,2370
29.47500,2326
29.48333,2281
29.49167,2235
29.50000,2188
29.50833,2140
29.51667,2093
29.52500,2044
29.53333,1995
29.54167,1946
29.55000,1896
29.55833,1846
29.56667,1796
29.57500,1746
29.58333,1696
29.59167,1646
29.60000,1596
29.60833,1546
29.61667,1497
29.62500,1448
29.63333,1400
29.64167,1353
29.65000,1307
29.65833,1260
29.66667,1215
29.67500,1170
29.68333,1127
29.69167,1084
29.70000,1042
29.70833,1002
29.71667,962
29.72500,923
29.73333,885
29.74167,848
29.75000,812
29.75833,777
29.76667,743
29.77500,711
29.78333,680
29.79167,650
29.80000,621
29.80833,594
29.81667,567
29.82500,541
29.83333,517
29.84167,493
29.85000,471
29.85833,449
29.86667,429
29.87500,409
29.88333,391
29.89167,374
29.90000,357
29.90833,342
29.91667,326
29.92500,312
29.93333,298
29.94167,285
29.95000,272
29.95833,260
29.96667,249
29.97500,239
29.98333,229
29.99167,219
30.00000,210
30.00833,202
30.01667,193
30.02500,186
30.03333,178
30.04167,171
30.05000,165
30.05833,159
30.06667,153
30.07500,148
30.08333,142
30.09167,137
30.10000,132
30.10833,128
30.11667,123
30.12500,119
30.13333,115
30.14167,111
30.15000,107
30.15833,103
30.16667,99
30.17500,95
30.18333,92
30.19167,88
30.20000,85
30.20833,82
30.21667,79
30.22500,76
30.23333,73
30.24167,70
30.25000,67
30.25833,65
30.26667,62
30.27500,60
30.28333,57
30.29167,55
30.30000,52
30.30833,49
30.31667,47
30.32500,44
30.33333,42
30.34167,40
30.35000,38
30.35833,35
30.36667,33
30.37500,31
30.38333,29
30.39167,27
30.40000,26
30.40833,24
30.41667,23
30.42500,21
30.43333,20
30.44167,19
30.45000,17
30.45833,16
30.46667,14
30.47500,13
30.48333,12
30.49167,12
30.50000,11
30.50833,10
30.51667,10
30.52500,10
30.53333,9
30.54167,9
30.55000,9
30.55833,9
30.56667,9
30.57500,9
30.58333,10
30.59167,11
30.60000,11
30.60833,12
30.61667,13
30.62500,13
30.63333,14
30.64167,16
30.65000,17
30.65833,18
30.66667,20
30.67500,22
30.68333,24
30.69167,25
30.70000,27
30.70833,29
30.71667,31
30.72500,33
30.73333,36
30.74167,38
30.75000,40
30.75833,43
30.76667,45
30.77500,48
30.78333,50
30.79167,53
30.80000,56
30.80833,59
30.81667,62
30.82500,65
30.83333,68
30.84167,70
30.85000,73
30.85833,76
30.86667,79
30.87500,82
30.88333,85
30.89167,88
30.90000,91
30.90833,94
30.91667,97
30.92500,101
30.93333,104
30.94167,107
30.95000,110
30.95833,113
30.96667,116
30.97500,119
30.98333,121
30.99167,124
31.00000,127
31.00833,130
31.01667,133
31.02500,135
31.03333,138
31.04167,141
31.05000,143
31.05833,146
31.06667,148
31.07500,151
31.08333,153
31.09167,155
31.10000,158
31.10833,160
31.11667,161
31.12500,163
31.13333,165
31.14167,166
31.15000,168
31.15833,169
31.16667,171
31.17500,172
31.18333,174
31.19167,175
31.20000,175
31.20833,176
31.21667,177
31.22500,177
31.23333,178
31.24167,179
31.25000,180
31.25833,180
31.26667,180
31.27500,181
31.28333,181
31.29167,181
31.30000,181
31.30833,181
31.31667,181
31.32500,181
31.33333,180
31.34167,179
31.35000,179
31.35833,178
31.36667,178
31.37500,178
31.38333,177
31.39167,176
31.40000,175
31.40833,174
31.41667,173
31.42500,172
31.43333,171
31.44167,171
31.45000,170
31.45833,169
31.46667,168
31.47500,167
31.48333,166
31.49167,166
31.50000,165
31.50833,165
31.51667,164
31.52500,163
31.53333,163
31.54167,162
31.55000,161
31.55833,160
31.56667,159
31.57500,159
31.58333,159
31.59167,159
31.60000,159
31.60833,158
31.61667,158
31.62500,158
31.63333,158
31.64167,159
31.65000,160
31.65833,161
31.66667,161
31.67500,162
31.68333,164
31.69167,165
31.70000,167
31.70833,168
31.71667,170
31.72500,172
31.73333,174
31.74167,176
31.75000,179
31.75833,182
31.76667,184
31.77500,188
31.78333,191
31.79167,194
31.80000,198
31.80833,202
31.81667,207
31.82500,211
31.83333,215
31.84167,219
31.85000,224
31.85833,228
31.86667,233
31.87500,238
31.88333,242
31.89167,247
31.90000,253
31.90833,258
31.91667,263
31.92500,269
31.93333,274
31.94167,279
31.95000,285
31.95833,290
31.96667,296
31.97500,302
31.98333,307
31.99167,313
32.00000,318
32.00833,323
32.01667,328
32.02500,333
32.03333,339
32.04167,344
32.05000,350
32.05833,355
32.06667,360
32.07500,365
32.08333,370
32.09167,375
32.10000,380
32.10833,385
32.11667,389
32.12500,394
32.13333,398
32.14167,402
32.15000,407
32.15833,411
32.16667,415
32.17500,419
32.18333,422
32.19167,426
32.20000,429
32.20833,433
32.21667,436
32.22500,439
32.23333,442
32.24167,445
32.25000,448
32.25833,450
32.26667,453
32.27500,456
32.28333,458
32.29167,461
32.30000,463
32.30833,464
32.31667,466
32.32500,468
32.33333,469
32.34167,469
32.35000,470
32.35833,471
32.36667,472
32.37500,473
32.38333,474
32.39167,475
32.40000,475
32.40833,474
32.41667,474
32.42500,474
32.43333,474
32.44167,473
32.45000,473
32.45833,472
32.46667,471
32.47500,470
32.48333,469
32.49167,467
32.50000,466
32.50833,464
32.51667,463
32.52500,461
32.53333,458
32.54167,456
32.55000,453
32.55833,450
32.56667,448
32.57500,445
32.58333,442
32.59167,439
32.60000,436
32.60833,433
32.61667,430
32.62500,426
32.63333,423
32.64167,420
32.65000,416
32.65833,413
32.66667,410
32.67500,407
32.68333,404
32.69167,400
32.70000,397
32.70833,394
32.71667,390
32.72500,387
32.73333,383
32.74167,380
32.75000,376
32.75833,373
32.76667,369
32.77500,366
32.78333,364
32.79167,361
32.80000,358
32.80833,355
32.81667,353
32.82500,350
32.83333,348
32.84167,346
32.85000,344
32.85833,342
32.86667,340
32.87500,338
32.88333,336
32.89167,334
32.90000,332
32.90833,331
32.91667,330
32.92500,328
32.93333,327
32.94167,326
32.95000,325
32.95833,323
32.96667,322
32.97500,322
32.98333,321
32.99167,320
33.00000,320
33.00833,319
33.01667,318
33.02500,317
33.03333,317
33.04167,316
33.05000,316
33.05833,315
33.06667,315
33.07500,314
33.08333,314
33.09167,313
33.10000,313
33.10833,312
33.11667,312
33.12500,312
33.13333,312
33.14167,311
33.15000,310
33.15833,310
33.16667,309
33.17500,309
33.18333,308
33.19167,308
33.20000,307
33.20833,306
33.21667,306
33.22500,304
33.23333,303
33.24167,302
33.25000,301
33.25833,300
33.26667,299
33.27500,298
33.28333,297
33.29167,296
33.30000,294
33.30833,293
33.31667,292
33.32500,290
33.33333,289
33.34167,287
33.35000,286
33.35833,284
33.36667,283
33.37500,281
33.38333,279
33.39167,276
33.40000,274
33.40833,272
33.41667,270
33.42500,268
33.43333,266
33.44167,263
33.45000,261
33.45833,259
33.46667,257
33.47500,254
33.48333,252
33.49167,250
33.50000,247
33.50833,245
33.51667,242
33.52500,240
33.53333,237
33.54167,234
33.55000,231
33.55833,228
33.56667,225
33.57500,222
33.58333,220
33.59167,217
33.60000,214
33.60833,211
33.61667,208
33.62500,205
33.63333,202
33.64167,199
33.65000,196
33.65833,193
33.66667,190
33.67500,187
33.68333,184
33.69167,181
33.70000,178
33.70833,174
33.71667,171
33.72500,168
33.73333,166
33.74167,162
33.75000,159
33.75833,156
33.76667,153
33.77500,150
33.78333,148
33.79167,145
33.80000,142
33.80833,139
33.81667,136
33.82500,133
33.83333,130
33.84167,127
33.85000,124
33.85833,122
33.86667,119
33.87500,116
33.88333,114
33.89167,112
33.90000,109
33.90833,107
33.91667,105
33.92500,103
33.93333,100
33.94167,98
33.95000,96
33.95833,94
33.96667,93
33.97500,91
33.98333,89
33.99167,87
34.00000,85
34.00833,83
34.01667,81
34.02500,79
34.03333,77
34.04167,75
34.05000,74
34.05833,73
34.06667,71
34.07500,69
34.08333,67
34.09167,66
34.10000,64
34.10833,63
34.11667,62
34.12500,61
34.13333,60
34.14167,58
34.15000,57
34.15833,56
34.16667,55
34.17500,54
34.18333,53
34.19167,53
34.20000,52
34.20833,51
34.21667,49
34.22500,49
34.23333,48
34.24167,47
34.25000,46
34.25833,45
34.26667,44
34.27500,43
34.28333,42
34.29167,42
34.30000,41
34.30833,41
34.31667,40
34.32500,39
34.33333,39
34.34167,38
34.35000,37
34.35833,37
34.36667,36
34.37500,36
34.38333,35
34.39167,35
34.40000,34
34.40833,34
34.41667,33
34.42500,33
34.43333,33
34.44167,32
34.45000,32
34.45833,31
34.46667,31
34.47500,31
34.48333,31
34.49167,31
34.50000,30
34.50833,30
34.51667,29
34.52500,29
34.53333,28
34.54167,28
34.55000,27
34.55833,27
34.56667,27
34.57500,26
34.58333,26
34.59167,26
34.60000,25
34.60833,25
34.61667,25
34.62500,24
34.63333,24
34.64167,24
34.65000,23
34.65833,23
34.66667,23
34.67500,22
34.68333,22
34.69167,21
34.70000,21
34.70833,20
34.71667,20
34.72500,20
34.73333,21
34.74167,20
34.75000,20
34.75833,20
34.76667,20
34.77500,19
34.78333,19
34.79167,19
34.80000,19
34.80833,19
34.81667,19
34.82500,19
34.83333,19
34.84167,19
34.85000,18
34.85833,18
34.86667,17
34.87500,17
34.88333,17
34.89167,17
34.90000,16
34.90833,16
34.91667,16
34.92500,16
34.93333,15
34.94167,15
34.95000,15
34.95833,16
34.96667,16
34.97500,15
34.98333,15
34.99167,16
35.00000,15
35.00833,15
35.01667,15
35.02500,15
35.03333,15
35.04167,15
35.05000,15
35.05833,15
35.06667,15
35.07500,15
35.08333,14
35.09167,14
35.10000,14
35.10833,13
35.11667,13
35.12500,13
35.13333,14
35.14167,14
35.15000,14
35.15833,14
35.16667,14
35.17500,14
35.18333,14
35.19167,14
35.20000,15
35.20833,15
35.21667,14
35.22500,15
35.23333,15
35.24167,15
35.25000,15
35.25833,15
35.26667,15
35.27500,15
35.28333,16
35.29167,16
35.30000,16
35.30833,16
35.31667,16
35.32500,16
35.33333,16
35.34167,16
35.35000,16
35.35833,16
35.36667,16
35.37500,16
35.38333,17
35.39167,17
35.40000,17
35.40833,17
35.41667,17
35.42500,17
35.43333,17
35.44167,17
35.45000,17
35.45833,17
35.46667,18
35.47500,18
35.48333,18
35.49167,19
35.50000,19
35.50833,18
35.51667,18
35.52500,19
35.53333,19
35.54167,19
35.55000,19
35.55833,19
35.56667,19
35.57500,20
35.58333,20
35.59167,20
35.60000,20
35.60833,20
35.61667,20
35.62500,20
35.63333,20
35.64167,20
35.65000,20
35.65833,20
35.66667,20
35.67500,21
35.68333,20
35.69167,20
35.70000,20
35.70833,20
35.71667,21
35.72500,21
35.73333,22
35.74167,22
35.75000,22
35.75833,22
35.76667,23
35.77500,23
35.78333,23
35.79167,23
35.80000,23
35.80833,23
35.81667,23
35.82500,23
35.83333,24
35.84167,24
35.85000,24
35.85833,24
35.86667,24
35.87500,24
35.88333,24
35.89167,24
35.90000,23
35.90833,24
35.91667,24
35.92500,24
35.93333,24
35.94167,24
35.95000,25
35.95833,25
35.96667,25
35.97500,26
35.98333,26
35.99167,26
36.00000,26
36.00833,27
36.01667,27
36.02500,27
36.03333,28
36.04167,28
36.05000,28
36.05833,29
36.06667,29
36.07500,29
36.08333,28
36.09167,29
36.10000,29
36.10833,29
36.11667,30
36.12500,30
36.13333,30
36.14167,31
36.15000,32
36.15833,32
36.16667,32
36.17500,32
36.18333,32
36.19167,32
36.20000,32
36.20833,32
36.21667,32
36.22500,32
36.23333,33
36.24167,33
36.25000,34
36.25833,34
36.26667,34
36.27500,35
36.28333,35
36.29167,36
36.30000,36
36.30833,37
36.31667,37
36.32500,36
36.33333,36
36.34167,36
36.35000,36
36.35833,37
36.36667,37
36.37500,38
36.38333,39
36.39167,39
36.40000,39
36.40833,40
36.41667,40
36.42500,41
36.43333,41
36.44167,41
36.45000,42
36.45833,42
36.46667,42
36.47500,42
36.48333,43
36.49167,43
36.50000,44
36.50833,44
36.51667,44
36.52500,44
36.53333,44
36.54167,45
36.55000,45
36.55833,45
36.56667,45
36.57500,46
36.58333,46
36.59167,47
36.60000,47
36.60833,48
36.61667,48
36.62500,48
36.63333,49
36.64167,49
36.65000,50
36.65833,50
36.66667,51
36.67500,51
36.68333,52
36.69167,52
36.70000,53
36.70833,53
36.71667,54
36.72500,54
36.73333,55
36.74167,55
36.75000,56
36.75833,56
36.76667,57
36.77500,57
36.78333,58
36.79167,58
36.80000,59
36.80833,60
36.81667,60
36.82500,60
36.83333,60
36.84167,61
36.85000,61
36.85833,62
36.86667,62
36.87500,63
36.88333,64
36.89167,65
36.90000,65
36.90833,66
36.91667,66
36.92500,67
36.93333,68
36.94167,69
36.95000,69
36.95833,70
36.96667,71
36.97500,72
36.98333,72
36.99167,73
37.00000,73
37.00833,74
37.01667,74
37.02500,74
37.03333,75
37.04167,76
37.05000,76
37.05833,77
37.06667,78
37.07500,78
37.08333,79
37.09167,80
37.10000,80
37.10833,81
37.11667,81
37.12500,82
37.13333,83
37.14167,83
37.15000,84
37.15833,85
37.16667,86
37.17500,87
37.18333,87
37.19167,88
37.20000,89
37.20833,89
37.21667,90
37.22500,90
37.23333,91
37.24167,91
37.25000,92
37.25833,93
37.26667,94
37.27500,94
37.28333,95
37.29167,96
37.30000,97
37.30833,98
37.31667,99
37.32500,99
37.33333,100
37.34167,101
37.35000,102
37.35833,103
37.36667,103
37.37500,104
37.38333,105
37.39167,106
37.40000,107
37.40833,108
37.41667,109
37.42500,110
37.43333,110
37.44167,111
37.45000,111
37.45833,112
37.46667,112
37.47500,113
37.48333,114
37.49167,114
37.50000,115
37.50833,116
37.51667,116
37.52500,117
37.53333,118
37.54167,119
37.55000,120
37.55833,120
37.56667,120
37.57500,121
37.58333,121
37.59167,121
37.60000,121
37.60833,121
37.61667,122
37.62500,123
37.63333,123
37.64167,123
37.65000,124
37.65833,124
37.66667,124
37.67500,124
37.68333,125
37.69167,124
37.70000,124
37.70833,124
37.71667,124
37.72500,124
37.73333,123
37.74167,123
37.75000,123
37.75833,123
37.76667,123
37.77500,123
37.78333,122
37.79167,122
37.80000,122
37.80833,121
37.81667,121
37.82500,121
37.83333,121
37.84167,120
37.85000,120
37.85833,120
37.86667,119
37.87500,119
37.88333,118
37.89167,117
37.90000,116
37.90833,115
37.91667,115
37.92500,114
37.93333,113
37.94167,112
37.95000,112
37.95833,111
37.96667,110
37.97500,109
37.98333,109
37.99167,108
38.00000,107
38.00833,107
38.01667,106
38.02500,105
38.03333,104
38.04167,103
38.05000,102
38.05833,101
38.06667,100
38.07500,99
38.08333,98
38.09167,96
38.10000,95
38.10833,94
38.11667,93
38.12500,91
38.13333,90
38.14167,89
38.15000,89
38.15833,88
38.16667,87
38.17500,86
38.18333,85
38.19167,84
38.20000,82
38.20833,81
38.21667,80
38.22500,78
38.23333,77
38.24167,75
38.25000,74
38.25833,73
38.26667,72
38.27500,71
38.28333,70
38.29167,68
38.30000,67
38.30833,66
38.31667,64
38.32500,63
38.33333,62
38.34167,61
38.35000,60
38.35833,58
38.36667,57
38.37500,56
38.38333,54
38.39167,52
38.40000,51
38.40833,50
38.41667,49
38.42500,47
38.43333,46
38.44167,45
38.45000,44
38.45833,43
38.46667,42
38.47500,41
38.48333,40
38.49167,39
38.50000,38
38.50833,37
38.51667,36
38.52500,34
38.53333,33
38.54167,32
38.55000,32
38.55833,31
38.56667,30
38.57500,29
38.58333,28
38.59167,27
38.60000,26
38.60833,24
38.61667,23
38.62500,22
38.63333,21
38.64167,20
38.65000,19
38.65833,19
38.66667,18
38.67500,17
38.68333,16
38.69167,16
38.70000,15
38.70833,15
38.71667,14
38.72500,13
38.73333,13
38.74167,12
38.75000,12
38.75833,11
38.76667,10
38.77500,10
38.78333,9
38.79167,9
38.80000,9
38.80833,8
38.81667,8
38.82500,8
38.83333,7
38.84167,7
38.85000,7
38.85833,6
38.86667,6
38.87500,5
38.88333,4
38.89167,4
38.90000,3
38.90833,3
38.91667,3
38.92500,3
38.93333,3
38.94167,3
38.95000,3
38.95833,2
38.96667,2
38.97500,2
38.98333,2
38.99167,2
39.00000,2
39.00833,2
39.01667,2
39.02500,2
39.03333,2
39.04167,2
39.05000,1
39.05833,1
39.06667,1
39.07500,1
39.08333,1
39.09167,1
39.10000,2
39.10833,2
39.11667,1
39.12500,1
39.13333,1
39.14167,1
39.15000,1
39.15833,1
39.16667,1
39.17500,1
39.18333,1
39.19167,1
39.20000,1
39.20833,2
39.21667,1
39.22500,1
39.23333,1
39.24167,1
39.25000,2
39.25833,2
39.26667,2
39.27500,2
39.28333,2
39.29167,2
39.30000,2
39.30833,2
39.31667,2
39.32500,2
39.33333,3
39.34167,3
39.35000,3
39.35833,3
39.36667,3
39.37500,3
39.38333,3
39.39167,3
39.40000,3
39.40833,3
39.41667,3
39.42500,4
39.43333,4
39.44167,4
39.45000,4
39.45833,4
39.46667,4
39.47500,4
39.48333,4
39.49167,4
39.50000,4
39.50833,4
39.51667,4
39.52500,4
39.53333,4
39.54167,4
39.55000,4
39.55833,4
39.56667,4
39.57500,4
39.58333,4
39.59167,4
39.60000,4
39.60833,4
39.61667,4
39.62500,4
39.63333,4
39.64167,4
39.65000,5
39.65833,5
39.66667,5
39.67500,5
39.68333,4
39.69167,4
39.70000,4
39.70833,5
39.71667,5
39.72500,4
39.73333,4
39.74167,4
39.75000,4
39.75833,4
39.76667,4
39.77500,4
39.78333,4
39.79167,3
39.80000,3
39.80833,3
39.81667,3
39.82500,3
39.83333,3
39.84167,3
39.85000,4
39.85833,4
39.86667,4
39.87500,4
39.88333,4
39.89167,4
39.90000,4
39.90833,4
39.91667,4
39.92500,4
39.93333,4
39.94167,4
39.95000,3
39.95833,3
39.96667,3
39.97500,3
39.98333,3
39.99167,3
40.00000,2
40.00833,2
40.01667,3
40.02500,3
40.03333,3
40.04167,3
40.05000,3
40.05833,3
40.06667,3
40.07500,4
40.08333,4
40.09167,5
40.10000,5
40.10833,5
40.11667,5
40.12500,5
40.13333,5
40.14167,5
40.15000,5
40.15833,5
40.16667,5
40.17500,5
40.18333,5
40.19167,6
40.20000,6
40.20833,6
40.21667,6
40.22500,6
40.23333,6
40.24167,5
40.25000,5
40.25833,5
40.26667,6
40.27500,6
40.28333,6
40.29167,6
40.30000,7
40.30833,7
40.31667,7
40.32500,7
40.33333,8
40.34167,8
40.35000,8
40.35833,8
40.36667,8
40.37500,8
40.38333,9
40.39167,9
40.40000,9
40.40833,9
40.41667,10
40.42500,10
40.43333,10
40.44167,10
40.45000,11
40.45833,11
40.46667,11
40.47500,12
40.48333,12
40.49167,12
40.50000,12
40.50833,12
40.51667,13
40.52500,13
40.53333,14
40.54167,14
40.55000,14
40.55833,15
40.56667,15
40.57500,15
40.58333,16
40.59167,16
40.60000,17
40.60833,17
40.61667,18
40.62500,18
40.63333,19
40.64167,19
40.65000,19
40.65833,20
40.66667,20
40.67500,20
40.68333,21
40.69167,21
40.70000,22
40.70833,22
40.71667,23
40.72500,23
40.73333,24
40.74167,25
40.75000,26
40.75833,26
40.76667,26
40.77500,27
40.78333,28
40.79167,28
40.80000,29
40.80833,30
40.81667,31
40.82500,32
40.83333,33
40.84167,34
40.85000,35
40.85833,36
40.86667,37
40.87500,37
40.88333,38
40.89167,38
40.90000,38
40.90833,39
40.91667,40
40.92500,41
40.93333,41
40.94167,42
40.95000,42
40.95833,43
40.96667,44
40.97500,45
40.98333,46
40.99167,47
41.00000,48
41.00833,49
41.01667,50
41.02500,51
41.03333,52
41.04167,53
41.05000,54
41.05833,55
41.06667,56
41.07500,57
41.08333,58
41.09167,59
41.10000,60
41.10833,61
41.11667,61
41.12500,62
41.13333,63
41.14167,64
41.15000,65
41.15833,66
41.16667,67
41.17500,68
41.18333,69
41.19167,70
41.20000,72
41.20833,73
41.21667,74
41.22500,76
41.23333,77
41.24167,78
41.25000,79
41.25833,80
41.26667,81
41.27500,82
41.28333,84
41.29167,85
41.30000,87
41.30833,88
41.31667,90
41.32500,91
41.33333,93
41.34167,94
41.35000,95
41.35833,97
41.36667,98
41.37500,99
41.38333,101
41.39167,102
41.40000,103
41.40833,105
41.41667,106
41.42500,107
41.43333,109
41.44167,110
41.45000,111
41.45833,112
41.46667,114
41.47500,115
41.48333,117
41.49167,118
41.50000,120
41.50833,121
41.51667,123
41.52500,124
41.53333,126
41.54167,127
41.55000,128
41.55833,130
41.56667,131
41.57500,132
41.58333,133
41.59167,135
41.60000,136
41.60833,137
41.61667,139
41.62500,140
41.63333,142
41.64167,143
41.65000,145
41.65833,146
41.66667,148
41.67500,149
41.68333,150
41.69167,151
41.70000,152
41.70833,153
41.71667,155
41.72500,156
41.73333,157
41.74167,158
41.75000,159
41.75833,161
41.76667,162
41.77500,164
41.78333,165
41.79167,165
41.80000,166
41.80833,167
41.81667,169
41.82500,170
41.83333,171
41.84167,172
41.85000,173
41.85833,174
41.86667,175
41.87500,176
41.88333,177
41.89167,178
41.90000,179
41.90833,180
41.91667,180
41.92500,181
41.93333,182
41.94167,183
41.95000,184
41.95833,185
41.96667,186
41.97500,186
41.98333,187
41.99167,187
42.00000,188
42.00833,189
42.01667,189
42.02500,190
42.03333,190
42.04167,190
42.05000,191
42.05833,191
42.06667,192
42.07500,193
42.08333,194
42.09167,195
42.10000,195
42.10833,196
42.11667,196
42.12500,196
42.13333,197
42.14167,197
42.15000,196
42.15833,197
42.16667,197
42.17500,197
42.18333,197
42.19167,197
42.20000,197
42.20833,198
42.21667,198
42.22500,198
42.23333,198
42.24167,198
42.25000,198
42.25833,198
42.26667,199
42.27500,199
42.28333,199
42.29167,199
42.30000,198
42.30833,197
42.31667,197
42.32500,197
42.33333,197
42.34167,197
42.35000,197
42.35833,196
42.36667,196
42.37500,196
42.38333,196
42.39167,196
42.40000,195
42.40833,195
42.41667,195
42.42500,195
42.43333,195
42.44167,195
42.45000,194
42.45833,194
42.46667,193
42.47500,192
42.48333,191
42.49167,190
42.50000,190
42.50833,189
42.51667,188
42.52500,187
42.53333,186
42.54167,185
42.55000,185
42.55833,184
42.56667,184
42.57500,183
42.58333,183
42.59167,182
42.60000,181
42.60833,181
42.61667,180
42.62500,180
42.63333,179
42.64167,179
42.65000,178
42.65833,177
42.66667,176
42.67500,175
42.68333,174
42.69167,173
42.70000,172
42.70833,172
42.71667,171
42.72500,170
42.73333,169
42.74167,168
42.75000,167
42.75833,166
42.76667,165
42.77500,164
42.78333,163
42.79167,162
42.80000,160
42.80833,159
42.81667,159
42.82500,158
42.83333,157
42.84167,156
42.85000,155
42.85833,154
42.86667,153
42.87500,152
42.88333,151
42.89167,150
42.90000,149
42.90833,148
42.91667,147
42.92500,145
42.93333,144
42.94167,144
42.95000,143
42.95833,142
42.96667,141
42.97500,140
42.98333,139
42.99167,138
43.00000,136
43.00833,135
43.01667,134
43.02500,133
43.03333,132
43.04167,132
43.05000,131
43.05833,130
43.06667,129
43.07500,128
43.08333,127
43.09167,126
43.10000,125
43.10833,124
43.11667,123
43.12500,122
43.13333,121
43.14167,120
43.15000,119
43.15833,119
43.16667,118
43.17500,117
43.18333,116
43.19167,115
43.20000,113
43.20833,112
43.21667,111
43.22500,110
43.23333,109
43.24167,108
43.25000,107
43.25833,106
43.26667,105
43.27500,104
43.28333,103
43.29167,102
43.30000,101
43.30833,100
43.31667,99
43.32500,98
43.33333,97
43.34167,96
43.35000,95
43.35833,94
43.36667,93
43.37500,92
43.38333,91
43.39167,90
43.40000,89
43.40833,89
43.41667,88
43.42500,87
43.43333,85
43.44167,84
43.45000,83
43.45833,82
43.46667,82
43.47500,81
43.48333,80
43.49167,79
43.50000,78
43.50833,77
43.51667,76
43.52500,75
43.53333,75
43.54167,74
43.55000,74
43.55833,73
43.56667,73
43.57500,72
43.58333,70
43.59167,69
43.60000,69
43.60833,68
43.61667,67
43.62500,67
43.63333,66
43.64167,65
43.65000,65
43.65833,64
43.66667,63
43.67500,62
43.68333,62
43.69167,61
43.70000,59
43.70833,58
43.71667,57
43.72500,56
43.73333,55
43.74167,55
43.75000,54
43.75833,53
43.76667,53
43.77500,52
43.78333,51
43.79167,51
43.80000,50
43.80833,50
43.81667,49
43.82500,48
43.83333,48
43.84167,47
43.85000,46
43.85833,45
43.86667,44
43.87500,43
43.88333,43
43.89167,42
43.90000,42
43.90833,41
43.91667,41
43.92500,40
43.93333,40
43.94167,39
43.95000,38
43.95833,37
43.96667,36
43.97500,36
43.98333,35
43.99167,34
44.00000,33
44.00833,33
44.01667,32
44.02500,31
44.03333,31
44.04167,30
44.05000,29
44.05833,29
44.06667,29
44.07500,28
44.08333,28
44.09167,27
44.10000,27
44.10833,26
44.11667,26
44.12500,26
44.13333,25
44.14167,24
44.15000,24
44.15833,24
44.16667,23
44.17500,23
44.18333,23
44.19167,23
44.20000,22
44.20833,21
44.21667,21
44.22500,20
44.23333,19
44.24167,19
44.25000,18
44.25833,18
44.26667,17
44.27500,17
44.28333,16
44.29167,16
44.30000,15
44.30833,15
44.31667,14
44.32500,14
44.33333,13
44.34167,13
44.35000,12
44.35833,12
44.36667,12
44.37500,12
44.38333,12
44.39167,12
44.40000,11
44.40833,11
44.41667,10
44.42500,10
44.43333,9
44.44167,9
44.45000,8
44.45833,8
44.46667,7
44.47500,7
44.48333,7
44.49167,6
44.50000,6
44.50833,6
44.51667,6
44.52500,5
44.53333,5
44.54167,5
44.55000,5
44.55833,5
44.56667,5
44.57500,5
44.58333,4
44.59167,4
44.60000,3
44.60833,3
44.61667,2
44.62500,2
44.63333,2
44.64167,1
44.65000,1
44.65833,1
44.66667,1
44.67500,1
44.68333,1
44.69167,0
44.70000,-0
44.70833,-1
44.71667,-1
44.72500,-1
44.73333,-2
44.74167,-2
44.75000,-2
44.75833,-2
44.76667,-2
44.77500,-1
44.78333,-1
44.79167,-2
44.80000,-2
44.80833,-2
44.81667,-2
44.82500,-3
44.83333,-3
44.84167,-3
44.85000,-3
44.85833,-3
44.86667,-3
44.87500,-3
44.88333,-3
44.89167,-4
44.90000,-4
44.90833,-4
44.91667,-4
44.92500,-4
44.93333,-4
44.94167,-4
44.95000,-4
44.95833,-4
44.96667,-5
44.97500,-5
44.98333,-5
44.99167,-5
45.00000,-5
45.00833,-5
45.01667,-5
45.02500,-5
45.03333,-5
45.04167,-5
45.05000,-5
45.05833,-5
45.06667,-5
45.07500,-5
45.08333,-5
45.09167,-5
45.10000,-5
45.10833,-4
45.11667,-4
45.12500,-4
45.13333,-4
45.14167,-4
45.15000,-4
45.15833,-4
45.16667,-3
45.17500,-3
45.18333,-3
45.19167,-3
45.20000,-3
45.20833,-3
45.21667,-3
45.22500,-2
45.23333,-3
45.24167,-3
45.25000,-3
45.25833,-3
45.26667,-3
45.27500,-2
45.28333,-2
45.29167,-2
45.30000,-1
45.30833,-1
45.31667,-1
45.32500,-1
45.33333,-1
45.34167,-1
45.35000,-1
45.35833,-1
45.36667,-1
45.37500,-2
45.38333,-1
45.39167,-1
45.40000,-1
45.40833,-1
45.41667,-0
45.42500,0
45.43333,0
45.44167,0
45.45000,-0
45.45833,0
45.46667,0
45.47500,0
45.48333,0
45.49167,0
45.50000,0
45.50833,0
45.51667,1
45.52500,1
45.53333,1
45.54167,0
45.55000,1
45.55833,1
45.56667,1
45.57500,1
45.58333,1
45.59167,2
45.60000,2
45.60833,2
45.61667,2
45.62500,2
45.63333,2
45.64167,2
45.65000,2
45.65833,1
45.66667,1
45.67500,1
45.68333,1
45.69167,1
45.70000,1
45.70833,2
45.71667,1
45.72500,1
45.73333,1
45.74167,1
45.75000,2
45.75833,2
45.76667,2
45.77500,1
45.78333,1
45.79167,1
45.80000,0
45.80833,0
45.81667,0
45.82500,0
45.83333,0
45.84167,0
45.85000,0
45.85833,0
45.86667,0
45.87500,0
45.88333,0
45.89167,1
45.90000,1
45.90833,0
45.91667,0
45.92500,0
45.93333,-0
45.94167,0
45.95000,0
45.95833,0
45.96667,0
45.97500,0
45.98333,1
45.99167,1
46.00000,1
46.00833,1
46.01667,1
46.02500,1
46.03333,0
46.04167,-0
46.05000,-1
46.05833,-1
46.06667,-1
46.07500,-2
46.08333,-2
46.09167,-2
46.10000,-3
46.10833,-3
46.11667,-3
46.12500,-3
46.13333,-3
46.14167,-3
46.15000,-3
46.15833,-3
46.16667,-3
46.17500,-4
46.18333,-4
46.19167,-4
46.20000,-5
46.20833,-5
46.21667,-5
46.22500,-5
46.23333,-5
46.24167,-6
46.25000,-6
46.25833,-6
46.26667,-6
46.27500,-7
46.28333,-7
46.29167,-8
46.30000,-8
46.30833,-8
46.31667,-9
46.32500,-9
46.33333,-9
46.34167,-10
46.35000,-10
46.35833,-10
46.36667,-10
46.37500,-10
46.38333,-10
46.39167,-10
46.40000,-10
46.40833,-11
46.41667,-11
46.42500,-12
46.43333,-12
46.44167,-12
46.45000,-12
46.45833,-12
46.46667,-13
46.47500,-14
46.48333,-14
46.49167,-15
46.50000,-15
46.50833,-15
46.51667,-15
46.52500,-15
46.53333,-15
46.54167,-16
46.55000,-15
46.55833,-16
46.56667,-16
46.57500,-16
46.58333,-17
46.59167,-17
46.60000,-17
46.60833,-18
46.61667,-18
46.62500,-18
46.63333,-18
46.64167,-19
46.65000,-20
46.65833,-20
46.66667,-20
46.67500,-21
46.68333,-21
46.69167,-21
46.70000,-21
46.70833,-21
46.71667,-21
46.72500,-21
46.73333,-21
46.74167,-21
46.75000,-22
46.75833,-22
46.76667,-22
46.77500,-22
46.78333,-22
46.79167,-22
46.80000,-22
46.80833,-22
46.81667,-22
46.82500,-22
46.83333,-22
46.84167,-22
46.85000,-22
46.85833,-23
46.86667,-23
46.87500,-23
46.88333,-23
46.89167,-23
46.90000,-23
46.90833,-23
46.91667,-23
46.92500,-22
46.93333,-22
46.94167,-22
46.95000,-22
46.95833,-22
46.96667,-22
46.97500,-22
46.98333,-22
46.99167,-22
47.00000,-22
47.00833,-22
47.01667,-22
47.02500,-22
47.03333,-22
47.04167,-22
47.05000,-21
47.05833,-21
47.06667,-21
47.07500,-21
47.08333,-21
47.09167,-20
47.10000,-20
47.10833,-19
47.11667,-19
47.12500,-18
47.13333,-18
47.14167,-17
47.15000,-17
47.15833,-16
47.16667,-16
47.17500,-16
47.18333,-15
47.19167,-15
47.20000,-15
47.20833,-14
47.21667,-14
47.22500,-13
47.23333,-12
47.24167,-12
47.25000,-11
47.25833,-11
47.26667,-10
47.27500,-9
47.28333,-9
47.29167,-8
47.30000,-7
47.30833,-6
47.31667,-6
47.32500,-5
47.33333,-4
47.34167,-4
47.35000,-3
47.35833,-2
47.36667,-1
47.37500,0
47.38333,1
47.39167,1
47.40000,2
47.40833,3
47.41667,4
47.42500,4
47.43333,5
47.44167,6
47.45000,6
47.45833,7
47.46667,8
47.47500,9
47.48333,9
47.49167,10
47.50000,11
47.50833,12
47.51667,13
47.52500,14
47.53333,15
47.54167,16
47.55000,17
47.55833,18
47.56667,18
47.57500,19
47.58333,20
47.59167,21
47.60000,21
47.60833,22
47.61667,23
47.62500,24
47.63333,25
47.64167,26
47.65000,27
47.65833,27
47.66667,28
47.67500,28
47.68333,29
47.69167,30
47.70000,30
47.70833,31
47.71667,31
47.72500,32
47.73333,32
47.74167,33
47.75000,34
47.75833,35
47.76667,36
47.77500,36
47.78333,37
47.79167,38
47.80000,39
47.80833,39
47.81667,39
47.82500,40
47.83333,40
47.84167,40
47.85000,41
47.85833,41
47.86667,42
47.87500,42
47.88333,43
47.89167,43
47.90000,44
47.90833,44
47.91667,45
47.92500,46
47.93333,46
47.94167,47
47.95000,47
47.95833,47
47.96667,47
47.97500,48
47.98333,48
47.99167,49
48.00000,49
48.00833,50
48.01667,50
48.02500,50
48.03333,51
48.04167,51
48.05000,51
48.05833,52
48.06667,52
48.07500,52
48.08333,52
48.09167,52
48.10000,52
48.10833,52
48.11667,52
48.12500,52
48.13333,53
48.14167,53
48.15000,54
48.15833,54
48.16667,54
48.17500,54
48.18333,54
48.19167,55
48.20000,55
48.20833,55
48.21667,55
48.22500,56
48.23333,55
48.24167,55
48.25000,55
48.25833,55
48.26667,55
48.27500,55
48.28333,55
48.29167,55
48.30000,56
48.30833,56
48.31667,56
48.32500,56
48.33333,56
48.34167,56
48.35000,56
48.35833,56
48.36667,56
48.37500,56
48.38333,56
48.39167,56
48.40000,56
48.40833,56
48.41667,56
48.42500,56
48.43333,57
48.44167,57
48.45000,57
48.45833,56
48.46667,56
48.47500,57
48.48333,57
48.49167,57
48.50000,57
48.50833,57
48.51667,57
48.52500,57
48.53333,57
48.54167,56
48.55000,56
48.55833,56
48.56667,57
48.57500,57
48.58333,57
48.59167,57
48.60000,58
48.60833,58
48.61667,58
48.62500,58
48.63333,59
48.64167,59
48.65000,59
48.65833,59
48.66667,59
48.67500,59
48.68333,59
48.69167,59
48.70000,59
48.70833,59
48.71667,60
48.72500,60
48.73333,60
48.74167,60
48.75000,60
48.75833,60
48.76667,60
48.77500,61
48.78333,61
48.79167,61
48.80000,61
48.80833,61
48.81667,61
48.82500,61
48.83333,61
48.84167,62
48.85000,62
48.85833,62
48.86667,62
48.87500,62
48.88333,61
48.89167,61
48.90000,61
48.90833,61
48.91667,62
48.92500,62
48.93333,62
48.94167,62
48.95000,62
48.95833,62
48.96667,63
48.97500,63
48.98333,63
48.99167,63
49.00000,63
49.00833,63
49.01667,63
49.02500,63
49.03333,63
49.04167,63
49.05000,63
49.05833,63
49.06667,63
49.07500,63
49.08333,63
49.09167,63
49.10000,63
49.10833,63
49.11667,63
49.12500,62
49.13333,62
49.14167,62
49.15000,62
49.15833,62
49.16667,62
49.17500,62
49.18333,62
49.19167,61
49.20000,61
49.20833,61
49.21667,61
49.22500,61
49.23333,61
49.24167,61
49.25000,61
49.25833,60
49.26667,60
49.27500,60
49.28333,60
49.29167,60
49.30000,60
49.30833,60
49.31667,60
49.32500,59
49.33333,59
49.34167,58
49.35000,58
49.35833,57
49.36667,57
49.37500,58
49.38333,58
49.39167,58
49.40000,58
49.40833,57
49.41667,57
49.42500,56
49.43333,56
49.44167,56
49.45000,56
49.45833,55
49.46667,55
49.47500,55
49.48333,55
49.49167,55
49.50000,54
49.50833,54
49.51667,54
49.52500,53
49.53333,53
49.54167,52
49.55000,51
49.55833,50
49.56667,49
49.57500,49
49.58333,49
49.59167,49
49.60000,48
49.60833,47
49.61667,47
49.62500,47
49.63333,47
49.64167,46
49.65000,45
49.65833,45
49.66667,44
49.67500,44
49.68333,43
49.69167,43
49.70000,42
49.70833,41
49.71667,40
49.72500,40
49.73333,39
49.74167,38
49.75000,38
49.75833,37
49.76667,36
49.77500,36
49.78333,35
49.79167,34
49.80000,33
49.80833,32
49.81667,31
49.82500,30
49.83333,30
49.84167,29
49.85000,28
49.85833,27
49.86667,26
49.87500,26
49.88333,25
49.89167,24
49.90000,23
49.90833,22
49.91667,22
49.92500,21
49.93333,21
49.94167,20
49.95000,19
49.95833,18
49.96667,17
49.97500,17
49.98333,16
49.99167,16
50.00000,15

