[Header]
Application Name,LabSolutions
Version,5.97 SP1
Data File Name,C:\Users\cremerlab\Desktop\Richa\May_12th_2022_yield_expt\May 12th_5122022_001_003.lcd
Output Date,5/12/2022
Output Time,6:14:39 PM

[File Information]
Type,Data File
Generated,5/12/2022 5:34:18 PM
Generated by,System Administrator
Modified,5/12/2022 6:14:39 PM
Modified by,System Administrator

[Sample Information]
Operator Name,System Administrator
Acquired,5/12/2022 5:34:38 PM
Sample Type,0:Unknown
Level,0
Sample Name,220512_NCM3722_2
Sample ID,001
ISTD Amount1,1
ISTD Amount2,1
ISTD Amount3,1
ISTD Amount4,1
ISTD Amount5,1
ISTD Amount6,1
ISTD Amount7,1
ISTD Amount8,1
ISTD Amount9,1
ISTD Amount10,1
ISTD Amount11,1
ISTD Amount12,1
ISTD Amount13,1
ISTD Amount14,1
ISTD Amount15,1
ISTD Amount16,1
ISTD Amount17,1
ISTD Amount18,1
ISTD Amount19,1
ISTD Amount20,1
ISTD Amount21,1
ISTD Amount22,1
ISTD Amount23,1
ISTD Amount24,1
ISTD Amount25,1
ISTD Amount26,1
ISTD Amount27,1
ISTD Amount28,1
ISTD Amount29,1
ISTD Amount30,1
ISTD Amount31,1
ISTD Amount32,1
Sample Amount,1
Dilution Factor,1
Vial#,2
Injection Volume,20

[Original Files]
Data File,C:\Users\cremerlab\Desktop\Richa\May_12th_2022_yield_expt\May 12th_5122022_001_003.lcd
Method File,C:\Users\cremerlab\Desktop\Richa\acetate_excretion.lcm
Batch File,C:\Users\cremerlab\Desktop\Richa\May_12th_2022_yield_expt\May 12th.lcb
Report Format File,c:\LabSolutions\System\DEFAULT.lsr

[File Description]


[Configuration]
Instrument Name,HPLC-PC-Instrument1
Instrument #,1
Line #,1
# of Detectors,2
Detector ID,Detector A,Detector B
Detector Name,Detector A,Detector B
# of Channels,1,1

[Peak Table(Detector A)]
# of Peaks,0

[Peak Table(Detector B)]
# of Peaks,8
Peak#,R.Time,I.Time,F.Time,Area,Height,A/H,Conc.,Mark,ID#,Name,k',Plate #,Plate Ht.,Tailing,Resolution,Sep.Factor,Area Ratio,Height Ratio,Conc. %,Norm Conc.
1,11.042,10.667,12.258,1465385,91455,16.023,0.000,   ,,,0.000,10934,13.718,0.963,0.000,0.000,0,0,0.000,0.000
2,14.447,12.708,15.442,3582895,75012,47.765,0.000,   ,,,0.308,2654,56.522,0.809,4.410,0.000,0,0,0.000,0.000
3,15.861,15.442,20.083,625323,18079,34.589,0.000,SV ,,,0.436,8645,17.352,0.000,1.567,1.415,0,0,0.000,0.000
4,19.444,19.208,19.858,1359,69,19.637,0.000,T  ,,,0.761,21132,7.098,1.322,5.888,1.744,0,0,0.000,0.000
5,21.187,20.675,22.300,26290,930,28.278,0.000,   ,,,0.919,14416,10.405,1.424,2.809,1.207,0,0,0.000,0.000
6,23.286,22.692,24.150,59185,2163,27.362,0.000,   ,,,1.109,16440,9.124,1.069,2.930,1.207,0,0,0.000,0.000
7,25.206,24.600,26.017,46446,1599,29.039,0.000,   ,,,1.283,17041,8.802,1.078,2.563,1.157,0,0,0.000,0.000
8,32.266,30.700,33.158,55519,1023,54.267,0.000,   ,,,1.922,13365,11.223,0.750,7.476,1.498,0,0,0.000,0.000

[LC Chromatogram(Detector B-Ch1)]
Interval(msec),500
# of Points,4801
Start Time(min),0.000
End Time(min),40.000
Intensity Units,mV
Intensity Multiplier,0.001
R.Time (min),Intensity
0.00000,-6
0.00833,-6
0.01667,-2
0.02500,1
0.03333,1
0.04167,1
0.05000,1
0.05833,1
0.06667,1
0.07500,0
0.08333,0
0.09167,0
0.10000,0
0.10833,0
0.11667,1
0.12500,1
0.13333,1
0.14167,0
0.15000,0
0.15833,0
0.16667,0
0.17500,0
0.18333,-0
0.19167,-0
0.20000,-1
0.20833,-1
0.21667,-1
0.22500,-0
0.23333,-1
0.24167,-1
0.25000,-1
0.25833,-1
0.26667,-1
0.27500,-1
0.28333,-1
0.29167,-2
0.30000,-2
0.30833,-2
0.31667,-2
0.32500,-2
0.33333,-2
0.34167,-2
0.35000,-1
0.35833,-1
0.36667,-1
0.37500,-1
0.38333,-1
0.39167,-1
0.40000,-1
0.40833,-1
0.41667,-2
0.42500,-2
0.43333,-2
0.44167,-2
0.45000,-2
0.45833,-2
0.46667,-2
0.47500,-2
0.48333,-2
0.49167,-2
0.50000,-2
0.50833,-1
0.51667,-1
0.52500,-1
0.53333,-1
0.54167,-2
0.55000,-2
0.55833,-1
0.56667,-1
0.57500,-1
0.58333,-1
0.59167,-2
0.60000,-2
0.60833,-2
0.61667,-2
0.62500,-1
0.63333,-1
0.64167,-1
0.65000,-1
0.65833,-1
0.66667,-1
0.67500,-1
0.68333,-2
0.69167,-2
0.70000,-2
0.70833,-2
0.71667,-2
0.72500,-2
0.73333,-2
0.74167,-2
0.75000,-2
0.75833,-2
0.76667,-2
0.77500,-2
0.78333,-2
0.79167,-2
0.80000,-2
0.80833,-2
0.81667,-2
0.82500,-2
0.83333,-2
0.84167,-2
0.85000,-2
0.85833,-2
0.86667,-2
0.87500,-2
0.88333,-2
0.89167,-2
0.90000,-2
0.90833,-2
0.91667,-2
0.92500,-2
0.93333,-2
0.94167,-3
0.95000,-3
0.95833,-3
0.96667,-2
0.97500,-2
0.98333,-2
0.99167,-2
1.00000,-2
1.00833,-2
1.01667,-2
1.02500,-1
1.03333,-1
1.04167,-1
1.05000,-1
1.05833,-1
1.06667,-1
1.07500,-1
1.08333,-1
1.09167,-1
1.10000,-1
1.10833,-2
1.11667,-2
1.12500,-2
1.13333,-2
1.14167,-1
1.15000,-1
1.15833,-1
1.16667,-2
1.17500,-2
1.18333,-2
1.19167,-2
1.20000,-2
1.20833,-2
1.21667,-2
1.22500,-2
1.23333,-2
1.24167,-1
1.25000,-1
1.25833,-1
1.26667,-1
1.27500,-1
1.28333,-1
1.29167,-1
1.30000,-1
1.30833,-1
1.31667,-1
1.32500,-1
1.33333,-2
1.34167,-2
1.35000,-2
1.35833,-2
1.36667,-2
1.37500,-2
1.38333,-2
1.39167,-2
1.40000,-2
1.40833,-2
1.41667,-2
1.42500,-2
1.43333,-2
1.44167,-1
1.45000,-1
1.45833,-1
1.46667,-1
1.47500,-1
1.48333,-1
1.49167,-1
1.50000,-1
1.50833,-1
1.51667,-1
1.52500,-1
1.53333,-1
1.54167,-1
1.55000,-1
1.55833,-1
1.56667,-1
1.57500,-1
1.58333,-1
1.59167,-1
1.60000,-0
1.60833,-0
1.61667,-0
1.62500,-0
1.63333,0
1.64167,0
1.65000,0
1.65833,0
1.66667,0
1.67500,0
1.68333,1
1.69167,1
1.70000,0
1.70833,0
1.71667,0
1.72500,1
1.73333,1
1.74167,1
1.75000,1
1.75833,1
1.76667,0
1.77500,0
1.78333,0
1.79167,0
1.80000,1
1.80833,1
1.81667,1
1.82500,1
1.83333,1
1.84167,1
1.85000,1
1.85833,1
1.86667,1
1.87500,1
1.88333,1
1.89167,1
1.90000,1
1.90833,1
1.91667,1
1.92500,1
1.93333,1
1.94167,1
1.95000,1
1.95833,1
1.96667,2
1.97500,2
1.98333,2
1.99167,2
2.00000,2
2.00833,2
2.01667,1
2.02500,1
2.03333,1
2.04167,1
2.05000,1
2.05833,1
2.06667,1
2.07500,1
2.08333,1
2.09167,1
2.10000,1
2.10833,1
2.11667,1
2.12500,1
2.13333,2
2.14167,2
2.15000,2
2.15833,1
2.16667,1
2.17500,1
2.18333,2
2.19167,2
2.20000,2
2.20833,2
2.21667,2
2.22500,2
2.23333,2
2.24167,3
2.25000,3
2.25833,3
2.26667,3
2.27500,3
2.28333,3
2.29167,3
2.30000,3
2.30833,3
2.31667,2
2.32500,2
2.33333,2
2.34167,3
2.35000,2
2.35833,2
2.36667,2
2.37500,2
2.38333,2
2.39167,3
2.40000,3
2.40833,3
2.41667,3
2.42500,3
2.43333,3
2.44167,2
2.45000,2
2.45833,2
2.46667,2
2.47500,2
2.48333,2
2.49167,2
2.50000,2
2.50833,2
2.51667,2
2.52500,2
2.53333,3
2.54167,3
2.55000,3
2.55833,3
2.56667,3
2.57500,3
2.58333,2
2.59167,2
2.60000,2
2.60833,3
2.61667,3
2.62500,3
2.63333,3
2.64167,3
2.65000,3
2.65833,3
2.66667,3
2.67500,3
2.68333,3
2.69167,3
2.70000,3
2.70833,3
2.71667,3
2.72500,3
2.73333,3
2.74167,3
2.75000,3
2.75833,3
2.76667,3
2.77500,4
2.78333,4
2.79167,3
2.80000,3
2.80833,3
2.81667,3
2.82500,3
2.83333,3
2.84167,3
2.85000,4
2.85833,4
2.86667,4
2.87500,4
2.88333,4
2.89167,4
2.90000,4
2.90833,4
2.91667,4
2.92500,4
2.93333,4
2.94167,4
2.95000,5
2.95833,5
2.96667,5
2.97500,5
2.98333,5
2.99167,5
3.00000,4
3.00833,4
3.01667,4
3.02500,3
3.03333,3
3.04167,4
3.05000,4
3.05833,4
3.06667,4
3.07500,4
3.08333,4
3.09167,5
3.10000,5
3.10833,4
3.11667,4
3.12500,4
3.13333,4
3.14167,4
3.15000,5
3.15833,5
3.16667,5
3.17500,5
3.18333,5
3.19167,5
3.20000,5
3.20833,5
3.21667,5
3.22500,5
3.23333,5
3.24167,6
3.25000,6
3.25833,6
3.26667,6
3.27500,6
3.28333,5
3.29167,5
3.30000,5
3.30833,6
3.31667,6
3.32500,6
3.33333,6
3.34167,7
3.35000,7
3.35833,7
3.36667,6
3.37500,6
3.38333,6
3.39167,6
3.40000,6
3.40833,6
3.41667,6
3.42500,6
3.43333,6
3.44167,6
3.45000,6
3.45833,6
3.46667,6
3.47500,6
3.48333,6
3.49167,6
3.50000,6
3.50833,7
3.51667,7
3.52500,7
3.53333,8
3.54167,8
3.55000,8
3.55833,8
3.56667,7
3.57500,7
3.58333,7
3.59167,7
3.60000,7
3.60833,6
3.61667,6
3.62500,7
3.63333,7
3.64167,7
3.65000,7
3.65833,7
3.66667,7
3.67500,8
3.68333,8
3.69167,8
3.70000,8
3.70833,8
3.71667,7
3.72500,7
3.73333,7
3.74167,7
3.75000,7
3.75833,7
3.76667,7
3.77500,7
3.78333,7
3.79167,8
3.80000,8
3.80833,8
3.81667,8
3.82500,8
3.83333,8
3.84167,8
3.85000,8
3.85833,8
3.86667,8
3.87500,8
3.88333,9
3.89167,9
3.90000,9
3.90833,9
3.91667,9
3.92500,8
3.93333,8
3.94167,9
3.95000,9
3.95833,9
3.96667,9
3.97500,8
3.98333,8
3.99167,8
4.00000,8
4.00833,9
4.01667,9
4.02500,9
4.03333,9
4.04167,9
4.05000,9
4.05833,8
4.06667,8
4.07500,8
4.08333,8
4.09167,8
4.10000,9
4.10833,9
4.11667,9
4.12500,9
4.13333,9
4.14167,9
4.15000,9
4.15833,9
4.16667,9
4.17500,9
4.18333,8
4.19167,8
4.20000,8
4.20833,7
4.21667,7
4.22500,7
4.23333,7
4.24167,7
4.25000,7
4.25833,7
4.26667,7
4.27500,7
4.28333,8
4.29167,8
4.30000,7
4.30833,7
4.31667,7
4.32500,7
4.33333,7
4.34167,7
4.35000,8
4.35833,8
4.36667,8
4.37500,8
4.38333,8
4.39167,8
4.40000,8
4.40833,8
4.41667,8
4.42500,8
4.43333,8
4.44167,7
4.45000,7
4.45833,7
4.46667,7
4.47500,7
4.48333,8
4.49167,8
4.50000,8
4.50833,7
4.51667,7
4.52500,8
4.53333,8
4.54167,8
4.55000,8
4.55833,7
4.56667,7
4.57500,7
4.58333,7
4.59167,8
4.60000,8
4.60833,8
4.61667,8
4.62500,7
4.63333,7
4.64167,7
4.65000,7
4.65833,8
4.66667,8
4.67500,7
4.68333,7
4.69167,7
4.70000,7
4.70833,7
4.71667,7
4.72500,7
4.73333,7
4.74167,7
4.75000,7
4.75833,7
4.76667,7
4.77500,7
4.78333,8
4.79167,8
4.80000,8
4.80833,8
4.81667,8
4.82500,8
4.83333,8
4.84167,7
4.85000,8
4.85833,8
4.86667,8
4.87500,8
4.88333,8
4.89167,8
4.90000,8
4.90833,8
4.91667,8
4.92500,8
4.93333,8
4.94167,8
4.95000,8
4.95833,8
4.96667,8
4.97500,8
4.98333,8
4.99167,8
5.00000,8
5.00833,8
5.01667,8
5.02500,8
5.03333,8
5.04167,8
5.05000,8
5.05833,8
5.06667,8
5.07500,8
5.08333,8
5.09167,8
5.10000,8
5.10833,8
5.11667,8
5.12500,8
5.13333,8
5.14167,8
5.15000,8
5.15833,8
5.16667,8
5.17500,8
5.18333,8
5.19167,8
5.20000,8
5.20833,8
5.21667,8
5.22500,8
5.23333,8
5.24167,8
5.25000,8
5.25833,9
5.26667,9
5.27500,9
5.28333,9
5.29167,9
5.30000,9
5.30833,9
5.31667,9
5.32500,9
5.33333,9
5.34167,9
5.35000,9
5.35833,9
5.36667,9
5.37500,9
5.38333,9
5.39167,9
5.40000,9
5.40833,9
5.41667,9
5.42500,9
5.43333,9
5.44167,9
5.45000,9
5.45833,9
5.46667,9
5.47500,9
5.48333,9
5.49167,9
5.50000,9
5.50833,9
5.51667,9
5.52500,8
5.53333,8
5.54167,8
5.55000,8
5.55833,8
5.56667,8
5.57500,9
5.58333,9
5.59167,8
5.60000,8
5.60833,8
5.61667,8
5.62500,8
5.63333,9
5.64167,9
5.65000,9
5.65833,9
5.66667,9
5.67500,9
5.68333,9
5.69167,9
5.70000,9
5.70833,9
5.71667,8
5.72500,8
5.73333,8
5.74167,8
5.75000,9
5.75833,9
5.76667,10
5.77500,10
5.78333,10
5.79167,10
5.80000,10
5.80833,10
5.81667,9
5.82500,9
5.83333,9
5.84167,9
5.85000,9
5.85833,9
5.86667,9
5.87500,9
5.88333,9
5.89167,9
5.90000,9
5.90833,9
5.91667,9
5.92500,9
5.93333,9
5.94167,9
5.95000,9
5.95833,9
5.96667,9
5.97500,9
5.98333,9
5.99167,9
6.00000,9
6.00833,9
6.01667,9
6.02500,9
6.03333,9
6.04167,9
6.05000,9
6.05833,9
6.06667,9
6.07500,9
6.08333,9
6.09167,9
6.10000,9
6.10833,9
6.11667,9
6.12500,9
6.13333,9
6.14167,9
6.15000,9
6.15833,9
6.16667,9
6.17500,9
6.18333,9
6.19167,9
6.20000,9
6.20833,9
6.21667,9
6.22500,9
6.23333,9
6.24167,9
6.25000,9
6.25833,9
6.26667,10
6.27500,10
6.28333,10
6.29167,10
6.30000,10
6.30833,10
6.31667,10
6.32500,9
6.33333,9
6.34167,9
6.35000,9
6.35833,10
6.36667,10
6.37500,10
6.38333,10
6.39167,9
6.40000,9
6.40833,9
6.41667,9
6.42500,9
6.43333,9
6.44167,9
6.45000,9
6.45833,10
6.46667,10
6.47500,10
6.48333,10
6.49167,10
6.50000,10
6.50833,10
6.51667,9
6.52500,9
6.53333,9
6.54167,9
6.55000,10
6.55833,10
6.56667,10
6.57500,10
6.58333,10
6.59167,10
6.60000,10
6.60833,10
6.61667,9
6.62500,9
6.63333,9
6.64167,9
6.65000,9
6.65833,9
6.66667,9
6.67500,10
6.68333,9
6.69167,9
6.70000,10
6.70833,10
6.71667,10
6.72500,10
6.73333,10
6.74167,10
6.75000,10
6.75833,9
6.76667,9
6.77500,9
6.78333,9
6.79167,8
6.80000,8
6.80833,9
6.81667,9
6.82500,9
6.83333,10
6.84167,10
6.85000,10
6.85833,10
6.86667,10
6.87500,9
6.88333,9
6.89167,9
6.90000,9
6.90833,9
6.91667,9
6.92500,9
6.93333,10
6.94167,11
6.95000,11
6.95833,11
6.96667,11
6.97500,11
6.98333,11
6.99167,11
7.00000,11
7.00833,11
7.01667,11
7.02500,10
7.03333,10
7.04167,10
7.05000,10
7.05833,10
7.06667,10
7.07500,11
7.08333,11
7.09167,11
7.10000,10
7.10833,10
7.11667,10
7.12500,10
7.13333,10
7.14167,10
7.15000,10
7.15833,9
7.16667,9
7.17500,9
7.18333,10
7.19167,10
7.20000,10
7.20833,10
7.21667,10
7.22500,10
7.23333,10
7.24167,10
7.25000,10
7.25833,10
7.26667,11
7.27500,11
7.28333,10
7.29167,10
7.30000,10
7.30833,10
7.31667,10
7.32500,11
7.33333,10
7.34167,10
7.35000,10
7.35833,11
7.36667,11
7.37500,11
7.38333,11
7.39167,11
7.40000,10
7.40833,10
7.41667,10
7.42500,10
7.43333,10
7.44167,10
7.45000,10
7.45833,10
7.46667,10
7.47500,10
7.48333,10
7.49167,10
7.50000,11
7.50833,11
7.51667,11
7.52500,11
7.53333,11
7.54167,11
7.55000,11
7.55833,11
7.56667,11
7.57500,11
7.58333,11
7.59167,11
7.60000,11
7.60833,11
7.61667,11
7.62500,11
7.63333,11
7.64167,11
7.65000,11
7.65833,10
7.66667,10
7.67500,10
7.68333,10
7.69167,11
7.70000,11
7.70833,11
7.71667,11
7.72500,11
7.73333,11
7.74167,10
7.75000,10
7.75833,10
7.76667,10
7.77500,10
7.78333,10
7.79167,10
7.80000,10
7.80833,10
7.81667,10
7.82500,10
7.83333,10
7.84167,10
7.85000,10
7.85833,10
7.86667,10
7.87500,10
7.88333,10
7.89167,10
7.90000,11
7.90833,11
7.91667,11
7.92500,10
7.93333,10
7.94167,10
7.95000,10
7.95833,9
7.96667,10
7.97500,10
7.98333,10
7.99167,10
8.00000,10
8.00833,10
8.01667,11
8.02500,11
8.03333,11
8.04167,11
8.05000,11
8.05833,11
8.06667,11
8.07500,11
8.08333,10
8.09167,10
8.10000,10
8.10833,10
8.11667,10
8.12500,10
8.13333,10
8.14167,10
8.15000,10
8.15833,10
8.16667,10
8.17500,10
8.18333,10
8.19167,10
8.20000,10
8.20833,10
8.21667,10
8.22500,11
8.23333,11
8.24167,11
8.25000,11
8.25833,10
8.26667,10
8.27500,10
8.28333,10
8.29167,10
8.30000,10
8.30833,11
8.31667,11
8.32500,11
8.33333,11
8.34167,11
8.35000,10
8.35833,10
8.36667,10
8.37500,10
8.38333,10
8.39167,10
8.40000,10
8.40833,10
8.41667,10
8.42500,10
8.43333,10
8.44167,10
8.45000,10
8.45833,10
8.46667,10
8.47500,10
8.48333,10
8.49167,10
8.50000,10
8.50833,10
8.51667,10
8.52500,10
8.53333,9
8.54167,9
8.55000,9
8.55833,9
8.56667,9
8.57500,9
8.58333,9
8.59167,9
8.60000,9
8.60833,9
8.61667,9
8.62500,9
8.63333,10
8.64167,10
8.65000,10
8.65833,10
8.66667,10
8.67500,10
8.68333,10
8.69167,9
8.70000,9
8.70833,9
8.71667,9
8.72500,9
8.73333,9
8.74167,9
8.75000,9
8.75833,9
8.76667,9
8.77500,9
8.78333,10
8.79167,10
8.80000,10
8.80833,9
8.81667,9
8.82500,9
8.83333,9
8.84167,9
8.85000,9
8.85833,9
8.86667,9
8.87500,9
8.88333,9
8.89167,9
8.90000,9
8.90833,9
8.91667,9
8.92500,9
8.93333,9
8.94167,9
8.95000,9
8.95833,9
8.96667,8
8.97500,8
8.98333,8
8.99167,8
9.00000,8
9.00833,8
9.01667,8
9.02500,8
9.03333,8
9.04167,8
9.05000,8
9.05833,9
9.06667,9
9.07500,8
9.08333,8
9.09167,8
9.10000,8
9.10833,8
9.11667,9
9.12500,9
9.13333,9
9.14167,8
9.15000,8
9.15833,8
9.16667,8
9.17500,8
9.18333,8
9.19167,8
9.20000,8
9.20833,8
9.21667,8
9.22500,8
9.23333,8
9.24167,8
9.25000,9
9.25833,9
9.26667,9
9.27500,9
9.28333,9
9.29167,9
9.30000,9
9.30833,9
9.31667,9
9.32500,9
9.33333,9
9.34167,9
9.35000,9
9.35833,9
9.36667,9
9.37500,9
9.38333,9
9.39167,9
9.40000,9
9.40833,10
9.41667,10
9.42500,9
9.43333,9
9.44167,9
9.45000,9
9.45833,9
9.46667,9
9.47500,9
9.48333,10
9.49167,10
9.50000,10
9.50833,10
9.51667,10
9.52500,10
9.53333,10
9.54167,10
9.55000,10
9.55833,10
9.56667,9
9.57500,9
9.58333,9
9.59167,9
9.60000,9
9.60833,9
9.61667,9
9.62500,9
9.63333,9
9.64167,9
9.65000,9
9.65833,9
9.66667,10
9.67500,10
9.68333,10
9.69167,9
9.70000,9
9.70833,9
9.71667,9
9.72500,9
9.73333,8
9.74167,8
9.75000,8
9.75833,8
9.76667,9
9.77500,9
9.78333,9
9.79167,9
9.80000,9
9.80833,9
9.81667,9
9.82500,8
9.83333,8
9.84167,8
9.85000,9
9.85833,9
9.86667,9
9.87500,9
9.88333,9
9.89167,9
9.90000,10
9.90833,10
9.91667,9
9.92500,9
9.93333,9
9.94167,9
9.95000,9
9.95833,9
9.96667,9
9.97500,9
9.98333,9
9.99167,9
10.00000,9
10.00833,9
10.01667,9
10.02500,9
10.03333,9
10.04167,9
10.05000,9
10.05833,9
10.06667,9
10.07500,9
10.08333,9
10.09167,9
10.10000,9
10.10833,9
10.11667,9
10.12500,10
10.13333,10
10.14167,9
10.15000,9
10.15833,10
10.16667,10
10.17500,10
10.18333,9
10.19167,9
10.20000,9
10.20833,9
10.21667,9
10.22500,9
10.23333,9
10.24167,9
10.25000,10
10.25833,10
10.26667,10
10.27500,10
10.28333,10
10.29167,11
10.30000,11
10.30833,11
10.31667,11
10.32500,11
10.33333,12
10.34167,12
10.35000,12
10.35833,12
10.36667,13
10.37500,13
10.38333,13
10.39167,12
10.40000,12
10.40833,11
10.41667,11
10.42500,11
10.43333,11
10.44167,11
10.45000,10
10.45833,9
10.46667,8
10.47500,5
10.48333,1
10.49167,-5
10.50000,-13
10.50833,-25
10.51667,-41
10.52500,-62
10.53333,-89
10.54167,-123
10.55000,-166
10.55833,-217
10.56667,-279
10.57500,-350
10.58333,-432
10.59167,-523
10.60000,-621
10.60833,-725
10.61667,-832
10.62500,-936
10.63333,-1033
10.64167,-1117
10.65000,-1182
10.65833,-1219
10.66667,-1220
10.67500,-1178
10.68333,-1083
10.69167,-926
10.70000,-699
10.70833,-392
10.71667,2
10.72500,492
10.73333,1086
10.74167,1789
10.75000,2609
10.75833,3550
10.76667,4618
10.77500,5815
10.78333,7146
10.79167,8613
10.80000,10219
10.80833,11965
10.81667,13852
10.82500,15879
10.83333,18048
10.84167,20357
10.85000,22806
10.85833,25392
10.86667,28113
10.87500,30966
10.88333,33949
10.89167,37056
10.90000,40283
10.90833,43623
10.91667,47065
10.92500,50601
10.93333,54215
10.94167,57890
10.95000,61603
10.95833,65324
10.96667,69017
10.97500,72635
10.98333,76122
10.99167,79413
11.00000,82432
11.00833,85096
11.01667,87320
11.02500,89015
11.03333,90104
11.04167,90518
11.05000,90211
11.05833,89158
11.06667,87361
11.07500,84853
11.08333,81690
11.09167,77955
11.10000,73744
11.10833,69169
11.11667,64345
11.12500,59386
11.13333,54397
11.14167,49474
11.15000,44699
11.15833,40138
11.16667,35839
11.17500,31837
11.18333,28154
11.19167,24797
11.20000,21764
11.20833,19047
11.21667,16629
11.22500,14492
11.23333,12612
11.24167,10968
11.25000,9536
11.25833,8293
11.26667,7217
11.27500,6289
11.28333,5490
11.29167,4802
11.30000,4210
11.30833,3702
11.31667,3266
11.32500,2890
11.33333,2567
11.34167,2288
11.35000,2048
11.35833,1840
11.36667,1660
11.37500,1503
11.38333,1366
11.39167,1246
11.40000,1141
11.40833,1047
11.41667,965
11.42500,891
11.43333,826
11.44167,767
11.45000,714
11.45833,666
11.46667,623
11.47500,584
11.48333,548
11.49167,514
11.50000,484
11.50833,456
11.51667,430
11.52500,405
11.53333,383
11.54167,361
11.55000,341
11.55833,323
11.56667,306
11.57500,289
11.58333,274
11.59167,259
11.60000,245
11.60833,232
11.61667,219
11.62500,208
11.63333,197
11.64167,186
11.65000,176
11.65833,166
11.66667,157
11.67500,148
11.68333,139
11.69167,132
11.70000,124
11.70833,117
11.71667,110
11.72500,103
11.73333,96
11.74167,90
11.75000,85
11.75833,79
11.76667,74
11.77500,69
11.78333,64
11.79167,60
11.80000,56
11.80833,52
11.81667,48
11.82500,44
11.83333,41
11.84167,37
11.85000,35
11.85833,32
11.86667,29
11.87500,26
11.88333,24
11.89167,22
11.90000,19
11.90833,17
11.91667,15
11.92500,13
11.93333,12
11.94167,10
11.95000,9
11.95833,8
11.96667,7
11.97500,5
11.98333,4
11.99167,3
12.00000,2
12.00833,0
12.01667,-1
12.02500,-2
12.03333,-3
12.04167,-4
12.05000,-5
12.05833,-5
12.06667,-6
12.07500,-7
12.08333,-7
12.09167,-8
12.10000,-8
12.10833,-9
12.11667,-10
12.12500,-11
12.13333,-12
12.14167,-12
12.15000,-13
12.15833,-14
12.16667,-14
12.17500,-15
12.18333,-15
12.19167,-16
12.20000,-16
12.20833,-17
12.21667,-17
12.22500,-18
12.23333,-19
12.24167,-19
12.25000,-19
12.25833,-20
12.26667,-20
12.27500,-19
12.28333,-19
12.29167,-19
12.30000,-19
12.30833,-19
12.31667,-19
12.32500,-20
12.33333,-20
12.34167,-20
12.35000,-21
12.35833,-21
12.36667,-21
12.37500,-21
12.38333,-21
12.39167,-20
12.40000,-20
12.40833,-20
12.41667,-20
12.42500,-19
12.43333,-19
12.44167,-19
12.45000,-19
12.45833,-18
12.46667,-18
12.47500,-18
12.48333,-18
12.49167,-18
12.50000,-17
12.50833,-17
12.51667,-17
12.52500,-17
12.53333,-16
12.54167,-16
12.55000,-16
12.55833,-16
12.56667,-15
12.57500,-15
12.58333,-14
12.59167,-14
12.60000,-13
12.60833,-13
12.61667,-13
12.62500,-12
12.63333,-12
12.64167,-12
12.65000,-11
12.65833,-10
12.66667,-9
12.67500,-9
12.68333,-8
12.69167,-8
12.70000,-7
12.70833,-6
12.71667,-5
12.72500,-4
12.73333,-3
12.74167,-2
12.75000,1
12.75833,3
12.76667,6
12.77500,9
12.78333,13
12.79167,19
12.80000,25
12.80833,33
12.81667,42
12.82500,53
12.83333,66
12.84167,81
12.85000,100
12.85833,121
12.86667,146
12.87500,175
12.88333,208
12.89167,245
12.90000,287
12.90833,334
12.91667,387
12.92500,445
12.93333,509
12.94167,580
12.95000,657
12.95833,740
12.96667,830
12.97500,927
12.98333,1030
12.99167,1141
13.00000,1257
13.00833,1381
13.01667,1511
13.02500,1648
13.03333,1792
13.04167,1942
13.05000,2098
13.05833,2260
13.06667,2429
13.07500,2603
13.08333,2782
13.09167,2967
13.10000,3157
13.10833,3352
13.11667,3552
13.12500,3756
13.13333,3966
13.14167,4179
13.15000,4397
13.15833,4619
13.16667,4845
13.17500,5075
13.18333,5308
13.19167,5545
13.20000,5786
13.20833,6030
13.21667,6278
13.22500,6529
13.23333,6783
13.24167,7040
13.25000,7300
13.25833,7562
13.26667,7828
13.27500,8097
13.28333,8368
13.29167,8642
13.30000,8919
13.30833,9198
13.31667,9481
13.32500,9765
13.33333,10053
13.34167,10342
13.35000,10635
13.35833,10930
13.36667,11227
13.37500,11527
13.38333,11829
13.39167,12134
13.40000,12442
13.40833,12752
13.41667,13064
13.42500,13379
13.43333,13696
13.44167,14016
13.45000,14338
13.45833,14663
13.46667,14989
13.47500,15319
13.48333,15651
13.49167,15985
13.50000,16323
13.50833,16662
13.51667,17005
13.52500,17350
13.53333,17697
13.54167,18047
13.55000,18400
13.55833,18755
13.56667,19113
13.57500,19474
13.58333,19837
13.59167,20203
13.60000,20571
13.60833,20942
13.61667,21316
13.62500,21693
13.63333,22072
13.64167,22455
13.65000,22840
13.65833,23228
13.66667,23619
13.67500,24012
13.68333,24409
13.69167,24809
13.70000,25211
13.70833,25617
13.71667,26026
13.72500,26438
13.73333,26852
13.74167,27270
13.75000,27691
13.75833,28115
13.76667,28542
13.77500,28972
13.78333,29406
13.79167,29842
13.80000,30282
13.80833,30725
13.81667,31172
13.82500,31622
13.83333,32075
13.84167,32533
13.85000,32993
13.85833,33457
13.86667,33925
13.87500,34396
13.88333,34871
13.89167,35349
13.90000,35831
13.90833,36316
13.91667,36806
13.92500,37299
13.93333,37796
13.94167,38296
13.95000,38801
13.95833,39309
13.96667,39822
13.97500,40339
13.98333,40859
13.99167,41384
14.00000,41913
14.00833,42446
14.01667,42984
14.02500,43525
14.03333,44071
14.04167,44621
14.05000,45175
14.05833,45734
14.06667,46297
14.07500,46865
14.08333,47438
14.09167,48015
14.10000,48597
14.10833,49183
14.11667,49775
14.12500,50371
14.13333,50972
14.14167,51578
14.15000,52189
14.15833,52805
14.16667,53425
14.17500,54052
14.18333,54683
14.19167,55319
14.20000,55960
14.20833,56607
14.21667,57259
14.22500,57916
14.23333,58579
14.24167,59248
14.25000,59923
14.25833,60603
14.26667,61289
14.27500,61981
14.28333,62679
14.29167,63383
14.30000,64092
14.30833,64808
14.31667,65530
14.32500,66258
14.33333,66991
14.34167,67730
14.35000,68472
14.35833,69216
14.36667,69960
14.37500,70698
14.38333,71425
14.39167,72130
14.40000,72803
14.40833,73427
14.41667,73983
14.42500,74447
14.43333,74794
14.44167,74994
14.45000,75018
14.45833,74835
14.46667,74417
14.47500,73738
14.48333,72778
14.49167,71524
14.50000,69973
14.50833,68126
14.51667,65998
14.52500,63609
14.53333,60990
14.54167,58176
14.55000,55209
14.55833,52133
14.56667,48995
14.57500,45839
14.58333,42708
14.59167,39640
14.60000,36670
14.60833,33825
14.61667,31129
14.62500,28597
14.63333,26241
14.64167,24067
14.65000,22074
14.65833,20261
14.66667,18620
14.67500,17143
14.68333,15820
14.69167,14641
14.70000,13592
14.70833,12663
14.71667,11842
14.72500,11116
14.73333,10476
14.74167,9911
14.75000,9414
14.75833,8975
14.76667,8587
14.77500,8244
14.78333,7939
14.79167,7669
14.80000,7427
14.80833,7211
14.81667,7017
14.82500,6841
14.83333,6682
14.84167,6536
14.85000,6403
14.85833,6281
14.86667,6167
14.87500,6062
14.88333,5963
14.89167,5871
14.90000,5784
14.90833,5702
14.91667,5623
14.92500,5549
14.93333,5478
14.94167,5410
14.95000,5344
14.95833,5281
14.96667,5220
14.97500,5161
14.98333,5104
14.99167,5048
15.00000,4993
15.00833,4940
15.01667,4888
15.02500,4838
15.03333,4789
15.04167,4740
15.05000,4693
15.05833,4647
15.06667,4602
15.07500,4558
15.08333,4514
15.09167,4471
15.10000,4429
15.10833,4388
15.11667,4348
15.12500,4308
15.13333,4270
15.14167,4232
15.15000,4195
15.15833,4159
15.16667,4123
15.17500,4089
15.18333,4055
15.19167,4021
15.20000,3989
15.20833,3957
15.21667,3926
15.22500,3896
15.23333,3867
15.24167,3839
15.25000,3811
15.25833,3784
15.26667,3758
15.27500,3733
15.28333,3707
15.29167,3683
15.30000,3659
15.30833,3636
15.31667,3613
15.32500,3591
15.33333,3570
15.34167,3549
15.35000,3529
15.35833,3510
15.36667,3491
15.37500,3474
15.38333,3458
15.39167,3443
15.40000,3429
15.40833,3418
15.41667,3409
15.42500,3402
15.43333,3399
15.44167,3399
15.45000,3402
15.45833,3411
15.46667,3427
15.47500,3449
15.48333,3478
15.49167,3517
15.50000,3566
15.50833,3627
15.51667,3700
15.52500,3788
15.53333,3891
15.54167,4013
15.55000,4152
15.55833,4312
15.56667,4494
15.57500,4699
15.58333,4929
15.59167,5185
15.60000,5467
15.60833,5776
15.61667,6112
15.62500,6476
15.63333,6866
15.64167,7284
15.65000,7726
15.65833,8193
15.66667,8683
15.67500,9192
15.68333,9719
15.69167,10260
15.70000,10812
15.70833,11372
15.71667,11935
15.72500,12498
15.73333,13055
15.74167,13603
15.75000,14137
15.75833,14653
15.76667,15146
15.77500,15612
15.78333,16048
15.79167,16449
15.80000,16812
15.80833,17134
15.81667,17413
15.82500,17646
15.83333,17832
15.84167,17969
15.85000,18057
15.85833,18096
15.86667,18085
15.87500,18025
15.88333,17919
15.89167,17766
15.90000,17570
15.90833,17333
15.91667,17057
15.92500,16744
15.93333,16399
15.94167,16024
15.95000,15623
15.95833,15199
15.96667,14756
15.97500,14296
15.98333,13824
15.99167,13343
16.00000,12855
16.00833,12365
16.01667,11873
16.02500,11383
16.03333,10898
16.04167,10420
16.05000,9950
16.05833,9490
16.06667,9042
16.07500,8608
16.08333,8189
16.09167,7784
16.10000,7396
16.10833,7024
16.11667,6669
16.12500,6331
16.13333,6009
16.14167,5705
16.15000,5418
16.15833,5147
16.16667,4892
16.17500,4653
16.18333,4430
16.19167,4220
16.20000,4025
16.20833,3844
16.21667,3675
16.22500,3517
16.23333,3371
16.24167,3236
16.25000,3111
16.25833,2995
16.26667,2888
16.27500,2790
16.28333,2699
16.29167,2615
16.30000,2537
16.30833,2466
16.31667,2400
16.32500,2339
16.33333,2283
16.34167,2231
16.35000,2183
16.35833,2138
16.36667,2098
16.37500,2060
16.38333,2024
16.39167,1992
16.40000,1961
16.40833,1933
16.41667,1906
16.42500,1881
16.43333,1858
16.44167,1836
16.45000,1815
16.45833,1796
16.46667,1778
16.47500,1761
16.48333,1744
16.49167,1729
16.50000,1714
16.50833,1700
16.51667,1686
16.52500,1673
16.53333,1660
16.54167,1648
16.55000,1636
16.55833,1625
16.56667,1614
16.57500,1603
16.58333,1593
16.59167,1582
16.60000,1572
16.60833,1563
16.61667,1554
16.62500,1545
16.63333,1536
16.64167,1528
16.65000,1520
16.65833,1512
16.66667,1504
16.67500,1496
16.68333,1488
16.69167,1480
16.70000,1472
16.70833,1464
16.71667,1457
16.72500,1449
16.73333,1442
16.74167,1435
16.75000,1428
16.75833,1421
16.76667,1414
16.77500,1407
16.78333,1401
16.79167,1394
16.80000,1387
16.80833,1381
16.81667,1374
16.82500,1368
16.83333,1361
16.84167,1355
16.85000,1348
16.85833,1342
16.86667,1336
16.87500,1329
16.88333,1323
16.89167,1317
16.90000,1310
16.90833,1304
16.91667,1298
16.92500,1291
16.93333,1286
16.94167,1280
16.95000,1273
16.95833,1267
16.96667,1261
16.97500,1255
16.98333,1249
16.99167,1244
17.00000,1237
17.00833,1231
17.01667,1226
17.02500,1220
17.03333,1214
17.04167,1208
17.05000,1203
17.05833,1197
17.06667,1191
17.07500,1185
17.08333,1180
17.09167,1174
17.10000,1168
17.10833,1162
17.11667,1156
17.12500,1151
17.13333,1145
17.14167,1139
17.15000,1133
17.15833,1128
17.16667,1122
17.17500,1117
17.18333,1111
17.19167,1105
17.20000,1099
17.20833,1093
17.21667,1088
17.22500,1082
17.23333,1077
17.24167,1071
17.25000,1066
17.25833,1060
17.26667,1054
17.27500,1049
17.28333,1043
17.29167,1038
17.30000,1033
17.30833,1028
17.31667,1023
17.32500,1017
17.33333,1012
17.34167,1007
17.35000,1002
17.35833,996
17.36667,990
17.37500,985
17.38333,979
17.39167,973
17.40000,968
17.40833,963
17.41667,957
17.42500,952
17.43333,947
17.44167,941
17.45000,936
17.45833,931
17.46667,926
17.47500,921
17.48333,916
17.49167,911
17.50000,906
17.50833,901
17.51667,896
17.52500,892
17.53333,887
17.54167,881
17.55000,876
17.55833,871
17.56667,867
17.57500,862
17.58333,857
17.59167,852
17.60000,847
17.60833,842
17.61667,838
17.62500,833
17.63333,828
17.64167,823
17.65000,819
17.65833,814
17.66667,810
17.67500,805
17.68333,801
17.69167,796
17.70000,792
17.70833,787
17.71667,783
17.72500,778
17.73333,774
17.74167,770
17.75000,765
17.75833,761
17.76667,757
17.77500,752
17.78333,748
17.79167,743
17.80000,739
17.80833,734
17.81667,729
17.82500,724
17.83333,720
17.84167,715
17.85000,711
17.85833,707
17.86667,703
17.87500,698
17.88333,694
17.89167,689
17.90000,685
17.90833,680
17.91667,676
17.92500,671
17.93333,667
17.94167,662
17.95000,658
17.95833,654
17.96667,650
17.97500,646
17.98333,642
17.99167,638
18.00000,634
18.00833,630
18.01667,626
18.02500,622
18.03333,618
18.04167,613
18.05000,609
18.05833,605
18.06667,601
18.07500,597
18.08333,593
18.09167,589
18.10000,585
18.10833,581
18.11667,577
18.12500,573
18.13333,570
18.14167,566
18.15000,562
18.15833,558
18.16667,554
18.17500,550
18.18333,546
18.19167,543
18.20000,539
18.20833,535
18.21667,531
18.22500,527
18.23333,524
18.24167,520
18.25000,516
18.25833,512
18.26667,508
18.27500,504
18.28333,499
18.29167,496
18.30000,492
18.30833,488
18.31667,484
18.32500,480
18.33333,476
18.34167,473
18.35000,469
18.35833,465
18.36667,461
18.37500,457
18.38333,453
18.39167,449
18.40000,446
18.40833,441
18.41667,437
18.42500,433
18.43333,430
18.44167,426
18.45000,422
18.45833,418
18.46667,414
18.47500,410
18.48333,406
18.49167,403
18.50000,399
18.50833,395
18.51667,391
18.52500,387
18.53333,383
18.54167,379
18.55000,375
18.55833,371
18.56667,368
18.57500,364
18.58333,360
18.59167,356
18.60000,352
18.60833,348
18.61667,345
18.62500,341
18.63333,337
18.64167,333
18.65000,330
18.65833,326
18.66667,323
18.67500,319
18.68333,316
18.69167,312
18.70000,309
18.70833,306
18.71667,303
18.72500,300
18.73333,296
18.74167,293
18.75000,290
18.75833,287
18.76667,283
18.77500,280
18.78333,278
18.79167,274
18.80000,271
18.80833,268
18.81667,265
18.82500,262
18.83333,259
18.84167,256
18.85000,253
18.85833,250
18.86667,247
18.87500,245
18.88333,242
18.89167,239
18.90000,236
18.90833,233
18.91667,230
18.92500,227
18.93333,223
18.94167,220
18.95000,217
18.95833,214
18.96667,211
18.97500,208
18.98333,205
18.99167,202
19.00000,199
19.00833,197
19.01667,194
19.02500,191
19.03333,189
19.04167,186
19.05000,183
19.05833,181
19.06667,178
19.07500,176
19.08333,173
19.09167,171
19.10000,168
19.10833,166
19.11667,164
19.12500,162
19.13333,160
19.14167,159
19.15000,157
19.15833,156
19.16667,155
19.17500,154
19.18333,154
19.19167,153
19.20000,153
19.20833,153
19.21667,153
19.22500,153
19.23333,154
19.24167,155
19.25000,156
19.25833,157
19.26667,158
19.27500,159
19.28333,161
19.29167,162
19.30000,164
19.30833,166
19.31667,168
19.32500,169
19.33333,172
19.34167,174
19.35000,176
19.35833,178
19.36667,180
19.37500,181
19.38333,183
19.39167,185
19.40000,187
19.40833,188
19.41667,189
19.42500,190
19.43333,190
19.44167,190
19.45000,190
19.45833,190
19.46667,189
19.47500,188
19.48333,188
19.49167,186
19.50000,185
19.50833,183
19.51667,181
19.52500,179
19.53333,176
19.54167,174
19.55000,171
19.55833,168
19.56667,164
19.57500,161
19.58333,157
19.59167,154
19.60000,150
19.60833,146
19.61667,143
19.62500,139
19.63333,136
19.64167,132
19.65000,128
19.65833,125
19.66667,121
19.67500,118
19.68333,115
19.69167,112
19.70000,108
19.70833,105
19.71667,102
19.72500,99
19.73333,96
19.74167,93
19.75000,90
19.75833,88
19.76667,85
19.77500,83
19.78333,81
19.79167,78
19.80000,76
19.80833,74
19.81667,72
19.82500,71
19.83333,69
19.84167,68
19.85000,66
19.85833,65
19.86667,64
19.87500,63
19.88333,62
19.89167,61
19.90000,60
19.90833,59
19.91667,58
19.92500,57
19.93333,56
19.94167,55
19.95000,55
19.95833,55
19.96667,54
19.97500,54
19.98333,53
19.99167,52
20.00000,52
20.00833,51
20.01667,51
20.02500,50
20.03333,50
20.04167,49
20.05000,48
20.05833,48
20.06667,47
20.07500,47
20.08333,47
20.09167,46
20.10000,46
20.10833,46
20.11667,46
20.12500,46
20.13333,46
20.14167,45
20.15000,45
20.15833,45
20.16667,44
20.17500,44
20.18333,44
20.19167,44
20.20000,44
20.20833,44
20.21667,43
20.22500,43
20.23333,43
20.24167,43
20.25000,43
20.25833,43
20.26667,43
20.27500,43
20.28333,43
20.29167,43
20.30000,43
20.30833,43
20.31667,44
20.32500,44
20.33333,44
20.34167,44
20.35000,44
20.35833,43
20.36667,43
20.37500,42
20.38333,42
20.39167,42
20.40000,42
20.40833,42
20.41667,42
20.42500,42
20.43333,42
20.44167,42
20.45000,42
20.45833,41
20.46667,41
20.47500,41
20.48333,41
20.49167,41
20.50000,41
20.50833,41
20.51667,41
20.52500,41
20.53333,41
20.54167,42
20.55000,42
20.55833,42
20.56667,42
20.57500,41
20.58333,41
20.59167,41
20.60000,42
20.60833,42
20.61667,42
20.62500,42
20.63333,42
20.64167,42
20.65000,43
20.65833,43
20.66667,44
20.67500,45
20.68333,46
20.69167,47
20.70000,49
20.70833,50
20.71667,52
20.72500,54
20.73333,57
20.74167,59
20.75000,62
20.75833,66
20.76667,70
20.77500,75
20.78333,80
20.79167,85
20.80000,92
20.80833,99
20.81667,106
20.82500,115
20.83333,125
20.84167,136
20.85000,147
20.85833,160
20.86667,173
20.87500,188
20.88333,204
20.89167,221
20.90000,240
20.90833,259
20.91667,280
20.92500,301
20.93333,323
20.94167,347
20.95000,372
20.95833,397
20.96667,424
20.97500,451
20.98333,479
20.99167,507
21.00000,536
21.00833,565
21.01667,594
21.02500,623
21.03333,652
21.04167,681
21.05000,709
21.05833,736
21.06667,763
21.07500,788
21.08333,813
21.09167,836
21.10000,858
21.10833,878
21.11667,896
21.12500,912
21.13333,927
21.14167,939
21.15000,950
21.15833,958
21.16667,964
21.17500,968
21.18333,970
21.19167,970
21.20000,967
21.20833,962
21.21667,955
21.22500,946
21.23333,936
21.24167,924
21.25000,910
21.25833,894
21.26667,877
21.27500,859
21.28333,840
21.29167,819
21.30000,797
21.30833,775
21.31667,752
21.32500,728
21.33333,704
21.34167,679
21.35000,655
21.35833,630
21.36667,606
21.37500,582
21.38333,559
21.39167,535
21.40000,512
21.40833,489
21.41667,467
21.42500,446
21.43333,425
21.44167,405
21.45000,386
21.45833,369
21.46667,352
21.47500,335
21.48333,320
21.49167,305
21.50000,291
21.50833,277
21.51667,265
21.52500,253
21.53333,243
21.54167,232
21.55000,223
21.55833,214
21.56667,206
21.57500,199
21.58333,192
21.59167,186
21.60000,180
21.60833,175
21.61667,170
21.62500,165
21.63333,161
21.64167,157
21.65000,153
21.65833,149
21.66667,146
21.67500,142
21.68333,139
21.69167,136
21.70000,133
21.70833,130
21.71667,127
21.72500,125
21.73333,123
21.74167,121
21.75000,119
21.75833,116
21.76667,114
21.77500,111
21.78333,109
21.79167,107
21.80000,105
21.80833,103
21.81667,101
21.82500,99
21.83333,97
21.84167,94
21.85000,92
21.85833,90
21.86667,88
21.87500,86
21.88333,84
21.89167,82
21.90000,80
21.90833,79
21.91667,77
21.92500,75
21.93333,74
21.94167,72
21.95000,71
21.95833,69
21.96667,67
21.97500,66
21.98333,64
21.99167,62
22.00000,60
22.00833,58
22.01667,57
22.02500,56
22.03333,54
22.04167,53
22.05000,52
22.05833,50
22.06667,49
22.07500,48
22.08333,47
22.09167,46
22.10000,45
22.10833,43
22.11667,42
22.12500,41
22.13333,40
22.14167,40
22.15000,39
22.15833,38
22.16667,37
22.17500,36
22.18333,36
22.19167,35
22.20000,35
22.20833,34
22.21667,34
22.22500,33
22.23333,32
22.24167,32
22.25000,31
22.25833,31
22.26667,30
22.27500,30
22.28333,29
22.29167,29
22.30000,29
22.30833,28
22.31667,28
22.32500,28
22.33333,27
22.34167,27
22.35000,27
22.35833,26
22.36667,26
22.37500,26
22.38333,26
22.39167,25
22.40000,26
22.40833,25
22.41667,25
22.42500,25
22.43333,25
22.44167,25
22.45000,25
22.45833,24
22.46667,24
22.47500,24
22.48333,24
22.49167,24
22.50000,24
22.50833,23
22.51667,23
22.52500,23
22.53333,23
22.54167,23
22.55000,23
22.55833,23
22.56667,23
22.57500,23
22.58333,23
22.59167,23
22.60000,23
22.60833,23
22.61667,24
22.62500,24
22.63333,24
22.64167,24
22.65000,25
22.65833,25
22.66667,26
22.67500,27
22.68333,27
22.69167,28
22.70000,30
22.70833,31
22.71667,32
22.72500,34
22.73333,35
22.74167,38
22.75000,40
22.75833,43
22.76667,47
22.77500,51
22.78333,55
22.79167,60
22.80000,65
22.80833,72
22.81667,79
22.82500,87
22.83333,96
22.84167,106
22.85000,117
22.85833,129
22.86667,143
22.87500,158
22.88333,175
22.89167,193
22.90000,212
22.90833,233
22.91667,256
22.92500,281
22.93333,308
22.94167,337
22.95000,368
22.95833,401
22.96667,436
22.97500,474
22.98333,514
22.99167,557
23.00000,601
23.00833,648
23.01667,697
23.02500,748
23.03333,801
23.04167,856
23.05000,912
23.05833,970
23.06667,1029
23.07500,1090
23.08333,1151
23.09167,1213
23.10000,1274
23.10833,1337
23.11667,1400
23.12500,1462
23.13333,1523
23.14167,1584
23.15000,1643
23.15833,1701
23.16667,1757
23.17500,1811
23.18333,1862
23.19167,1910
23.20000,1956
23.20833,1998
23.21667,2036
23.22500,2070
23.23333,2101
23.24167,2127
23.25000,2150
23.25833,2167
23.26667,2180
23.27500,2188
23.28333,2192
23.29167,2191
23.30000,2185
23.30833,2175
23.31667,2160
23.32500,2141
23.33333,2118
23.34167,2091
23.35000,2060
23.35833,2025
23.36667,1987
23.37500,1945
23.38333,1901
23.39167,1854
23.40000,1804
23.40833,1753
23.41667,1699
23.42500,1645
23.43333,1589
23.44167,1532
23.45000,1474
23.45833,1416
23.46667,1358
23.47500,1300
23.48333,1242
23.49167,1185
23.50000,1129
23.50833,1073
23.51667,1020
23.52500,967
23.53333,916
23.54167,866
23.55000,818
23.55833,771
23.56667,726
23.57500,682
23.58333,640
23.59167,600
23.60000,562
23.60833,526
23.61667,491
23.62500,459
23.63333,428
23.64167,399
23.65000,372
23.65833,347
23.66667,323
23.67500,301
23.68333,280
23.69167,260
23.70000,242
23.70833,225
23.71667,209
23.72500,195
23.73333,181
23.74167,169
23.75000,157
23.75833,147
23.76667,137
23.77500,128
23.78333,119
23.79167,112
23.80000,105
23.80833,98
23.81667,93
23.82500,88
23.83333,83
23.84167,78
23.85000,74
23.85833,70
23.86667,67
23.87500,63
23.88333,61
23.89167,58
23.90000,56
23.90833,54
23.91667,52
23.92500,50
23.93333,48
23.94167,47
23.95000,45
23.95833,44
23.96667,42
23.97500,41
23.98333,40
23.99167,39
24.00000,38
24.00833,37
24.01667,37
24.02500,36
24.03333,36
24.04167,36
24.05000,35
24.05833,35
24.06667,34
24.07500,33
24.08333,33
24.09167,32
24.10000,32
24.10833,31
24.11667,31
24.12500,30
24.13333,30
24.14167,29
24.15000,29
24.15833,29
24.16667,29
24.17500,29
24.18333,29
24.19167,29
24.20000,29
24.20833,29
24.21667,29
24.22500,29
24.23333,29
24.24167,29
24.25000,28
24.25833,28
24.26667,28
24.27500,28
24.28333,27
24.29167,27
24.30000,27
24.30833,27
24.31667,27
24.32500,27
24.33333,27
24.34167,27
24.35000,27
24.35833,27
24.36667,27
24.37500,26
24.38333,26
24.39167,26
24.40000,26
24.40833,26
24.41667,26
24.42500,26
24.43333,25
24.44167,25
24.45000,25
24.45833,25
24.46667,25
24.47500,25
24.48333,25
24.49167,25
24.50000,26
24.50833,26
24.51667,26
24.52500,27
24.53333,27
24.54167,27
24.55000,27
24.55833,27
24.56667,28
24.57500,28
24.58333,29
24.59167,30
24.60000,31
24.60833,32
24.61667,33
24.62500,35
24.63333,37
24.64167,39
24.65000,41
24.65833,43
24.66667,45
24.67500,48
24.68333,51
24.69167,55
24.70000,59
24.70833,63
24.71667,68
24.72500,74
24.73333,80
24.74167,88
24.75000,96
24.75833,105
24.76667,115
24.77500,126
24.78333,137
24.79167,151
24.80000,165
24.80833,180
24.81667,196
24.82500,213
24.83333,232
24.84167,252
24.85000,274
24.85833,297
24.86667,321
24.87500,347
24.88333,375
24.89167,404
24.90000,435
24.90833,467
24.91667,501
24.92500,535
24.93333,572
24.94167,609
24.95000,648
24.95833,687
24.96667,728
24.97500,771
24.98333,814
24.99167,857
25.00000,901
25.00833,946
25.01667,990
25.02500,1035
25.03333,1079
25.04167,1122
25.05000,1165
25.05833,1208
25.06667,1249
25.07500,1289
25.08333,1328
25.09167,1364
25.10000,1399
25.10833,1432
25.11667,1464
25.12500,1493
25.13333,1519
25.14167,1543
25.15000,1564
25.15833,1582
25.16667,1598
25.17500,1610
25.18333,1619
25.19167,1625
25.20000,1629
25.20833,1630
25.21667,1627
25.22500,1622
25.23333,1613
25.24167,1602
25.25000,1588
25.25833,1572
25.26667,1552
25.27500,1530
25.28333,1506
25.29167,1480
25.30000,1451
25.30833,1421
25.31667,1389
25.32500,1356
25.33333,1321
25.34167,1285
25.35000,1247
25.35833,1210
25.36667,1171
25.37500,1132
25.38333,1093
25.39167,1053
25.40000,1013
25.40833,974
25.41667,934
25.42500,895
25.43333,857
25.44167,819
25.45000,781
25.45833,744
25.46667,708
25.47500,673
25.48333,639
25.49167,606
25.50000,574
25.50833,543
25.51667,513
25.52500,485
25.53333,457
25.54167,430
25.55000,405
25.55833,381
25.56667,358
25.57500,336
25.58333,316
25.59167,297
25.60000,278
25.60833,260
25.61667,244
25.62500,228
25.63333,214
25.64167,200
25.65000,187
25.65833,175
25.66667,164
25.67500,154
25.68333,144
25.69167,135
25.70000,126
25.70833,118
25.71667,111
25.72500,104
25.73333,97
25.74167,91
25.75000,86
25.75833,81
25.76667,77
25.77500,73
25.78333,69
25.79167,65
25.80000,62
25.80833,59
25.81667,57
25.82500,55
25.83333,52
25.84167,50
25.85000,48
25.85833,46
25.86667,44
25.87500,42
25.88333,41
25.89167,39
25.90000,38
25.90833,37
25.91667,37
25.92500,36
25.93333,35
25.94167,34
25.95000,34
25.95833,33
25.96667,32
25.97500,32
25.98333,31
25.99167,31
26.00000,30
26.00833,30
26.01667,29
26.02500,29
26.03333,29
26.04167,29
26.05000,29
26.05833,28
26.06667,28
26.07500,28
26.08333,28
26.09167,27
26.10000,27
26.10833,27
26.11667,27
26.12500,27
26.13333,26
26.14167,26
26.15000,26
26.15833,26
26.16667,26
26.17500,25
26.18333,25
26.19167,25
26.20000,24
26.20833,24
26.21667,24
26.22500,23
26.23333,23
26.24167,23
26.25000,23
26.25833,23
26.26667,23
26.27500,23
26.28333,23
26.29167,23
26.30000,23
26.30833,23
26.31667,23
26.32500,23
26.33333,23
26.34167,22
26.35000,22
26.35833,22
26.36667,22
26.37500,22
26.38333,22
26.39167,22
26.40000,22
26.40833,22
26.41667,22
26.42500,22
26.43333,22
26.44167,22
26.45000,22
26.45833,22
26.46667,22
26.47500,22
26.48333,22
26.49167,22
26.50000,22
26.50833,22
26.51667,22
26.52500,22
26.53333,22
26.54167,22
26.55000,22
26.55833,22
26.56667,22
26.57500,22
26.58333,22
26.59167,22
26.60000,22
26.60833,22
26.61667,22
26.62500,22
26.63333,22
26.64167,22
26.65000,21
26.65833,21
26.66667,21
26.67500,21
26.68333,21
26.69167,21
26.70000,21
26.70833,21
26.71667,20
26.72500,21
26.73333,21
26.74167,21
26.75000,21
26.75833,21
26.76667,21
26.77500,22
26.78333,22
26.79167,22
26.80000,21
26.80833,21
26.81667,21
26.82500,21
26.83333,21
26.84167,21
26.85000,21
26.85833,21
26.86667,21
26.87500,22
26.88333,22
26.89167,21
26.90000,21
26.90833,21
26.91667,21
26.92500,21
26.93333,21
26.94167,21
26.95000,21
26.95833,21
26.96667,21
26.97500,21
26.98333,21
26.99167,21
27.00000,21
27.00833,21
27.01667,21
27.02500,20
27.03333,20
27.04167,20
27.05000,20
27.05833,20
27.06667,20
27.07500,20
27.08333,20
27.09167,20
27.10000,20
27.10833,20
27.11667,20
27.12500,20
27.13333,20
27.14167,20
27.15000,20
27.15833,19
27.16667,19
27.17500,18
27.18333,18
27.19167,17
27.20000,17
27.20833,17
27.21667,17
27.22500,16
27.23333,16
27.24167,15
27.25000,15
27.25833,15
27.26667,14
27.27500,13
27.28333,12
27.29167,11
27.30000,10
27.30833,9
27.31667,8
27.32500,7
27.33333,6
27.34167,5
27.35000,4
27.35833,2
27.36667,1
27.37500,-1
27.38333,-2
27.39167,-4
27.40000,-6
27.40833,-8
27.41667,-10
27.42500,-12
27.43333,-14
27.44167,-16
27.45000,-19
27.45833,-21
27.46667,-24
27.47500,-26
27.48333,-29
27.49167,-31
27.50000,-34
27.50833,-36
27.51667,-39
27.52500,-42
27.53333,-45
27.54167,-48
27.55000,-51
27.55833,-55
27.56667,-58
27.57500,-61
27.58333,-64
27.59167,-68
27.60000,-71
27.60833,-74
27.61667,-78
27.62500,-81
27.63333,-84
27.64167,-87
27.65000,-90
27.65833,-93
27.66667,-96
27.67500,-99
27.68333,-102
27.69167,-104
27.70000,-107
27.70833,-109
27.71667,-112
27.72500,-114
27.73333,-117
27.74167,-118
27.75000,-120
27.75833,-121
27.76667,-123
27.77500,-125
27.78333,-127
27.79167,-128
27.80000,-128
27.80833,-129
27.81667,-129
27.82500,-130
27.83333,-130
27.84167,-130
27.85000,-130
27.85833,-130
27.86667,-129
27.87500,-129
27.88333,-128
27.89167,-127
27.90000,-126
27.90833,-125
27.91667,-123
27.92500,-122
27.93333,-120
27.94167,-118
27.95000,-116
27.95833,-114
27.96667,-112
27.97500,-110
27.98333,-107
27.99167,-105
28.00000,-103
28.00833,-100
28.01667,-98
28.02500,-95
28.03333,-92
28.04167,-89
28.05000,-87
28.05833,-84
28.06667,-81
28.07500,-78
28.08333,-76
28.09167,-73
28.10000,-70
28.10833,-67
28.11667,-64
28.12500,-61
28.13333,-59
28.14167,-56
28.15000,-53
28.15833,-50
28.16667,-48
28.17500,-45
28.18333,-42
28.19167,-39
28.20000,-37
28.20833,-34
28.21667,-32
28.22500,-30
28.23333,-28
28.24167,-26
28.25000,-24
28.25833,-22
28.26667,-21
28.27500,-19
28.28333,-17
28.29167,-15
28.30000,-13
28.30833,-11
28.31667,-10
28.32500,-8
28.33333,-7
28.34167,-5
28.35000,-3
28.35833,-2
28.36667,-1
28.37500,-0
28.38333,1
28.39167,2
28.40000,3
28.40833,3
28.41667,4
28.42500,5
28.43333,6
28.44167,7
28.45000,8
28.45833,8
28.46667,9
28.47500,10
28.48333,10
28.49167,11
28.50000,12
28.50833,12
28.51667,12
28.52500,12
28.53333,13
28.54167,13
28.55000,13
28.55833,13
28.56667,13
28.57500,13
28.58333,13
28.59167,13
28.60000,14
28.60833,14
28.61667,14
28.62500,14
28.63333,14
28.64167,13
28.65000,13
28.65833,13
28.66667,13
28.67500,13
28.68333,14
28.69167,14
28.70000,14
28.70833,14
28.71667,15
28.72500,15
28.73333,15
28.74167,15
28.75000,15
28.75833,14
28.76667,14
28.77500,14
28.78333,14
28.79167,14
28.80000,14
28.80833,13
28.81667,13
28.82500,13
28.83333,13
28.84167,14
28.85000,14
28.85833,13
28.86667,13
28.87500,13
28.88333,13
28.89167,13
28.90000,14
28.90833,13
28.91667,13
28.92500,13
28.93333,13
28.94167,13
28.95000,12
28.95833,12
28.96667,12
28.97500,12
28.98333,12
28.99167,12
29.00000,12
29.00833,11
29.01667,11
29.02500,10
29.03333,10
29.04167,10
29.05000,10
29.05833,10
29.06667,9
29.07500,9
29.08333,9
29.09167,8
29.10000,8
29.10833,7
29.11667,7
29.12500,7
29.13333,6
29.14167,6
29.15000,6
29.15833,5
29.16667,5
29.17500,4
29.18333,4
29.19167,3
29.20000,3
29.20833,2
29.21667,1
29.22500,1
29.23333,0
29.24167,-0
29.25000,-1
29.25833,-2
29.26667,-3
29.27500,-4
29.28333,-4
29.29167,-5
29.30000,-6
29.30833,-7
29.31667,-8
29.32500,-8
29.33333,-9
29.34167,-10
29.35000,-11
29.35833,-11
29.36667,-12
29.37500,-13
29.38333,-13
29.39167,-14
29.40000,-15
29.40833,-16
29.41667,-16
29.42500,-17
29.43333,-17
29.44167,-17
29.45000,-17
29.45833,-17
29.46667,-18
29.47500,-18
29.48333,-18
29.49167,-19
29.50000,-19
29.50833,-19
29.51667,-19
29.52500,-19
29.53333,-20
29.54167,-20
29.55000,-20
29.55833,-21
29.56667,-21
29.57500,-21
29.58333,-21
29.59167,-21
29.60000,-20
29.60833,-20
29.61667,-20
29.62500,-20
29.63333,-20
29.64167,-20
29.65000,-19
29.65833,-19
29.66667,-18
29.67500,-18
29.68333,-18
29.69167,-18
29.70000,-18
29.70833,-17
29.71667,-17
29.72500,-17
29.73333,-16
29.74167,-16
29.75000,-15
29.75833,-14
29.76667,-14
29.77500,-13
29.78333,-13
29.79167,-12
29.80000,-12
29.80833,-12
29.81667,-11
29.82500,-11
29.83333,-11
29.84167,-11
29.85000,-10
29.85833,-9
29.86667,-9
29.87500,-9
29.88333,-9
29.89167,-8
29.90000,-8
29.90833,-8
29.91667,-8
29.92500,-8
29.93333,-8
29.94167,-8
29.95000,-8
29.95833,-8
29.96667,-8
29.97500,-8
29.98333,-8
29.99167,-9
30.00000,-10
30.00833,-11
30.01667,-12
30.02500,-13
30.03333,-14
30.04167,-16
30.05000,-17
30.05833,-19
30.06667,-21
30.07500,-23
30.08333,-25
30.09167,-27
30.10000,-29
30.10833,-32
30.11667,-34
30.12500,-37
30.13333,-40
30.14167,-43
30.15000,-46
30.15833,-50
30.16667,-54
30.17500,-58
30.18333,-62
30.19167,-66
30.20000,-71
30.20833,-75
30.21667,-81
30.22500,-86
30.23333,-92
30.24167,-98
30.25000,-104
30.25833,-110
30.26667,-116
30.27500,-122
30.28333,-129
30.29167,-136
30.30000,-143
30.30833,-151
30.31667,-158
30.32500,-166
30.33333,-174
30.34167,-183
30.35000,-191
30.35833,-199
30.36667,-208
30.37500,-217
30.38333,-226
30.39167,-234
30.40000,-243
30.40833,-252
30.41667,-261
30.42500,-269
30.43333,-278
30.44167,-286
30.45000,-295
30.45833,-303
30.46667,-312
30.47500,-320
30.48333,-329
30.49167,-337
30.50000,-345
30.50833,-353
30.51667,-360
30.52500,-368
30.53333,-374
30.54167,-381
30.55000,-387
30.55833,-393
30.56667,-399
30.57500,-404
30.58333,-408
30.59167,-412
30.60000,-416
30.60833,-420
30.61667,-423
30.62500,-425
30.63333,-428
30.64167,-430
30.65000,-431
30.65833,-432
30.66667,-433
30.67500,-433
30.68333,-432
30.69167,-431
30.70000,-430
30.70833,-429
30.71667,-426
30.72500,-424
30.73333,-421
30.74167,-417
30.75000,-413
30.75833,-409
30.76667,-404
30.77500,-399
30.78333,-394
30.79167,-388
30.80000,-382
30.80833,-376
30.81667,-370
30.82500,-363
30.83333,-356
30.84167,-349
30.85000,-342
30.85833,-334
30.86667,-326
30.87500,-318
30.88333,-311
30.89167,-303
30.90000,-295
30.90833,-287
30.91667,-279
30.92500,-271
30.93333,-262
30.94167,-254
30.95000,-247
30.95833,-239
30.96667,-231
30.97500,-224
30.98333,-216
30.99167,-207
31.00000,-199
31.00833,-192
31.01667,-184
31.02500,-177
31.03333,-170
31.04167,-163
31.05000,-157
31.05833,-150
31.06667,-144
31.07500,-137
31.08333,-131
31.09167,-125
31.10000,-118
31.10833,-113
31.11667,-107
31.12500,-102
31.13333,-96
31.14167,-91
31.15000,-87
31.15833,-82
31.16667,-78
31.17500,-74
31.18333,-70
31.19167,-67
31.20000,-63
31.20833,-59
31.21667,-56
31.22500,-52
31.23333,-49
31.24167,-46
31.25000,-44
31.25833,-41
31.26667,-39
31.27500,-36
31.28333,-34
31.29167,-32
31.30000,-30
31.30833,-28
31.31667,-26
31.32500,-24
31.33333,-22
31.34167,-20
31.35000,-19
31.35833,-18
31.36667,-16
31.37500,-15
31.38333,-14
31.39167,-13
31.40000,-12
31.40833,-10
31.41667,-9
31.42500,-8
31.43333,-7
31.44167,-6
31.45000,-4
31.45833,-3
31.46667,-2
31.47500,-1
31.48333,-0
31.49167,1
31.50000,2
31.50833,2
31.51667,3
31.52500,4
31.53333,6
31.54167,8
31.55000,9
31.55833,11
31.56667,12
31.57500,13
31.58333,14
31.59167,16
31.60000,18
31.60833,19
31.61667,21
31.62500,23
31.63333,25
31.64167,28
31.65000,31
31.65833,34
31.66667,37
31.67500,40
31.68333,44
31.69167,47
31.70000,51
31.70833,56
31.71667,60
31.72500,65
31.73333,71
31.74167,76
31.75000,82
31.75833,89
31.76667,96
31.77500,103
31.78333,110
31.79167,118
31.80000,127
31.80833,136
31.81667,145
31.82500,155
31.83333,165
31.84167,176
31.85000,187
31.85833,199
31.86667,211
31.87500,224
31.88333,237
31.89167,251
31.90000,265
31.90833,281
31.91667,296
31.92500,312
31.93333,328
31.94167,345
31.95000,361
31.95833,379
31.96667,396
31.97500,414
31.98333,432
31.99167,451
32.00000,469
32.00833,488
32.01667,507
32.02500,525
32.03333,544
32.04167,563
32.05000,582
32.05833,600
32.06667,619
32.07500,637
32.08333,654
32.09167,671
32.10000,688
32.10833,705
32.11667,721
32.12500,737
32.13333,752
32.14167,766
32.15000,779
32.15833,792
32.16667,804
32.17500,815
32.18333,826
32.19167,835
32.20000,844
32.20833,851
32.21667,858
32.22500,864
32.23333,869
32.24167,873
32.25000,875
32.25833,877
32.26667,877
32.27500,877
32.28333,875
32.29167,873
32.30000,870
32.30833,865
32.31667,859
32.32500,853
32.33333,846
32.34167,837
32.35000,828
32.35833,818
32.36667,807
32.37500,796
32.38333,784
32.39167,771
32.40000,758
32.40833,744
32.41667,729
32.42500,714
32.43333,699
32.44167,683
32.45000,667
32.45833,651
32.46667,635
32.47500,618
32.48333,601
32.49167,584
32.50000,566
32.50833,548
32.51667,531
32.52500,514
32.53333,497
32.54167,480
32.55000,463
32.55833,447
32.56667,430
32.57500,414
32.58333,398
32.59167,383
32.60000,367
32.60833,352
32.61667,337
32.62500,322
32.63333,308
32.64167,294
32.65000,281
32.65833,269
32.66667,256
32.67500,244
32.68333,233
32.69167,221
32.70000,210
32.70833,200
32.71667,190
32.72500,180
32.73333,170
32.74167,161
32.75000,153
32.75833,145
32.76667,137
32.77500,130
32.78333,124
32.79167,117
32.80000,111
32.80833,105
32.81667,99
32.82500,94
32.83333,89
32.84167,84
32.85000,80
32.85833,75
32.86667,71
32.87500,67
32.88333,64
32.89167,60
32.90000,57
32.90833,54
32.91667,51
32.92500,48
32.93333,46
32.94167,44
32.95000,42
32.95833,40
32.96667,38
32.97500,36
32.98333,35
32.99167,33
33.00000,32
33.00833,31
33.01667,30
33.02500,28
33.03333,27
33.04167,26
33.05000,25
33.05833,24
33.06667,23
33.07500,22
33.08333,22
33.09167,21
33.10000,20
33.10833,19
33.11667,19
33.12500,18
33.13333,17
33.14167,17
33.15000,16
33.15833,16
33.16667,16
33.17500,16
33.18333,15
33.19167,15
33.20000,14
33.20833,14
33.21667,13
33.22500,13
33.23333,12
33.24167,12
33.25000,12
33.25833,12
33.26667,11
33.27500,11
33.28333,10
33.29167,9
33.30000,9
33.30833,9
33.31667,9
33.32500,8
33.33333,8
33.34167,7
33.35000,6
33.35833,6
33.36667,5
33.37500,5
33.38333,4
33.39167,3
33.40000,2
33.40833,2
33.41667,2
33.42500,1
33.43333,0
33.44167,-1
33.45000,-2
33.45833,-2
33.46667,-2
33.47500,-3
33.48333,-3
33.49167,-4
33.50000,-5
33.50833,-6
33.51667,-6
33.52500,-7
33.53333,-8
33.54167,-8
33.55000,-9
33.55833,-10
33.56667,-10
33.57500,-11
33.58333,-12
33.59167,-13
33.60000,-14
33.60833,-14
33.61667,-15
33.62500,-16
33.63333,-16
33.64167,-16
33.65000,-17
33.65833,-18
33.66667,-18
33.67500,-18
33.68333,-19
33.69167,-19
33.70000,-19
33.70833,-19
33.71667,-20
33.72500,-20
33.73333,-20
33.74167,-20
33.75000,-20
33.75833,-20
33.76667,-20
33.77500,-20
33.78333,-20
33.79167,-20
33.80000,-20
33.80833,-20
33.81667,-20
33.82500,-19
33.83333,-19
33.84167,-19
33.85000,-18
33.85833,-18
33.86667,-18
33.87500,-18
33.88333,-17
33.89167,-17
33.90000,-16
33.90833,-16
33.91667,-15
33.92500,-15
33.93333,-15
33.94167,-14
33.95000,-14
33.95833,-13
33.96667,-13
33.97500,-12
33.98333,-11
33.99167,-10
34.00000,-10
34.00833,-9
34.01667,-8
34.02500,-8
34.03333,-8
34.04167,-7
34.05000,-7
34.05833,-6
34.06667,-5
34.07500,-4
34.08333,-4
34.09167,-3
34.10000,-3
34.10833,-2
34.11667,-1
34.12500,-1
34.13333,-1
34.14167,-0
34.15000,0
34.15833,1
34.16667,1
34.17500,2
34.18333,2
34.19167,3
34.20000,3
34.20833,4
34.21667,4
34.22500,4
34.23333,4
34.24167,4
34.25000,5
34.25833,5
34.26667,6
34.27500,6
34.28333,6
34.29167,7
34.30000,7
34.30833,7
34.31667,7
34.32500,8
34.33333,8
34.34167,8
34.35000,8
34.35833,8
34.36667,8
34.37500,8
34.38333,8
34.39167,8
34.40000,8
34.40833,8
34.41667,8
34.42500,8
34.43333,8
34.44167,8
34.45000,8
34.45833,8
34.46667,9
34.47500,9
34.48333,9
34.49167,10
34.50000,10
34.50833,10
34.51667,10
34.52500,10
34.53333,10
34.54167,10
34.55000,10
34.55833,10
34.56667,10
34.57500,10
34.58333,9
34.59167,9
34.60000,9
34.60833,9
34.61667,10
34.62500,10
34.63333,10
34.64167,10
34.65000,10
34.65833,10
34.66667,9
34.67500,9
34.68333,9
34.69167,10
34.70000,10
34.70833,9
34.71667,9
34.72500,9
34.73333,9
34.74167,9
34.75000,9
34.75833,10
34.76667,10
34.77500,10
34.78333,10
34.79167,10
34.80000,10
34.80833,10
34.81667,10
34.82500,10
34.83333,10
34.84167,10
34.85000,10
34.85833,10
34.86667,10
34.87500,10
34.88333,10
34.89167,10
34.90000,10
34.90833,9
34.91667,9
34.92500,10
34.93333,10
34.94167,10
34.95000,10
34.95833,10
34.96667,10
34.97500,9
34.98333,9
34.99167,9
35.00000,9
35.00833,9
35.01667,9
35.02500,9
35.03333,10
35.04167,10
35.05000,10
35.05833,10
35.06667,9
35.07500,9
35.08333,9
35.09167,9
35.10000,9
35.10833,9
35.11667,9
35.12500,9
35.13333,9
35.14167,9
35.15000,9
35.15833,9
35.16667,9
35.17500,10
35.18333,9
35.19167,9
35.20000,9
35.20833,9
35.21667,9
35.22500,10
35.23333,10
35.24167,9
35.25000,9
35.25833,9
35.26667,9
35.27500,9
35.28333,9
35.29167,9
35.30000,9
35.30833,9
35.31667,9
35.32500,10
35.33333,10
35.34167,11
35.35000,11
35.35833,10
35.36667,10
35.37500,10
35.38333,10
35.39167,9
35.40000,9
35.40833,9
35.41667,9
35.42500,9
35.43333,10
35.44167,10
35.45000,10
35.45833,10
35.46667,10
35.47500,11
35.48333,11
35.49167,11
35.50000,11
35.50833,10
35.51667,10
35.52500,9
35.53333,9
35.54167,9
35.55000,9
35.55833,9
35.56667,9
35.57500,10
35.58333,10
35.59167,10
35.60000,10
35.60833,10
35.61667,10
35.62500,10
35.63333,10
35.64167,10
35.65000,9
35.65833,9
35.66667,9
35.67500,10
35.68333,10
35.69167,10
35.70000,10
35.70833,10
35.71667,10
35.72500,10
35.73333,10
35.74167,10
35.75000,10
35.75833,10
35.76667,10
35.77500,10
35.78333,10
35.79167,10
35.80000,10
35.80833,10
35.81667,10
35.82500,10
35.83333,10
35.84167,10
35.85000,10
35.85833,10
35.86667,10
35.87500,10
35.88333,10
35.89167,10
35.90000,10
35.90833,10
35.91667,10
35.92500,10
35.93333,10
35.94167,10
35.95000,10
35.95833,10
35.96667,10
35.97500,10
35.98333,10
35.99167,10
36.00000,10
36.00833,10
36.01667,10
36.02500,10
36.03333,10
36.04167,10
36.05000,10
36.05833,10
36.06667,10
36.07500,10
36.08333,10
36.09167,10
36.10000,10
36.10833,10
36.11667,10
36.12500,10
36.13333,10
36.14167,11
36.15000,11
36.15833,11
36.16667,10
36.17500,10
36.18333,10
36.19167,10
36.20000,10
36.20833,10
36.21667,10
36.22500,10
36.23333,10
36.24167,10
36.25000,10
36.25833,10
36.26667,10
36.27500,10
36.28333,10
36.29167,10
36.30000,11
36.30833,11
36.31667,11
36.32500,11
36.33333,12
36.34167,12
36.35000,12
36.35833,11
36.36667,11
36.37500,11
36.38333,11
36.39167,11
36.40000,11
36.40833,11
36.41667,11
36.42500,11
36.43333,12
36.44167,12
36.45000,12
36.45833,12
36.46667,12
36.47500,11
36.48333,12
36.49167,12
36.50000,12
36.50833,12
36.51667,13
36.52500,13
36.53333,13
36.54167,13
36.55000,13
36.55833,13
36.56667,13
36.57500,14
36.58333,14
36.59167,14
36.60000,14
36.60833,15
36.61667,15
36.62500,15
36.63333,14
36.64167,15
36.65000,15
36.65833,15
36.66667,15
36.67500,14
36.68333,15
36.69167,15
36.70000,15
36.70833,15
36.71667,15
36.72500,15
36.73333,15
36.74167,15
36.75000,16
36.75833,16
36.76667,16
36.77500,16
36.78333,16
36.79167,16
36.80000,17
36.80833,17
36.81667,17
36.82500,18
36.83333,18
36.84167,18
36.85000,18
36.85833,18
36.86667,18
36.87500,18
36.88333,18
36.89167,18
36.90000,19
36.90833,19
36.91667,19
36.92500,19
36.93333,19
36.94167,19
36.95000,19
36.95833,19
36.96667,19
36.97500,19
36.98333,20
36.99167,20
37.00000,20
37.00833,20
37.01667,20
37.02500,20
37.03333,20
37.04167,20
37.05000,21
37.05833,21
37.06667,22
37.07500,22
37.08333,22
37.09167,22
37.10000,22
37.10833,23
37.11667,23
37.12500,23
37.13333,23
37.14167,23
37.15000,24
37.15833,24
37.16667,24
37.17500,24
37.18333,24
37.19167,24
37.20000,24
37.20833,24
37.21667,24
37.22500,24
37.23333,25
37.24167,25
37.25000,25
37.25833,25
37.26667,26
37.27500,26
37.28333,26
37.29167,26
37.30000,26
37.30833,26
37.31667,26
37.32500,26
37.33333,26
37.34167,26
37.35000,26
37.35833,26
37.36667,26
37.37500,27
37.38333,27
37.39167,27
37.40000,27
37.40833,27
37.41667,28
37.42500,28
37.43333,28
37.44167,28
37.45000,28
37.45833,29
37.46667,29
37.47500,29
37.48333,29
37.49167,30
37.50000,30
37.50833,30
37.51667,30
37.52500,30
37.53333,30
37.54167,30
37.55000,30
37.55833,30
37.56667,31
37.57500,31
37.58333,31
37.59167,31
37.60000,31
37.60833,31
37.61667,32
37.62500,32
37.63333,32
37.64167,33
37.65000,33
37.65833,33
37.66667,33
37.67500,33
37.68333,33
37.69167,33
37.70000,33
37.70833,33
37.71667,33
37.72500,33
37.73333,33
37.74167,34
37.75000,34
37.75833,34
37.76667,34
37.77500,34
37.78333,34
37.79167,34
37.80000,34
37.80833,33
37.81667,33
37.82500,33
37.83333,33
37.84167,33
37.85000,34
37.85833,34
37.86667,34
37.87500,34
37.88333,34
37.89167,34
37.90000,34
37.90833,34
37.91667,35
37.92500,35
37.93333,35
37.94167,35
37.95000,35
37.95833,35
37.96667,35
37.97500,35
37.98333,34
37.99167,34
38.00000,34
38.00833,34
38.01667,34
38.02500,34
38.03333,34
38.04167,34
38.05000,34
38.05833,34
38.06667,34
38.07500,34
38.08333,34
38.09167,34
38.10000,33
38.10833,33
38.11667,33
38.12500,33
38.13333,33
38.14167,32
38.15000,32
38.15833,32
38.16667,32
38.17500,32
38.18333,32
38.19167,31
38.20000,31
38.20833,31
38.21667,32
38.22500,32
38.23333,32
38.24167,32
38.25000,31
38.25833,31
38.26667,30
38.27500,30
38.28333,30
38.29167,30
38.30000,30
38.30833,31
38.31667,31
38.32500,31
38.33333,31
38.34167,30
38.35000,30
38.35833,30
38.36667,29
38.37500,28
38.38333,28
38.39167,28
38.40000,28
38.40833,28
38.41667,28
38.42500,28
38.43333,27
38.44167,27
38.45000,26
38.45833,26
38.46667,26
38.47500,26
38.48333,26
38.49167,26
38.50000,26
38.50833,26
38.51667,26
38.52500,25
38.53333,25
38.54167,25
38.55000,25
38.55833,25
38.56667,25
38.57500,25
38.58333,25
38.59167,24
38.60000,24
38.60833,24
38.61667,23
38.62500,23
38.63333,23
38.64167,22
38.65000,22
38.65833,22
38.66667,22
38.67500,22
38.68333,22
38.69167,22
38.70000,21
38.70833,21
38.71667,22
38.72500,22
38.73333,21
38.74167,21
38.75000,20
38.75833,20
38.76667,19
38.77500,19
38.78333,19
38.79167,19
38.80000,19
38.80833,19
38.81667,19
38.82500,18
38.83333,18
38.84167,18
38.85000,18
38.85833,18
38.86667,17
38.87500,17
38.88333,17
38.89167,16
38.90000,16
38.90833,15
38.91667,15
38.92500,15
38.93333,15
38.94167,15
38.95000,15
38.95833,15
38.96667,15
38.97500,15
38.98333,15
38.99167,14
39.00000,14
39.00833,14
39.01667,14
39.02500,13
39.03333,13
39.04167,13
39.05000,13
39.05833,13
39.06667,13
39.07500,12
39.08333,12
39.09167,12
39.10000,12
39.10833,12
39.11667,11
39.12500,11
39.13333,11
39.14167,11
39.15000,10
39.15833,10
39.16667,10
39.17500,10
39.18333,10
39.19167,10
39.20000,10
39.20833,10
39.21667,10
39.22500,10
39.23333,10
39.24167,9
39.25000,9
39.25833,9
39.26667,9
39.27500,9
39.28333,8
39.29167,8
39.30000,8
39.30833,8
39.31667,8
39.32500,8
39.33333,7
39.34167,8
39.35000,8
39.35833,7
39.36667,7
39.37500,8
39.38333,8
39.39167,8
39.40000,8
39.40833,8
39.41667,8
39.42500,8
39.43333,7
39.44167,7
39.45000,7
39.45833,7
39.46667,7
39.47500,7
39.48333,7
39.49167,7
39.50000,7
39.50833,6
39.51667,6
39.52500,5
39.53333,5
39.54167,5
39.55000,5
39.55833,5
39.56667,5
39.57500,5
39.58333,5
39.59167,5
39.60000,5
39.60833,5
39.61667,5
39.62500,5
39.63333,5
39.64167,5
39.65000,5
39.65833,6
39.66667,6
39.67500,6
39.68333,6
39.69167,5
39.70000,5
39.70833,5
39.71667,5
39.72500,5
39.73333,5
39.74167,4
39.75000,4
39.75833,4
39.76667,4
39.77500,4
39.78333,4
39.79167,4
39.80000,4
39.80833,4
39.81667,3
39.82500,4
39.83333,3
39.84167,3
39.85000,3
39.85833,3
39.86667,4
39.87500,3
39.88333,3
39.89167,3
39.90000,3
39.90833,3
39.91667,3
39.92500,3
39.93333,3
39.94167,3
39.95000,3
39.95833,3
39.96667,3
39.97500,3
39.98333,3
39.99167,3
40.00000,3

