File Path	chrom://marshall/Chromeleon7/HPLC_Ultimate_3000/Users/markusar/20230531_CMO_stabTest _FP08_FP09.seq/904.smp/RI_1.channel/RI_1.chm
Channel	RI_1

Injection Information:
Data Vault	Chromeleon7
Injection	FP09__9_s3
Injection Number	84
Position	BE10
Comment	
Processing Method	
Instrument Method	run_25B_method
Type	Unknown
Status	Finished
Injection Date	03.06.2023
Injection Time	23:21:09
Injection Volume (µl)	20.000
Dilution Factor	1.0000
Weight	1.0000

Chromatogram Data Information:
Time Min. (min)	0.000000
Time Max. (min)	40.000000
Data Points	2401
Detector	RI
Generating Data System	Chromeleon 7.2.5.9507
Exporting Data System	Chromeleon 7.2.5.0
Operator	Instrument Controller
Signal Quantity	Refractive 
Signal Unit	µRIU
Signal Min.	-0.629500
Signal Max.	53.285250
Channel	RI_1
Driver Name	RID520Driver.dll
Channel Type	Evaluation
Min. Step (s)	1
Max. Step (s)	1
Average Step (s)	1

Signal Parameter Information:
Signal Info	

Chromatogram Data:
Time (min)	Step (s)	Value (µRIU)
0.000000	n.a.	-0.059750
0.016667	1	-0.060375
0.033333	1	-0.061250
0.050000	1	-0.062375
0.066667	1	-0.063125
0.083333	1	-0.063625
0.100000	1	-0.064750
0.116667	1	-0.065750
0.133333	1	-0.066750
0.150000	1	-0.067875
0.166667	1	-0.068625
0.183333	1	-0.068875
0.200000	1	-0.069000
0.216667	1	-0.069875
0.233333	1	-0.070000
0.250000	1	-0.070000
0.266667	1	-0.069500
0.283333	1	-0.071375
0.300000	1	-0.075000
0.316667	1	-0.078375
0.333333	1	-0.081750
0.350000	1	-0.082000
0.366667	1	-0.078125
0.383333	1	-0.073875
0.400000	1	-0.070375
0.416667	1	-0.067125
0.433333	1	-0.064625
0.450000	1	-0.062875
0.466667	1	-0.061375
0.483333	1	-0.061375
0.500000	1	-0.063375
0.516667	1	-0.065500
0.533333	1	-0.068125
0.550000	1	-0.070375
0.566667	1	-0.071500
0.583333	1	-0.072875
0.600000	1	-0.074125
0.616667	1	-0.075000
0.633333	1	-0.076125
0.650000	1	-0.077000
0.666667	1	-0.077375
0.683333	1	-0.078250
0.700000	1	-0.079500
0.716667	1	-0.079875
0.733333	1	-0.080750
0.750000	1	-0.081750
0.766667	1	-0.082125
0.783333	1	-0.083000
0.800000	1	-0.083500
0.816667	1	-0.084500
0.833333	1	-0.085625
0.850000	1	-0.085500
0.866667	1	-0.085625
0.883333	1	-0.086625
0.900000	1	-0.087625
0.916667	1	-0.088125
0.933333	1	-0.088750
0.950000	1	-0.089375
0.966667	1	-0.089625
0.983333	1	-0.090625
1.000000	1	-0.091500
1.016667	1	-0.092375
1.033333	1	-0.092625
1.050000	1	-0.093125
1.066667	1	-0.093500
1.083333	1	-0.094375
1.100000	1	-0.094500
1.116667	1	-0.095875
1.133333	1	-0.096125
1.150000	1	-0.096125
1.166667	1	-0.096625
1.183333	1	-0.097000
1.200000	1	-0.098000
1.216667	1	-0.098500
1.233333	1	-0.099375
1.250000	1	-0.099750
1.266667	1	-0.100375
1.283333	1	-0.100750
1.300000	1	-0.101250
1.316667	1	-0.101750
1.333333	1	-0.102000
1.350000	1	-0.102125
1.366667	1	-0.102250
1.383333	1	-0.101875
1.400000	1	-0.102375
1.416667	1	-0.102375
1.433333	1	-0.101875
1.450000	1	-0.101750
1.466667	1	-0.101500
1.483333	1	-0.101625
1.500000	1	-0.101250
1.516667	1	-0.101000
1.533333	1	-0.100875
1.550000	1	-0.100750
1.566667	1	-0.099625
1.583333	1	-0.099000
1.600000	1	-0.098750
1.616667	1	-0.098125
1.633333	1	-0.097250
1.650000	1	-0.097000
1.666667	1	-0.096625
1.683333	1	-0.096250
1.700000	1	-0.096125
1.716667	1	-0.094875
1.733333	1	-0.094375
1.750000	1	-0.093875
1.766667	1	-0.092750
1.783333	1	-0.092250
1.800000	1	-0.091500
1.816667	1	-0.090250
1.833333	1	-0.089625
1.850000	1	-0.089000
1.866667	1	-0.087750
1.883333	1	-0.086500
1.900000	1	-0.085875
1.916667	1	-0.084625
1.933333	1	-0.083250
1.950000	1	-0.081250
1.966667	1	-0.080625
1.983333	1	-0.079750
2.000000	1	-0.078625
2.016667	1	-0.076750
2.033333	1	-0.076000
2.050000	1	-0.074625
2.066667	1	-0.073500
2.083333	1	-0.072750
2.100000	1	-0.071625
2.116667	1	-0.071000
2.133333	1	-0.069875
2.150000	1	-0.068125
2.166667	1	-0.067375
2.183333	1	-0.066250
2.200000	1	-0.064625
2.216667	1	-0.063750
2.233333	1	-0.062375
2.250000	1	-0.062000
2.266667	1	-0.061000
2.283333	1	-0.060125
2.300000	1	-0.058625
2.316667	1	-0.057875
2.333333	1	-0.057125
2.350000	1	-0.056125
2.366667	1	-0.055000
2.383333	1	-0.054375
2.400000	1	-0.053500
2.416667	1	-0.052500
2.433333	1	-0.050750
2.450000	1	-0.049750
2.466667	1	-0.049250
2.483333	1	-0.048500
2.500000	1	-0.048125
2.516667	1	-0.047250
2.533333	1	-0.046625
2.550000	1	-0.045625
2.566667	1	-0.045375
2.583333	1	-0.044750
2.600000	1	-0.043625
2.616667	1	-0.042500
2.633333	1	-0.041625
2.650000	1	-0.040500
2.666667	1	-0.039500
2.683333	1	-0.039500
2.700000	1	-0.039125
2.716667	1	-0.038750
2.733333	1	-0.038875
2.750000	1	-0.038750
2.766667	1	-0.037625
2.783333	1	-0.037250
2.800000	1	-0.037000
2.816667	1	-0.036250
2.833333	1	-0.036000
2.850000	1	-0.035375
2.866667	1	-0.034625
2.883333	1	-0.034375
2.900000	1	-0.033750
2.916667	1	-0.033500
2.933333	1	-0.033375
2.950000	1	-0.032625
2.966667	1	-0.032375
2.983333	1	-0.031875
3.000000	1	-0.031375
3.016667	1	-0.031125
3.033333	1	-0.030500
3.050000	1	-0.030125
3.066667	1	-0.029875
3.083333	1	-0.030125
3.100000	1	-0.030250
3.116667	1	-0.030500
3.133333	1	-0.030375
3.150000	1	-0.030375
3.166667	1	-0.029875
3.183333	1	-0.030375
3.200000	1	-0.030625
3.216667	1	-0.030250
3.233333	1	-0.030000
3.250000	1	-0.030000
3.266667	1	-0.030500
3.283333	1	-0.031000
3.300000	1	-0.030625
3.316667	1	-0.030875
3.333333	1	-0.030875
3.350000	1	-0.031000
3.366667	1	-0.031750
3.383333	1	-0.031875
3.400000	1	-0.032625
3.416667	1	-0.031750
3.433333	1	-0.032875
3.450000	1	-0.032875
3.466667	1	-0.033625
3.483333	1	-0.034375
3.500000	1	-0.035125
3.516667	1	-0.035375
3.533333	1	-0.035875
3.550000	1	-0.037500
3.566667	1	-0.038375
3.583333	1	-0.039375
3.600000	1	-0.040500
3.616667	1	-0.040750
3.633333	1	-0.041750
3.650000	1	-0.043375
3.666667	1	-0.044250
3.683333	1	-0.045125
3.700000	1	-0.046625
3.716667	1	-0.047750
3.733333	1	-0.048250
3.750000	1	-0.049625
3.766667	1	-0.050375
3.783333	1	-0.051250
3.800000	1	-0.051750
3.816667	1	-0.052750
3.833333	1	-0.053750
3.850000	1	-0.054000
3.866667	1	-0.055375
3.883333	1	-0.056375
3.900000	1	-0.056875
3.916667	1	-0.058125
3.933333	1	-0.059375
3.950000	1	-0.060375
3.966667	1	-0.060750
3.983333	1	-0.061125
4.000000	1	-0.062000
4.016667	1	-0.062750
4.033333	1	-0.063000
4.050000	1	-0.063500
4.066667	1	-0.064125
4.083333	1	-0.064750
4.100000	1	-0.065375
4.116667	1	-0.065500
4.133333	1	-0.065875
4.150000	1	-0.066125
4.166667	1	-0.066625
4.183333	1	-0.067000
4.200000	1	-0.067250
4.216667	1	-0.067875
4.233333	1	-0.068250
4.250000	1	-0.068000
4.266667	1	-0.067875
4.283333	1	-0.068250
4.300000	1	-0.068125
4.316667	1	-0.068250
4.333333	1	-0.068625
4.350000	1	-0.067750
4.366667	1	-0.066875
4.383333	1	-0.066125
4.400000	1	-0.065750
4.416667	1	-0.065000
4.433333	1	-0.064500
4.450000	1	-0.063750
4.466667	1	-0.062375
4.483333	1	-0.061000
4.500000	1	-0.059750
4.516667	1	-0.058750
4.533333	1	-0.058125
4.550000	1	-0.057125
4.566667	1	-0.056000
4.583333	1	-0.054625
4.600000	1	-0.053250
4.616667	1	-0.051375
4.633333	1	-0.049125
4.650000	1	-0.046625
4.666667	1	-0.044375
4.683333	1	-0.041750
4.700000	1	-0.039625
4.716667	1	-0.036875
4.733333	1	-0.034375
4.750000	1	-0.032000
4.766667	1	-0.029500
4.783333	1	-0.026250
4.800000	1	-0.022500
4.816667	1	-0.019250
4.833333	1	-0.016375
4.850000	1	-0.013625
4.866667	1	-0.010625
4.883333	1	-0.007500
4.900000	1	-0.004750
4.916667	1	-0.001750
4.933333	1	0.001875
4.950000	1	0.005375
4.966667	1	0.008375
4.983333	1	0.011750
5.000000	1	0.014375
5.016667	1	0.016875
5.033333	1	0.019500
5.050000	1	0.021750
5.066667	1	0.023875
5.083333	1	0.026375
5.100000	1	0.028625
5.116667	1	0.030500
5.133333	1	0.032250
5.150000	1	0.033750
5.166667	1	0.035250
5.183333	1	0.036625
5.200000	1	0.037250
5.216667	1	0.038375
5.233333	1	0.038750
5.250000	1	0.038750
5.266667	1	0.038875
5.283333	1	0.038375
5.300000	1	0.037875
5.316667	1	0.037750
5.333333	1	0.036750
5.350000	1	0.036250
5.366667	1	0.035500
5.383333	1	0.034625
5.400000	1	0.033375
5.416667	1	0.031500
5.433333	1	0.030125
5.450000	1	0.029000
5.466667	1	0.027750
5.483333	1	0.025875
5.500000	1	0.024000
5.516667	1	0.022250
5.533333	1	0.020875
5.550000	1	0.019000
5.566667	1	0.017625
5.583333	1	0.015875
5.600000	1	0.014500
5.616667	1	0.012750
5.633333	1	0.010375
5.650000	1	0.008750
5.666667	1	0.007125
5.683333	1	0.006000
5.700000	1	0.004625
5.716667	1	0.003375
5.733333	1	0.002500
5.750000	1	0.001625
5.766667	1	0.000500
5.783333	1	-0.000750
5.800000	1	-0.002000
5.816667	1	-0.002750
5.833333	1	-0.003375
5.850000	1	-0.003750
5.866667	1	-0.004625
5.883333	1	-0.005500
5.900000	1	-0.006125
5.916667	1	-0.005875
5.933333	1	-0.006250
5.950000	1	-0.006250
5.966667	1	-0.006125
5.983333	1	-0.005500
6.000000	1	-0.005250
6.016667	1	-0.005125
6.033333	1	-0.004375
6.050000	1	-0.003750
6.066667	1	-0.003750
6.083333	1	-0.003000
6.100000	1	-0.001750
6.116667	1	-0.000250
6.133333	1	0.000250
6.150000	1	0.001500
6.166667	1	0.003250
6.183333	1	0.005125
6.200000	1	0.006750
6.216667	1	0.008375
6.233333	1	0.009875
6.250000	1	0.012125
6.266667	1	0.014250
6.283333	1	0.016125
6.300000	1	0.018500
6.316667	1	0.020125
6.333333	1	0.022625
6.350000	1	0.024375
6.366667	1	0.027375
6.383333	1	0.029375
6.400000	1	0.031250
6.416667	1	0.033625
6.433333	1	0.036375
6.450000	1	0.039000
6.466667	1	0.040750
6.483333	1	0.042375
6.500000	1	0.044625
6.516667	1	0.046625
6.533333	1	0.048750
6.550000	1	0.050125
6.566667	1	0.052000
6.583333	1	0.053625
6.600000	1	0.054750
6.616667	1	0.055500
6.633333	1	0.056125
6.650000	1	0.056500
6.666667	1	0.056375
6.683333	1	0.056500
6.700000	1	0.056250
6.716667	1	0.056250
6.733333	1	0.056375
6.750000	1	0.055750
6.766667	1	0.054875
6.783333	1	0.053875
6.800000	1	0.052375
6.816667	1	0.051250
6.833333	1	0.049500
6.850000	1	0.047250
6.866667	1	0.045000
6.883333	1	0.043625
6.900000	1	0.041250
6.916667	1	0.038625
6.933333	1	0.036125
6.950000	1	0.033750
6.966667	1	0.031375
6.983333	1	0.029000
7.000000	1	0.025375
7.016667	1	0.022500
7.033333	1	0.018750
7.050000	1	0.015750
7.066667	1	0.012750
7.083333	1	0.009250
7.100000	1	0.005875
7.116667	1	0.002500
7.133333	1	-0.000500
7.150000	1	-0.003250
7.166667	1	-0.006750
7.183333	1	-0.010750
7.200000	1	-0.014000
7.216667	1	-0.016625
7.233333	1	-0.020625
7.250000	1	-0.023875
7.266667	1	-0.027000
7.283333	1	-0.030625
7.300000	1	-0.033500
7.316667	1	-0.036875
7.333333	1	-0.039875
7.350000	1	-0.043125
7.366667	1	-0.045750
7.383333	1	-0.049000
7.400000	1	-0.051875
7.416667	1	-0.054250
7.433333	1	-0.057000
7.450000	1	-0.059750
7.466667	1	-0.062375
7.483333	1	-0.064750
7.500000	1	-0.066750
7.516667	1	-0.069375
7.533333	1	-0.071625
7.550000	1	-0.073625
7.566667	1	-0.075625
7.583333	1	-0.078125
7.600000	1	-0.080375
7.616667	1	-0.082125
7.633333	1	-0.083750
7.650000	1	-0.085875
7.666667	1	-0.088000
7.683333	1	-0.089750
7.700000	1	-0.090500
7.716667	1	-0.091500
7.733333	1	-0.092500
7.750000	1	-0.093625
7.766667	1	-0.094750
7.783333	1	-0.096125
7.800000	1	-0.096500
7.816667	1	-0.096750
7.833333	1	-0.097500
7.850000	1	-0.098125
7.866667	1	-0.098625
7.883333	1	-0.099125
7.900000	1	-0.099125
7.916667	1	-0.099250
7.933333	1	-0.098750
7.950000	1	-0.099500
7.966667	1	-0.098500
7.983333	1	-0.098000
8.000000	1	-0.097750
8.016667	1	-0.097500
8.033333	1	-0.097500
8.050000	1	-0.096875
8.066667	1	-0.096375
8.083333	1	-0.096125
8.100000	1	-0.095500
8.116667	1	-0.094375
8.133333	1	-0.093750
8.150000	1	-0.093000
8.166667	1	-0.092250
8.183333	1	-0.091375
8.200000	1	-0.090125
8.216667	1	-0.089125
8.233333	1	-0.088375
8.250000	1	-0.087750
8.266667	1	-0.086875
8.283333	1	-0.086125
8.300000	1	-0.085750
8.316667	1	-0.084875
8.333333	1	-0.083375
8.350000	1	-0.082625
8.366667	1	-0.082000
8.383333	1	-0.080750
8.400000	1	-0.080250
8.416667	1	-0.079750
8.433333	1	-0.079375
8.450000	1	-0.079375
8.466667	1	-0.079750
8.483333	1	-0.079000
8.500000	1	-0.078250
8.516667	1	-0.077750
8.533333	1	-0.077500
8.550000	1	-0.077625
8.566667	1	-0.077000
8.583333	1	-0.077000
8.600000	1	-0.077125
8.616667	1	-0.077125
8.633333	1	-0.077250
8.650000	1	-0.077375
8.666667	1	-0.078125
8.683333	1	-0.078125
8.700000	1	-0.078375
8.716667	1	-0.078875
8.733333	1	-0.079000
8.750000	1	-0.080125
8.766667	1	-0.080750
8.783333	1	-0.081000
8.800000	1	-0.081625
8.816667	1	-0.081750
8.833333	1	-0.082375
8.850000	1	-0.082875
8.866667	1	-0.083375
8.883333	1	-0.083875
8.900000	1	-0.084875
8.916667	1	-0.085125
8.933333	1	-0.086000
8.950000	1	-0.086125
8.966667	1	-0.086375
8.983333	1	-0.086625
9.000000	1	-0.087750
9.016667	1	-0.087875
9.033333	1	-0.088625
9.050000	1	-0.088750
9.066667	1	-0.089625
9.083333	1	-0.090250
9.100000	1	-0.090750
9.116667	1	-0.091375
9.133333	1	-0.091625
9.150000	1	-0.092250
9.166667	1	-0.092750
9.183333	1	-0.093500
9.200000	1	-0.093500
9.216667	1	-0.094500
9.233333	1	-0.094625
9.250000	1	-0.094750
9.266667	1	-0.094625
9.283333	1	-0.094875
9.300000	1	-0.095250
9.316667	1	-0.095500
9.333333	1	-0.095875
9.350000	1	-0.096250
9.366667	1	-0.096625
9.383333	1	-0.097125
9.400000	1	-0.097250
9.416667	1	-0.098125
9.433333	1	-0.098000
9.450000	1	-0.097125
9.466667	1	-0.097000
9.483333	1	-0.095875
9.500000	1	-0.094875
9.516667	1	-0.092875
9.533333	1	-0.090375
9.550000	1	-0.086875
9.566667	1	-0.082750
9.583333	1	-0.077875
9.600000	1	-0.072125
9.616667	1	-0.064500
9.633333	1	-0.055750
9.650000	1	-0.044250
9.666667	1	-0.031750
9.683333	1	-0.016250
9.700000	1	0.000250
9.716667	1	0.018500
9.733333	1	0.037500
9.750000	1	0.057625
9.766667	1	0.076250
9.783333	1	0.093125
9.800000	1	0.107250
9.816667	1	0.115750
9.833333	1	0.118000
9.850000	1	0.111500
9.866667	1	0.093000
9.883333	1	0.060125
9.900000	1	0.011125
9.916667	1	-0.047625
9.933333	1	-0.097750
9.950000	1	-0.103750
9.966667	1	-0.012875
9.983333	1	0.233625
10.000000	1	0.700375
10.016667	1	1.444875
10.033333	1	2.514625
10.050000	1	3.938500
10.066667	1	5.734000
10.083333	1	7.902625
10.100000	1	10.433375
10.116667	1	13.296500
10.133333	1	16.446500
10.150000	1	19.816625
10.166667	1	23.316250
10.183333	1	26.829875
10.200000	1	30.218250
10.216667	1	33.321250
10.233333	1	35.965875
10.250000	1	37.991000
10.266667	1	39.272250
10.283333	1	39.740750
10.300000	1	39.393875
10.316667	1	38.299000
10.333333	1	36.579375
10.350000	1	34.391250
10.366667	1	31.901875
10.383333	1	29.268500
10.400000	1	26.619875
10.416667	1	24.054375
10.433333	1	21.639000
10.450000	1	19.415875
10.466667	1	17.398125
10.483333	1	15.588375
10.500000	1	13.977875
10.516667	1	12.552750
10.533333	1	11.295375
10.550000	1	10.186250
10.566667	1	9.207000
10.583333	1	8.340875
10.600000	1	7.572125
10.616667	1	6.887500
10.633333	1	6.276250
10.650000	1	5.731000
10.666667	1	5.244000
10.683333	1	4.809250
10.700000	1	4.420625
10.716667	1	4.073750
10.733333	1	3.764625
10.750000	1	3.489125
10.766667	1	3.243000
10.783333	1	3.022875
10.800000	1	2.825000
10.816667	1	2.646375
10.833333	1	2.485375
10.850000	1	2.339250
10.866667	1	2.205875
10.883333	1	2.084375
10.900000	1	1.973125
10.916667	1	1.872250
10.933333	1	1.779875
10.950000	1	1.695625
10.966667	1	1.619000
10.983333	1	1.548750
11.000000	1	1.485000
11.016667	1	1.426750
11.033333	1	1.373125
11.050000	1	1.324625
11.066667	1	1.280125
11.083333	1	1.239750
11.100000	1	1.202750
11.116667	1	1.168125
11.133333	1	1.136875
11.150000	1	1.107375
11.166667	1	1.080750
11.183333	1	1.056250
11.200000	1	1.034375
11.216667	1	1.014000
11.233333	1	0.994875
11.250000	1	0.977500
11.266667	1	0.961500
11.283333	1	0.946750
11.300000	1	0.931750
11.316667	1	0.918500
11.333333	1	0.906375
11.350000	1	0.894000
11.366667	1	0.882250
11.383333	1	0.871500
11.400000	1	0.862500
11.416667	1	0.853250
11.433333	1	0.845125
11.450000	1	0.838250
11.466667	1	0.832375
11.483333	1	0.827250
11.500000	1	0.824000
11.516667	1	0.821250
11.533333	1	0.819250
11.550000	1	0.818125
11.566667	1	0.817250
11.583333	1	0.817750
11.600000	1	0.818500
11.616667	1	0.819500
11.633333	1	0.820875
11.650000	1	0.823125
11.666667	1	0.825625
11.683333	1	0.827750
11.700000	1	0.828750
11.716667	1	0.830750
11.733333	1	0.832000
11.750000	1	0.833500
11.766667	1	0.834500
11.783333	1	0.835375
11.800000	1	0.836000
11.816667	1	0.838250
11.833333	1	0.840500
11.850000	1	0.843625
11.866667	1	0.847875
11.883333	1	0.853625
11.900000	1	0.860000
11.916667	1	0.869375
11.933333	1	0.880000
11.950000	1	0.892875
11.966667	1	0.908375
11.983333	1	0.926125
12.000000	1	0.946250
12.016667	1	0.969250
12.033333	1	0.994375
12.050000	1	1.022875
12.066667	1	1.055625
12.083333	1	1.092750
12.100000	1	1.137000
12.116667	1	1.189750
12.133333	1	1.251625
12.150000	1	1.326250
12.166667	1	1.415875
12.183333	1	1.523375
12.200000	1	1.651375
12.216667	1	1.800125
12.233333	1	1.972125
12.250000	1	2.168625
12.266667	1	2.391875
12.283333	1	2.641750
12.300000	1	2.920625
12.316667	1	3.229875
12.333333	1	3.571250
12.350000	1	3.947250
12.366667	1	4.359375
12.383333	1	4.810750
12.400000	1	5.300750
12.416667	1	5.828250
12.433333	1	6.390000
12.450000	1	6.979500
12.466667	1	7.584375
12.483333	1	8.188375
12.500000	1	8.771000
12.516667	1	9.307875
12.533333	1	9.778250
12.550000	1	10.163125
12.566667	1	10.454250
12.583333	1	10.649500
12.600000	1	10.753875
12.616667	1	10.776375
12.633333	1	10.728625
12.650000	1	10.623125
12.666667	1	10.470375
12.683333	1	10.281250
12.700000	1	10.065125
12.716667	1	9.830000
12.733333	1	9.583250
12.750000	1	9.331125
12.766667	1	9.079000
12.783333	1	8.830375
12.800000	1	8.588500
12.816667	1	8.355375
12.833333	1	8.132750
12.850000	1	7.918875
12.866667	1	7.714000
12.883333	1	7.516125
12.900000	1	7.324750
12.916667	1	7.138500
12.933333	1	6.957000
12.950000	1	6.778375
12.966667	1	6.601375
12.983333	1	6.424625
13.000000	1	6.245750
13.016667	1	6.064750
13.033333	1	5.879000
13.050000	1	5.687875
13.066667	1	5.489000
13.083333	1	5.280625
13.100000	1	5.059250
13.116667	1	4.822500
13.133333	1	4.569625
13.150000	1	4.296750
13.166667	1	4.002000
13.183333	1	3.686000
13.200000	1	3.349375
13.216667	1	2.999750
13.233333	1	2.650625
13.250000	1	2.321125
13.266667	1	2.028375
13.283333	1	1.781375
13.300000	1	1.581000
13.316667	1	1.420875
13.333333	1	1.294000
13.350000	1	1.192625
13.366667	1	1.111000
13.383333	1	1.043000
13.400000	1	0.985125
13.416667	1	0.936375
13.433333	1	0.894875
13.450000	1	0.858750
13.466667	1	0.827875
13.483333	1	0.800625
13.500000	1	0.777250
13.516667	1	0.756500
13.533333	1	0.739250
13.550000	1	0.723750
13.566667	1	0.711375
13.583333	1	0.701250
13.600000	1	0.694000
13.616667	1	0.687625
13.633333	1	0.682750
13.650000	1	0.678875
13.666667	1	0.675750
13.683333	1	0.673125
13.700000	1	0.669750
13.716667	1	0.665750
13.733333	1	0.662000
13.750000	1	0.657000
13.766667	1	0.651500
13.783333	1	0.644750
13.800000	1	0.637000
13.816667	1	0.628750
13.833333	1	0.620000
13.850000	1	0.610000
13.866667	1	0.599500
13.883333	1	0.588500
13.900000	1	0.577625
13.916667	1	0.565125
13.933333	1	0.553250
13.950000	1	0.541625
13.966667	1	0.530750
13.983333	1	0.519250
14.000000	1	0.508625
14.016667	1	0.499625
14.033333	1	0.490625
14.050000	1	0.482875
14.066667	1	0.475750
14.083333	1	0.469000
14.100000	1	0.463750
14.116667	1	0.459625
14.133333	1	0.456375
14.150000	1	0.454625
14.166667	1	0.453500
14.183333	1	0.454375
14.200000	1	0.456500
14.216667	1	0.461375
14.233333	1	0.468875
14.250000	1	0.479000
14.266667	1	0.493000
14.283333	1	0.512125
14.300000	1	0.535750
14.316667	1	0.564375
14.333333	1	0.600375
14.350000	1	0.644500
14.366667	1	0.698000
14.383333	1	0.762625
14.400000	1	0.838625
14.416667	1	0.928625
14.433333	1	1.034000
14.450000	1	1.156875
14.466667	1	1.299250
14.483333	1	1.464250
14.500000	1	1.653625
14.516667	1	1.871625
14.533333	1	2.121375
14.550000	1	2.409625
14.566667	1	2.741500
14.583333	1	3.127125
14.600000	1	3.575000
14.616667	1	4.102375
14.633333	1	4.728375
14.650000	1	5.476500
14.666667	1	6.377000
14.683333	1	7.462125
14.700000	1	8.767250
14.716667	1	10.328375
14.733333	1	12.178125
14.750000	1	14.342750
14.766667	1	16.836125
14.783333	1	19.651375
14.800000	1	22.768875
14.816667	1	26.145375
14.833333	1	29.716500
14.850000	1	33.392000
14.866667	1	37.064875
14.883333	1	40.613625
14.900000	1	43.915125
14.916667	1	46.850750
14.933333	1	49.318875
14.950000	1	51.237375
14.966667	1	52.549750
14.983333	1	53.231375
15.000000	1	53.285250
15.016667	1	52.742875
15.033333	1	51.653500
15.050000	1	50.083875
15.066667	1	48.110750
15.083333	1	45.816000
15.100000	1	43.286250
15.116667	1	40.602375
15.133333	1	37.835625
15.150000	1	35.050125
15.166667	1	32.299875
15.183333	1	29.629500
15.200000	1	27.070250
15.216667	1	24.644500
15.233333	1	22.364750
15.250000	1	20.241125
15.266667	1	18.276500
15.283333	1	16.470125
15.300000	1	14.818500
15.316667	1	13.316625
15.333333	1	11.956875
15.350000	1	10.730375
15.366667	1	9.628500
15.383333	1	8.641250
15.400000	1	7.759875
15.416667	1	6.974750
15.433333	1	6.277125
15.450000	1	5.658125
15.466667	1	5.111750
15.483333	1	4.631125
15.500000	1	4.210125
15.516667	1	3.842875
15.533333	1	3.523375
15.550000	1	3.245750
15.566667	1	3.006125
15.583333	1	2.799875
15.600000	1	2.621500
15.616667	1	2.467875
15.633333	1	2.334375
15.650000	1	2.216875
15.666667	1	2.113500
15.683333	1	2.020250
15.700000	1	1.935875
15.716667	1	1.858625
15.733333	1	1.787125
15.750000	1	1.721250
15.766667	1	1.659625
15.783333	1	1.601500
15.800000	1	1.546375
15.816667	1	1.494125
15.833333	1	1.445375
15.850000	1	1.398750
15.866667	1	1.354875
15.883333	1	1.312750
15.900000	1	1.273000
15.916667	1	1.235875
15.933333	1	1.200500
15.950000	1	1.166125
15.966667	1	1.134000
15.983333	1	1.102500
16.000000	1	1.073250
16.016667	1	1.046375
16.033333	1	1.022000
16.050000	1	1.000000
16.066667	1	0.979750
16.083333	1	0.961750
16.100000	1	0.945625
16.116667	1	0.931625
16.133333	1	0.919625
16.150000	1	0.910250
16.166667	1	0.902125
16.183333	1	0.895500
16.200000	1	0.889625
16.216667	1	0.884250
16.233333	1	0.879875
16.250000	1	0.875000
16.266667	1	0.870000
16.283333	1	0.864375
16.300000	1	0.858500
16.316667	1	0.851750
16.333333	1	0.844375
16.350000	1	0.836875
16.366667	1	0.828625
16.383333	1	0.819625
16.400000	1	0.810125
16.416667	1	0.801375
16.433333	1	0.792250
16.450000	1	0.784000
16.466667	1	0.776375
16.483333	1	0.769250
16.500000	1	0.763250
16.516667	1	0.757750
16.533333	1	0.753500
16.550000	1	0.750375
16.566667	1	0.747750
16.583333	1	0.746125
16.600000	1	0.745625
16.616667	1	0.746250
16.633333	1	0.748125
16.650000	1	0.750375
16.666667	1	0.753000
16.683333	1	0.757125
16.700000	1	0.761250
16.716667	1	0.765000
16.733333	1	0.770375
16.750000	1	0.774375
16.766667	1	0.779750
16.783333	1	0.783625
16.800000	1	0.787625
16.816667	1	0.791625
16.833333	1	0.794375
16.850000	1	0.796625
16.866667	1	0.798000
16.883333	1	0.798500
16.900000	1	0.798125
16.916667	1	0.797375
16.933333	1	0.797625
16.950000	1	0.797625
16.966667	1	0.797875
16.983333	1	0.798500
17.000000	1	0.799125
17.016667	1	0.800875
17.033333	1	0.802500
17.050000	1	0.804125
17.066667	1	0.805250
17.083333	1	0.807125
17.100000	1	0.808750
17.116667	1	0.809875
17.133333	1	0.810375
17.150000	1	0.809750
17.166667	1	0.808125
17.183333	1	0.806250
17.200000	1	0.803250
17.216667	1	0.798625
17.233333	1	0.793125
17.250000	1	0.787500
17.266667	1	0.780750
17.283333	1	0.773875
17.300000	1	0.766500
17.316667	1	0.758625
17.333333	1	0.750375
17.350000	1	0.742500
17.366667	1	0.734875
17.383333	1	0.727875
17.400000	1	0.721625
17.416667	1	0.715750
17.433333	1	0.710375
17.450000	1	0.706375
17.466667	1	0.703000
17.483333	1	0.700250
17.500000	1	0.699375
17.516667	1	0.699375
17.533333	1	0.701375
17.550000	1	0.704375
17.566667	1	0.708625
17.583333	1	0.714500
17.600000	1	0.721250
17.616667	1	0.729375
17.633333	1	0.739250
17.650000	1	0.750125
17.666667	1	0.761625
17.683333	1	0.773625
17.700000	1	0.786625
17.716667	1	0.799625
17.733333	1	0.812625
17.750000	1	0.826000
17.766667	1	0.838625
17.783333	1	0.851250
17.800000	1	0.863250
17.816667	1	0.875625
17.833333	1	0.885875
17.850000	1	0.894625
17.866667	1	0.902250
17.883333	1	0.907750
17.900000	1	0.911625
17.916667	1	0.913875
17.933333	1	0.914375
17.950000	1	0.912125
17.966667	1	0.908625
17.983333	1	0.902750
18.000000	1	0.896000
18.016667	1	0.887500
18.033333	1	0.877125
18.050000	1	0.866125
18.066667	1	0.854375
18.083333	1	0.841500
18.100000	1	0.827750
18.116667	1	0.814125
18.133333	1	0.800875
18.150000	1	0.787125
18.166667	1	0.774500
18.183333	1	0.762250
18.200000	1	0.750375
18.216667	1	0.739125
18.233333	1	0.728125
18.250000	1	0.717750
18.266667	1	0.708625
18.283333	1	0.700625
18.300000	1	0.694125
18.316667	1	0.688375
18.333333	1	0.683750
18.350000	1	0.680375
18.366667	1	0.677500
18.383333	1	0.675500
18.400000	1	0.674750
18.416667	1	0.674250
18.433333	1	0.673875
18.450000	1	0.674375
18.466667	1	0.675125
18.483333	1	0.676750
18.500000	1	0.677375
18.516667	1	0.678750
18.533333	1	0.680125
18.550000	1	0.681625
18.566667	1	0.683125
18.583333	1	0.685375
18.600000	1	0.686875
18.616667	1	0.689125
18.633333	1	0.691125
18.650000	1	0.693250
18.666667	1	0.695625
18.683333	1	0.698875
18.700000	1	0.702625
18.716667	1	0.707125
18.733333	1	0.711000
18.750000	1	0.716000
18.766667	1	0.721375
18.783333	1	0.726750
18.800000	1	0.732375
18.816667	1	0.739250
18.833333	1	0.746625
18.850000	1	0.754500
18.866667	1	0.764125
18.883333	1	0.773625
18.900000	1	0.784875
18.916667	1	0.798500
18.933333	1	0.813375
18.950000	1	0.830375
18.966667	1	0.850000
18.983333	1	0.872125
19.000000	1	0.896500
19.016667	1	0.922750
19.033333	1	0.951875
19.050000	1	0.983000
19.066667	1	1.016500
19.083333	1	1.051500
19.100000	1	1.088375
19.116667	1	1.125375
19.133333	1	1.162500
19.150000	1	1.199000
19.166667	1	1.234000
19.183333	1	1.267125
19.200000	1	1.295500
19.216667	1	1.320625
19.233333	1	1.342125
19.250000	1	1.358500
19.266667	1	1.369875
19.283333	1	1.375500
19.300000	1	1.375250
19.316667	1	1.370125
19.333333	1	1.360000
19.350000	1	1.345000
19.366667	1	1.325250
19.383333	1	1.301375
19.400000	1	1.274375
19.416667	1	1.244375
19.433333	1	1.212500
19.450000	1	1.178750
19.466667	1	1.145000
19.483333	1	1.110625
19.500000	1	1.076625
19.516667	1	1.044375
19.533333	1	1.014125
19.550000	1	0.986000
19.566667	1	0.960000
19.583333	1	0.937500
19.600000	1	0.918875
19.616667	1	0.904875
19.633333	1	0.894375
19.650000	1	0.889375
19.666667	1	0.890625
19.683333	1	0.898500
19.700000	1	0.913375
19.716667	1	0.936250
19.733333	1	0.967000
19.750000	1	1.006375
19.766667	1	1.054375
19.783333	1	1.111750
19.800000	1	1.177375
19.816667	1	1.251250
19.833333	1	1.332750
19.850000	1	1.420125
19.866667	1	1.511375
19.883333	1	1.605625
19.900000	1	1.699750
19.916667	1	1.791875
19.933333	1	1.881375
19.950000	1	1.963500
19.966667	1	2.037250
19.983333	1	2.101125
20.000000	1	2.152625
20.016667	1	2.192000
20.033333	1	2.218375
20.050000	1	2.231500
20.066667	1	2.230375
20.083333	1	2.216625
20.100000	1	2.191750
20.116667	1	2.156375
20.133333	1	2.112125
20.150000	1	2.060500
20.166667	1	2.003375
20.183333	1	1.942000
20.200000	1	1.878750
20.216667	1	1.814375
20.233333	1	1.750625
20.250000	1	1.688500
20.266667	1	1.629500
20.283333	1	1.574125
20.300000	1	1.522875
20.316667	1	1.476875
20.333333	1	1.435750
20.350000	1	1.399000
20.366667	1	1.367375
20.383333	1	1.339750
20.400000	1	1.317000
20.416667	1	1.296875
20.433333	1	1.279125
20.450000	1	1.264375
20.466667	1	1.250875
20.483333	1	1.239125
20.500000	1	1.227375
20.516667	1	1.215250
20.533333	1	1.202625
20.550000	1	1.190625
20.566667	1	1.177500
20.583333	1	1.163625
20.600000	1	1.150000
20.616667	1	1.136875
20.633333	1	1.124375
20.650000	1	1.114125
20.666667	1	1.105625
20.683333	1	1.099125
20.700000	1	1.096500
20.716667	1	1.096875
20.733333	1	1.101750
20.750000	1	1.110625
20.766667	1	1.124000
20.783333	1	1.141750
20.800000	1	1.163125
20.816667	1	1.187125
20.833333	1	1.213500
20.850000	1	1.241750
20.866667	1	1.270000
20.883333	1	1.296625
20.900000	1	1.321000
20.916667	1	1.341375
20.933333	1	1.357125
20.950000	1	1.367625
20.966667	1	1.371000
20.983333	1	1.367625
21.000000	1	1.357125
21.016667	1	1.340250
21.033333	1	1.317125
21.050000	1	1.287750
21.066667	1	1.252875
21.083333	1	1.213875
21.100000	1	1.170875
21.116667	1	1.125375
21.133333	1	1.078375
21.150000	1	1.030250
21.166667	1	0.981375
21.183333	1	0.933375
21.200000	1	0.886625
21.216667	1	0.841250
21.233333	1	0.797250
21.250000	1	0.755875
21.266667	1	0.717625
21.283333	1	0.682250
21.300000	1	0.648500
21.316667	1	0.617875
21.333333	1	0.590250
21.350000	1	0.564000
21.366667	1	0.540750
21.383333	1	0.520000
21.400000	1	0.501625
21.416667	1	0.485000
21.433333	1	0.469875
21.450000	1	0.456875
21.466667	1	0.445375
21.483333	1	0.435625
21.500000	1	0.427125
21.516667	1	0.419500
21.533333	1	0.413500
21.550000	1	0.408500
21.566667	1	0.404125
21.583333	1	0.401125
21.600000	1	0.398625
21.616667	1	0.396500
21.633333	1	0.395375
21.650000	1	0.394875
21.666667	1	0.395250
21.683333	1	0.396625
21.700000	1	0.398500
21.716667	1	0.402000
21.733333	1	0.407125
21.750000	1	0.412750
21.766667	1	0.419250
21.783333	1	0.427000
21.800000	1	0.436625
21.816667	1	0.447750
21.833333	1	0.459625
21.850000	1	0.472500
21.866667	1	0.487125
21.883333	1	0.502000
21.900000	1	0.518250
21.916667	1	0.534750
21.933333	1	0.551250
21.950000	1	0.567250
21.966667	1	0.582375
21.983333	1	0.596750
22.000000	1	0.610000
22.016667	1	0.621500
22.033333	1	0.631375
22.050000	1	0.639750
22.066667	1	0.645250
22.083333	1	0.648750
22.100000	1	0.650625
22.116667	1	0.650375
22.133333	1	0.647625
22.150000	1	0.642625
22.166667	1	0.636125
22.183333	1	0.628000
22.200000	1	0.618500
22.216667	1	0.607375
22.233333	1	0.595750
22.250000	1	0.583625
22.266667	1	0.571500
22.283333	1	0.559000
22.300000	1	0.546875
22.316667	1	0.534750
22.333333	1	0.524000
22.350000	1	0.512750
22.366667	1	0.502875
22.383333	1	0.494000
22.400000	1	0.486250
22.416667	1	0.479500
22.433333	1	0.473625
22.450000	1	0.467875
22.466667	1	0.463375
22.483333	1	0.460000
22.500000	1	0.458125
22.516667	1	0.456375
22.533333	1	0.454500
22.550000	1	0.454125
22.566667	1	0.453000
22.583333	1	0.452875
22.600000	1	0.452125
22.616667	1	0.452250
22.633333	1	0.452750
22.650000	1	0.453250
22.666667	1	0.452750
22.683333	1	0.453125
22.700000	1	0.453375
22.716667	1	0.452750
22.733333	1	0.451625
22.750000	1	0.450500
22.766667	1	0.448000
22.783333	1	0.445875
22.800000	1	0.442875
22.816667	1	0.439875
22.833333	1	0.436250
22.850000	1	0.431875
22.866667	1	0.427875
22.883333	1	0.423000
22.900000	1	0.418375
22.916667	1	0.413250
22.933333	1	0.407375
22.950000	1	0.402250
22.966667	1	0.397625
22.983333	1	0.392250
23.000000	1	0.387500
23.016667	1	0.382500
23.033333	1	0.378125
23.050000	1	0.373750
23.066667	1	0.370750
23.083333	1	0.368375
23.100000	1	0.367625
23.116667	1	0.366875
23.133333	1	0.368000
23.150000	1	0.369250
23.166667	1	0.372000
23.183333	1	0.375250
23.200000	1	0.380500
23.216667	1	0.386625
23.233333	1	0.395125
23.250000	1	0.404500
23.266667	1	0.415375
23.283333	1	0.428000
23.300000	1	0.442250
23.316667	1	0.458500
23.333333	1	0.476250
23.350000	1	0.496750
23.366667	1	0.519750
23.383333	1	0.544500
23.400000	1	0.571750
23.416667	1	0.602875
23.433333	1	0.636875
23.450000	1	0.675625
23.466667	1	0.718625
23.483333	1	0.767375
23.500000	1	0.821625
23.516667	1	0.882125
23.533333	1	0.950625
23.550000	1	1.028250
23.566667	1	1.115250
23.583333	1	1.211625
23.600000	1	1.319500
23.616667	1	1.440625
23.633333	1	1.574375
23.650000	1	1.720750
23.666667	1	1.880875
23.683333	1	2.052750
23.700000	1	2.238125
23.716667	1	2.432875
23.733333	1	2.637625
23.750000	1	2.849625
23.766667	1	3.066875
23.783333	1	3.285250
23.800000	1	3.502250
23.816667	1	3.714125
23.833333	1	3.916375
23.850000	1	4.104750
23.866667	1	4.276625
23.883333	1	4.428250
23.900000	1	4.556500
23.916667	1	4.660125
23.933333	1	4.735250
23.950000	1	4.781750
23.966667	1	4.799250
23.983333	1	4.789000
24.000000	1	4.749375
24.016667	1	4.682875
24.033333	1	4.592250
24.050000	1	4.479500
24.066667	1	4.347125
24.083333	1	4.198125
24.100000	1	4.035375
24.116667	1	3.862375
24.133333	1	3.682000
24.150000	1	3.496625
24.166667	1	3.309625
24.183333	1	3.123125
24.200000	1	2.938750
24.216667	1	2.759625
24.233333	1	2.587000
24.250000	1	2.420500
24.266667	1	2.263375
24.283333	1	2.114625
24.300000	1	1.975375
24.316667	1	1.845500
24.333333	1	1.724625
24.350000	1	1.613000
24.366667	1	1.510875
24.383333	1	1.415875
24.400000	1	1.329750
24.416667	1	1.250375
24.433333	1	1.179000
24.450000	1	1.113750
24.466667	1	1.054125
24.483333	1	0.999250
24.500000	1	0.949125
24.516667	1	0.903000
24.533333	1	0.860375
24.550000	1	0.821125
24.566667	1	0.784500
24.583333	1	0.749750
24.600000	1	0.717125
24.616667	1	0.686250
24.633333	1	0.656750
24.650000	1	0.629625
24.666667	1	0.603375
24.683333	1	0.578000
24.700000	1	0.554000
24.716667	1	0.530625
24.733333	1	0.508500
24.750000	1	0.487375
24.766667	1	0.466750
24.783333	1	0.447250
24.800000	1	0.428625
24.816667	1	0.411625
24.833333	1	0.395625
24.850000	1	0.379875
24.866667	1	0.365125
24.883333	1	0.351875
24.900000	1	0.339250
24.916667	1	0.327750
24.933333	1	0.317750
24.950000	1	0.307625
24.966667	1	0.298875
24.983333	1	0.290875
25.000000	1	0.284250
25.016667	1	0.278375
25.033333	1	0.273000
25.050000	1	0.267625
25.066667	1	0.264000
25.083333	1	0.261250
25.100000	1	0.258750
25.116667	1	0.256875
25.133333	1	0.255375
25.150000	1	0.254000
25.166667	1	0.253750
25.183333	1	0.254125
25.200000	1	0.254625
25.216667	1	0.255500
25.233333	1	0.256375
25.250000	1	0.258500
25.266667	1	0.260625
25.283333	1	0.263000
25.300000	1	0.265500
25.316667	1	0.267875
25.333333	1	0.269625
25.350000	1	0.272375
25.366667	1	0.274125
25.383333	1	0.276375
25.400000	1	0.278250
25.416667	1	0.280625
25.433333	1	0.282500
25.450000	1	0.284375
25.466667	1	0.285875
25.483333	1	0.286875
25.500000	1	0.287375
25.516667	1	0.288250
25.533333	1	0.289125
25.550000	1	0.288875
25.566667	1	0.288625
25.583333	1	0.287000
25.600000	1	0.286625
25.616667	1	0.285625
25.633333	1	0.284250
25.650000	1	0.282375
25.666667	1	0.280250
25.683333	1	0.278000
25.700000	1	0.275500
25.716667	1	0.272875
25.733333	1	0.269125
25.750000	1	0.265250
25.766667	1	0.261375
25.783333	1	0.257125
25.800000	1	0.252625
25.816667	1	0.247750
25.833333	1	0.242250
25.850000	1	0.236375
25.866667	1	0.230375
25.883333	1	0.224125
25.900000	1	0.218375
25.916667	1	0.211500
25.933333	1	0.204500
25.950000	1	0.196625
25.966667	1	0.189375
25.983333	1	0.181750
26.000000	1	0.174500
26.016667	1	0.166875
26.033333	1	0.159250
26.050000	1	0.151750
26.066667	1	0.144125
26.083333	1	0.136875
26.100000	1	0.129875
26.116667	1	0.123875
26.133333	1	0.118250
26.150000	1	0.112625
26.166667	1	0.107625
26.183333	1	0.103250
26.200000	1	0.099250
26.216667	1	0.096500
26.233333	1	0.094250
26.250000	1	0.092375
26.266667	1	0.091000
26.283333	1	0.090750
26.300000	1	0.091125
26.316667	1	0.091750
26.333333	1	0.092250
26.350000	1	0.092750
26.366667	1	0.093125
26.383333	1	0.095500
26.400000	1	0.096750
26.416667	1	0.098875
26.433333	1	0.101500
26.450000	1	0.103625
26.466667	1	0.105625
26.483333	1	0.107375
26.500000	1	0.109000
26.516667	1	0.109750
26.533333	1	0.111500
26.550000	1	0.112625
26.566667	1	0.114000
26.583333	1	0.114750
26.600000	1	0.115375
26.616667	1	0.116000
26.633333	1	0.116500
26.650000	1	0.116625
26.666667	1	0.117250
26.683333	1	0.117750
26.700000	1	0.118500
26.716667	1	0.119625
26.733333	1	0.120500
26.750000	1	0.121000
26.766667	1	0.122125
26.783333	1	0.123750
26.800000	1	0.125000
26.816667	1	0.127750
26.833333	1	0.130125
26.850000	1	0.132750
26.866667	1	0.136500
26.883333	1	0.140000
26.900000	1	0.143375
26.916667	1	0.147000
26.933333	1	0.151000
26.950000	1	0.155500
26.966667	1	0.160875
26.983333	1	0.167250
27.000000	1	0.173000
27.016667	1	0.179125
27.033333	1	0.186375
27.050000	1	0.194000
27.066667	1	0.201625
27.083333	1	0.210500
27.100000	1	0.219250
27.116667	1	0.228500
27.133333	1	0.238500
27.150000	1	0.249500
27.166667	1	0.261000
27.183333	1	0.272250
27.200000	1	0.284750
27.216667	1	0.298125
27.233333	1	0.312125
27.250000	1	0.327125
27.266667	1	0.342750
27.283333	1	0.359250
27.300000	1	0.376875
27.316667	1	0.395625
27.333333	1	0.415375
27.350000	1	0.436625
27.366667	1	0.458875
27.383333	1	0.482500
27.400000	1	0.508375
27.416667	1	0.536375
27.433333	1	0.566625
27.450000	1	0.599750
27.466667	1	0.635750
27.483333	1	0.674625
27.500000	1	0.717375
27.516667	1	0.764250
27.533333	1	0.815750
27.550000	1	0.871875
27.566667	1	0.934125
27.583333	1	1.002875
27.600000	1	1.077250
27.616667	1	1.158375
27.633333	1	1.246750
27.650000	1	1.342375
27.666667	1	1.445125
27.683333	1	1.554750
27.700000	1	1.671500
27.716667	1	1.795250
27.733333	1	1.924875
27.750000	1	2.059625
27.766667	1	2.197875
27.783333	1	2.338000
27.800000	1	2.480125
27.816667	1	2.622250
27.833333	1	2.763125
27.850000	1	2.899875
27.866667	1	3.032250
27.883333	1	3.156000
27.900000	1	3.271500
27.916667	1	3.376500
27.933333	1	3.468250
27.950000	1	3.546375
27.966667	1	3.608375
27.983333	1	3.654750
28.000000	1	3.684000
28.016667	1	3.696000
28.033333	1	3.689625
28.050000	1	3.666000
28.066667	1	3.624625
28.083333	1	3.565500
28.100000	1	3.490500
28.116667	1	3.401125
28.133333	1	3.297875
28.150000	1	3.183875
28.166667	1	3.059375
28.183333	1	2.926875
28.200000	1	2.787625
28.216667	1	2.643625
28.233333	1	2.496000
28.250000	1	2.346750
28.266667	1	2.196875
28.283333	1	2.048750
28.300000	1	1.902375
28.316667	1	1.759500
28.333333	1	1.620250
28.350000	1	1.486125
28.366667	1	1.357125
28.383333	1	1.234500
28.400000	1	1.117125
28.416667	1	1.005625
28.433333	1	0.900375
28.450000	1	0.800375
28.466667	1	0.705875
28.483333	1	0.615500
28.500000	1	0.530125
28.516667	1	0.449750
28.533333	1	0.373000
28.550000	1	0.300000
28.566667	1	0.231125
28.583333	1	0.165000
28.600000	1	0.101000
28.616667	1	0.038875
28.633333	1	-0.019500
28.650000	1	-0.075250
28.666667	1	-0.128750
28.683333	1	-0.180500
28.700000	1	-0.229500
28.716667	1	-0.277125
28.733333	1	-0.321625
28.750000	1	-0.364375
28.766667	1	-0.404750
28.783333	1	-0.441875
28.800000	1	-0.476125
28.816667	1	-0.506625
28.833333	1	-0.534875
28.850000	1	-0.558875
28.866667	1	-0.580375
28.883333	1	-0.597125
28.900000	1	-0.611250
28.916667	1	-0.621500
28.933333	1	-0.627375
28.950000	1	-0.629500
28.966667	1	-0.628000
28.983333	1	-0.622125
29.000000	1	-0.613375
29.016667	1	-0.600500
29.033333	1	-0.585000
29.050000	1	-0.565875
29.066667	1	-0.544125
29.083333	1	-0.520250
29.100000	1	-0.493000
29.116667	1	-0.463875
29.133333	1	-0.433500
29.150000	1	-0.401125
29.166667	1	-0.367000
29.183333	1	-0.332500
29.200000	1	-0.297000
29.216667	1	-0.260875
29.233333	1	-0.224250
29.250000	1	-0.187750
29.266667	1	-0.151625
29.283333	1	-0.115750
29.300000	1	-0.080875
29.316667	1	-0.046250
29.333333	1	-0.013000
29.350000	1	0.018750
29.366667	1	0.049750
29.383333	1	0.079500
29.400000	1	0.107625
29.416667	1	0.135500
29.433333	1	0.161250
29.450000	1	0.185125
29.466667	1	0.206625
29.483333	1	0.227250
29.500000	1	0.246000
29.516667	1	0.263875
29.533333	1	0.279000
29.550000	1	0.293125
29.566667	1	0.305500
29.583333	1	0.316875
29.600000	1	0.327125
29.616667	1	0.335000
29.633333	1	0.341625
29.650000	1	0.347625
29.666667	1	0.351750
29.683333	1	0.355125
29.700000	1	0.357125
29.716667	1	0.358375
29.733333	1	0.358125
29.750000	1	0.357000
29.766667	1	0.355750
29.783333	1	0.353500
29.800000	1	0.351125
29.816667	1	0.348625
29.833333	1	0.345500
29.850000	1	0.342000
29.866667	1	0.338375
29.883333	1	0.334125
29.900000	1	0.329875
29.916667	1	0.325250
29.933333	1	0.321875
29.950000	1	0.318000
29.966667	1	0.314250
29.983333	1	0.310625
30.000000	1	0.307625
30.016667	1	0.305375
30.033333	1	0.302875
30.050000	1	0.300750
30.066667	1	0.299000
30.083333	1	0.297625
30.100000	1	0.296500
30.116667	1	0.296125
30.133333	1	0.296375
30.150000	1	0.297000
30.166667	1	0.298125
30.183333	1	0.299500
30.200000	1	0.300500
30.216667	1	0.302500
30.233333	1	0.305500
30.250000	1	0.309375
30.266667	1	0.313250
30.283333	1	0.318625
30.300000	1	0.323750
30.316667	1	0.329750
30.333333	1	0.336625
30.350000	1	0.344500
30.366667	1	0.353125
30.383333	1	0.362750
30.400000	1	0.373125
30.416667	1	0.384750
30.433333	1	0.396750
30.450000	1	0.409500
30.466667	1	0.423875
30.483333	1	0.439125
30.500000	1	0.455000
30.516667	1	0.471375
30.533333	1	0.488500
30.550000	1	0.506250
30.566667	1	0.524375
30.583333	1	0.542125
30.600000	1	0.560250
30.616667	1	0.577500
30.633333	1	0.594875
30.650000	1	0.611000
30.666667	1	0.626500
30.683333	1	0.640875
30.700000	1	0.654125
30.716667	1	0.665375
30.733333	1	0.674500
30.750000	1	0.682625
30.766667	1	0.688000
30.783333	1	0.691875
30.800000	1	0.693125
30.816667	1	0.692500
30.833333	1	0.690000
30.850000	1	0.684250
30.866667	1	0.675875
30.883333	1	0.665875
30.900000	1	0.654375
30.916667	1	0.640125
30.933333	1	0.624875
30.950000	1	0.608375
30.966667	1	0.590125
30.983333	1	0.570750
31.000000	1	0.551625
31.016667	1	0.531000
31.033333	1	0.510125
31.050000	1	0.488875
31.066667	1	0.468125
31.083333	1	0.446250
31.100000	1	0.426125
31.116667	1	0.405375
31.133333	1	0.386125
31.150000	1	0.366750
31.166667	1	0.347875
31.183333	1	0.330625
31.200000	1	0.314000
31.216667	1	0.298375
31.233333	1	0.283250
31.250000	1	0.269500
31.266667	1	0.257500
31.283333	1	0.245625
31.300000	1	0.234500
31.316667	1	0.224750
31.333333	1	0.214875
31.350000	1	0.206500
31.366667	1	0.199250
31.383333	1	0.192250
31.400000	1	0.186750
31.416667	1	0.181750
31.433333	1	0.177875
31.450000	1	0.174250
31.466667	1	0.170625
31.483333	1	0.168125
31.500000	1	0.166000
31.516667	1	0.164375
31.533333	1	0.163250
31.550000	1	0.162625
31.566667	1	0.162875
31.583333	1	0.163250
31.600000	1	0.164250
31.616667	1	0.165375
31.633333	1	0.166500
31.650000	1	0.168625
31.666667	1	0.170500
31.683333	1	0.172750
31.700000	1	0.175375
31.716667	1	0.178875
31.733333	1	0.181750
31.750000	1	0.185625
31.766667	1	0.189625
31.783333	1	0.193750
31.800000	1	0.196750
31.816667	1	0.201250
31.833333	1	0.205375
31.850000	1	0.208750
31.866667	1	0.212000
31.883333	1	0.215250
31.900000	1	0.218375
31.916667	1	0.221625
31.933333	1	0.224250
31.950000	1	0.227000
31.966667	1	0.229375
31.983333	1	0.231000
32.000000	1	0.232125
32.016667	1	0.232000
32.033333	1	0.231750
32.050000	1	0.230875
32.066667	1	0.229875
32.083333	1	0.227625
32.100000	1	0.226125
32.116667	1	0.223125
32.133333	1	0.220125
32.150000	1	0.216625
32.166667	1	0.212250
32.183333	1	0.208000
32.200000	1	0.202625
32.216667	1	0.198375
32.233333	1	0.192375
32.250000	1	0.187375
32.266667	1	0.183000
32.283333	1	0.177500
32.300000	1	0.172500
32.316667	1	0.167750
32.333333	1	0.162250
32.350000	1	0.157625
32.366667	1	0.152625
32.383333	1	0.148125
32.400000	1	0.144375
32.416667	1	0.140000
32.433333	1	0.136000
32.450000	1	0.132125
32.466667	1	0.129000
32.483333	1	0.126000
32.500000	1	0.123500
32.516667	1	0.120500
32.533333	1	0.117500
32.550000	1	0.115500
32.566667	1	0.114250
32.583333	1	0.111875
32.600000	1	0.110500
32.616667	1	0.108500
32.633333	1	0.105625
32.650000	1	0.103375
32.666667	1	0.101125
32.683333	1	0.099125
32.700000	1	0.097375
32.716667	1	0.094750
32.733333	1	0.092750
32.750000	1	0.090125
32.766667	1	0.087625
32.783333	1	0.084375
32.800000	1	0.080750
32.816667	1	0.077375
32.833333	1	0.074500
32.850000	1	0.070500
32.866667	1	0.066375
32.883333	1	0.063375
32.900000	1	0.060250
32.916667	1	0.056625
32.933333	1	0.052500
32.950000	1	0.048375
32.966667	1	0.044625
32.983333	1	0.041625
33.000000	1	0.038625
33.016667	1	0.034875
33.033333	1	0.031125
33.050000	1	0.027750
33.066667	1	0.024375
33.083333	1	0.021750
33.100000	1	0.018000
33.116667	1	0.015000
33.133333	1	0.011625
33.150000	1	0.009125
33.166667	1	0.006750
33.183333	1	0.003750
33.200000	1	0.002125
33.216667	1	0.000000
33.233333	1	-0.001875
33.250000	1	-0.003500
33.266667	1	-0.005875
33.283333	1	-0.007250
33.300000	1	-0.009125
33.316667	1	-0.010625
33.333333	1	-0.011500
33.350000	1	-0.012125
33.366667	1	-0.012750
33.383333	1	-0.013625
33.400000	1	-0.014625
33.416667	1	-0.015250
33.433333	1	-0.015625
33.450000	1	-0.015750
33.466667	1	-0.016125
33.483333	1	-0.016625
33.500000	1	-0.016625
33.516667	1	-0.016250
33.533333	1	-0.015625
33.550000	1	-0.015625
33.566667	1	-0.015000
33.583333	1	-0.014000
33.600000	1	-0.012875
33.616667	1	-0.012125
33.633333	1	-0.011000
33.650000	1	-0.009750
33.666667	1	-0.009250
33.683333	1	-0.008375
33.700000	1	-0.006625
33.716667	1	-0.005500
33.733333	1	-0.004000
33.750000	1	-0.002375
33.766667	1	-0.000500
33.783333	1	0.000375
33.800000	1	0.001625
33.816667	1	0.003375
33.833333	1	0.005125
33.850000	1	0.007125
33.866667	1	0.008875
33.883333	1	0.011000
33.900000	1	0.013375
33.916667	1	0.015500
33.933333	1	0.016750
33.950000	1	0.019250
33.966667	1	0.020625
33.983333	1	0.022250
34.000000	1	0.023750
34.016667	1	0.025875
34.033333	1	0.028125
34.050000	1	0.030125
34.066667	1	0.032250
34.083333	1	0.034000
34.100000	1	0.036125
34.116667	1	0.038250
34.133333	1	0.040000
34.150000	1	0.041375
34.166667	1	0.043500
34.183333	1	0.045125
34.200000	1	0.046625
34.216667	1	0.048000
34.233333	1	0.049000
34.250000	1	0.050125
34.266667	1	0.051375
34.283333	1	0.052500
34.300000	1	0.053375
34.316667	1	0.054250
34.333333	1	0.055375
34.350000	1	0.056000
34.366667	1	0.056875
34.383333	1	0.057000
34.400000	1	0.056500
34.416667	1	0.056625
34.433333	1	0.057125
34.450000	1	0.056750
34.466667	1	0.056625
34.483333	1	0.056250
34.500000	1	0.056250
34.516667	1	0.056250
34.533333	1	0.055875
34.550000	1	0.055375
34.566667	1	0.055250
34.583333	1	0.055750
34.600000	1	0.055125
34.616667	1	0.054250
34.633333	1	0.053875
34.650000	1	0.054000
34.666667	1	0.054000
34.683333	1	0.054250
34.700000	1	0.053875
34.716667	1	0.053625
34.733333	1	0.054250
34.750000	1	0.054750
34.766667	1	0.055375
34.783333	1	0.055375
34.800000	1	0.056500
34.816667	1	0.057625
34.833333	1	0.058375
34.850000	1	0.059250
34.866667	1	0.060750
34.883333	1	0.062625
34.900000	1	0.064000
34.916667	1	0.066000
34.933333	1	0.067625
34.950000	1	0.069875
34.966667	1	0.071875
34.983333	1	0.074375
35.000000	1	0.076750
35.016667	1	0.079000
35.033333	1	0.081375
35.050000	1	0.083625
35.066667	1	0.085750
35.083333	1	0.088125
35.100000	1	0.091375
35.116667	1	0.094250
35.133333	1	0.096875
35.150000	1	0.099125
35.166667	1	0.101500
35.183333	1	0.103875
35.200000	1	0.106375
35.216667	1	0.109125
35.233333	1	0.110500
35.250000	1	0.112125
35.266667	1	0.113875
35.283333	1	0.115750
35.300000	1	0.117000
35.316667	1	0.119000
35.333333	1	0.121125
35.350000	1	0.123125
35.366667	1	0.124375
35.383333	1	0.125500
35.400000	1	0.126125
35.416667	1	0.126625
35.433333	1	0.127000
35.450000	1	0.127375
35.466667	1	0.127875
35.483333	1	0.127875
35.500000	1	0.127500
35.516667	1	0.127875
35.533333	1	0.128500
35.550000	1	0.127500
35.566667	1	0.126875
35.583333	1	0.126625
35.600000	1	0.126500
35.616667	1	0.126375
35.633333	1	0.126125
35.650000	1	0.125750
35.666667	1	0.124375
35.683333	1	0.122750
35.700000	1	0.122250
35.716667	1	0.121750
35.733333	1	0.121000
35.750000	1	0.120500
35.766667	1	0.119500
35.783333	1	0.118875
35.800000	1	0.118125
35.816667	1	0.116625
35.833333	1	0.115875
35.850000	1	0.115375
35.866667	1	0.114250
35.883333	1	0.113500
35.900000	1	0.112875
35.916667	1	0.112125
35.933333	1	0.111500
35.950000	1	0.110500
35.966667	1	0.109125
35.983333	1	0.108625
36.000000	1	0.107375
36.016667	1	0.106625
36.033333	1	0.105375
36.050000	1	0.103875
36.066667	1	0.102625
36.083333	1	0.101625
36.100000	1	0.100500
36.116667	1	0.099125
36.133333	1	0.098000
36.150000	1	0.096750
36.166667	1	0.095250
36.183333	1	0.093500
36.200000	1	0.091375
36.216667	1	0.090000
36.233333	1	0.088875
36.250000	1	0.087625
36.266667	1	0.085750
36.283333	1	0.084125
36.300000	1	0.082625
36.316667	1	0.081125
36.333333	1	0.080000
36.350000	1	0.078000
36.366667	1	0.076125
36.383333	1	0.074375
36.400000	1	0.072375
36.416667	1	0.070875
36.433333	1	0.069250
36.450000	1	0.067875
36.466667	1	0.065750
36.483333	1	0.063750
36.500000	1	0.061750
36.516667	1	0.060000
36.533333	1	0.058125
36.550000	1	0.056125
36.566667	1	0.053750
36.583333	1	0.050625
36.600000	1	0.047375
36.616667	1	0.045500
36.633333	1	0.042500
36.650000	1	0.040125
36.666667	1	0.037375
36.683333	1	0.034625
36.700000	1	0.032125
36.716667	1	0.028625
36.733333	1	0.025625
36.750000	1	0.022250
36.766667	1	0.019000
36.783333	1	0.015750
36.800000	1	0.012625
36.816667	1	0.009500
36.833333	1	0.005625
36.850000	1	0.001750
36.866667	1	-0.000875
36.883333	1	-0.004375
36.900000	1	-0.006875
36.916667	1	-0.009750
36.933333	1	-0.013000
36.950000	1	-0.016125
36.966667	1	-0.019125
36.983333	1	-0.022125
37.000000	1	-0.024625
37.016667	1	-0.027750
37.033333	1	-0.030500
37.050000	1	-0.032750
37.066667	1	-0.035250
37.083333	1	-0.037500
37.100000	1	-0.039875
37.116667	1	-0.041875
37.133333	1	-0.043375
37.150000	1	-0.045375
37.166667	1	-0.046750
37.183333	1	-0.049000
37.200000	1	-0.049750
37.216667	1	-0.051375
37.233333	1	-0.052750
37.250000	1	-0.053750
37.266667	1	-0.054625
37.283333	1	-0.055875
37.300000	1	-0.055875
37.316667	1	-0.056375
37.333333	1	-0.056750
37.350000	1	-0.057750
37.366667	1	-0.058000
37.383333	1	-0.058250
37.400000	1	-0.058250
37.416667	1	-0.058875
37.433333	1	-0.059375
37.450000	1	-0.059000
37.466667	1	-0.059125
37.483333	1	-0.058500
37.500000	1	-0.058125
37.516667	1	-0.057750
37.533333	1	-0.057500
37.550000	1	-0.056625
37.566667	1	-0.055750
37.583333	1	-0.055500
37.600000	1	-0.054375
37.616667	1	-0.053625
37.633333	1	-0.052375
37.650000	1	-0.051875
37.666667	1	-0.050875
37.683333	1	-0.049875
37.700000	1	-0.048125
37.716667	1	-0.047125
37.733333	1	-0.045750
37.750000	1	-0.044750
37.766667	1	-0.043500
37.783333	1	-0.043125
37.800000	1	-0.041750
37.816667	1	-0.040125
37.833333	1	-0.038375
37.850000	1	-0.036875
37.866667	1	-0.035500
37.883333	1	-0.034000
37.900000	1	-0.032000
37.916667	1	-0.030875
37.933333	1	-0.029750
37.950000	1	-0.027750
37.966667	1	-0.026500
37.983333	1	-0.025000
38.000000	1	-0.023875
38.016667	1	-0.022625
38.033333	1	-0.022000
38.050000	1	-0.020875
38.066667	1	-0.019500
38.083333	1	-0.018250
38.100000	1	-0.017500
38.116667	1	-0.016750
38.133333	1	-0.015875
38.150000	1	-0.015000
38.166667	1	-0.014250
38.183333	1	-0.013375
38.200000	1	-0.013000
38.216667	1	-0.013125
38.233333	1	-0.012250
38.250000	1	-0.012125
38.266667	1	-0.012000
38.283333	1	-0.011625
38.300000	1	-0.011625
38.316667	1	-0.011875
38.333333	1	-0.011500
38.350000	1	-0.012000
38.366667	1	-0.011500
38.383333	1	-0.012125
38.400000	1	-0.012625
38.416667	1	-0.012750
38.433333	1	-0.013000
38.450000	1	-0.013625
38.466667	1	-0.014500
38.483333	1	-0.014625
38.500000	1	-0.014875
38.516667	1	-0.015500
38.533333	1	-0.015875
38.550000	1	-0.016375
38.566667	1	-0.016875
38.583333	1	-0.017125
38.600000	1	-0.018125
38.616667	1	-0.018625
38.633333	1	-0.019000
38.650000	1	-0.019500
38.666667	1	-0.019625
38.683333	1	-0.019500
38.700000	1	-0.020125
38.716667	1	-0.020250
38.733333	1	-0.020625
38.750000	1	-0.021250
38.766667	1	-0.021625
38.783333	1	-0.021750
38.800000	1	-0.022250
38.816667	1	-0.022125
38.833333	1	-0.022500
38.850000	1	-0.022250
38.866667	1	-0.021875
38.883333	1	-0.022125
38.900000	1	-0.022625
38.916667	1	-0.022375
38.933333	1	-0.022250
38.950000	1	-0.022500
38.966667	1	-0.022375
38.983333	1	-0.021625
39.000000	1	-0.021375
39.016667	1	-0.021375
39.033333	1	-0.021125
39.050000	1	-0.021125
39.066667	1	-0.021125
39.083333	1	-0.021250
39.100000	1	-0.021250
39.116667	1	-0.021250
39.133333	1	-0.020250
39.150000	1	-0.020375
39.166667	1	-0.019875
39.183333	1	-0.019750
39.200000	1	-0.019625
39.216667	1	-0.019625
39.233333	1	-0.019500
39.250000	1	-0.019375
39.266667	1	-0.018500
39.283333	1	-0.018000
39.300000	1	-0.017750
39.316667	1	-0.017000
39.333333	1	-0.016375
39.350000	1	-0.016375
39.366667	1	-0.015500
39.383333	1	-0.014875
39.400000	1	-0.014250
39.416667	1	-0.013375
39.433333	1	-0.013375
39.450000	1	-0.012875
39.466667	1	-0.011625
39.483333	1	-0.011250
39.500000	1	-0.010125
39.516667	1	-0.009250
39.533333	1	-0.008375
39.550000	1	-0.006625
39.566667	1	-0.005250
39.583333	1	-0.004625
39.600000	1	-0.003625
39.616667	1	-0.003125
39.633333	1	-0.002000
39.650000	1	-0.000875
39.666667	1	0.001125
39.683333	1	0.002250
39.700000	1	0.003375
39.716667	1	0.004500
39.733333	1	0.006375
39.750000	1	0.007125
39.766667	1	0.008000
39.783333	1	0.008500
39.800000	1	0.009875
39.816667	1	0.010625
39.833333	1	0.012000
39.850000	1	0.012875
39.866667	1	0.014125
39.883333	1	0.014875
39.900000	1	0.016000
39.916667	1	0.016875
39.933333	1	0.018000
39.950000	1	0.018250
39.966667	1	0.019000
39.983333	1	0.019125
40.000000	1	0.019250
