File Path	chrom://990-75db15j/XVault/Ultimate_3000/1256/20230531_CMO_stabTest _FP08_FP09.seq/479.smp/RI_1.channel/RI_1.chm
Channel	RI_1

Injection Information:
Data Vault	XVault
Injection	Btet_S02
Injection Number	7
Position	BB3
Comment	
Processing Method	
Instrument Method	run_25B_method
Type	Unknown
Status	Finished
Injection Date	01.06.2023
Injection Time	16:50:36
Injection Volume (µl)	20.000
Dilution Factor	1.0000
Weight	1.0000

Chromatogram Data Information:
Time Min. (min)	0.000000
Time Max. (min)	40.000000
Data Points	2401
Detector	RI
Generating Data System	Chromeleon 7.2.5.9507
Exporting Data System	Chromeleon 7.2.5.0
Operator	Instrument Controller
Signal Quantity	Refractive 
Signal Unit	µRIU
Signal Min.	-0.687125
Signal Max.	87.287625
Channel	RI_1
Driver Name	RID520Driver.dll
Channel Type	Evaluation
Min. Step (s)	1
Max. Step (s)	1
Average Step (s)	1

Signal Parameter Information:
Signal Info	

Chromatogram Data:
Time (min)	Step (s)	Value (µRIU)
0.000000	n.a.	-0.040750
0.016667	1	-0.044625
0.033333	1	-0.046750
0.050000	1	-0.047375
0.066667	1	-0.047750
0.083333	1	-0.047375
0.100000	1	-0.046625
0.116667	1	-0.046125
0.133333	1	-0.046625
0.150000	1	-0.046750
0.166667	1	-0.046875
0.183333	1	-0.047000
0.200000	1	-0.046500
0.216667	1	-0.045500
0.233333	1	-0.045000
0.250000	1	-0.044375
0.266667	1	-0.043250
0.283333	1	-0.041250
0.300000	1	-0.040875
0.316667	1	-0.044750
0.333333	1	-0.052125
0.350000	1	-0.057250
0.366667	1	-0.058375
0.383333	1	-0.056250
0.400000	1	-0.053625
0.416667	1	-0.050500
0.433333	1	-0.046125
0.450000	1	-0.042625
0.466667	1	-0.039750
0.483333	1	-0.038250
0.500000	1	-0.038500
0.516667	1	-0.039625
0.533333	1	-0.042250
0.550000	1	-0.043750
0.566667	1	-0.044375
0.583333	1	-0.045750
0.600000	1	-0.047250
0.616667	1	-0.048625
0.633333	1	-0.049625
0.650000	1	-0.049500
0.666667	1	-0.049750
0.683333	1	-0.049875
0.700000	1	-0.050500
0.716667	1	-0.050875
0.733333	1	-0.051250
0.750000	1	-0.051375
0.766667	1	-0.052000
0.783333	1	-0.051500
0.800000	1	-0.051375
0.816667	1	-0.051500
0.833333	1	-0.051500
0.850000	1	-0.051000
0.866667	1	-0.050375
0.883333	1	-0.050500
0.900000	1	-0.050250
0.916667	1	-0.049750
0.933333	1	-0.049250
0.950000	1	-0.048750
0.966667	1	-0.048750
0.983333	1	-0.048375
1.000000	1	-0.048625
1.016667	1	-0.048125
1.033333	1	-0.048375
1.050000	1	-0.047625
1.066667	1	-0.046750
1.083333	1	-0.045875
1.100000	1	-0.046125
1.116667	1	-0.047125
1.133333	1	-0.047125
1.150000	1	-0.047375
1.166667	1	-0.047375
1.183333	1	-0.047625
1.200000	1	-0.047875
1.216667	1	-0.047500
1.233333	1	-0.047125
1.250000	1	-0.046875
1.266667	1	-0.046750
1.283333	1	-0.047250
1.300000	1	-0.047125
1.316667	1	-0.047250
1.333333	1	-0.047375
1.350000	1	-0.047250
1.366667	1	-0.047625
1.383333	1	-0.048000
1.400000	1	-0.048125
1.416667	1	-0.048250
1.433333	1	-0.048875
1.450000	1	-0.049375
1.466667	1	-0.049875
1.483333	1	-0.050250
1.500000	1	-0.050875
1.516667	1	-0.051125
1.533333	1	-0.051375
1.550000	1	-0.052125
1.566667	1	-0.052500
1.583333	1	-0.052750
1.600000	1	-0.053750
1.616667	1	-0.053500
1.633333	1	-0.053500
1.650000	1	-0.053875
1.666667	1	-0.054125
1.683333	1	-0.053875
1.700000	1	-0.054000
1.716667	1	-0.054250
1.733333	1	-0.055125
1.750000	1	-0.055500
1.766667	1	-0.055375
1.783333	1	-0.055250
1.800000	1	-0.056000
1.816667	1	-0.056000
1.833333	1	-0.055750
1.850000	1	-0.055625
1.866667	1	-0.056000
1.883333	1	-0.056250
1.900000	1	-0.056375
1.916667	1	-0.056750
1.933333	1	-0.057125
1.950000	1	-0.057125
1.966667	1	-0.057500
1.983333	1	-0.057125
2.000000	1	-0.057500
2.016667	1	-0.057750
2.033333	1	-0.057375
2.050000	1	-0.057500
2.066667	1	-0.057375
2.083333	1	-0.057750
2.100000	1	-0.057625
2.116667	1	-0.057375
2.133333	1	-0.056750
2.150000	1	-0.056750
2.166667	1	-0.056875
2.183333	1	-0.056500
2.200000	1	-0.055875
2.216667	1	-0.055625
2.233333	1	-0.055125
2.250000	1	-0.054750
2.266667	1	-0.054250
2.283333	1	-0.054125
2.300000	1	-0.053375
2.316667	1	-0.053625
2.333333	1	-0.053375
2.350000	1	-0.052125
2.366667	1	-0.052000
2.383333	1	-0.051250
2.400000	1	-0.050375
2.416667	1	-0.050125
2.433333	1	-0.049625
2.450000	1	-0.049625
2.466667	1	-0.049500
2.483333	1	-0.048375
2.500000	1	-0.047750
2.516667	1	-0.047500
2.533333	1	-0.047250
2.550000	1	-0.046250
2.566667	1	-0.045250
2.583333	1	-0.045375
2.600000	1	-0.045125
2.616667	1	-0.044125
2.633333	1	-0.044000
2.650000	1	-0.043000
2.666667	1	-0.042375
2.683333	1	-0.041500
2.700000	1	-0.040875
2.716667	1	-0.040125
2.733333	1	-0.039000
2.750000	1	-0.038375
2.766667	1	-0.037250
2.783333	1	-0.036375
2.800000	1	-0.035625
2.816667	1	-0.034625
2.833333	1	-0.033750
2.850000	1	-0.032875
2.866667	1	-0.031625
2.883333	1	-0.030750
2.900000	1	-0.030125
2.916667	1	-0.029125
2.933333	1	-0.027625
2.950000	1	-0.026750
2.966667	1	-0.025500
2.983333	1	-0.024875
3.000000	1	-0.024000
3.016667	1	-0.022875
3.033333	1	-0.022000
3.050000	1	-0.020875
3.066667	1	-0.020625
3.083333	1	-0.020000
3.100000	1	-0.019375
3.116667	1	-0.018500
3.133333	1	-0.017875
3.150000	1	-0.017125
3.166667	1	-0.016750
3.183333	1	-0.016000
3.200000	1	-0.015000
3.216667	1	-0.014375
3.233333	1	-0.014000
3.250000	1	-0.013375
3.266667	1	-0.013250
3.283333	1	-0.012875
3.300000	1	-0.012625
3.316667	1	-0.012625
3.333333	1	-0.012750
3.350000	1	-0.012375
3.366667	1	-0.012125
3.383333	1	-0.012500
3.400000	1	-0.013125
3.416667	1	-0.013375
3.433333	1	-0.012250
3.450000	1	-0.012750
3.466667	1	-0.013500
3.483333	1	-0.013875
3.500000	1	-0.014125
3.516667	1	-0.014750
3.533333	1	-0.015625
3.550000	1	-0.016375
3.566667	1	-0.016375
3.583333	1	-0.016625
3.600000	1	-0.017500
3.616667	1	-0.017625
3.633333	1	-0.018375
3.650000	1	-0.019125
3.666667	1	-0.019875
3.683333	1	-0.020750
3.700000	1	-0.022000
3.716667	1	-0.022875
3.733333	1	-0.023875
3.750000	1	-0.024375
3.766667	1	-0.025500
3.783333	1	-0.025250
3.800000	1	-0.026125
3.816667	1	-0.027250
3.833333	1	-0.027750
3.850000	1	-0.028125
3.866667	1	-0.028375
3.883333	1	-0.029750
3.900000	1	-0.030125
3.916667	1	-0.032000
3.933333	1	-0.033250
3.950000	1	-0.033500
3.966667	1	-0.034000
3.983333	1	-0.034625
4.000000	1	-0.034750
4.016667	1	-0.035500
4.033333	1	-0.036500
4.050000	1	-0.037000
4.066667	1	-0.037875
4.083333	1	-0.038625
4.100000	1	-0.039750
4.116667	1	-0.040375
4.133333	1	-0.040750
4.150000	1	-0.041625
4.166667	1	-0.041875
4.183333	1	-0.042375
4.200000	1	-0.042375
4.216667	1	-0.042375
4.233333	1	-0.042875
4.250000	1	-0.043500
4.266667	1	-0.044125
4.283333	1	-0.043750
4.300000	1	-0.044375
4.316667	1	-0.044375
4.333333	1	-0.044500
4.350000	1	-0.044000
4.366667	1	-0.043875
4.383333	1	-0.043000
4.400000	1	-0.042750
4.416667	1	-0.042000
4.433333	1	-0.041875
4.450000	1	-0.041250
4.466667	1	-0.040625
4.483333	1	-0.040750
4.500000	1	-0.040375
4.516667	1	-0.039250
4.533333	1	-0.038750
4.550000	1	-0.037625
4.566667	1	-0.037125
4.583333	1	-0.036625
4.600000	1	-0.035625
4.616667	1	-0.034375
4.633333	1	-0.033750
4.650000	1	-0.032750
4.666667	1	-0.031500
4.683333	1	-0.030750
4.700000	1	-0.029750
4.716667	1	-0.029250
4.733333	1	-0.028500
4.750000	1	-0.027625
4.766667	1	-0.026625
4.783333	1	-0.025625
4.800000	1	-0.024250
4.816667	1	-0.023125
4.833333	1	-0.021750
4.850000	1	-0.020625
4.866667	1	-0.019125
4.883333	1	-0.017875
4.900000	1	-0.016125
4.916667	1	-0.013750
4.933333	1	-0.012000
4.950000	1	-0.010500
4.966667	1	-0.008750
4.983333	1	-0.005750
5.000000	1	-0.003500
5.016667	1	-0.000875
5.033333	1	0.001500
5.050000	1	0.003875
5.066667	1	0.006375
5.083333	1	0.009500
5.100000	1	0.012125
5.116667	1	0.014875
5.133333	1	0.017500
5.150000	1	0.020250
5.166667	1	0.023125
5.183333	1	0.026250
5.200000	1	0.029625
5.216667	1	0.033500
5.233333	1	0.036625
5.250000	1	0.039875
5.266667	1	0.043000
5.283333	1	0.046250
5.300000	1	0.049375
5.316667	1	0.052250
5.333333	1	0.054500
5.350000	1	0.058250
5.366667	1	0.061250
5.383333	1	0.064250
5.400000	1	0.067625
5.416667	1	0.070000
5.433333	1	0.072875
5.450000	1	0.075625
5.466667	1	0.078500
5.483333	1	0.080500
5.500000	1	0.082750
5.516667	1	0.085000
5.533333	1	0.086750
5.550000	1	0.088500
5.566667	1	0.090375
5.583333	1	0.091750
5.600000	1	0.093625
5.616667	1	0.094125
5.633333	1	0.095375
5.650000	1	0.096000
5.666667	1	0.096500
5.683333	1	0.095875
5.700000	1	0.096500
5.716667	1	0.096875
5.733333	1	0.096375
5.750000	1	0.095875
5.766667	1	0.096375
5.783333	1	0.096375
5.800000	1	0.096000
5.816667	1	0.095125
5.833333	1	0.094000
5.850000	1	0.093125
5.866667	1	0.091375
5.883333	1	0.090375
5.900000	1	0.088875
5.916667	1	0.088000
5.933333	1	0.086500
5.950000	1	0.084750
5.966667	1	0.083375
5.983333	1	0.081625
6.000000	1	0.080375
6.016667	1	0.079000
6.033333	1	0.077875
6.050000	1	0.075500
6.066667	1	0.073750
6.083333	1	0.072250
6.100000	1	0.071000
6.116667	1	0.069375
6.133333	1	0.067500
6.150000	1	0.067250
6.166667	1	0.066125
6.183333	1	0.065125
6.200000	1	0.064125
6.216667	1	0.062375
6.233333	1	0.061250
6.250000	1	0.060000
6.266667	1	0.058000
6.283333	1	0.056750
6.300000	1	0.056250
6.316667	1	0.054500
6.333333	1	0.054375
6.350000	1	0.053625
6.366667	1	0.052625
6.383333	1	0.052625
6.400000	1	0.052500
6.416667	1	0.052500
6.433333	1	0.052375
6.450000	1	0.051750
6.466667	1	0.051500
6.483333	1	0.051875
6.500000	1	0.052250
6.516667	1	0.052500
6.533333	1	0.053375
6.550000	1	0.054750
6.566667	1	0.055625
6.583333	1	0.056625
6.600000	1	0.057750
6.616667	1	0.058500
6.633333	1	0.060125
6.650000	1	0.061750
6.666667	1	0.063000
6.683333	1	0.064000
6.700000	1	0.065375
6.716667	1	0.066875
6.733333	1	0.069500
6.750000	1	0.071875
6.766667	1	0.074000
6.783333	1	0.076375
6.800000	1	0.078250
6.816667	1	0.080625
6.833333	1	0.082625
6.850000	1	0.084375
6.866667	1	0.086625
6.883333	1	0.089625
6.900000	1	0.091875
6.916667	1	0.094875
6.933333	1	0.097625
6.950000	1	0.099625
6.966667	1	0.102875
6.983333	1	0.105750
7.000000	1	0.107500
7.016667	1	0.109500
7.033333	1	0.111000
7.050000	1	0.112750
7.066667	1	0.114625
7.083333	1	0.116000
7.100000	1	0.116875
7.116667	1	0.117750
7.133333	1	0.118250
7.150000	1	0.118500
7.166667	1	0.119000
7.183333	1	0.118500
7.200000	1	0.117625
7.216667	1	0.117125
7.233333	1	0.116375
7.250000	1	0.115250
7.266667	1	0.113500
7.283333	1	0.111375
7.300000	1	0.109625
7.316667	1	0.107375
7.333333	1	0.104875
7.350000	1	0.102625
7.366667	1	0.099375
7.383333	1	0.096375
7.400000	1	0.093500
7.416667	1	0.090000
7.433333	1	0.086625
7.450000	1	0.083125
7.466667	1	0.079500
7.483333	1	0.076250
7.500000	1	0.072750
7.516667	1	0.068875
7.533333	1	0.065750
7.550000	1	0.062250
7.566667	1	0.059000
7.583333	1	0.056125
7.600000	1	0.053125
7.616667	1	0.050000
7.633333	1	0.046250
7.650000	1	0.043000
7.666667	1	0.039750
7.683333	1	0.036750
7.700000	1	0.033750
7.716667	1	0.030250
7.733333	1	0.027625
7.750000	1	0.025125
7.766667	1	0.022750
7.783333	1	0.020625
7.800000	1	0.017500
7.816667	1	0.014500
7.833333	1	0.012500
7.850000	1	0.010375
7.866667	1	0.008250
7.883333	1	0.006500
7.900000	1	0.005000
7.916667	1	0.002750
7.933333	1	0.001000
7.950000	1	-0.000625
7.966667	1	-0.001500
7.983333	1	-0.002625
8.000000	1	-0.004375
8.016667	1	-0.005750
8.033333	1	-0.006875
8.050000	1	-0.007750
8.066667	1	-0.008750
8.083333	1	-0.009500
8.100000	1	-0.010500
8.116667	1	-0.011125
8.133333	1	-0.011625
8.150000	1	-0.012125
8.166667	1	-0.012625
8.183333	1	-0.013250
8.200000	1	-0.013875
8.216667	1	-0.014000
8.233333	1	-0.014625
8.250000	1	-0.015500
8.266667	1	-0.015625
8.283333	1	-0.015750
8.300000	1	-0.015750
8.316667	1	-0.016250
8.333333	1	-0.016000
8.350000	1	-0.015500
8.366667	1	-0.015375
8.383333	1	-0.015000
8.400000	1	-0.015125
8.416667	1	-0.015250
8.433333	1	-0.014500
8.450000	1	-0.014000
8.466667	1	-0.012750
8.483333	1	-0.011875
8.500000	1	-0.011250
8.516667	1	-0.010375
8.533333	1	-0.009125
8.550000	1	-0.008250
8.566667	1	-0.006625
8.583333	1	-0.005125
8.600000	1	-0.003625
8.616667	1	-0.002500
8.633333	1	-0.000875
8.650000	1	0.000250
8.666667	1	0.001750
8.683333	1	0.003625
8.700000	1	0.005250
8.716667	1	0.007125
8.733333	1	0.009125
8.750000	1	0.011500
8.766667	1	0.013125
8.783333	1	0.015625
8.800000	1	0.017500
8.816667	1	0.020500
8.833333	1	0.023250
8.850000	1	0.025875
8.866667	1	0.027625
8.883333	1	0.030000
8.900000	1	0.032125
8.916667	1	0.034625
8.933333	1	0.036125
8.950000	1	0.038875
8.966667	1	0.042125
8.983333	1	0.044625
9.000000	1	0.047375
9.016667	1	0.049500
9.033333	1	0.052125
9.050000	1	0.055000
9.066667	1	0.057125
9.083333	1	0.059625
9.100000	1	0.062500
9.116667	1	0.064500
9.133333	1	0.067000
9.150000	1	0.069500
9.166667	1	0.072375
9.183333	1	0.075125
9.200000	1	0.077875
9.216667	1	0.080625
9.233333	1	0.083875
9.250000	1	0.086375
9.266667	1	0.089250
9.283333	1	0.092625
9.300000	1	0.095125
9.316667	1	0.098250
9.333333	1	0.101500
9.350000	1	0.105500
9.366667	1	0.109625
9.383333	1	0.113500
9.400000	1	0.117375
9.416667	1	0.122000
9.433333	1	0.126625
9.450000	1	0.132625
9.466667	1	0.139000
9.483333	1	0.145750
9.500000	1	0.153500
9.516667	1	0.162375
9.533333	1	0.172250
9.550000	1	0.182875
9.566667	1	0.195125
9.583333	1	0.208625
9.600000	1	0.224250
9.616667	1	0.243250
9.633333	1	0.263125
9.650000	1	0.285250
9.666667	1	0.310375
9.683333	1	0.339000
9.700000	1	0.371125
9.716667	1	0.407000
9.733333	1	0.445875
9.750000	1	0.487125
9.766667	1	0.529750
9.783333	1	0.571250
9.800000	1	0.610250
9.816667	1	0.643125
9.833333	1	0.669625
9.850000	1	0.690000
9.866667	1	0.705250
9.883333	1	0.718375
9.900000	1	0.736000
9.916667	1	0.770875
9.933333	1	0.850000
9.950000	1	1.013125
9.966667	1	1.313750
9.983333	1	1.813875
10.000000	1	2.575625
10.016667	1	3.656125
10.033333	1	5.102000
10.050000	1	6.947500
10.066667	1	9.212625
10.083333	1	11.905875
10.100000	1	15.024375
10.116667	1	18.551750
10.133333	1	22.458250
10.150000	1	26.700375
10.166667	1	31.214625
10.183333	1	35.919500
10.200000	1	40.707250
10.216667	1	45.441875
10.233333	1	49.955375
10.250000	1	54.041875
10.266667	1	57.476125
10.283333	1	60.027125
10.300000	1	61.489500
10.316667	1	61.718375
10.333333	1	60.658750
10.350000	1	58.358875
10.366667	1	54.971500
10.383333	1	50.740000
10.400000	1	45.967875
10.416667	1	40.975875
10.433333	1	36.060875
10.450000	1	31.456125
10.466667	1	27.307375
10.483333	1	23.677750
10.500000	1	20.567875
10.516667	1	17.939500
10.533333	1	15.732500
10.550000	1	13.879125
10.566667	1	12.316000
10.583333	1	10.985375
10.600000	1	9.840875
10.616667	1	8.847750
10.633333	1	7.979750
10.650000	1	7.220250
10.666667	1	6.557125
10.683333	1	5.979000
10.700000	1	5.478250
10.716667	1	5.046375
10.733333	1	4.674125
10.750000	1	4.354375
10.766667	1	4.077500
10.783333	1	3.836500
10.800000	1	3.623750
10.816667	1	3.434250
10.833333	1	3.262250
10.850000	1	3.105500
10.866667	1	2.959875
10.883333	1	2.826000
10.900000	1	2.701875
10.916667	1	2.587125
10.933333	1	2.480500
10.950000	1	2.382000
10.966667	1	2.291625
10.983333	1	2.207750
11.000000	1	2.131000
11.016667	1	2.061250
11.033333	1	1.996125
11.050000	1	1.935875
11.066667	1	1.880125
11.083333	1	1.828125
11.100000	1	1.780625
11.116667	1	1.737125
11.133333	1	1.696250
11.150000	1	1.658000
11.166667	1	1.622875
11.183333	1	1.590500
11.200000	1	1.560500
11.216667	1	1.532875
11.233333	1	1.506750
11.250000	1	1.483375
11.266667	1	1.460750
11.283333	1	1.439625
11.300000	1	1.419250
11.316667	1	1.400000
11.333333	1	1.381625
11.350000	1	1.364000
11.366667	1	1.347250
11.383333	1	1.330625
11.400000	1	1.314375
11.416667	1	1.299875
11.433333	1	1.285750
11.450000	1	1.272625
11.466667	1	1.260000
11.483333	1	1.249125
11.500000	1	1.239125
11.516667	1	1.230250
11.533333	1	1.222625
11.550000	1	1.216000
11.566667	1	1.210500
11.583333	1	1.205250
11.600000	1	1.201250
11.616667	1	1.198250
11.633333	1	1.195500
11.650000	1	1.193750
11.666667	1	1.191500
11.683333	1	1.189375
11.700000	1	1.186625
11.716667	1	1.184750
11.733333	1	1.183250
11.750000	1	1.181500
11.766667	1	1.180375
11.783333	1	1.178875
11.800000	1	1.178750
11.816667	1	1.179250
11.833333	1	1.182250
11.850000	1	1.185750
11.866667	1	1.191375
11.883333	1	1.199625
11.900000	1	1.210625
11.916667	1	1.224875
11.933333	1	1.242375
11.950000	1	1.263500
11.966667	1	1.289125
11.983333	1	1.319125
12.000000	1	1.354000
12.016667	1	1.392125
12.033333	1	1.435125
12.050000	1	1.482125
12.066667	1	1.533500
12.083333	1	1.590250
12.100000	1	1.654000
12.116667	1	1.726375
12.133333	1	1.808250
12.150000	1	1.902750
12.166667	1	2.012125
12.183333	1	2.138875
12.200000	1	2.284375
12.216667	1	2.451500
12.233333	1	2.642500
12.250000	1	2.858375
12.266667	1	3.101875
12.283333	1	3.373000
12.300000	1	3.674125
12.316667	1	4.008750
12.333333	1	4.379250
12.350000	1	4.788250
12.366667	1	5.240750
12.383333	1	5.741125
12.400000	1	6.291125
12.416667	1	6.891000
12.433333	1	7.537750
12.450000	1	8.225875
12.466667	1	8.947000
12.483333	1	9.684875
12.500000	1	10.421750
12.516667	1	11.134250
12.533333	1	11.798750
12.550000	1	12.389750
12.566667	1	12.884625
12.583333	1	13.266625
12.600000	1	13.529500
12.616667	1	13.674250
12.633333	1	13.711500
12.650000	1	13.659625
12.666667	1	13.534250
12.683333	1	13.353250
12.700000	1	13.132250
12.716667	1	12.885125
12.733333	1	12.621125
12.750000	1	12.350250
12.766667	1	12.078125
12.783333	1	11.809625
12.800000	1	11.546750
12.816667	1	11.292125
12.833333	1	11.048125
12.850000	1	10.814750
12.866667	1	10.591625
12.883333	1	10.378750
12.900000	1	10.174875
12.916667	1	9.979125
12.933333	1	9.790625
12.950000	1	9.608625
12.966667	1	9.431750
12.983333	1	9.258125
13.000000	1	9.085750
13.016667	1	8.915000
13.033333	1	8.742000
13.050000	1	8.566125
13.066667	1	8.387250
13.083333	1	8.202375
13.100000	1	8.010750
13.116667	1	7.810375
13.133333	1	7.600625
13.150000	1	7.380375
13.166667	1	7.147750
13.183333	1	6.900750
13.200000	1	6.637750
13.216667	1	6.357000
13.233333	1	6.056375
13.250000	1	5.732125
13.266667	1	5.381625
13.283333	1	5.003375
13.300000	1	4.596625
13.316667	1	4.165750
13.333333	1	3.721625
13.350000	1	3.283750
13.366667	1	2.876125
13.383333	1	2.518375
13.400000	1	2.220250
13.416667	1	1.980500
13.433333	1	1.789750
13.450000	1	1.639375
13.466667	1	1.518875
13.483333	1	1.424000
13.500000	1	1.347125
13.516667	1	1.285000
13.533333	1	1.235375
13.550000	1	1.194250
13.566667	1	1.161625
13.583333	1	1.136375
13.600000	1	1.116375
13.616667	1	1.101000
13.633333	1	1.088500
13.650000	1	1.078625
13.666667	1	1.070000
13.683333	1	1.062250
13.700000	1	1.054375
13.716667	1	1.045375
13.733333	1	1.035750
13.750000	1	1.025125
13.766667	1	1.013375
13.783333	1	1.000375
13.800000	1	0.984500
13.816667	1	0.968750
13.833333	1	0.951500
13.850000	1	0.933000
13.866667	1	0.914625
13.883333	1	0.895375
13.900000	1	0.876375
13.916667	1	0.857750
13.933333	1	0.839250
13.950000	1	0.822000
13.966667	1	0.805250
13.983333	1	0.790000
14.000000	1	0.776875
14.016667	1	0.765625
14.033333	1	0.756000
14.050000	1	0.748125
14.066667	1	0.743250
14.083333	1	0.740250
14.100000	1	0.740125
14.116667	1	0.743125
14.133333	1	0.749000
14.150000	1	0.758125
14.166667	1	0.771250
14.183333	1	0.789375
14.200000	1	0.812250
14.216667	1	0.841250
14.233333	1	0.876625
14.250000	1	0.920500
14.266667	1	0.972250
14.283333	1	1.036000
14.300000	1	1.111125
14.316667	1	1.200125
14.333333	1	1.305125
14.350000	1	1.427750
14.366667	1	1.570625
14.383333	1	1.735375
14.400000	1	1.924375
14.416667	1	2.140250
14.433333	1	2.386125
14.450000	1	2.664125
14.466667	1	2.977500
14.483333	1	3.329500
14.500000	1	3.725000
14.516667	1	4.167125
14.533333	1	4.662750
14.550000	1	5.218500
14.566667	1	5.842875
14.583333	1	6.548250
14.600000	1	7.351875
14.616667	1	8.275375
14.633333	1	9.348000
14.650000	1	10.607000
14.666667	1	12.095375
14.683333	1	13.864875
14.700000	1	15.970750
14.716667	1	18.468375
14.733333	1	21.409250
14.750000	1	24.832750
14.766667	1	28.761625
14.783333	1	33.190250
14.800000	1	38.085375
14.816667	1	43.383750
14.833333	1	48.987750
14.850000	1	54.768375
14.866667	1	60.567250
14.883333	1	66.204375
14.900000	1	71.490500
14.916667	1	76.239875
14.933333	1	80.285625
14.950000	1	83.490000
14.966667	1	85.754750
14.983333	1	87.024500
15.000000	1	87.287625
15.016667	1	86.570000
15.033333	1	84.932375
15.050000	1	82.459000
15.066667	1	79.259125
15.083333	1	75.454750
15.100000	1	71.178375
15.116667	1	66.566250
15.133333	1	61.744750
15.150000	1	56.832500
15.166667	1	51.937000
15.183333	1	47.154375
15.200000	1	42.556375
15.216667	1	38.196875
15.233333	1	34.114250
15.250000	1	30.332500
15.266667	1	26.867000
15.283333	1	23.720750
15.300000	1	20.890000
15.316667	1	18.363250
15.333333	1	16.124250
15.350000	1	14.152875
15.366667	1	12.427500
15.383333	1	10.925000
15.400000	1	9.623625
15.416667	1	8.500000
15.433333	1	7.532625
15.450000	1	6.703750
15.466667	1	5.995250
15.483333	1	5.391750
15.500000	1	4.880125
15.516667	1	4.448625
15.533333	1	4.086500
15.550000	1	3.782375
15.566667	1	3.528000
15.583333	1	3.314875
15.600000	1	3.136125
15.616667	1	2.985250
15.633333	1	2.855875
15.650000	1	2.743875
15.666667	1	2.644500
15.683333	1	2.554250
15.700000	1	2.471625
15.716667	1	2.394125
15.733333	1	2.321375
15.750000	1	2.251500
15.766667	1	2.184500
15.783333	1	2.120375
15.800000	1	2.059750
15.816667	1	2.002000
15.833333	1	1.946875
15.850000	1	1.893625
15.866667	1	1.843625
15.883333	1	1.795625
15.900000	1	1.750000
15.916667	1	1.706000
15.933333	1	1.664250
15.950000	1	1.623875
15.966667	1	1.585625
15.983333	1	1.549875
16.000000	1	1.517000
16.016667	1	1.485750
16.033333	1	1.457250
16.050000	1	1.431250
16.066667	1	1.409250
16.083333	1	1.390000
16.100000	1	1.374125
16.116667	1	1.361500
16.133333	1	1.352000
16.150000	1	1.344375
16.166667	1	1.336750
16.183333	1	1.331000
16.200000	1	1.326000
16.216667	1	1.320500
16.233333	1	1.314750
16.250000	1	1.308375
16.266667	1	1.299625
16.283333	1	1.289625
16.300000	1	1.278250
16.316667	1	1.265750
16.333333	1	1.252000
16.350000	1	1.238000
16.366667	1	1.223250
16.383333	1	1.208125
16.400000	1	1.193375
16.416667	1	1.179250
16.433333	1	1.166625
16.450000	1	1.154250
16.466667	1	1.143250
16.483333	1	1.133500
16.500000	1	1.126125
16.516667	1	1.119500
16.533333	1	1.114375
16.550000	1	1.110500
16.566667	1	1.108125
16.583333	1	1.107125
16.600000	1	1.107000
16.616667	1	1.108125
16.633333	1	1.109750
16.650000	1	1.112125
16.666667	1	1.115500
16.683333	1	1.119250
16.700000	1	1.122875
16.716667	1	1.127500
16.733333	1	1.132750
16.750000	1	1.137625
16.766667	1	1.142125
16.783333	1	1.147125
16.800000	1	1.150625
16.816667	1	1.153375
16.833333	1	1.155500
16.850000	1	1.156250
16.866667	1	1.155750
16.883333	1	1.155000
16.900000	1	1.153000
16.916667	1	1.150750
16.933333	1	1.148875
16.950000	1	1.146625
16.966667	1	1.144250
16.983333	1	1.143000
17.000000	1	1.142125
17.016667	1	1.142000
17.033333	1	1.143000
17.050000	1	1.143875
17.066667	1	1.145750
17.083333	1	1.147125
17.100000	1	1.148625
17.116667	1	1.150250
17.133333	1	1.150375
17.150000	1	1.150500
17.166667	1	1.149125
17.183333	1	1.146125
17.200000	1	1.142625
17.216667	1	1.137500
17.233333	1	1.130500
17.250000	1	1.120875
17.266667	1	1.111125
17.283333	1	1.100000
17.300000	1	1.088375
17.316667	1	1.076250
17.333333	1	1.064125
17.350000	1	1.052500
17.366667	1	1.040125
17.383333	1	1.027750
17.400000	1	1.016625
17.416667	1	1.006750
17.433333	1	0.997250
17.450000	1	0.989125
17.466667	1	0.982125
17.483333	1	0.976750
17.500000	1	0.974125
17.516667	1	0.973000
17.533333	1	0.973250
17.550000	1	0.975625
17.566667	1	0.980250
17.583333	1	0.986875
17.600000	1	0.995750
17.616667	1	1.005750
17.633333	1	1.017625
17.650000	1	1.031625
17.666667	1	1.046750
17.683333	1	1.063000
17.700000	1	1.081000
17.716667	1	1.098625
17.733333	1	1.117375
17.750000	1	1.136875
17.766667	1	1.156250
17.783333	1	1.176375
17.800000	1	1.195125
17.816667	1	1.213000
17.833333	1	1.229375
17.850000	1	1.244000
17.866667	1	1.256625
17.883333	1	1.266500
17.900000	1	1.275000
17.916667	1	1.281000
17.933333	1	1.283625
17.950000	1	1.284125
17.966667	1	1.282375
17.983333	1	1.277500
18.000000	1	1.270375
18.016667	1	1.261000
18.033333	1	1.250000
18.050000	1	1.237125
18.066667	1	1.222125
18.083333	1	1.206625
18.100000	1	1.191000
18.116667	1	1.173500
18.133333	1	1.155875
18.150000	1	1.138625
18.166667	1	1.120625
18.183333	1	1.102750
18.200000	1	1.084500
18.216667	1	1.067875
18.233333	1	1.051750
18.250000	1	1.036125
18.266667	1	1.020750
18.283333	1	1.006750
18.300000	1	0.993250
18.316667	1	0.981875
18.333333	1	0.972000
18.350000	1	0.962875
18.366667	1	0.954375
18.383333	1	0.947625
18.400000	1	0.942750
18.416667	1	0.937750
18.433333	1	0.934125
18.450000	1	0.931250
18.466667	1	0.929125
18.483333	1	0.927500
18.500000	1	0.925750
18.516667	1	0.924750
18.533333	1	0.925125
18.550000	1	0.925500
18.566667	1	0.925500
18.583333	1	0.926500
18.600000	1	0.928250
18.616667	1	0.929875
18.633333	1	0.932625
18.650000	1	0.935500
18.666667	1	0.939000
18.683333	1	0.942875
18.700000	1	0.948000
18.716667	1	0.953625
18.733333	1	0.960250
18.750000	1	0.967000
18.766667	1	0.974625
18.783333	1	0.983000
18.800000	1	0.992375
18.816667	1	1.002375
18.833333	1	1.013125
18.850000	1	1.024625
18.866667	1	1.037000
18.883333	1	1.050250
18.900000	1	1.065250
18.916667	1	1.081625
18.933333	1	1.099875
18.950000	1	1.120500
18.966667	1	1.143125
18.983333	1	1.169000
19.000000	1	1.197750
19.016667	1	1.229750
19.033333	1	1.265750
19.050000	1	1.304000
19.066667	1	1.346750
19.083333	1	1.392750
19.100000	1	1.441875
19.116667	1	1.492875
19.133333	1	1.546750
19.150000	1	1.600625
19.166667	1	1.654375
19.183333	1	1.707125
19.200000	1	1.757500
19.216667	1	1.804125
19.233333	1	1.846125
19.250000	1	1.883375
19.266667	1	1.914625
19.283333	1	1.938250
19.300000	1	1.954375
19.316667	1	1.963000
19.333333	1	1.963000
19.350000	1	1.955125
19.366667	1	1.940125
19.383333	1	1.917500
19.400000	1	1.888750
19.416667	1	1.853875
19.433333	1	1.813875
19.450000	1	1.769500
19.466667	1	1.722000
19.483333	1	1.672375
19.500000	1	1.621375
19.516667	1	1.570125
19.533333	1	1.519750
19.550000	1	1.471250
19.566667	1	1.425500
19.583333	1	1.382750
19.600000	1	1.343250
19.616667	1	1.308500
19.633333	1	1.278375
19.650000	1	1.254125
19.666667	1	1.236125
19.683333	1	1.225625
19.700000	1	1.221500
19.716667	1	1.224625
19.733333	1	1.235000
19.750000	1	1.252875
19.766667	1	1.278375
19.783333	1	1.310375
19.800000	1	1.348750
19.816667	1	1.392750
19.833333	1	1.441375
19.850000	1	1.493625
19.866667	1	1.547750
19.883333	1	1.602125
19.900000	1	1.655375
19.916667	1	1.706375
19.933333	1	1.753000
19.950000	1	1.794875
19.966667	1	1.830375
19.983333	1	1.858375
20.000000	1	1.878500
20.016667	1	1.890875
20.033333	1	1.895250
20.050000	1	1.892375
20.066667	1	1.882125
20.083333	1	1.866375
20.100000	1	1.845250
20.116667	1	1.820000
20.133333	1	1.792000
20.150000	1	1.761125
20.166667	1	1.729875
20.183333	1	1.699250
20.200000	1	1.670125
20.216667	1	1.643000
20.233333	1	1.618625
20.250000	1	1.598500
20.266667	1	1.582750
20.283333	1	1.571000
20.300000	1	1.564125
20.316667	1	1.561375
20.333333	1	1.563625
20.350000	1	1.570000
20.366667	1	1.578875
20.383333	1	1.591000
20.400000	1	1.604625
20.416667	1	1.618875
20.433333	1	1.632250
20.450000	1	1.644375
20.466667	1	1.655250
20.483333	1	1.662625
20.500000	1	1.667750
20.516667	1	1.668500
20.533333	1	1.665375
20.550000	1	1.657750
20.566667	1	1.646375
20.583333	1	1.631000
20.600000	1	1.613625
20.616667	1	1.594125
20.633333	1	1.573000
20.650000	1	1.551750
20.666667	1	1.531000
20.683333	1	1.511750
20.700000	1	1.496500
20.716667	1	1.485250
20.733333	1	1.479625
20.750000	1	1.479750
20.766667	1	1.486750
20.783333	1	1.500750
20.800000	1	1.522875
20.816667	1	1.551875
20.833333	1	1.588000
20.850000	1	1.630000
20.866667	1	1.677750
20.883333	1	1.728750
20.900000	1	1.780875
20.916667	1	1.833625
20.933333	1	1.883000
20.950000	1	1.928500
20.966667	1	1.967625
20.983333	1	1.998375
21.000000	1	2.019500
21.016667	1	2.030750
21.033333	1	2.029750
21.050000	1	2.018250
21.066667	1	1.994250
21.083333	1	1.959875
21.100000	1	1.915625
21.116667	1	1.862500
21.133333	1	1.801625
21.150000	1	1.735000
21.166667	1	1.663875
21.183333	1	1.588875
21.200000	1	1.512500
21.216667	1	1.435375
21.233333	1	1.359250
21.250000	1	1.285125
21.266667	1	1.214000
21.283333	1	1.145750
21.300000	1	1.081750
21.316667	1	1.021625
21.333333	1	0.966125
21.350000	1	0.915250
21.366667	1	0.868875
21.383333	1	0.825625
21.400000	1	0.787625
21.416667	1	0.753250
21.433333	1	0.722500
21.450000	1	0.694875
21.466667	1	0.671875
21.483333	1	0.650500
21.500000	1	0.632500
21.516667	1	0.616500
21.533333	1	0.602750
21.550000	1	0.591125
21.566667	1	0.581500
21.583333	1	0.573250
21.600000	1	0.565875
21.616667	1	0.560000
21.633333	1	0.555250
21.650000	1	0.551875
21.666667	1	0.547750
21.683333	1	0.546125
21.700000	1	0.544500
21.716667	1	0.543375
21.733333	1	0.543875
21.750000	1	0.544500
21.766667	1	0.545500
21.783333	1	0.547000
21.800000	1	0.549750
21.816667	1	0.552875
21.833333	1	0.556625
21.850000	1	0.561250
21.866667	1	0.566750
21.883333	1	0.572250
21.900000	1	0.578875
21.916667	1	0.585750
21.933333	1	0.593750
21.950000	1	0.600125
21.966667	1	0.606625
21.983333	1	0.613250
22.000000	1	0.619375
22.016667	1	0.624875
22.033333	1	0.629625
22.050000	1	0.634000
22.066667	1	0.637375
22.083333	1	0.639750
22.100000	1	0.640750
22.116667	1	0.640500
22.133333	1	0.639500
22.150000	1	0.638250
22.166667	1	0.635250
22.183333	1	0.631875
22.200000	1	0.627625
22.216667	1	0.623125
22.233333	1	0.618875
22.250000	1	0.615000
22.266667	1	0.610625
22.283333	1	0.607375
22.300000	1	0.604750
22.316667	1	0.602125
22.333333	1	0.600625
22.350000	1	0.599250
22.366667	1	0.598250
22.383333	1	0.598625
22.400000	1	0.600375
22.416667	1	0.602250
22.433333	1	0.604750
22.450000	1	0.608500
22.466667	1	0.612125
22.483333	1	0.617375
22.500000	1	0.622125
22.516667	1	0.628250
22.533333	1	0.633500
22.550000	1	0.638750
22.566667	1	0.645500
22.583333	1	0.650500
22.600000	1	0.655875
22.616667	1	0.660875
22.633333	1	0.665750
22.650000	1	0.670500
22.666667	1	0.674000
22.683333	1	0.677250
22.700000	1	0.678875
22.716667	1	0.680750
22.733333	1	0.682250
22.750000	1	0.682375
22.766667	1	0.682250
22.783333	1	0.680375
22.800000	1	0.677875
22.816667	1	0.674500
22.833333	1	0.670625
22.850000	1	0.665625
22.866667	1	0.659750
22.883333	1	0.652875
22.900000	1	0.646625
22.916667	1	0.639750
22.933333	1	0.632125
22.950000	1	0.624875
22.966667	1	0.616875
22.983333	1	0.609625
23.000000	1	0.602625
23.016667	1	0.596125
23.033333	1	0.590375
23.050000	1	0.585375
23.066667	1	0.580750
23.083333	1	0.577875
23.100000	1	0.574875
23.116667	1	0.574250
23.133333	1	0.574750
23.150000	1	0.576875
23.166667	1	0.580625
23.183333	1	0.585750
23.200000	1	0.592750
23.216667	1	0.602250
23.233333	1	0.613875
23.250000	1	0.627500
23.266667	1	0.643750
23.283333	1	0.663000
23.300000	1	0.684250
23.316667	1	0.708625
23.333333	1	0.735125
23.350000	1	0.765125
23.366667	1	0.798625
23.383333	1	0.835625
23.400000	1	0.876000
23.416667	1	0.920000
23.433333	1	0.969000
23.450000	1	1.021875
23.466667	1	1.080125
23.483333	1	1.144750
23.500000	1	1.215750
23.516667	1	1.294375
23.533333	1	1.381250
23.550000	1	1.477250
23.566667	1	1.584125
23.583333	1	1.702375
23.600000	1	1.833500
23.616667	1	1.978125
23.633333	1	2.138250
23.650000	1	2.313375
23.666667	1	2.505375
23.683333	1	2.713000
23.700000	1	2.936875
23.716667	1	3.176125
23.733333	1	3.430000
23.750000	1	3.695625
23.766667	1	3.969750
23.783333	1	4.249875
23.800000	1	4.531000
23.816667	1	4.809625
23.833333	1	5.080375
23.850000	1	5.338750
23.866667	1	5.578750
23.883333	1	5.796250
23.900000	1	5.986250
23.916667	1	6.145250
23.933333	1	6.269750
23.950000	1	6.357125
23.966667	1	6.404750
23.983333	1	6.413625
24.000000	1	6.382000
24.016667	1	6.312125
24.033333	1	6.205625
24.050000	1	6.066625
24.066667	1	5.897000
24.083333	1	5.701000
24.100000	1	5.482000
24.116667	1	5.245375
24.133333	1	4.994500
24.150000	1	4.734625
24.166667	1	4.470000
24.183333	1	4.204750
24.200000	1	3.941625
24.216667	1	3.683375
24.233333	1	3.433500
24.250000	1	3.194250
24.266667	1	2.966750
24.283333	1	2.753125
24.300000	1	2.553500
24.316667	1	2.367875
24.333333	1	2.196500
24.350000	1	2.041375
24.366667	1	1.899875
24.383333	1	1.771875
24.400000	1	1.657375
24.416667	1	1.555500
24.433333	1	1.464875
24.450000	1	1.384750
24.466667	1	1.313875
24.483333	1	1.251750
24.500000	1	1.196625
24.516667	1	1.148125
24.533333	1	1.105375
24.550000	1	1.067125
24.566667	1	1.031750
24.583333	1	1.000125
24.600000	1	0.971750
24.616667	1	0.944750
24.633333	1	0.918875
24.650000	1	0.894500
24.666667	1	0.870625
24.683333	1	0.848125
24.700000	1	0.825125
24.716667	1	0.802250
24.733333	1	0.779250
24.750000	1	0.755750
24.766667	1	0.732750
24.783333	1	0.710000
24.800000	1	0.687250
24.816667	1	0.664250
24.833333	1	0.641000
24.850000	1	0.618125
24.866667	1	0.596500
24.883333	1	0.574625
24.900000	1	0.552875
24.916667	1	0.531750
24.933333	1	0.511500
24.950000	1	0.492000
24.966667	1	0.473625
24.983333	1	0.456250
25.000000	1	0.439500
25.016667	1	0.424250
25.033333	1	0.409875
25.050000	1	0.397125
25.066667	1	0.384750
25.083333	1	0.374000
25.100000	1	0.364250
25.116667	1	0.356125
25.133333	1	0.348125
25.150000	1	0.341500
25.166667	1	0.335750
25.183333	1	0.331250
25.200000	1	0.327750
25.216667	1	0.324875
25.233333	1	0.323250
25.250000	1	0.322125
25.266667	1	0.321875
25.283333	1	0.322250
25.300000	1	0.323000
25.316667	1	0.325000
25.333333	1	0.326750
25.350000	1	0.328375
25.366667	1	0.329500
25.383333	1	0.332375
25.400000	1	0.335375
25.416667	1	0.338875
25.433333	1	0.342500
25.450000	1	0.345500
25.466667	1	0.349250
25.483333	1	0.352000
25.500000	1	0.354875
25.516667	1	0.357625
25.533333	1	0.360625
25.550000	1	0.362125
25.566667	1	0.364000
25.583333	1	0.366125
25.600000	1	0.367375
25.616667	1	0.369000
25.633333	1	0.369875
25.650000	1	0.370750
25.666667	1	0.371500
25.683333	1	0.371375
25.700000	1	0.371500
25.716667	1	0.370750
25.733333	1	0.369875
25.750000	1	0.368750
25.766667	1	0.366875
25.783333	1	0.364250
25.800000	1	0.361625
25.816667	1	0.358750
25.833333	1	0.354500
25.850000	1	0.350000
25.866667	1	0.344625
25.883333	1	0.338375
25.900000	1	0.331375
25.916667	1	0.322750
25.933333	1	0.312750
25.950000	1	0.301125
25.966667	1	0.288875
25.983333	1	0.275250
26.000000	1	0.259125
26.016667	1	0.241875
26.033333	1	0.223500
26.050000	1	0.203000
26.066667	1	0.181125
26.083333	1	0.158125
26.100000	1	0.133375
26.116667	1	0.107000
26.133333	1	0.079125
26.150000	1	0.049500
26.166667	1	0.020250
26.183333	1	-0.009500
26.200000	1	-0.040125
26.216667	1	-0.070750
26.233333	1	-0.100625
26.250000	1	-0.130625
26.266667	1	-0.159750
26.283333	1	-0.188750
26.300000	1	-0.215250
26.316667	1	-0.240875
26.333333	1	-0.264625
26.350000	1	-0.287000
26.366667	1	-0.307375
26.383333	1	-0.325625
26.400000	1	-0.342000
26.416667	1	-0.356125
26.433333	1	-0.368500
26.450000	1	-0.378750
26.466667	1	-0.387250
26.483333	1	-0.394125
26.500000	1	-0.399500
26.516667	1	-0.404625
26.533333	1	-0.408500
26.550000	1	-0.411250
26.566667	1	-0.413000
26.583333	1	-0.415000
26.600000	1	-0.415875
26.616667	1	-0.416875
26.633333	1	-0.418750
26.650000	1	-0.420500
26.666667	1	-0.423000
26.683333	1	-0.425375
26.700000	1	-0.428000
26.716667	1	-0.431875
26.733333	1	-0.435625
26.750000	1	-0.440250
26.766667	1	-0.444375
26.783333	1	-0.449000
26.800000	1	-0.453000
26.816667	1	-0.457375
26.833333	1	-0.460875
26.850000	1	-0.464125
26.866667	1	-0.467750
26.883333	1	-0.471000
26.900000	1	-0.472375
26.916667	1	-0.473250
26.933333	1	-0.472750
26.950000	1	-0.471375
26.966667	1	-0.468375
26.983333	1	-0.464250
27.000000	1	-0.458000
27.016667	1	-0.450250
27.033333	1	-0.440750
27.050000	1	-0.429125
27.066667	1	-0.416875
27.083333	1	-0.402250
27.100000	1	-0.385875
27.116667	1	-0.367625
27.133333	1	-0.348000
27.150000	1	-0.327250
27.166667	1	-0.303500
27.183333	1	-0.278500
27.200000	1	-0.252625
27.216667	1	-0.223875
27.233333	1	-0.194250
27.250000	1	-0.162375
27.266667	1	-0.129375
27.283333	1	-0.095250
27.300000	1	-0.059875
27.316667	1	-0.023125
27.333333	1	0.014500
27.350000	1	0.053625
27.366667	1	0.093750
27.383333	1	0.135875
27.400000	1	0.179875
27.416667	1	0.225750
27.433333	1	0.272250
27.450000	1	0.319875
27.466667	1	0.369625
27.483333	1	0.421875
27.500000	1	0.476500
27.516667	1	0.532875
27.533333	1	0.593125
27.550000	1	0.656375
27.566667	1	0.723375
27.583333	1	0.795000
27.600000	1	0.871250
27.616667	1	0.952750
27.633333	1	1.040000
27.650000	1	1.132750
27.666667	1	1.231875
27.683333	1	1.338875
27.700000	1	1.452375
27.716667	1	1.572000
27.733333	1	1.700000
27.750000	1	1.834875
27.766667	1	1.976625
27.783333	1	2.123875
27.800000	1	2.276750
27.816667	1	2.432875
27.833333	1	2.593125
27.850000	1	2.755250
27.866667	1	2.918875
27.883333	1	3.081250
27.900000	1	3.240125
27.916667	1	3.395500
27.933333	1	3.544250
27.950000	1	3.684500
27.966667	1	3.813250
27.983333	1	3.929625
28.000000	1	4.030750
28.016667	1	4.117500
28.033333	1	4.186750
28.050000	1	4.236250
28.066667	1	4.265375
28.083333	1	4.274125
28.100000	1	4.261750
28.116667	1	4.228500
28.133333	1	4.174875
28.150000	1	4.100500
28.166667	1	4.006500
28.183333	1	3.894875
28.200000	1	3.767375
28.216667	1	3.623500
28.233333	1	3.466375
28.250000	1	3.298125
28.266667	1	3.120625
28.283333	1	2.936875
28.300000	1	2.748125
28.316667	1	2.558000
28.333333	1	2.368000
28.350000	1	2.179250
28.366667	1	1.993375
28.383333	1	1.812750
28.400000	1	1.638500
28.416667	1	1.472000
28.433333	1	1.313250
28.450000	1	1.162750
28.466667	1	1.021375
28.483333	1	0.888500
28.500000	1	0.764625
28.516667	1	0.650250
28.533333	1	0.544875
28.550000	1	0.447125
28.566667	1	0.355750
28.583333	1	0.271750
28.600000	1	0.194625
28.616667	1	0.123250
28.633333	1	0.056500
28.650000	1	-0.005250
28.666667	1	-0.063375
28.683333	1	-0.117875
28.700000	1	-0.169375
28.716667	1	-0.217500
28.733333	1	-0.263000
28.750000	1	-0.306000
28.766667	1	-0.347500
28.783333	1	-0.386625
28.800000	1	-0.423500
28.816667	1	-0.458000
28.833333	1	-0.490125
28.850000	1	-0.521625
28.866667	1	-0.550250
28.883333	1	-0.576875
28.900000	1	-0.600875
28.916667	1	-0.622750
28.933333	1	-0.640875
28.950000	1	-0.656875
28.966667	1	-0.668625
28.983333	1	-0.678125
29.000000	1	-0.684375
29.016667	1	-0.687125
29.033333	1	-0.686625
29.050000	1	-0.681750
29.066667	1	-0.674250
29.083333	1	-0.663250
29.100000	1	-0.648875
29.116667	1	-0.631000
29.133333	1	-0.610500
29.150000	1	-0.587250
29.166667	1	-0.560500
29.183333	1	-0.531125
29.200000	1	-0.500500
29.216667	1	-0.466250
29.233333	1	-0.431125
29.250000	1	-0.394000
29.266667	1	-0.355250
29.283333	1	-0.316125
29.300000	1	-0.276750
29.316667	1	-0.235750
29.333333	1	-0.195250
29.350000	1	-0.153750
29.366667	1	-0.112750
29.383333	1	-0.071125
29.400000	1	-0.031000
29.416667	1	0.008500
29.433333	1	0.047375
29.450000	1	0.085250
29.466667	1	0.122000
29.483333	1	0.157500
29.500000	1	0.192375
29.516667	1	0.225125
29.533333	1	0.256000
29.550000	1	0.285625
29.566667	1	0.314125
29.583333	1	0.340500
29.600000	1	0.365500
29.616667	1	0.389000
29.633333	1	0.410875
29.650000	1	0.431125
29.666667	1	0.449750
29.683333	1	0.466375
29.700000	1	0.481250
29.716667	1	0.493875
29.733333	1	0.504625
29.750000	1	0.514750
29.766667	1	0.523250
29.783333	1	0.530500
29.800000	1	0.536250
29.816667	1	0.540625
29.833333	1	0.543625
29.850000	1	0.545125
29.866667	1	0.545625
29.883333	1	0.545125
29.900000	1	0.543500
29.916667	1	0.541375
29.933333	1	0.538125
29.950000	1	0.534625
29.966667	1	0.530250
29.983333	1	0.525500
30.000000	1	0.520500
30.016667	1	0.514875
30.033333	1	0.510000
30.050000	1	0.504500
30.066667	1	0.498375
30.083333	1	0.491875
30.100000	1	0.486000
30.116667	1	0.480250
30.133333	1	0.474250
30.150000	1	0.469000
30.166667	1	0.463500
30.183333	1	0.458875
30.200000	1	0.454500
30.216667	1	0.450000
30.233333	1	0.445500
30.250000	1	0.441625
30.266667	1	0.437000
30.283333	1	0.432375
30.300000	1	0.429375
30.316667	1	0.425875
30.333333	1	0.423750
30.350000	1	0.421375
30.366667	1	0.419250
30.383333	1	0.416875
30.400000	1	0.415125
30.416667	1	0.414000
30.433333	1	0.413500
30.450000	1	0.412250
30.466667	1	0.411750
30.483333	1	0.412000
30.500000	1	0.412125
30.516667	1	0.413250
30.533333	1	0.414250
30.550000	1	0.415625
30.566667	1	0.417750
30.583333	1	0.419875
30.600000	1	0.421750
30.616667	1	0.425500
30.633333	1	0.429375
30.650000	1	0.433375
30.666667	1	0.437250
30.683333	1	0.442250
30.700000	1	0.447625
30.716667	1	0.453625
30.733333	1	0.459750
30.750000	1	0.464875
30.766667	1	0.471500
30.783333	1	0.477875
30.800000	1	0.484000
30.816667	1	0.489375
30.833333	1	0.494750
30.850000	1	0.500000
30.866667	1	0.504250
30.883333	1	0.508375
30.900000	1	0.512125
30.916667	1	0.515125
30.933333	1	0.516875
30.950000	1	0.518250
30.966667	1	0.518875
30.983333	1	0.518875
31.000000	1	0.518250
31.016667	1	0.516000
31.033333	1	0.513375
31.050000	1	0.509875
31.066667	1	0.505625
31.083333	1	0.501000
31.100000	1	0.494750
31.116667	1	0.488375
31.133333	1	0.480375
31.150000	1	0.473000
31.166667	1	0.465125
31.183333	1	0.456875
31.200000	1	0.448000
31.216667	1	0.439125
31.233333	1	0.431000
31.250000	1	0.422500
31.266667	1	0.414250
31.283333	1	0.405125
31.300000	1	0.396375
31.316667	1	0.388000
31.333333	1	0.380250
31.350000	1	0.373000
31.366667	1	0.365625
31.383333	1	0.358375
31.400000	1	0.351750
31.416667	1	0.346250
31.433333	1	0.341000
31.450000	1	0.336000
31.466667	1	0.330750
31.483333	1	0.326750
31.500000	1	0.323750
31.516667	1	0.320875
31.533333	1	0.319000
31.550000	1	0.317125
31.566667	1	0.316000
31.583333	1	0.315375
31.600000	1	0.314625
31.616667	1	0.313625
31.633333	1	0.313000
31.650000	1	0.313750
31.666667	1	0.314125
31.683333	1	0.314625
31.700000	1	0.316500
31.716667	1	0.318125
31.733333	1	0.320500
31.750000	1	0.322250
31.766667	1	0.325000
31.783333	1	0.328250
31.800000	1	0.331250
31.816667	1	0.334375
31.833333	1	0.338000
31.850000	1	0.342250
31.866667	1	0.346875
31.883333	1	0.351750
31.900000	1	0.356625
31.916667	1	0.361750
31.933333	1	0.367375
31.950000	1	0.372500
31.966667	1	0.377500
31.983333	1	0.382625
32.000000	1	0.388000
32.016667	1	0.393875
32.033333	1	0.398750
32.050000	1	0.403625
32.066667	1	0.408000
32.083333	1	0.412125
32.100000	1	0.416125
32.116667	1	0.419500
32.133333	1	0.422625
32.150000	1	0.425000
32.166667	1	0.427375
32.183333	1	0.429125
32.200000	1	0.430000
32.216667	1	0.430375
32.233333	1	0.430875
32.250000	1	0.430250
32.266667	1	0.429375
32.283333	1	0.427375
32.300000	1	0.425375
32.316667	1	0.422500
32.333333	1	0.419500
32.350000	1	0.415750
32.366667	1	0.411250
32.383333	1	0.407125
32.400000	1	0.402625
32.416667	1	0.397125
32.433333	1	0.391625
32.450000	1	0.385625
32.466667	1	0.379500
32.483333	1	0.373250
32.500000	1	0.366750
32.516667	1	0.359500
32.533333	1	0.352375
32.550000	1	0.344750
32.566667	1	0.337750
32.583333	1	0.330375
32.600000	1	0.322625
32.616667	1	0.314125
32.633333	1	0.304875
32.650000	1	0.295750
32.666667	1	0.287500
32.683333	1	0.278125
32.700000	1	0.269500
32.716667	1	0.260750
32.733333	1	0.251750
32.750000	1	0.242625
32.766667	1	0.233500
32.783333	1	0.224750
32.800000	1	0.215875
32.816667	1	0.207375
32.833333	1	0.198500
32.850000	1	0.189500
32.866667	1	0.180375
32.883333	1	0.172125
32.900000	1	0.164000
32.916667	1	0.155750
32.933333	1	0.148375
32.950000	1	0.141000
32.966667	1	0.134125
32.983333	1	0.127000
33.000000	1	0.120500
33.016667	1	0.114000
33.033333	1	0.107125
33.050000	1	0.101500
33.066667	1	0.095625
33.083333	1	0.091000
33.100000	1	0.086625
33.116667	1	0.081875
33.133333	1	0.077750
33.150000	1	0.073750
33.166667	1	0.070750
33.183333	1	0.067750
33.200000	1	0.065375
33.216667	1	0.062375
33.233333	1	0.059625
33.250000	1	0.057250
33.266667	1	0.055125
33.283333	1	0.053500
33.300000	1	0.052125
33.316667	1	0.050125
33.333333	1	0.048875
33.350000	1	0.047625
33.366667	1	0.046000
33.383333	1	0.045250
33.400000	1	0.044625
33.416667	1	0.043250
33.433333	1	0.042250
33.450000	1	0.040875
33.466667	1	0.039125
33.483333	1	0.038250
33.500000	1	0.037125
33.516667	1	0.036125
33.533333	1	0.034625
33.550000	1	0.033500
33.566667	1	0.033125
33.583333	1	0.031875
33.600000	1	0.031125
33.616667	1	0.029875
33.633333	1	0.028750
33.650000	1	0.028125
33.666667	1	0.027000
33.683333	1	0.026375
33.700000	1	0.025750
33.716667	1	0.025375
33.733333	1	0.025375
33.750000	1	0.025250
33.766667	1	0.025625
33.783333	1	0.026000
33.800000	1	0.026000
33.816667	1	0.025750
33.833333	1	0.025250
33.850000	1	0.025125
33.866667	1	0.025125
33.883333	1	0.025500
33.900000	1	0.026625
33.916667	1	0.027375
33.933333	1	0.028625
33.950000	1	0.029125
33.966667	1	0.030125
33.983333	1	0.031375
34.000000	1	0.032625
34.016667	1	0.033750
34.033333	1	0.035625
34.050000	1	0.037625
34.066667	1	0.039750
34.083333	1	0.042000
34.100000	1	0.044500
34.116667	1	0.045625
34.133333	1	0.047875
34.150000	1	0.050250
34.166667	1	0.053000
34.183333	1	0.055375
34.200000	1	0.057500
34.216667	1	0.060125
34.233333	1	0.062250
34.250000	1	0.065125
34.266667	1	0.067625
34.283333	1	0.070500
34.300000	1	0.072875
34.316667	1	0.075375
34.333333	1	0.077875
34.350000	1	0.079500
34.366667	1	0.082000
34.383333	1	0.083375
34.400000	1	0.085625
34.416667	1	0.087875
34.433333	1	0.089375
34.450000	1	0.090250
34.466667	1	0.091750
34.483333	1	0.092500
34.500000	1	0.093875
34.516667	1	0.095125
34.533333	1	0.095500
34.550000	1	0.096500
34.566667	1	0.097250
34.583333	1	0.097250
34.600000	1	0.097625
34.616667	1	0.097250
34.633333	1	0.097250
34.650000	1	0.097000
34.666667	1	0.097125
34.683333	1	0.096750
34.700000	1	0.096375
34.716667	1	0.095500
34.733333	1	0.094750
34.750000	1	0.094375
34.766667	1	0.094000
34.783333	1	0.093250
34.800000	1	0.092125
34.816667	1	0.091625
34.833333	1	0.090500
34.850000	1	0.090625
34.866667	1	0.090125
34.883333	1	0.089750
34.900000	1	0.089750
34.916667	1	0.089750
34.933333	1	0.089875
34.950000	1	0.090375
34.966667	1	0.091250
34.983333	1	0.091375
35.000000	1	0.091875
35.016667	1	0.092375
35.033333	1	0.093875
35.050000	1	0.095125
35.066667	1	0.095875
35.083333	1	0.098000
35.100000	1	0.100000
35.116667	1	0.102250
35.133333	1	0.104125
35.150000	1	0.106375
35.166667	1	0.109000
35.183333	1	0.111500
35.200000	1	0.114625
35.216667	1	0.117375
35.233333	1	0.120625
35.250000	1	0.124250
35.266667	1	0.127875
35.283333	1	0.131375
35.300000	1	0.135000
35.316667	1	0.138750
35.333333	1	0.142375
35.350000	1	0.146625
35.366667	1	0.151125
35.383333	1	0.155250
35.400000	1	0.159875
35.416667	1	0.163875
35.433333	1	0.168125
35.450000	1	0.171750
35.466667	1	0.176000
35.483333	1	0.179875
35.500000	1	0.183375
35.516667	1	0.187250
35.533333	1	0.191750
35.550000	1	0.195625
35.566667	1	0.200000
35.583333	1	0.202375
35.600000	1	0.205375
35.616667	1	0.208250
35.633333	1	0.211000
35.650000	1	0.213500
35.666667	1	0.216250
35.683333	1	0.218125
35.700000	1	0.220250
35.716667	1	0.222250
35.733333	1	0.223375
35.750000	1	0.225500
35.766667	1	0.226750
35.783333	1	0.227750
35.800000	1	0.228625
35.816667	1	0.229500
35.833333	1	0.230250
35.850000	1	0.230625
35.866667	1	0.231000
35.883333	1	0.231250
35.900000	1	0.231375
35.916667	1	0.232000
35.933333	1	0.232125
35.950000	1	0.232500
35.966667	1	0.233375
35.983333	1	0.233375
36.000000	1	0.233750
36.016667	1	0.233625
36.033333	1	0.233500
36.050000	1	0.233750
36.066667	1	0.233250
36.083333	1	0.233250
36.100000	1	0.234250
36.116667	1	0.234125
36.133333	1	0.234500
36.150000	1	0.234375
36.166667	1	0.234375
36.183333	1	0.233750
36.200000	1	0.232375
36.216667	1	0.231750
36.233333	1	0.231125
36.250000	1	0.230625
36.266667	1	0.229750
36.283333	1	0.228750
36.300000	1	0.227625
36.316667	1	0.226500
36.333333	1	0.225000
36.350000	1	0.223250
36.366667	1	0.221875
36.383333	1	0.219625
36.400000	1	0.217500
36.416667	1	0.216125
36.433333	1	0.214250
36.450000	1	0.213125
36.466667	1	0.211125
36.483333	1	0.209250
36.500000	1	0.208000
36.516667	1	0.206250
36.533333	1	0.204125
36.550000	1	0.202625
36.566667	1	0.200000
36.583333	1	0.198000
36.600000	1	0.196625
36.616667	1	0.194250
36.633333	1	0.192125
36.650000	1	0.190625
36.666667	1	0.188750
36.683333	1	0.187125
36.700000	1	0.184875
36.716667	1	0.182500
36.733333	1	0.180625
36.750000	1	0.178000
36.766667	1	0.175875
36.783333	1	0.173000
36.800000	1	0.170250
36.816667	1	0.168500
36.833333	1	0.165625
36.850000	1	0.163125
36.866667	1	0.160875
36.883333	1	0.158375
36.900000	1	0.155750
36.916667	1	0.152625
36.933333	1	0.149625
36.950000	1	0.146625
36.966667	1	0.143250
36.983333	1	0.139750
37.000000	1	0.136750
37.016667	1	0.134250
37.033333	1	0.131000
37.050000	1	0.127250
37.066667	1	0.124250
37.083333	1	0.121375
37.100000	1	0.118000
37.116667	1	0.115000
37.133333	1	0.111875
37.150000	1	0.108375
37.166667	1	0.105125
37.183333	1	0.101375
37.200000	1	0.097500
37.216667	1	0.094875
37.233333	1	0.091250
37.250000	1	0.087875
37.266667	1	0.084375
37.283333	1	0.080875
37.300000	1	0.077500
37.316667	1	0.074375
37.333333	1	0.071250
37.350000	1	0.068125
37.366667	1	0.064875
37.383333	1	0.062375
37.400000	1	0.059625
37.416667	1	0.056500
37.433333	1	0.054250
37.450000	1	0.051500
37.466667	1	0.049375
37.483333	1	0.047875
37.500000	1	0.046250
37.516667	1	0.044250
37.533333	1	0.042875
37.550000	1	0.040500
37.566667	1	0.038375
37.583333	1	0.037250
37.600000	1	0.036000
37.616667	1	0.034750
37.633333	1	0.033375
37.650000	1	0.032250
37.666667	1	0.031750
37.683333	1	0.031125
37.700000	1	0.031000
37.716667	1	0.030500
37.733333	1	0.030000
37.750000	1	0.029625
37.766667	1	0.029375
37.783333	1	0.029375
37.800000	1	0.029125
37.816667	1	0.028375
37.833333	1	0.028625
37.850000	1	0.029125
37.866667	1	0.029250
37.883333	1	0.029625
37.900000	1	0.030500
37.916667	1	0.030125
37.933333	1	0.031250
37.950000	1	0.032375
37.966667	1	0.032500
37.983333	1	0.033375
38.000000	1	0.034000
38.016667	1	0.034500
38.033333	1	0.035250
38.050000	1	0.035875
38.066667	1	0.036500
38.083333	1	0.037625
38.100000	1	0.038875
38.116667	1	0.040125
38.133333	1	0.040750
38.150000	1	0.042250
38.166667	1	0.043250
38.183333	1	0.043750
38.200000	1	0.044500
38.216667	1	0.044875
38.233333	1	0.045375
38.250000	1	0.046000
38.266667	1	0.046875
38.283333	1	0.047250
38.300000	1	0.048125
38.316667	1	0.049000
38.333333	1	0.050250
38.350000	1	0.050625
38.366667	1	0.050875
38.383333	1	0.051500
38.400000	1	0.051750
38.416667	1	0.052500
38.433333	1	0.053250
38.450000	1	0.053750
38.466667	1	0.053875
38.483333	1	0.053625
38.500000	1	0.054250
38.516667	1	0.054750
38.533333	1	0.055000
38.550000	1	0.054750
38.566667	1	0.054750
38.583333	1	0.054875
38.600000	1	0.055000
38.616667	1	0.055125
38.633333	1	0.055250
38.650000	1	0.054875
38.666667	1	0.054625
38.683333	1	0.054750
38.700000	1	0.054000
38.716667	1	0.053625
38.733333	1	0.053625
38.750000	1	0.052625
38.766667	1	0.052000
38.783333	1	0.051250
38.800000	1	0.050875
38.816667	1	0.050500
38.833333	1	0.050125
38.850000	1	0.050000
38.866667	1	0.050125
38.883333	1	0.050250
38.900000	1	0.049250
38.916667	1	0.049000
38.933333	1	0.048250
38.950000	1	0.047500
38.966667	1	0.047000
38.983333	1	0.047125
39.000000	1	0.047125
39.016667	1	0.047000
39.033333	1	0.046625
39.050000	1	0.046000
39.066667	1	0.045625
39.083333	1	0.045375
39.100000	1	0.045250
39.116667	1	0.045875
39.133333	1	0.045500
39.150000	1	0.045500
39.166667	1	0.044750
39.183333	1	0.045125
39.200000	1	0.045125
39.216667	1	0.045000
39.233333	1	0.045000
39.250000	1	0.044625
39.266667	1	0.044500
39.283333	1	0.044250
39.300000	1	0.044125
39.316667	1	0.044375
39.333333	1	0.043750
39.350000	1	0.044125
39.366667	1	0.044125
39.383333	1	0.043875
39.400000	1	0.043750
39.416667	1	0.044125
39.433333	1	0.044125
39.450000	1	0.043500
39.466667	1	0.044500
39.483333	1	0.044750
39.500000	1	0.044875
39.516667	1	0.045375
39.533333	1	0.045375
39.550000	1	0.045875
39.566667	1	0.046125
39.583333	1	0.047000
39.600000	1	0.047000
39.616667	1	0.046875
39.633333	1	0.046625
39.650000	1	0.046875
39.666667	1	0.047000
39.683333	1	0.046625
39.700000	1	0.046875
39.716667	1	0.047625
39.733333	1	0.047500
39.750000	1	0.047500
39.766667	1	0.048500
39.783333	1	0.048750
39.800000	1	0.049500
39.816667	1	0.050125
39.833333	1	0.050250
39.850000	1	0.050875
39.866667	1	0.051125
39.883333	1	0.052250
39.900000	1	0.052750
39.916667	1	0.053000
39.933333	1	0.053875
39.950000	1	0.054250
39.966667	1	0.055125
39.983333	1	0.056875
40.000000	1	0.057000
