File Path	chrom://marshall/Chromeleon7/HPLC_Ultimate_3000/Users/markusar/20221226.seq/472.smp/RI_1.channel/RI_1.chm
Channel	RI_1

Injection Information:
Data Vault	Chromeleon7
Injection	ca1.2
Injection Number	27
Position	RD3
Comment	
Processing Method	
Instrument Method	std_method
Type	Unknown
Status	Finished
Injection Date	27.12.2022
Injection Time	09:55:50
Injection Volume (µl)	20.000
Dilution Factor	1.0000
Weight	1.0000

Chromatogram Data Information:
Time Min. (min)	0.000000
Time Max. (min)	40.000000
Data Points	2401
Detector	RI
Generating Data System	Chromeleon 7.2.5.9507
Exporting Data System	Chromeleon 7.2.5.0
Operator	Instrument Controller
Signal Quantity	Refractive 
Signal Unit	µRIU
Signal Min.	-0.470750
Signal Max.	94.624625
Channel	RI_1
Driver Name	RID520Driver.dll
Channel Type	Evaluation
Min. Step (s)	1
Max. Step (s)	1
Average Step (s)	1

Signal Parameter Information:
Signal Info	

Chromatogram Data:
Time (min)	Step (s)	Value (µRIU)
0.000000	n.a.	0.088750
0.016667	1	0.088000
0.033333	1	0.088750
0.050000	1	0.088625
0.066667	1	0.088625
0.083333	1	0.088500
0.100000	1	0.089000
0.116667	1	0.088625
0.133333	1	0.087750
0.150000	1	0.087375
0.166667	1	0.087000
0.183333	1	0.086125
0.200000	1	0.085250
0.216667	1	0.084250
0.233333	1	0.083500
0.250000	1	0.082000
0.266667	1	0.080500
0.283333	1	0.078000
0.300000	1	0.073875
0.316667	1	0.068750
0.333333	1	0.066750
0.350000	1	0.068250
0.366667	1	0.071875
0.383333	1	0.075000
0.400000	1	0.075875
0.416667	1	0.076500
0.433333	1	0.076250
0.450000	1	0.075625
0.466667	1	0.074125
0.483333	1	0.070750
0.500000	1	0.065875
0.516667	1	0.060375
0.533333	1	0.055250
0.550000	1	0.051750
0.566667	1	0.049375
0.583333	1	0.047000
0.600000	1	0.045000
0.616667	1	0.042750
0.633333	1	0.040750
0.650000	1	0.038750
0.666667	1	0.037000
0.683333	1	0.034875
0.700000	1	0.032625
0.716667	1	0.031375
0.733333	1	0.029500
0.750000	1	0.028125
0.766667	1	0.026750
0.783333	1	0.024875
0.800000	1	0.023750
0.816667	1	0.022625
0.833333	1	0.021375
0.850000	1	0.019750
0.866667	1	0.018000
0.883333	1	0.016500
0.900000	1	0.014875
0.916667	1	0.013500
0.933333	1	0.012000
0.950000	1	0.010125
0.966667	1	0.008375
0.983333	1	0.006625
1.000000	1	0.004875
1.016667	1	0.003125
1.033333	1	0.001250
1.050000	1	-0.000500
1.066667	1	-0.002500
1.083333	1	-0.004500
1.100000	1	-0.006375
1.116667	1	-0.007875
1.133333	1	-0.010500
1.150000	1	-0.012000
1.166667	1	-0.014250
1.183333	1	-0.016125
1.200000	1	-0.018375
1.216667	1	-0.020625
1.233333	1	-0.022375
1.250000	1	-0.024250
1.266667	1	-0.026875
1.283333	1	-0.028875
1.300000	1	-0.031125
1.316667	1	-0.034000
1.333333	1	-0.035625
1.350000	1	-0.037250
1.366667	1	-0.039875
1.383333	1	-0.042125
1.400000	1	-0.044000
1.416667	1	-0.046000
1.433333	1	-0.047750
1.450000	1	-0.049125
1.466667	1	-0.050875
1.483333	1	-0.053375
1.500000	1	-0.055375
1.516667	1	-0.056875
1.533333	1	-0.059125
1.550000	1	-0.061250
1.566667	1	-0.063125
1.583333	1	-0.065375
1.600000	1	-0.067375
1.616667	1	-0.069750
1.633333	1	-0.071875
1.650000	1	-0.073250
1.666667	1	-0.075250
1.683333	1	-0.077375
1.700000	1	-0.079125
1.716667	1	-0.080625
1.733333	1	-0.082000
1.750000	1	-0.083125
1.766667	1	-0.085125
1.783333	1	-0.086125
1.800000	1	-0.088000
1.816667	1	-0.089500
1.833333	1	-0.091000
1.850000	1	-0.092750
1.866667	1	-0.094625
1.883333	1	-0.096375
1.900000	1	-0.097500
1.916667	1	-0.098750
1.933333	1	-0.100250
1.950000	1	-0.100875
1.966667	1	-0.101875
1.983333	1	-0.102375
2.000000	1	-0.103375
2.016667	1	-0.104250
2.033333	1	-0.106125
2.050000	1	-0.106750
2.066667	1	-0.107250
2.083333	1	-0.108250
2.100000	1	-0.109125
2.116667	1	-0.110250
2.133333	1	-0.111250
2.150000	1	-0.111375
2.166667	1	-0.111375
2.183333	1	-0.111500
2.200000	1	-0.111500
2.216667	1	-0.112000
2.233333	1	-0.112125
2.250000	1	-0.112125
2.266667	1	-0.112750
2.283333	1	-0.112875
2.300000	1	-0.112625
2.316667	1	-0.111875
2.333333	1	-0.110750
2.350000	1	-0.110625
2.366667	1	-0.109875
2.383333	1	-0.109000
2.400000	1	-0.107875
2.416667	1	-0.106875
2.433333	1	-0.106500
2.450000	1	-0.105875
2.466667	1	-0.104875
2.483333	1	-0.103750
2.500000	1	-0.103250
2.516667	1	-0.102500
2.533333	1	-0.100625
2.550000	1	-0.099375
2.566667	1	-0.098500
2.583333	1	-0.098125
2.600000	1	-0.097250
2.616667	1	-0.096750
2.633333	1	-0.095875
2.650000	1	-0.094625
2.666667	1	-0.094250
2.683333	1	-0.093875
2.700000	1	-0.093250
2.716667	1	-0.093125
2.733333	1	-0.093375
2.750000	1	-0.092875
2.766667	1	-0.092625
2.783333	1	-0.092750
2.800000	1	-0.093250
2.816667	1	-0.092625
2.833333	1	-0.091750
2.850000	1	-0.091625
2.866667	1	-0.092125
2.883333	1	-0.092000
2.900000	1	-0.091875
2.916667	1	-0.091875
2.933333	1	-0.092125
2.950000	1	-0.092500
2.966667	1	-0.092125
2.983333	1	-0.092250
3.000000	1	-0.092125
3.016667	1	-0.091875
3.033333	1	-0.091500
3.050000	1	-0.092125
3.066667	1	-0.092125
3.083333	1	-0.092375
3.100000	1	-0.092125
3.116667	1	-0.091625
3.133333	1	-0.091000
3.150000	1	-0.091125
3.166667	1	-0.090750
3.183333	1	-0.090625
3.200000	1	-0.090125
3.216667	1	-0.089000
3.233333	1	-0.088500
3.250000	1	-0.088000
3.266667	1	-0.087875
3.283333	1	-0.087750
3.300000	1	-0.086750
3.316667	1	-0.085750
3.333333	1	-0.084875
3.350000	1	-0.084000
3.366667	1	-0.083750
3.383333	1	-0.082625
3.400000	1	-0.081625
3.416667	1	-0.080500
3.433333	1	-0.078875
3.450000	1	-0.078625
3.466667	1	-0.077500
3.483333	1	-0.075875
3.500000	1	-0.074625
3.516667	1	-0.074625
3.533333	1	-0.073875
3.550000	1	-0.073250
3.566667	1	-0.072125
3.583333	1	-0.070875
3.600000	1	-0.070750
3.616667	1	-0.069625
3.633333	1	-0.068000
3.650000	1	-0.067000
3.666667	1	-0.066125
3.683333	1	-0.065125
3.700000	1	-0.063375
3.716667	1	-0.061750
3.733333	1	-0.060750
3.750000	1	-0.060000
3.766667	1	-0.058875
3.783333	1	-0.057500
3.800000	1	-0.056375
3.816667	1	-0.055000
3.833333	1	-0.054125
3.850000	1	-0.052750
3.866667	1	-0.051375
3.883333	1	-0.050250
3.900000	1	-0.048750
3.916667	1	-0.047500
3.933333	1	-0.046625
3.950000	1	-0.044875
3.966667	1	-0.044000
3.983333	1	-0.043125
4.000000	1	-0.041625
4.016667	1	-0.040500
4.033333	1	-0.039375
4.050000	1	-0.038500
4.066667	1	-0.037500
4.083333	1	-0.036625
4.100000	1	-0.036125
4.116667	1	-0.035250
4.133333	1	-0.034250
4.150000	1	-0.034125
4.166667	1	-0.033625
4.183333	1	-0.033125
4.200000	1	-0.033500
4.216667	1	-0.033750
4.233333	1	-0.033875
4.250000	1	-0.033750
4.266667	1	-0.033500
4.283333	1	-0.033125
4.300000	1	-0.032875
4.316667	1	-0.032375
4.333333	1	-0.033000
4.350000	1	-0.033750
4.366667	1	-0.034500
4.383333	1	-0.035375
4.400000	1	-0.035500
4.416667	1	-0.035875
4.433333	1	-0.035625
4.450000	1	-0.036500
4.466667	1	-0.037250
4.483333	1	-0.038625
4.500000	1	-0.039500
4.516667	1	-0.040500
4.533333	1	-0.041500
4.550000	1	-0.043125
4.566667	1	-0.044250
4.583333	1	-0.045000
4.600000	1	-0.046000
4.616667	1	-0.046875
4.633333	1	-0.046750
4.650000	1	-0.048250
4.666667	1	-0.048625
4.683333	1	-0.049875
4.700000	1	-0.050875
4.716667	1	-0.051375
4.733333	1	-0.051500
4.750000	1	-0.052250
4.766667	1	-0.053125
4.783333	1	-0.053125
4.800000	1	-0.053250
4.816667	1	-0.053875
4.833333	1	-0.054375
4.850000	1	-0.054500
4.866667	1	-0.055000
4.883333	1	-0.055250
4.900000	1	-0.055375
4.916667	1	-0.055250
4.933333	1	-0.055625
4.950000	1	-0.055125
4.966667	1	-0.054750
4.983333	1	-0.054250
5.000000	1	-0.053375
5.016667	1	-0.053375
5.033333	1	-0.053125
5.050000	1	-0.052625
5.066667	1	-0.052375
5.083333	1	-0.051625
5.100000	1	-0.051000
5.116667	1	-0.050500
5.133333	1	-0.050125
5.150000	1	-0.048750
5.166667	1	-0.047250
5.183333	1	-0.046250
5.200000	1	-0.045000
5.216667	1	-0.044000
5.233333	1	-0.043000
5.250000	1	-0.042000
5.266667	1	-0.040250
5.283333	1	-0.038500
5.300000	1	-0.037125
5.316667	1	-0.034875
5.333333	1	-0.033375
5.350000	1	-0.031250
5.366667	1	-0.029500
5.383333	1	-0.028250
5.400000	1	-0.026000
5.416667	1	-0.024375
5.433333	1	-0.021500
5.450000	1	-0.019500
5.466667	1	-0.017125
5.483333	1	-0.014125
5.500000	1	-0.012000
5.516667	1	-0.008875
5.533333	1	-0.006375
5.550000	1	-0.003750
5.566667	1	-0.000750
5.583333	1	0.001625
5.600000	1	0.004250
5.616667	1	0.007625
5.633333	1	0.010750
5.650000	1	0.013625
5.666667	1	0.016875
5.683333	1	0.019875
5.700000	1	0.022625
5.716667	1	0.025625
5.733333	1	0.028875
5.750000	1	0.032000
5.766667	1	0.034000
5.783333	1	0.036750
5.800000	1	0.039250
5.816667	1	0.042000
5.833333	1	0.044750
5.850000	1	0.047625
5.866667	1	0.050375
5.883333	1	0.052875
5.900000	1	0.055125
5.916667	1	0.057000
5.933333	1	0.059125
5.950000	1	0.060875
5.966667	1	0.062875
5.983333	1	0.064375
6.000000	1	0.065750
6.016667	1	0.066500
6.033333	1	0.067250
6.050000	1	0.068500
6.066667	1	0.069750
6.083333	1	0.070500
6.100000	1	0.070875
6.116667	1	0.071750
6.133333	1	0.071500
6.150000	1	0.072250
6.166667	1	0.072125
6.183333	1	0.072000
6.200000	1	0.072000
6.216667	1	0.071750
6.233333	1	0.071750
6.250000	1	0.071250
6.266667	1	0.070875
6.283333	1	0.070375
6.300000	1	0.069750
6.316667	1	0.069625
6.333333	1	0.068250
6.350000	1	0.068000
6.366667	1	0.067500
6.383333	1	0.066625
6.400000	1	0.065875
6.416667	1	0.064750
6.433333	1	0.064250
6.450000	1	0.063625
6.466667	1	0.063500
6.483333	1	0.062500
6.500000	1	0.061375
6.516667	1	0.060500
6.533333	1	0.059500
6.550000	1	0.058250
6.566667	1	0.057875
6.583333	1	0.057000
6.600000	1	0.056375
6.616667	1	0.056125
6.633333	1	0.055875
6.650000	1	0.055500
6.666667	1	0.055250
6.683333	1	0.054625
6.700000	1	0.054250
6.716667	1	0.054000
6.733333	1	0.053625
6.750000	1	0.053875
6.766667	1	0.053500
6.783333	1	0.053625
6.800000	1	0.053250
6.816667	1	0.053375
6.833333	1	0.053500
6.850000	1	0.053375
6.866667	1	0.053625
6.883333	1	0.054375
6.900000	1	0.054750
6.916667	1	0.055000
6.933333	1	0.054875
6.950000	1	0.055250
6.966667	1	0.056125
6.983333	1	0.056625
7.000000	1	0.056875
7.016667	1	0.057375
7.033333	1	0.057750
7.050000	1	0.058625
7.066667	1	0.059500
7.083333	1	0.060000
7.100000	1	0.060125
7.116667	1	0.060375
7.133333	1	0.061625
7.150000	1	0.062000
7.166667	1	0.062000
7.183333	1	0.062750
7.200000	1	0.063500
7.216667	1	0.064875
7.233333	1	0.065500
7.250000	1	0.065750
7.266667	1	0.066125
7.283333	1	0.066750
7.300000	1	0.067625
7.316667	1	0.068750
7.333333	1	0.068875
7.350000	1	0.069000
7.366667	1	0.070000
7.383333	1	0.070500
7.400000	1	0.071125
7.416667	1	0.071750
7.433333	1	0.072125
7.450000	1	0.072125
7.466667	1	0.072625
7.483333	1	0.072375
7.500000	1	0.072500
7.516667	1	0.072750
7.533333	1	0.072875
7.550000	1	0.072875
7.566667	1	0.073125
7.583333	1	0.072625
7.600000	1	0.072250
7.616667	1	0.072250
7.633333	1	0.071875
7.650000	1	0.071250
7.666667	1	0.070250
7.683333	1	0.070125
7.700000	1	0.069125
7.716667	1	0.067875
7.733333	1	0.066875
7.750000	1	0.065250
7.766667	1	0.063750
7.783333	1	0.062375
7.800000	1	0.061125
7.816667	1	0.059625
7.833333	1	0.057875
7.850000	1	0.056000
7.866667	1	0.054625
7.883333	1	0.052125
7.900000	1	0.050375
7.916667	1	0.048125
7.933333	1	0.046625
7.950000	1	0.044000
7.966667	1	0.042375
7.983333	1	0.040000
8.000000	1	0.037250
8.016667	1	0.035500
8.033333	1	0.033500
8.050000	1	0.031750
8.066667	1	0.029375
8.083333	1	0.027375
8.100000	1	0.025250
8.116667	1	0.023625
8.133333	1	0.021500
8.150000	1	0.019625
8.166667	1	0.018000
8.183333	1	0.016625
8.200000	1	0.015250
8.216667	1	0.014375
8.233333	1	0.012375
8.250000	1	0.010625
8.266667	1	0.009125
8.283333	1	0.008125
8.300000	1	0.007500
8.316667	1	0.007375
8.333333	1	0.006625
8.350000	1	0.006000
8.366667	1	0.005625
8.383333	1	0.006125
8.400000	1	0.006250
8.416667	1	0.005500
8.433333	1	0.004000
8.450000	1	0.003625
8.466667	1	0.003375
8.483333	1	0.003000
8.500000	1	0.003875
8.516667	1	0.004000
8.533333	1	0.003625
8.550000	1	0.004125
8.566667	1	0.004625
8.583333	1	0.005000
8.600000	1	0.006125
8.616667	1	0.006625
8.633333	1	0.007375
8.650000	1	0.008500
8.666667	1	0.009625
8.683333	1	0.010375
8.700000	1	0.011500
8.716667	1	0.012500
8.733333	1	0.014250
8.750000	1	0.015750
8.766667	1	0.017125
8.783333	1	0.019000
8.800000	1	0.020375
8.816667	1	0.021375
8.833333	1	0.022750
8.850000	1	0.024500
8.866667	1	0.026500
8.883333	1	0.028125
8.900000	1	0.029500
8.916667	1	0.030625
8.933333	1	0.032125
8.950000	1	0.033875
8.966667	1	0.035625
8.983333	1	0.037625
9.000000	1	0.039750
9.016667	1	0.041750
9.033333	1	0.043625
9.050000	1	0.045125
9.066667	1	0.047500
9.083333	1	0.049375
9.100000	1	0.051500
9.116667	1	0.053500
9.133333	1	0.056375
9.150000	1	0.058875
9.166667	1	0.060375
9.183333	1	0.062000
9.200000	1	0.064250
9.216667	1	0.066875
9.233333	1	0.069750
9.250000	1	0.072375
9.266667	1	0.075625
9.283333	1	0.078500
9.300000	1	0.081875
9.316667	1	0.085125
9.333333	1	0.088875
9.350000	1	0.092250
9.366667	1	0.095500
9.383333	1	0.099375
9.400000	1	0.103625
9.416667	1	0.108625
9.433333	1	0.114250
9.450000	1	0.120375
9.466667	1	0.126250
9.483333	1	0.133125
9.500000	1	0.140125
9.516667	1	0.149750
9.533333	1	0.160125
9.550000	1	0.171875
9.566667	1	0.185625
9.583333	1	0.200875
9.600000	1	0.217750
9.616667	1	0.237875
9.633333	1	0.259750
9.650000	1	0.284500
9.666667	1	0.312000
9.683333	1	0.343000
9.700000	1	0.377125
9.716667	1	0.414625
9.733333	1	0.455125
9.750000	1	0.500500
9.766667	1	0.549750
9.783333	1	0.600250
9.800000	1	0.645375
9.816667	1	0.673750
9.833333	1	0.672375
9.850000	1	0.634875
9.866667	1	0.566875
9.883333	1	0.491875
9.900000	1	0.453375
9.916667	1	0.506500
9.933333	1	0.708875
9.950000	1	1.115750
9.966667	1	1.773625
9.983333	1	2.720250
10.000000	1	3.987500
10.016667	1	5.600375
10.033333	1	7.580625
10.050000	1	9.940250
10.066667	1	12.687000
10.083333	1	15.825875
10.100000	1	19.351375
10.116667	1	23.248250
10.133333	1	27.487750
10.150000	1	32.034500
10.166667	1	36.840875
10.183333	1	41.852500
10.200000	1	47.017625
10.216667	1	52.279375
10.233333	1	57.580500
10.250000	1	62.854500
10.266667	1	68.037000
10.283333	1	73.054750
10.300000	1	77.814750
10.316667	1	82.210000
10.333333	1	86.121375
10.350000	1	89.425250
10.366667	1	92.006250
10.383333	1	93.763875
10.400000	1	94.624625
10.416667	1	94.542375
10.433333	1	93.500625
10.450000	1	91.508500
10.466667	1	88.597000
10.483333	1	84.817000
10.500000	1	80.240250
10.516667	1	74.958000
10.533333	1	69.083875
10.550000	1	62.756500
10.566667	1	56.154500
10.583333	1	49.508500
10.600000	1	43.085500
10.616667	1	37.144375
10.633333	1	31.878375
10.650000	1	27.383875
10.666667	1	23.655125
10.683333	1	20.626625
10.700000	1	18.198250
10.716667	1	16.266500
10.733333	1	14.735875
10.750000	1	13.523000
10.766667	1	12.559125
10.783333	1	11.789750
10.800000	1	11.169375
10.816667	1	10.661875
10.833333	1	10.239375
10.850000	1	9.879500
10.866667	1	9.564500
10.883333	1	9.279250
10.900000	1	9.011750
10.916667	1	8.751375
10.933333	1	8.490125
10.950000	1	8.222750
10.966667	1	7.944125
10.983333	1	7.652000
11.000000	1	7.345375
11.016667	1	7.025875
11.033333	1	6.696750
11.050000	1	6.361625
11.066667	1	6.028250
11.083333	1	5.700625
11.100000	1	5.386875
11.116667	1	5.092750
11.133333	1	4.822500
11.150000	1	4.579750
11.166667	1	4.363625
11.183333	1	4.175000
11.200000	1	4.011375
11.216667	1	3.871625
11.233333	1	3.753000
11.250000	1	3.653875
11.266667	1	3.570875
11.283333	1	3.503000
11.300000	1	3.447750
11.316667	1	3.404000
11.333333	1	3.371000
11.350000	1	3.347375
11.366667	1	3.332500
11.383333	1	3.323875
11.400000	1	3.320875
11.416667	1	3.319875
11.433333	1	3.320750
11.450000	1	3.320750
11.466667	1	3.317250
11.483333	1	3.309000
11.500000	1	3.294125
11.516667	1	3.273000
11.533333	1	3.244250
11.550000	1	3.209625
11.566667	1	3.169125
11.583333	1	3.124250
11.600000	1	3.075625
11.616667	1	3.025500
11.633333	1	2.973625
11.650000	1	2.920375
11.666667	1	2.867125
11.683333	1	2.813750
11.700000	1	2.761250
11.716667	1	2.710125
11.733333	1	2.661125
11.750000	1	2.614125
11.766667	1	2.570125
11.783333	1	2.528750
11.800000	1	2.490250
11.816667	1	2.454125
11.833333	1	2.420375
11.850000	1	2.390500
11.866667	1	2.361375
11.883333	1	2.333750
11.900000	1	2.307375
11.916667	1	2.281250
11.933333	1	2.255000
11.950000	1	2.227625
11.966667	1	2.200000
11.983333	1	2.171375
12.000000	1	2.141500
12.016667	1	2.112500
12.033333	1	2.082750
12.050000	1	2.055250
12.066667	1	2.030750
12.083333	1	2.011500
12.100000	1	1.998750
12.116667	1	1.994000
12.133333	1	1.999500
12.150000	1	2.016250
12.166667	1	2.045125
12.183333	1	2.089875
12.200000	1	2.151500
12.216667	1	2.231625
12.233333	1	2.332875
12.250000	1	2.457875
12.266667	1	2.609000
12.283333	1	2.789875
12.300000	1	3.002375
12.316667	1	3.248875
12.333333	1	3.531750
12.350000	1	3.850375
12.366667	1	4.204375
12.383333	1	4.591875
12.400000	1	5.012375
12.416667	1	5.463250
12.433333	1	5.942625
12.450000	1	6.449625
12.466667	1	6.982125
12.483333	1	7.538125
12.500000	1	8.116500
12.516667	1	8.715000
12.533333	1	9.329500
12.550000	1	9.956500
12.566667	1	10.590000
12.583333	1	11.225000
12.600000	1	11.853375
12.616667	1	12.471125
12.633333	1	13.070500
12.650000	1	13.645250
12.666667	1	14.189625
12.683333	1	14.696625
12.700000	1	15.161125
12.716667	1	15.579125
12.733333	1	15.945500
12.750000	1	16.259250
12.766667	1	16.517625
12.783333	1	16.721375
12.800000	1	16.870750
12.816667	1	16.969125
12.833333	1	17.019625
12.850000	1	17.026375
12.866667	1	16.993625
12.883333	1	16.926750
12.900000	1	16.829125
12.916667	1	16.704750
12.933333	1	16.557750
12.950000	1	16.390125
12.966667	1	16.204750
12.983333	1	16.000875
13.000000	1	15.779750
13.016667	1	15.542875
13.033333	1	15.292375
13.050000	1	15.030500
13.066667	1	14.757875
13.083333	1	14.477625
13.100000	1	14.190750
13.116667	1	13.900125
13.133333	1	13.609250
13.150000	1	13.319625
13.166667	1	13.034500
13.183333	1	12.754625
13.200000	1	12.482000
13.216667	1	12.216625
13.233333	1	11.958875
13.250000	1	11.710625
13.266667	1	11.471375
13.283333	1	11.240000
13.300000	1	11.016000
13.316667	1	10.798500
13.333333	1	10.586500
13.350000	1	10.379625
13.366667	1	10.178375
13.383333	1	9.981250
13.400000	1	9.786750
13.416667	1	9.594875
13.433333	1	9.404375
13.450000	1	9.213000
13.466667	1	9.018625
13.483333	1	8.819500
13.500000	1	8.613250
13.516667	1	8.396750
13.533333	1	8.168250
13.550000	1	7.926000
13.566667	1	7.667625
13.583333	1	7.392875
13.600000	1	7.102000
13.616667	1	6.795250
13.633333	1	6.474500
13.650000	1	6.143875
13.666667	1	5.811250
13.683333	1	5.487250
13.700000	1	5.184750
13.716667	1	4.913625
13.733333	1	4.680250
13.750000	1	4.486125
13.766667	1	4.329625
13.783333	1	4.204625
13.800000	1	4.104875
13.816667	1	4.023750
13.833333	1	3.957250
13.850000	1	3.901375
13.866667	1	3.854250
13.883333	1	3.813375
13.900000	1	3.776625
13.916667	1	3.742750
13.933333	1	3.710500
13.950000	1	3.678750
13.966667	1	3.648250
13.983333	1	3.617875
14.000000	1	3.586250
14.016667	1	3.554375
14.033333	1	3.521000
14.050000	1	3.489125
14.066667	1	3.457875
14.083333	1	3.428875
14.100000	1	3.403375
14.116667	1	3.383250
14.133333	1	3.371250
14.150000	1	3.367875
14.166667	1	3.375375
14.183333	1	3.395000
14.200000	1	3.427125
14.216667	1	3.474250
14.233333	1	3.536375
14.250000	1	3.612250
14.266667	1	3.702000
14.283333	1	3.805250
14.300000	1	3.918750
14.316667	1	4.043125
14.333333	1	4.175375
14.350000	1	4.313625
14.366667	1	4.456750
14.383333	1	4.601625
14.400000	1	4.746125
14.416667	1	4.887375
14.433333	1	5.024375
14.450000	1	5.153625
14.466667	1	5.274500
14.483333	1	5.387250
14.500000	1	5.493500
14.516667	1	5.595500
14.533333	1	5.700000
14.550000	1	5.810750
14.566667	1	5.937125
14.583333	1	6.086375
14.600000	1	6.265500
14.616667	1	6.483125
14.633333	1	6.745000
14.650000	1	7.055125
14.666667	1	7.414375
14.683333	1	7.820375
14.700000	1	8.271375
14.716667	1	8.761500
14.733333	1	9.284375
14.750000	1	9.835125
14.766667	1	10.408875
14.783333	1	11.003125
14.800000	1	11.615625
14.816667	1	12.246500
14.833333	1	12.897000
14.850000	1	13.567250
14.866667	1	14.254625
14.883333	1	14.954625
14.900000	1	15.660125
14.916667	1	16.359375
14.933333	1	17.041125
14.950000	1	17.690750
14.966667	1	18.291625
14.983333	1	18.828875
15.000000	1	19.289250
15.016667	1	19.659750
15.033333	1	19.931500
15.050000	1	20.094625
15.066667	1	20.141500
15.083333	1	20.068250
15.100000	1	19.873000
15.116667	1	19.556750
15.133333	1	19.124125
15.150000	1	18.580750
15.166667	1	17.935750
15.183333	1	17.200750
15.200000	1	16.387000
15.216667	1	15.510500
15.233333	1	14.584625
15.250000	1	13.625750
15.266667	1	12.651000
15.283333	1	11.676000
15.300000	1	10.721750
15.316667	1	9.807375
15.333333	1	8.950500
15.350000	1	8.162375
15.366667	1	7.448000
15.383333	1	6.806250
15.400000	1	6.232750
15.416667	1	5.723250
15.433333	1	5.274000
15.450000	1	4.877625
15.466667	1	4.530750
15.483333	1	4.227750
15.500000	1	3.965500
15.516667	1	3.739250
15.533333	1	3.546500
15.550000	1	3.383250
15.566667	1	3.247125
15.583333	1	3.137375
15.600000	1	3.050625
15.616667	1	2.984625
15.633333	1	2.936750
15.650000	1	2.906125
15.666667	1	2.888750
15.683333	1	2.884750
15.700000	1	2.890875
15.716667	1	2.905750
15.733333	1	2.928250
15.750000	1	2.955625
15.766667	1	2.988000
15.783333	1	3.023750
15.800000	1	3.062750
15.816667	1	3.105000
15.833333	1	3.151250
15.850000	1	3.202875
15.866667	1	3.260875
15.883333	1	3.326750
15.900000	1	3.401000
15.916667	1	3.484125
15.933333	1	3.576750
15.950000	1	3.678125
15.966667	1	3.786375
15.983333	1	3.900875
16.000000	1	4.019375
16.016667	1	4.139125
16.033333	1	4.258625
16.050000	1	4.375875
16.066667	1	4.489750
16.083333	1	4.598875
16.100000	1	4.703125
16.116667	1	4.803250
16.133333	1	4.899125
16.150000	1	4.992375
16.166667	1	5.081500
16.183333	1	5.166875
16.200000	1	5.249125
16.216667	1	5.325375
16.233333	1	5.395750
16.250000	1	5.457500
16.266667	1	5.509875
16.283333	1	5.550625
16.300000	1	5.578250
16.316667	1	5.592000
16.333333	1	5.591250
16.350000	1	5.573750
16.366667	1	5.539125
16.383333	1	5.487000
16.400000	1	5.416250
16.416667	1	5.327125
16.433333	1	5.219250
16.450000	1	5.094250
16.466667	1	4.952250
16.483333	1	4.793250
16.500000	1	4.620500
16.516667	1	4.437000
16.533333	1	4.244375
16.550000	1	4.045875
16.566667	1	3.845375
16.583333	1	3.645250
16.600000	1	3.448125
16.616667	1	3.257250
16.633333	1	3.074875
16.650000	1	2.902250
16.666667	1	2.740500
16.683333	1	2.591750
16.700000	1	2.456375
16.716667	1	2.333750
16.733333	1	2.223375
16.750000	1	2.125250
16.766667	1	2.038500
16.783333	1	1.962500
16.800000	1	1.895625
16.816667	1	1.836875
16.833333	1	1.785500
16.850000	1	1.740875
16.866667	1	1.702125
16.883333	1	1.668125
16.900000	1	1.636625
16.916667	1	1.608750
16.933333	1	1.583250
16.950000	1	1.559875
16.966667	1	1.537625
16.983333	1	1.517000
17.000000	1	1.497500
17.016667	1	1.479000
17.033333	1	1.461500
17.050000	1	1.444625
17.066667	1	1.428125
17.083333	1	1.412250
17.100000	1	1.398000
17.116667	1	1.384000
17.133333	1	1.370750
17.150000	1	1.358000
17.166667	1	1.346750
17.183333	1	1.336000
17.200000	1	1.324875
17.216667	1	1.315000
17.233333	1	1.304875
17.250000	1	1.295250
17.266667	1	1.286000
17.283333	1	1.277250
17.300000	1	1.269250
17.316667	1	1.260750
17.333333	1	1.252750
17.350000	1	1.245375
17.366667	1	1.237500
17.383333	1	1.230250
17.400000	1	1.223125
17.416667	1	1.216250
17.433333	1	1.209875
17.450000	1	1.204625
17.466667	1	1.199625
17.483333	1	1.195500
17.500000	1	1.193125
17.516667	1	1.191875
17.533333	1	1.191500
17.550000	1	1.193000
17.566667	1	1.195500
17.583333	1	1.199750
17.600000	1	1.204500
17.616667	1	1.212250
17.633333	1	1.221125
17.650000	1	1.231875
17.666667	1	1.244125
17.683333	1	1.258500
17.700000	1	1.273500
17.716667	1	1.290375
17.733333	1	1.307875
17.750000	1	1.326875
17.766667	1	1.347375
17.783333	1	1.368250
17.800000	1	1.389625
17.816667	1	1.413250
17.833333	1	1.436750
17.850000	1	1.460875
17.866667	1	1.485250
17.883333	1	1.509000
17.900000	1	1.532500
17.916667	1	1.556000
17.933333	1	1.577875
17.950000	1	1.598625
17.966667	1	1.618250
17.983333	1	1.636375
18.000000	1	1.653125
18.016667	1	1.667375
18.033333	1	1.680500
18.050000	1	1.691250
18.066667	1	1.700250
18.083333	1	1.707500
18.100000	1	1.711625
18.116667	1	1.712625
18.133333	1	1.712375
18.150000	1	1.709125
18.166667	1	1.704125
18.183333	1	1.696875
18.200000	1	1.687125
18.216667	1	1.675125
18.233333	1	1.662000
18.250000	1	1.646875
18.266667	1	1.630000
18.283333	1	1.611875
18.300000	1	1.592875
18.316667	1	1.572250
18.333333	1	1.550250
18.350000	1	1.528000
18.366667	1	1.505250
18.383333	1	1.482750
18.400000	1	1.459125
18.416667	1	1.434875
18.433333	1	1.411250
18.450000	1	1.387625
18.466667	1	1.364250
18.483333	1	1.342250
18.500000	1	1.319750
18.516667	1	1.297500
18.533333	1	1.276125
18.550000	1	1.255000
18.566667	1	1.234500
18.583333	1	1.214500
18.600000	1	1.195000
18.616667	1	1.176250
18.633333	1	1.158000
18.650000	1	1.140500
18.666667	1	1.123750
18.683333	1	1.107250
18.700000	1	1.091875
18.716667	1	1.076750
18.733333	1	1.062375
18.750000	1	1.048875
18.766667	1	1.036250
18.783333	1	1.024000
18.800000	1	1.013250
18.816667	1	1.003500
18.833333	1	0.994500
18.850000	1	0.987625
18.866667	1	0.981750
18.883333	1	0.978500
18.900000	1	0.976000
18.916667	1	0.976000
18.933333	1	0.978000
18.950000	1	0.982250
18.966667	1	0.988125
18.983333	1	0.995875
19.000000	1	1.006000
19.016667	1	1.018125
19.033333	1	1.031375
19.050000	1	1.046375
19.066667	1	1.063250
19.083333	1	1.081250
19.100000	1	1.100750
19.116667	1	1.121250
19.133333	1	1.143000
19.150000	1	1.165750
19.166667	1	1.189875
19.183333	1	1.215500
19.200000	1	1.241125
19.216667	1	1.267750
19.233333	1	1.294750
19.250000	1	1.323375
19.266667	1	1.351625
19.283333	1	1.379750
19.300000	1	1.407375
19.316667	1	1.435125
19.333333	1	1.461250
19.350000	1	1.485750
19.366667	1	1.509500
19.383333	1	1.531375
19.400000	1	1.551750
19.416667	1	1.570000
19.433333	1	1.585625
19.450000	1	1.598625
19.466667	1	1.608375
19.483333	1	1.615000
19.500000	1	1.617750
19.516667	1	1.618125
19.533333	1	1.614875
19.550000	1	1.607500
19.566667	1	1.596875
19.583333	1	1.582625
19.600000	1	1.565625
19.616667	1	1.545875
19.633333	1	1.523125
19.650000	1	1.498375
19.666667	1	1.470750
19.683333	1	1.442375
19.700000	1	1.412500
19.716667	1	1.382000
19.733333	1	1.351500
19.750000	1	1.320375
19.766667	1	1.289875
19.783333	1	1.259625
19.800000	1	1.230750
19.816667	1	1.202625
19.833333	1	1.177250
19.850000	1	1.153375
19.866667	1	1.131875
19.883333	1	1.113875
19.900000	1	1.098375
19.916667	1	1.085125
19.933333	1	1.074875
19.950000	1	1.069375
19.966667	1	1.067250
19.983333	1	1.068375
20.000000	1	1.073125
20.016667	1	1.081625
20.033333	1	1.093750
20.050000	1	1.109875
20.066667	1	1.130250
20.083333	1	1.154375
20.100000	1	1.182250
20.116667	1	1.213500
20.133333	1	1.248375
20.150000	1	1.286500
20.166667	1	1.328250
20.183333	1	1.372875
20.200000	1	1.419500
20.216667	1	1.467250
20.233333	1	1.515500
20.250000	1	1.564750
20.266667	1	1.613000
20.283333	1	1.660750
20.300000	1	1.707000
20.316667	1	1.752250
20.333333	1	1.795375
20.350000	1	1.838750
20.366667	1	1.881625
20.383333	1	1.924500
20.400000	1	1.968250
20.416667	1	2.013500
20.433333	1	2.060250
20.450000	1	2.108750
20.466667	1	2.159500
20.483333	1	2.212250
20.500000	1	2.266625
20.516667	1	2.322500
20.533333	1	2.380375
20.550000	1	2.439625
20.566667	1	2.498875
20.583333	1	2.558625
20.600000	1	2.617500
20.616667	1	2.675625
20.633333	1	2.731375
20.650000	1	2.784250
20.666667	1	2.833250
20.683333	1	2.878375
20.700000	1	2.917500
20.716667	1	2.949500
20.733333	1	2.974625
20.750000	1	2.991125
20.766667	1	2.999375
20.783333	1	2.998250
20.800000	1	2.988250
20.816667	1	2.968000
20.833333	1	2.940250
20.850000	1	2.905875
20.866667	1	2.864125
20.883333	1	2.817000
20.900000	1	2.767000
20.916667	1	2.714125
20.933333	1	2.660375
20.950000	1	2.607375
20.966667	1	2.555125
20.983333	1	2.504875
21.000000	1	2.457250
21.016667	1	2.412875
21.033333	1	2.371875
21.050000	1	2.334000
21.066667	1	2.299625
21.083333	1	2.267250
21.100000	1	2.236750
21.116667	1	2.207750
21.133333	1	2.178250
21.150000	1	2.149250
21.166667	1	2.118375
21.183333	1	2.086625
21.200000	1	2.052000
21.216667	1	2.014500
21.233333	1	1.973125
21.250000	1	1.928000
21.266667	1	1.878875
21.283333	1	1.825125
21.300000	1	1.767625
21.316667	1	1.705875
21.333333	1	1.640625
21.350000	1	1.573500
21.366667	1	1.503125
21.383333	1	1.432000
21.400000	1	1.360625
21.416667	1	1.289125
21.433333	1	1.218125
21.450000	1	1.149375
21.466667	1	1.082875
21.483333	1	1.019000
21.500000	1	0.959625
21.516667	1	0.903500
21.533333	1	0.850750
21.550000	1	0.802750
21.566667	1	0.759000
21.583333	1	0.719125
21.600000	1	0.684250
21.616667	1	0.653375
21.633333	1	0.626375
21.650000	1	0.603500
21.666667	1	0.584375
21.683333	1	0.568000
21.700000	1	0.554750
21.716667	1	0.544250
21.733333	1	0.536000
21.750000	1	0.530625
21.766667	1	0.526750
21.783333	1	0.525125
21.800000	1	0.524875
21.816667	1	0.526125
21.833333	1	0.528625
21.850000	1	0.532250
21.866667	1	0.537125
21.883333	1	0.543375
21.900000	1	0.549750
21.916667	1	0.557375
21.933333	1	0.566625
21.950000	1	0.576125
21.966667	1	0.586000
21.983333	1	0.597625
22.000000	1	0.609375
22.016667	1	0.621500
22.033333	1	0.633375
22.050000	1	0.646000
22.066667	1	0.659500
22.083333	1	0.672500
22.100000	1	0.684750
22.116667	1	0.697500
22.133333	1	0.709375
22.150000	1	0.721000
22.166667	1	0.731250
22.183333	1	0.740500
22.200000	1	0.747750
22.216667	1	0.753500
22.233333	1	0.758250
22.250000	1	0.760750
22.266667	1	0.761625
22.283333	1	0.760250
22.300000	1	0.756625
22.316667	1	0.751250
22.333333	1	0.743375
22.350000	1	0.733125
22.366667	1	0.721625
22.383333	1	0.708375
22.400000	1	0.693125
22.416667	1	0.677875
22.433333	1	0.661250
22.450000	1	0.644250
22.466667	1	0.627250
22.483333	1	0.609625
22.500000	1	0.591625
22.516667	1	0.574625
22.533333	1	0.558125
22.550000	1	0.542125
22.566667	1	0.527375
22.583333	1	0.513375
22.600000	1	0.501375
22.616667	1	0.490500
22.633333	1	0.480750
22.650000	1	0.472000
22.666667	1	0.464000
22.683333	1	0.458125
22.700000	1	0.452750
22.716667	1	0.449000
22.733333	1	0.445750
22.750000	1	0.442875
22.766667	1	0.440250
22.783333	1	0.438750
22.800000	1	0.437500
22.816667	1	0.436750
22.833333	1	0.436500
22.850000	1	0.435500
22.866667	1	0.434875
22.883333	1	0.434375
22.900000	1	0.433375
22.916667	1	0.431625
22.933333	1	0.429625
22.950000	1	0.427000
22.966667	1	0.424750
22.983333	1	0.421750
23.000000	1	0.418375
23.016667	1	0.414000
23.033333	1	0.409375
23.050000	1	0.404375
23.066667	1	0.398625
23.083333	1	0.392500
23.100000	1	0.385500
23.116667	1	0.378750
23.133333	1	0.371750
23.150000	1	0.363500
23.166667	1	0.355000
23.183333	1	0.346375
23.200000	1	0.338125
23.216667	1	0.329000
23.233333	1	0.319500
23.250000	1	0.310250
23.266667	1	0.301250
23.283333	1	0.292000
23.300000	1	0.282750
23.316667	1	0.274375
23.333333	1	0.265625
23.350000	1	0.258625
23.366667	1	0.251250
23.383333	1	0.245125
23.400000	1	0.239625
23.416667	1	0.235625
23.433333	1	0.232000
23.450000	1	0.230000
23.466667	1	0.228625
23.483333	1	0.229375
23.500000	1	0.231750
23.516667	1	0.235750
23.533333	1	0.241625
23.550000	1	0.249375
23.566667	1	0.258625
23.583333	1	0.270250
23.600000	1	0.283625
23.616667	1	0.298250
23.633333	1	0.314000
23.650000	1	0.331875
23.666667	1	0.351125
23.683333	1	0.371375
23.700000	1	0.393000
23.716667	1	0.416000
23.733333	1	0.438875
23.750000	1	0.463500
23.766667	1	0.489625
23.783333	1	0.515375
23.800000	1	0.542750
23.816667	1	0.571125
23.833333	1	0.600375
23.850000	1	0.630625
23.866667	1	0.661875
23.883333	1	0.693625
23.900000	1	0.725875
23.916667	1	0.759750
23.933333	1	0.793375
23.950000	1	0.827625
23.966667	1	0.862250
23.983333	1	0.897250
24.000000	1	0.931625
24.016667	1	0.964875
24.033333	1	0.997625
24.050000	1	1.028500
24.066667	1	1.057375
24.083333	1	1.084375
24.100000	1	1.109375
24.116667	1	1.131500
24.133333	1	1.150000
24.150000	1	1.166125
24.166667	1	1.179000
24.183333	1	1.187625
24.200000	1	1.192375
24.216667	1	1.192750
24.233333	1	1.188875
24.250000	1	1.181000
24.266667	1	1.169625
24.283333	1	1.154500
24.300000	1	1.134875
24.316667	1	1.112000
24.333333	1	1.086250
24.350000	1	1.057375
24.366667	1	1.026375
24.383333	1	0.994000
24.400000	1	0.960625
24.416667	1	0.926000
24.433333	1	0.891250
24.450000	1	0.857000
24.466667	1	0.824000
24.483333	1	0.792000
24.500000	1	0.762000
24.516667	1	0.733250
24.533333	1	0.707000
24.550000	1	0.683625
24.566667	1	0.662250
24.583333	1	0.643250
24.600000	1	0.626375
24.616667	1	0.612750
24.633333	1	0.600625
24.650000	1	0.591500
24.666667	1	0.584000
24.683333	1	0.577250
24.700000	1	0.572375
24.716667	1	0.569250
24.733333	1	0.565875
24.750000	1	0.563625
24.766667	1	0.561500
24.783333	1	0.559625
24.800000	1	0.556750
24.816667	1	0.554375
24.833333	1	0.552000
24.850000	1	0.548625
24.866667	1	0.544125
24.883333	1	0.539000
24.900000	1	0.532250
24.916667	1	0.524375
24.933333	1	0.515500
24.950000	1	0.505000
24.966667	1	0.493625
24.983333	1	0.481000
25.000000	1	0.467125
25.016667	1	0.451750
25.033333	1	0.435750
25.050000	1	0.419500
25.066667	1	0.401750
25.083333	1	0.383750
25.100000	1	0.365500
25.116667	1	0.347125
25.133333	1	0.328625
25.150000	1	0.310750
25.166667	1	0.292875
25.183333	1	0.275250
25.200000	1	0.257750
25.216667	1	0.240500
25.233333	1	0.225000
25.250000	1	0.210375
25.266667	1	0.196875
25.283333	1	0.184625
25.300000	1	0.173875
25.316667	1	0.163875
25.333333	1	0.154250
25.350000	1	0.146750
25.366667	1	0.140125
25.383333	1	0.134000
25.400000	1	0.128875
25.416667	1	0.124500
25.433333	1	0.122125
25.450000	1	0.120750
25.466667	1	0.119375
25.483333	1	0.119375
25.500000	1	0.119750
25.516667	1	0.120875
25.533333	1	0.122500
25.550000	1	0.125250
25.566667	1	0.128125
25.583333	1	0.131500
25.600000	1	0.134750
25.616667	1	0.138875
25.633333	1	0.143125
25.650000	1	0.147250
25.666667	1	0.151125
25.683333	1	0.155375
25.700000	1	0.160000
25.716667	1	0.164125
25.733333	1	0.168625
25.750000	1	0.172375
25.766667	1	0.176125
25.783333	1	0.180000
25.800000	1	0.183875
25.816667	1	0.186125
25.833333	1	0.188750
25.850000	1	0.191625
25.866667	1	0.193875
25.883333	1	0.196250
25.900000	1	0.197500
25.916667	1	0.197750
25.933333	1	0.197875
25.950000	1	0.198625
25.966667	1	0.198125
25.983333	1	0.197625
26.000000	1	0.197625
26.016667	1	0.196625
26.033333	1	0.195625
26.050000	1	0.194125
26.066667	1	0.192250
26.083333	1	0.190875
26.100000	1	0.189250
26.116667	1	0.188000
26.133333	1	0.186875
26.150000	1	0.185000
26.166667	1	0.184250
26.183333	1	0.183250
26.200000	1	0.182125
26.216667	1	0.181875
26.233333	1	0.181125
26.250000	1	0.181000
26.266667	1	0.181500
26.283333	1	0.181625
26.300000	1	0.181750
26.316667	1	0.182500
26.333333	1	0.183000
26.350000	1	0.184375
26.366667	1	0.185125
26.383333	1	0.186500
26.400000	1	0.187750
26.416667	1	0.188125
26.433333	1	0.189375
26.450000	1	0.190250
26.466667	1	0.191125
26.483333	1	0.192250
26.500000	1	0.193375
26.516667	1	0.193500
26.533333	1	0.194250
26.550000	1	0.195000
26.566667	1	0.195375
26.583333	1	0.195875
26.600000	1	0.196750
26.616667	1	0.196875
26.633333	1	0.196625
26.650000	1	0.196250
26.666667	1	0.195875
26.683333	1	0.195250
26.700000	1	0.193750
26.716667	1	0.192375
26.733333	1	0.190750
26.750000	1	0.188750
26.766667	1	0.187000
26.783333	1	0.184000
26.800000	1	0.181125
26.816667	1	0.177750
26.833333	1	0.174500
26.850000	1	0.170000
26.866667	1	0.165375
26.883333	1	0.159875
26.900000	1	0.155125
26.916667	1	0.149875
26.933333	1	0.143375
26.950000	1	0.138000
26.966667	1	0.131125
26.983333	1	0.123875
27.000000	1	0.117000
27.016667	1	0.109625
27.033333	1	0.101375
27.050000	1	0.093000
27.066667	1	0.085000
27.083333	1	0.076750
27.100000	1	0.068625
27.116667	1	0.060125
27.133333	1	0.051750
27.150000	1	0.043500
27.166667	1	0.034875
27.183333	1	0.027000
27.200000	1	0.018750
27.216667	1	0.011250
27.233333	1	0.003500
27.250000	1	-0.003500
27.266667	1	-0.010125
27.283333	1	-0.015625
27.300000	1	-0.021500
27.316667	1	-0.026375
27.333333	1	-0.030250
27.350000	1	-0.033875
27.366667	1	-0.036000
27.383333	1	-0.036750
27.400000	1	-0.036500
27.416667	1	-0.034375
27.433333	1	-0.031125
27.450000	1	-0.026000
27.466667	1	-0.018375
27.483333	1	-0.009125
27.500000	1	0.002875
27.516667	1	0.017250
27.533333	1	0.034750
27.550000	1	0.055375
27.566667	1	0.078750
27.583333	1	0.105875
27.600000	1	0.136125
27.616667	1	0.169250
27.633333	1	0.205500
27.650000	1	0.245625
27.666667	1	0.287875
27.683333	1	0.332750
27.700000	1	0.381375
27.716667	1	0.432500
27.733333	1	0.486500
27.750000	1	0.542625
27.766667	1	0.600500
27.783333	1	0.660125
27.800000	1	0.721375
27.816667	1	0.784500
27.833333	1	0.849000
27.850000	1	0.915125
27.866667	1	0.982000
27.883333	1	1.050125
27.900000	1	1.119875
27.916667	1	1.190125
27.933333	1	1.262125
27.950000	1	1.335375
27.966667	1	1.410000
27.983333	1	1.485375
28.000000	1	1.561375
28.016667	1	1.637500
28.033333	1	1.713875
28.050000	1	1.790875
28.066667	1	1.867250
28.083333	1	1.943125
28.100000	1	2.018500
28.116667	1	2.092375
28.133333	1	2.165375
28.150000	1	2.236000
28.166667	1	2.303500
28.183333	1	2.368125
28.200000	1	2.429125
28.216667	1	2.486875
28.233333	1	2.540625
28.250000	1	2.589250
28.266667	1	2.632875
28.283333	1	2.670750
28.300000	1	2.703000
28.316667	1	2.729000
28.333333	1	2.748625
28.350000	1	2.761875
28.366667	1	2.767250
28.383333	1	2.764375
28.400000	1	2.754500
28.416667	1	2.736625
28.433333	1	2.710000
28.450000	1	2.674500
28.466667	1	2.631125
28.483333	1	2.578375
28.500000	1	2.517625
28.516667	1	2.448875
28.533333	1	2.372375
28.550000	1	2.288625
28.566667	1	2.197875
28.583333	1	2.100750
28.600000	1	1.999250
28.616667	1	1.893000
28.633333	1	1.783375
28.650000	1	1.671500
28.666667	1	1.558000
28.683333	1	1.444500
28.700000	1	1.331625
28.716667	1	1.220250
28.733333	1	1.111250
28.750000	1	1.006625
28.766667	1	0.905000
28.783333	1	0.808375
28.800000	1	0.717000
28.816667	1	0.631375
28.833333	1	0.551000
28.850000	1	0.476875
28.866667	1	0.408250
28.883333	1	0.345375
28.900000	1	0.287750
28.916667	1	0.236125
28.933333	1	0.189750
28.950000	1	0.148250
28.966667	1	0.111250
28.983333	1	0.078375
29.000000	1	0.049750
29.016667	1	0.023625
29.033333	1	0.001750
29.050000	1	-0.017625
29.066667	1	-0.034750
29.083333	1	-0.049250
29.100000	1	-0.061750
29.116667	1	-0.072000
29.133333	1	-0.080500
29.150000	1	-0.087625
29.166667	1	-0.092750
29.183333	1	-0.097250
29.200000	1	-0.099750
29.216667	1	-0.101750
29.233333	1	-0.102250
29.250000	1	-0.102375
29.266667	1	-0.102000
29.283333	1	-0.100250
29.300000	1	-0.098125
29.316667	1	-0.094750
29.333333	1	-0.091000
29.350000	1	-0.087250
29.366667	1	-0.082000
29.383333	1	-0.076000
29.400000	1	-0.070625
29.416667	1	-0.063875
29.433333	1	-0.057750
29.450000	1	-0.051000
29.466667	1	-0.043625
29.483333	1	-0.036125
29.500000	1	-0.028250
29.516667	1	-0.019375
29.533333	1	-0.011125
29.550000	1	-0.002125
29.566667	1	0.006375
29.583333	1	0.015500
29.600000	1	0.024500
29.616667	1	0.033500
29.633333	1	0.042250
29.650000	1	0.050750
29.666667	1	0.059875
29.683333	1	0.068500
29.700000	1	0.077125
29.716667	1	0.086375
29.733333	1	0.094500
29.750000	1	0.103250
29.766667	1	0.111625
29.783333	1	0.119250
29.800000	1	0.126625
29.816667	1	0.134000
29.833333	1	0.141125
29.850000	1	0.147750
29.866667	1	0.153500
29.883333	1	0.158875
29.900000	1	0.164000
29.916667	1	0.169875
29.933333	1	0.174125
29.950000	1	0.178000
29.966667	1	0.181625
29.983333	1	0.185125
30.000000	1	0.188500
30.016667	1	0.191250
30.033333	1	0.193375
30.050000	1	0.194875
30.066667	1	0.196250
30.083333	1	0.197375
30.100000	1	0.196875
30.116667	1	0.196500
30.133333	1	0.196500
30.150000	1	0.195500
30.166667	1	0.194750
30.183333	1	0.193000
30.200000	1	0.190750
30.216667	1	0.188625
30.233333	1	0.186375
30.250000	1	0.183625
30.266667	1	0.180500
30.283333	1	0.177625
30.300000	1	0.174250
30.316667	1	0.171125
30.333333	1	0.167625
30.350000	1	0.164500
30.366667	1	0.161250
30.383333	1	0.158000
30.400000	1	0.154500
30.416667	1	0.150875
30.433333	1	0.148500
30.450000	1	0.145875
30.466667	1	0.143375
30.483333	1	0.141375
30.500000	1	0.138875
30.516667	1	0.136875
30.533333	1	0.136125
30.550000	1	0.135125
30.566667	1	0.135625
30.583333	1	0.135625
30.600000	1	0.135500
30.616667	1	0.135750
30.633333	1	0.136375
30.650000	1	0.137000
30.666667	1	0.138500
30.683333	1	0.140500
30.700000	1	0.142250
30.716667	1	0.144375
30.733333	1	0.146750
30.750000	1	0.149750
30.766667	1	0.152750
30.783333	1	0.156375
30.800000	1	0.160500
30.816667	1	0.164375
30.833333	1	0.168750
30.850000	1	0.173250
30.866667	1	0.177750
30.883333	1	0.182125
30.900000	1	0.187625
30.916667	1	0.193000
30.933333	1	0.198125
30.950000	1	0.203000
30.966667	1	0.208375
30.983333	1	0.214375
31.000000	1	0.220375
31.016667	1	0.225750
31.033333	1	0.231000
31.050000	1	0.236125
31.066667	1	0.241000
31.083333	1	0.246000
31.100000	1	0.250500
31.116667	1	0.255125
31.133333	1	0.259375
31.150000	1	0.263250
31.166667	1	0.266750
31.183333	1	0.270375
31.200000	1	0.273250
31.216667	1	0.275250
31.233333	1	0.277125
31.250000	1	0.278125
31.266667	1	0.278750
31.283333	1	0.278500
31.300000	1	0.277875
31.316667	1	0.276750
31.333333	1	0.274875
31.350000	1	0.271875
31.366667	1	0.268500
31.383333	1	0.263500
31.400000	1	0.258875
31.416667	1	0.254625
31.433333	1	0.248875
31.450000	1	0.241875
31.466667	1	0.235500
31.483333	1	0.228250
31.500000	1	0.221000
31.516667	1	0.213750
31.533333	1	0.206375
31.550000	1	0.198500
31.566667	1	0.190875
31.583333	1	0.183000
31.600000	1	0.175250
31.616667	1	0.168000
31.633333	1	0.160875
31.650000	1	0.154875
31.666667	1	0.149125
31.683333	1	0.143625
31.700000	1	0.139125
31.716667	1	0.134000
31.733333	1	0.130375
31.750000	1	0.126750
31.766667	1	0.124250
31.783333	1	0.122000
31.800000	1	0.121000
31.816667	1	0.120000
31.833333	1	0.119000
31.850000	1	0.119125
31.866667	1	0.120000
31.883333	1	0.121250
31.900000	1	0.123000
31.916667	1	0.124875
31.933333	1	0.127250
31.950000	1	0.130250
31.966667	1	0.134500
31.983333	1	0.137750
32.000000	1	0.142125
32.016667	1	0.146500
32.033333	1	0.150750
32.050000	1	0.155125
32.066667	1	0.159750
32.083333	1	0.165125
32.100000	1	0.169875
32.116667	1	0.175500
32.133333	1	0.181250
32.150000	1	0.186750
32.166667	1	0.193125
32.183333	1	0.198875
32.200000	1	0.204125
32.216667	1	0.209375
32.233333	1	0.214625
32.250000	1	0.220500
32.266667	1	0.225000
32.283333	1	0.230125
32.300000	1	0.234625
32.316667	1	0.238625
32.333333	1	0.242000
32.350000	1	0.245750
32.366667	1	0.249000
32.383333	1	0.252250
32.400000	1	0.255000
32.416667	1	0.256875
32.433333	1	0.258250
32.450000	1	0.259875
32.466667	1	0.261000
32.483333	1	0.261000
32.500000	1	0.260250
32.516667	1	0.259500
32.533333	1	0.257875
32.550000	1	0.255500
32.566667	1	0.252500
32.583333	1	0.248375
32.600000	1	0.243625
32.616667	1	0.237875
32.633333	1	0.233250
32.650000	1	0.227125
32.666667	1	0.220250
32.683333	1	0.213000
32.700000	1	0.204375
32.716667	1	0.195500
32.733333	1	0.185750
32.750000	1	0.175250
32.766667	1	0.165000
32.783333	1	0.153500
32.800000	1	0.141875
32.816667	1	0.129375
32.833333	1	0.116750
32.850000	1	0.103750
32.866667	1	0.090500
32.883333	1	0.076500
32.900000	1	0.062875
32.916667	1	0.048125
32.933333	1	0.034000
32.950000	1	0.018625
32.966667	1	0.003875
32.983333	1	-0.009750
33.000000	1	-0.024375
33.016667	1	-0.039250
33.033333	1	-0.054000
33.050000	1	-0.068250
33.066667	1	-0.082375
33.083333	1	-0.096375
33.100000	1	-0.111000
33.116667	1	-0.124250
33.133333	1	-0.137875
33.150000	1	-0.151500
33.166667	1	-0.164875
33.183333	1	-0.177000
33.200000	1	-0.189000
33.216667	1	-0.201000
33.233333	1	-0.212375
33.250000	1	-0.222750
33.266667	1	-0.233625
33.283333	1	-0.243750
33.300000	1	-0.253750
33.316667	1	-0.263125
33.333333	1	-0.271750
33.350000	1	-0.280500
33.366667	1	-0.288250
33.383333	1	-0.296000
33.400000	1	-0.302375
33.416667	1	-0.308625
33.433333	1	-0.315000
33.450000	1	-0.320875
33.466667	1	-0.326125
33.483333	1	-0.330875
33.500000	1	-0.335375
33.516667	1	-0.340000
33.533333	1	-0.344250
33.550000	1	-0.347500
33.566667	1	-0.350625
33.583333	1	-0.353500
33.600000	1	-0.356875
33.616667	1	-0.359625
33.633333	1	-0.362500
33.650000	1	-0.364625
33.666667	1	-0.365875
33.683333	1	-0.367625
33.700000	1	-0.368875
33.716667	1	-0.370250
33.733333	1	-0.371875
33.750000	1	-0.373250
33.766667	1	-0.373750
33.783333	1	-0.374250
33.800000	1	-0.375375
33.816667	1	-0.376375
33.833333	1	-0.377000
33.850000	1	-0.377125
33.866667	1	-0.377375
33.883333	1	-0.377500
33.900000	1	-0.377000
33.916667	1	-0.377125
33.933333	1	-0.377250
33.950000	1	-0.376750
33.966667	1	-0.376125
33.983333	1	-0.375375
34.000000	1	-0.374875
34.016667	1	-0.374375
34.033333	1	-0.373500
34.050000	1	-0.373000
34.066667	1	-0.372250
34.083333	1	-0.371250
34.100000	1	-0.370500
34.116667	1	-0.369250
34.133333	1	-0.368125
34.150000	1	-0.367000
34.166667	1	-0.365375
34.183333	1	-0.363750
34.200000	1	-0.362125
34.216667	1	-0.360875
34.233333	1	-0.359750
34.250000	1	-0.358000
34.266667	1	-0.356250
34.283333	1	-0.355125
34.300000	1	-0.353875
34.316667	1	-0.352000
34.333333	1	-0.350625
34.350000	1	-0.348875
34.366667	1	-0.348125
34.383333	1	-0.345875
34.400000	1	-0.344750
34.416667	1	-0.343375
34.433333	1	-0.342125
34.450000	1	-0.340875
34.466667	1	-0.339375
34.483333	1	-0.337875
34.500000	1	-0.336375
34.516667	1	-0.335000
34.533333	1	-0.334375
34.550000	1	-0.333250
34.566667	1	-0.332500
34.583333	1	-0.332375
34.600000	1	-0.331625
34.616667	1	-0.331125
34.633333	1	-0.330250
34.650000	1	-0.330375
34.666667	1	-0.329250
34.683333	1	-0.328250
34.700000	1	-0.327625
34.716667	1	-0.327875
34.733333	1	-0.328000
34.750000	1	-0.327750
34.766667	1	-0.327750
34.783333	1	-0.328000
34.800000	1	-0.327625
34.816667	1	-0.328500
34.833333	1	-0.328750
34.850000	1	-0.328750
34.866667	1	-0.329125
34.883333	1	-0.329000
34.900000	1	-0.329500
34.916667	1	-0.330125
34.933333	1	-0.331625
34.950000	1	-0.331875
34.966667	1	-0.332750
34.983333	1	-0.333625
35.000000	1	-0.334375
35.016667	1	-0.335625
35.033333	1	-0.336750
35.050000	1	-0.337625
35.066667	1	-0.337500
35.083333	1	-0.338500
35.100000	1	-0.339250
35.116667	1	-0.340500
35.133333	1	-0.341250
35.150000	1	-0.342500
35.166667	1	-0.342750
35.183333	1	-0.343875
35.200000	1	-0.344125
35.216667	1	-0.344625
35.233333	1	-0.344625
35.250000	1	-0.345125
35.266667	1	-0.345125
35.283333	1	-0.345500
35.300000	1	-0.345375
35.316667	1	-0.345375
35.333333	1	-0.344625
35.350000	1	-0.343875
35.366667	1	-0.343250
35.383333	1	-0.342375
35.400000	1	-0.340875
35.416667	1	-0.340125
35.433333	1	-0.338500
35.450000	1	-0.337500
35.466667	1	-0.335625
35.483333	1	-0.333750
35.500000	1	-0.331625
35.516667	1	-0.330250
35.533333	1	-0.328625
35.550000	1	-0.326250
35.566667	1	-0.324125
35.583333	1	-0.322125
35.600000	1	-0.319500
35.616667	1	-0.316750
35.633333	1	-0.314625
35.650000	1	-0.312500
35.666667	1	-0.310375
35.683333	1	-0.307750
35.700000	1	-0.304500
35.716667	1	-0.301875
35.733333	1	-0.299000
35.750000	1	-0.296125
35.766667	1	-0.293375
35.783333	1	-0.290875
35.800000	1	-0.288375
35.816667	1	-0.285750
35.833333	1	-0.284250
35.850000	1	-0.281625
35.866667	1	-0.279125
35.883333	1	-0.276750
35.900000	1	-0.274500
35.916667	1	-0.272250
35.933333	1	-0.270000
35.950000	1	-0.267125
35.966667	1	-0.265125
35.983333	1	-0.262500
36.000000	1	-0.260875
36.016667	1	-0.258500
36.033333	1	-0.256375
36.050000	1	-0.254000
36.066667	1	-0.252000
36.083333	1	-0.250125
36.100000	1	-0.247500
36.116667	1	-0.245125
36.133333	1	-0.243000
36.150000	1	-0.240875
36.166667	1	-0.238500
36.183333	1	-0.235875
36.200000	1	-0.233625
36.216667	1	-0.231500
36.233333	1	-0.228875
36.250000	1	-0.226250
36.266667	1	-0.223500
36.283333	1	-0.221125
36.300000	1	-0.217875
36.316667	1	-0.214875
36.333333	1	-0.212000
36.350000	1	-0.208875
36.366667	1	-0.205875
36.383333	1	-0.203125
36.400000	1	-0.200250
36.416667	1	-0.197000
36.433333	1	-0.194375
36.450000	1	-0.191875
36.466667	1	-0.189000
36.483333	1	-0.185875
36.500000	1	-0.182875
36.516667	1	-0.180125
36.533333	1	-0.177750
36.550000	1	-0.175125
36.566667	1	-0.173000
36.583333	1	-0.171375
36.600000	1	-0.170000
36.616667	1	-0.168625
36.633333	1	-0.166625
36.650000	1	-0.164875
36.666667	1	-0.163625
36.683333	1	-0.163125
36.700000	1	-0.162375
36.716667	1	-0.161625
36.733333	1	-0.161375
36.750000	1	-0.161000
36.766667	1	-0.160875
36.783333	1	-0.161125
36.800000	1	-0.162250
36.816667	1	-0.163125
36.833333	1	-0.164250
36.850000	1	-0.164875
36.866667	1	-0.165875
36.883333	1	-0.167375
36.900000	1	-0.168625
36.916667	1	-0.170750
36.933333	1	-0.173375
36.950000	1	-0.176000
36.966667	1	-0.179000
36.983333	1	-0.181000
37.000000	1	-0.183875
37.016667	1	-0.187000
37.033333	1	-0.190375
37.050000	1	-0.193750
37.066667	1	-0.197250
37.083333	1	-0.200750
37.100000	1	-0.204250
37.116667	1	-0.207875
37.133333	1	-0.212250
37.150000	1	-0.216500
37.166667	1	-0.220875
37.183333	1	-0.225375
37.200000	1	-0.230250
37.216667	1	-0.234750
37.233333	1	-0.239125
37.250000	1	-0.244125
37.266667	1	-0.248875
37.283333	1	-0.253375
37.300000	1	-0.258750
37.316667	1	-0.264000
37.333333	1	-0.269375
37.350000	1	-0.274625
37.366667	1	-0.279875
37.383333	1	-0.285250
37.400000	1	-0.290500
37.416667	1	-0.296125
37.433333	1	-0.301750
37.450000	1	-0.307500
37.466667	1	-0.312750
37.483333	1	-0.317875
37.500000	1	-0.323750
37.516667	1	-0.328875
37.533333	1	-0.334250
37.550000	1	-0.340000
37.566667	1	-0.344875
37.583333	1	-0.350750
37.600000	1	-0.356000
37.616667	1	-0.361000
37.633333	1	-0.365750
37.650000	1	-0.370875
37.666667	1	-0.375625
37.683333	1	-0.380750
37.700000	1	-0.385250
37.716667	1	-0.389500
37.733333	1	-0.393625
37.750000	1	-0.397750
37.766667	1	-0.401875
37.783333	1	-0.405875
37.800000	1	-0.409875
37.816667	1	-0.412625
37.833333	1	-0.415875
37.850000	1	-0.419000
37.866667	1	-0.421750
37.883333	1	-0.424000
37.900000	1	-0.427000
37.916667	1	-0.429625
37.933333	1	-0.431750
37.950000	1	-0.434125
37.966667	1	-0.436125
37.983333	1	-0.437625
38.000000	1	-0.439625
38.016667	1	-0.441250
38.033333	1	-0.442125
38.050000	1	-0.443125
38.066667	1	-0.445000
38.083333	1	-0.446500
38.100000	1	-0.447500
38.116667	1	-0.449000
38.133333	1	-0.449750
38.150000	1	-0.450750
38.166667	1	-0.452375
38.183333	1	-0.453375
38.200000	1	-0.454625
38.216667	1	-0.455875
38.233333	1	-0.456500
38.250000	1	-0.457125
38.266667	1	-0.458625
38.283333	1	-0.459875
38.300000	1	-0.461000
38.316667	1	-0.462250
38.333333	1	-0.462625
38.350000	1	-0.463500
38.366667	1	-0.464250
38.383333	1	-0.464875
38.400000	1	-0.465875
38.416667	1	-0.466250
38.433333	1	-0.466750
38.450000	1	-0.466750
38.466667	1	-0.467875
38.483333	1	-0.467875
38.500000	1	-0.468375
38.516667	1	-0.468750
38.533333	1	-0.469000
38.550000	1	-0.469625
38.566667	1	-0.469625
38.583333	1	-0.469625
38.600000	1	-0.470375
38.616667	1	-0.470750
38.633333	1	-0.470625
38.650000	1	-0.470625
38.666667	1	-0.470250
38.683333	1	-0.470125
38.700000	1	-0.469750
38.716667	1	-0.469250
38.733333	1	-0.469250
38.750000	1	-0.469750
38.766667	1	-0.469125
38.783333	1	-0.468875
38.800000	1	-0.468125
38.816667	1	-0.467875
38.833333	1	-0.467500
38.850000	1	-0.467500
38.866667	1	-0.467500
38.883333	1	-0.467375
38.900000	1	-0.466500
38.916667	1	-0.466625
38.933333	1	-0.466250
38.950000	1	-0.466000
38.966667	1	-0.465500
38.983333	1	-0.465000
39.000000	1	-0.465000
39.016667	1	-0.464625
39.033333	1	-0.464375
39.050000	1	-0.464250
39.066667	1	-0.463625
39.083333	1	-0.463375
39.100000	1	-0.463250
39.116667	1	-0.463000
39.133333	1	-0.462750
39.150000	1	-0.462500
39.166667	1	-0.463000
39.183333	1	-0.462250
39.200000	1	-0.461875
39.216667	1	-0.461625
39.233333	1	-0.461125
39.250000	1	-0.460375
39.266667	1	-0.459875
39.283333	1	-0.459625
39.300000	1	-0.459750
39.316667	1	-0.459250
39.333333	1	-0.459000
39.350000	1	-0.458375
39.366667	1	-0.458625
39.383333	1	-0.458375
39.400000	1	-0.458375
39.416667	1	-0.457375
39.433333	1	-0.457125
39.450000	1	-0.456125
39.466667	1	-0.456250
39.483333	1	-0.456125
39.500000	1	-0.455750
39.516667	1	-0.454625
39.533333	1	-0.454000
39.550000	1	-0.453875
39.566667	1	-0.452750
39.583333	1	-0.452500
39.600000	1	-0.452125
39.616667	1	-0.451625
39.633333	1	-0.450375
39.650000	1	-0.449125
39.666667	1	-0.449250
39.683333	1	-0.448875
39.700000	1	-0.447500
39.716667	1	-0.446375
39.733333	1	-0.444750
39.750000	1	-0.443500
39.766667	1	-0.442125
39.783333	1	-0.441375
39.800000	1	-0.440125
39.816667	1	-0.438875
39.833333	1	-0.437875
39.850000	1	-0.436375
39.866667	1	-0.435500
39.883333	1	-0.434750
39.900000	1	-0.433000
39.916667	1	-0.431750
39.933333	1	-0.430500
39.950000	1	-0.429500
39.966667	1	-0.427500
39.983333	1	-0.426000
40.000000	1	-0.424250
