File Path	chrom://marshall/Chromeleon7/HPLC_Ultimate_3000/Users/markusar/20230616_CMO_FP13_14_15.seq/536.smp/RI_1.channel/RI_1.chm
Channel	RI_1

Injection Information:
Data Vault	Chromeleon7
Injection	FP14_8.2_s5
Injection Number	30
Position	BE11
Comment	
Processing Method	
Instrument Method	run_25B_method
Type	Unknown
Status	Finished
Injection Date	17.06.2023
Injection Time	12:16:46
Injection Volume (µl)	20.000
Dilution Factor	1.0000
Weight	1.0000

Chromatogram Data Information:
Time Min. (min)	0.000000
Time Max. (min)	40.000000
Data Points	2401
Detector	RI
Generating Data System	Chromeleon 7.2.5.9507
Exporting Data System	Chromeleon 7.2.5.0
Operator	Instrument Controller
Signal Quantity	Refractive 
Signal Unit	µRIU
Signal Min.	-0.265500
Signal Max.	38.270125
Channel	RI_1
Driver Name	RID520Driver.dll
Channel Type	Evaluation
Min. Step (s)	1
Max. Step (s)	1
Average Step (s)	1

Signal Parameter Information:
Signal Info	

Chromatogram Data:
Time (min)	Step (s)	Value (µRIU)
0.000000	n.a.	-0.005500
0.016667	1	-0.006375
0.033333	1	-0.007125
0.050000	1	-0.007250
0.066667	1	-0.007500
0.083333	1	-0.007750
0.100000	1	-0.009000
0.116667	1	-0.009250
0.133333	1	-0.009000
0.150000	1	-0.009875
0.166667	1	-0.010750
0.183333	1	-0.011750
0.200000	1	-0.012250
0.216667	1	-0.013375
0.233333	1	-0.014375
0.250000	1	-0.014375
0.266667	1	-0.015750
0.283333	1	-0.016875
0.300000	1	-0.018375
0.316667	1	-0.019375
0.333333	1	-0.020750
0.350000	1	-0.021125
0.366667	1	-0.022375
0.383333	1	-0.023875
0.400000	1	-0.025125
0.416667	1	-0.026625
0.433333	1	-0.029125
0.450000	1	-0.032500
0.466667	1	-0.036000
0.483333	1	-0.038750
0.500000	1	-0.039500
0.516667	1	-0.038500
0.533333	1	-0.037000
0.550000	1	-0.035375
0.566667	1	-0.034125
0.583333	1	-0.033125
0.600000	1	-0.032000
0.616667	1	-0.031375
0.633333	1	-0.031500
0.650000	1	-0.033000
0.666667	1	-0.035625
0.683333	1	-0.038000
0.700000	1	-0.040750
0.716667	1	-0.043375
0.733333	1	-0.045875
0.750000	1	-0.047875
0.766667	1	-0.050250
0.783333	1	-0.052000
0.800000	1	-0.054125
0.816667	1	-0.055875
0.833333	1	-0.058000
0.850000	1	-0.059500
0.866667	1	-0.061125
0.883333	1	-0.061375
0.900000	1	-0.062625
0.916667	1	-0.063750
0.933333	1	-0.064625
0.950000	1	-0.064625
0.966667	1	-0.066000
0.983333	1	-0.066750
1.000000	1	-0.066875
1.016667	1	-0.068000
1.033333	1	-0.068500
1.050000	1	-0.068750
1.066667	1	-0.070125
1.083333	1	-0.070125
1.100000	1	-0.070500
1.116667	1	-0.070125
1.133333	1	-0.070125
1.150000	1	-0.069750
1.166667	1	-0.069250
1.183333	1	-0.069375
1.200000	1	-0.069500
1.216667	1	-0.069625
1.233333	1	-0.069375
1.250000	1	-0.069375
1.266667	1	-0.069000
1.283333	1	-0.068625
1.300000	1	-0.068500
1.316667	1	-0.068125
1.333333	1	-0.067750
1.350000	1	-0.067500
1.366667	1	-0.066875
1.383333	1	-0.066625
1.400000	1	-0.066250
1.416667	1	-0.066250
1.433333	1	-0.066375
1.450000	1	-0.066250
1.466667	1	-0.065875
1.483333	1	-0.065500
1.500000	1	-0.065500
1.516667	1	-0.065375
1.533333	1	-0.064750
1.550000	1	-0.064500
1.566667	1	-0.063875
1.583333	1	-0.064125
1.600000	1	-0.063750
1.616667	1	-0.063750
1.633333	1	-0.063875
1.650000	1	-0.063625
1.666667	1	-0.063625
1.683333	1	-0.063250
1.700000	1	-0.062750
1.716667	1	-0.062500
1.733333	1	-0.061750
1.750000	1	-0.061875
1.766667	1	-0.061875
1.783333	1	-0.062125
1.800000	1	-0.062250
1.816667	1	-0.062125
1.833333	1	-0.061625
1.850000	1	-0.062125
1.866667	1	-0.062375
1.883333	1	-0.062125
1.900000	1	-0.062375
1.916667	1	-0.062125
1.933333	1	-0.062000
1.950000	1	-0.062625
1.966667	1	-0.062500
1.983333	1	-0.062750
2.000000	1	-0.062750
2.016667	1	-0.062500
2.033333	1	-0.063000
2.050000	1	-0.063250
2.066667	1	-0.063500
2.083333	1	-0.063375
2.100000	1	-0.063625
2.116667	1	-0.063250
2.133333	1	-0.063000
2.150000	1	-0.063000
2.166667	1	-0.062625
2.183333	1	-0.062625
2.200000	1	-0.062750
2.216667	1	-0.062625
2.233333	1	-0.062750
2.250000	1	-0.062125
2.266667	1	-0.062375
2.283333	1	-0.061375
2.300000	1	-0.061375
2.316667	1	-0.061000
2.333333	1	-0.060750
2.350000	1	-0.060750
2.366667	1	-0.059875
2.383333	1	-0.059375
2.400000	1	-0.058750
2.416667	1	-0.058625
2.433333	1	-0.057875
2.450000	1	-0.057125
2.466667	1	-0.055750
2.483333	1	-0.054875
2.500000	1	-0.054000
2.516667	1	-0.053000
2.533333	1	-0.051250
2.550000	1	-0.050500
2.566667	1	-0.049250
2.583333	1	-0.047750
2.600000	1	-0.045875
2.616667	1	-0.044750
2.633333	1	-0.043750
2.650000	1	-0.042875
2.666667	1	-0.041000
2.683333	1	-0.039375
2.700000	1	-0.038125
2.716667	1	-0.036250
2.733333	1	-0.035000
2.750000	1	-0.033500
2.766667	1	-0.031500
2.783333	1	-0.030125
2.800000	1	-0.028750
2.816667	1	-0.027500
2.833333	1	-0.025500
2.850000	1	-0.024250
2.866667	1	-0.022750
2.883333	1	-0.021000
2.900000	1	-0.019125
2.916667	1	-0.017750
2.933333	1	-0.016250
2.950000	1	-0.015250
2.966667	1	-0.014250
2.983333	1	-0.012625
3.000000	1	-0.011375
3.016667	1	-0.010000
3.033333	1	-0.009375
3.050000	1	-0.008500
3.066667	1	-0.007625
3.083333	1	-0.006750
3.100000	1	-0.005625
3.116667	1	-0.005375
3.133333	1	-0.005000
3.150000	1	-0.004250
3.166667	1	-0.004000
3.183333	1	-0.003750
3.200000	1	-0.004000
3.216667	1	-0.003250
3.233333	1	-0.003375
3.250000	1	-0.003500
3.266667	1	-0.003500
3.283333	1	-0.003750
3.300000	1	-0.003875
3.316667	1	-0.004250
3.333333	1	-0.004750
3.350000	1	-0.005375
3.366667	1	-0.005875
3.383333	1	-0.005750
3.400000	1	-0.006625
3.416667	1	-0.007250
3.433333	1	-0.007875
3.450000	1	-0.009000
3.466667	1	-0.009875
3.483333	1	-0.010625
3.500000	1	-0.011125
3.516667	1	-0.012000
3.533333	1	-0.013000
3.550000	1	-0.013750
3.566667	1	-0.014750
3.583333	1	-0.015750
3.600000	1	-0.017000
3.616667	1	-0.017750
3.633333	1	-0.018875
3.650000	1	-0.018875
3.666667	1	-0.020000
3.683333	1	-0.020500
3.700000	1	-0.020875
3.716667	1	-0.021250
3.733333	1	-0.022500
3.750000	1	-0.023500
3.766667	1	-0.023250
3.783333	1	-0.024250
3.800000	1	-0.025375
3.816667	1	-0.025750
3.833333	1	-0.026125
3.850000	1	-0.027000
3.866667	1	-0.027125
3.883333	1	-0.027250
3.900000	1	-0.027875
3.916667	1	-0.028125
3.933333	1	-0.028250
3.950000	1	-0.028625
3.966667	1	-0.028875
3.983333	1	-0.029125
4.000000	1	-0.028625
4.016667	1	-0.029000
4.033333	1	-0.028625
4.050000	1	-0.029125
4.066667	1	-0.029375
4.083333	1	-0.029125
4.100000	1	-0.028875
4.116667	1	-0.028750
4.133333	1	-0.028375
4.150000	1	-0.028125
4.166667	1	-0.028125
4.183333	1	-0.028125
4.200000	1	-0.028375
4.216667	1	-0.027875
4.233333	1	-0.027375
4.250000	1	-0.026875
4.266667	1	-0.026625
4.283333	1	-0.026000
4.300000	1	-0.024875
4.316667	1	-0.024000
4.333333	1	-0.023625
4.350000	1	-0.023000
4.366667	1	-0.023125
4.383333	1	-0.022500
4.400000	1	-0.022000
4.416667	1	-0.021125
4.433333	1	-0.020250
4.450000	1	-0.019875
4.466667	1	-0.019375
4.483333	1	-0.018500
4.500000	1	-0.017750
4.516667	1	-0.017500
4.533333	1	-0.017375
4.550000	1	-0.017375
4.566667	1	-0.016625
4.583333	1	-0.016125
4.600000	1	-0.015125
4.616667	1	-0.014375
4.633333	1	-0.014250
4.650000	1	-0.014375
4.666667	1	-0.013375
4.683333	1	-0.013125
4.700000	1	-0.012875
4.716667	1	-0.012250
4.733333	1	-0.011750
4.750000	1	-0.011875
4.766667	1	-0.011000
4.783333	1	-0.010750
4.800000	1	-0.010250
4.816667	1	-0.009750
4.833333	1	-0.008875
4.850000	1	-0.009250
4.866667	1	-0.008500
4.883333	1	-0.008000
4.900000	1	-0.007500
4.916667	1	-0.006250
4.933333	1	-0.006125
4.950000	1	-0.005875
4.966667	1	-0.005625
4.983333	1	-0.004750
5.000000	1	-0.004250
5.016667	1	-0.003500
5.033333	1	-0.002625
5.050000	1	-0.002375
5.066667	1	-0.001750
5.083333	1	-0.001000
5.100000	1	-0.000125
5.116667	1	0.000625
5.133333	1	0.002125
5.150000	1	0.003250
5.166667	1	0.004375
5.183333	1	0.004875
5.200000	1	0.005625
5.216667	1	0.006250
5.233333	1	0.007500
5.250000	1	0.008875
5.266667	1	0.010000
5.283333	1	0.011500
5.300000	1	0.012750
5.316667	1	0.014250
5.333333	1	0.016125
5.350000	1	0.017875
5.366667	1	0.020000
5.383333	1	0.021375
5.400000	1	0.022750
5.416667	1	0.023500
5.433333	1	0.025000
5.450000	1	0.027125
5.466667	1	0.029000
5.483333	1	0.030125
5.500000	1	0.031500
5.516667	1	0.032875
5.533333	1	0.034375
5.550000	1	0.035875
5.566667	1	0.037750
5.583333	1	0.039250
5.600000	1	0.040750
5.616667	1	0.041375
5.633333	1	0.041500
5.650000	1	0.042500
5.666667	1	0.043250
5.683333	1	0.043875
5.700000	1	0.044000
5.716667	1	0.044375
5.733333	1	0.044250
5.750000	1	0.045125
5.766667	1	0.044500
5.783333	1	0.044500
5.800000	1	0.044875
5.816667	1	0.045125
5.833333	1	0.045125
5.850000	1	0.044750
5.866667	1	0.043750
5.883333	1	0.043625
5.900000	1	0.042375
5.916667	1	0.042000
5.933333	1	0.041625
5.950000	1	0.040125
5.966667	1	0.039500
5.983333	1	0.038375
6.000000	1	0.037000
6.016667	1	0.036250
6.033333	1	0.035500
6.050000	1	0.034625
6.066667	1	0.034250
6.083333	1	0.033375
6.100000	1	0.032750
6.116667	1	0.032250
6.133333	1	0.031250
6.150000	1	0.030625
6.166667	1	0.030125
6.183333	1	0.029500
6.200000	1	0.028875
6.216667	1	0.028375
6.233333	1	0.027500
6.250000	1	0.026875
6.266667	1	0.026625
6.283333	1	0.025625
6.300000	1	0.025500
6.316667	1	0.025250
6.333333	1	0.024875
6.350000	1	0.024375
6.366667	1	0.024250
6.383333	1	0.024625
6.400000	1	0.024250
6.416667	1	0.024750
6.433333	1	0.024500
6.450000	1	0.024250
6.466667	1	0.023875
6.483333	1	0.024125
6.500000	1	0.023875
6.516667	1	0.023750
6.533333	1	0.023750
6.550000	1	0.024000
6.566667	1	0.024750
6.583333	1	0.025125
6.600000	1	0.026125
6.616667	1	0.027000
6.633333	1	0.027875
6.650000	1	0.028250
6.666667	1	0.028875
6.683333	1	0.030625
6.700000	1	0.031000
6.716667	1	0.032625
6.733333	1	0.033625
6.750000	1	0.034500
6.766667	1	0.035750
6.783333	1	0.036500
6.800000	1	0.037625
6.816667	1	0.039000
6.833333	1	0.040375
6.850000	1	0.042000
6.866667	1	0.043500
6.883333	1	0.045500
6.900000	1	0.047000
6.916667	1	0.048500
6.933333	1	0.049875
6.950000	1	0.051000
6.966667	1	0.052750
6.983333	1	0.054000
7.000000	1	0.054875
7.016667	1	0.056125
7.033333	1	0.057875
7.050000	1	0.059375
7.066667	1	0.060625
7.083333	1	0.062250
7.100000	1	0.062875
7.116667	1	0.064000
7.133333	1	0.064375
7.150000	1	0.064875
7.166667	1	0.065625
7.183333	1	0.066375
7.200000	1	0.066875
7.216667	1	0.066375
7.233333	1	0.066000
7.250000	1	0.065750
7.266667	1	0.065250
7.283333	1	0.065500
7.300000	1	0.065250
7.316667	1	0.064500
7.333333	1	0.062875
7.350000	1	0.062000
7.366667	1	0.061375
7.383333	1	0.060125
7.400000	1	0.059250
7.416667	1	0.058250
7.433333	1	0.056000
7.450000	1	0.054000
7.466667	1	0.052375
7.483333	1	0.050750
7.500000	1	0.049625
7.516667	1	0.048000
7.533333	1	0.046750
7.550000	1	0.044250
7.566667	1	0.041750
7.583333	1	0.039500
7.600000	1	0.037625
7.616667	1	0.035625
7.633333	1	0.034250
7.650000	1	0.032500
7.666667	1	0.029875
7.683333	1	0.028375
7.700000	1	0.026375
7.716667	1	0.024500
7.733333	1	0.023000
7.750000	1	0.021250
7.766667	1	0.019875
7.783333	1	0.018125
7.800000	1	0.016750
7.816667	1	0.015375
7.833333	1	0.014750
7.850000	1	0.014000
7.866667	1	0.013125
7.883333	1	0.011750
7.900000	1	0.010125
7.916667	1	0.009500
7.933333	1	0.008750
7.950000	1	0.008000
7.966667	1	0.007250
7.983333	1	0.006500
8.000000	1	0.006000
8.016667	1	0.005250
8.033333	1	0.004750
8.050000	1	0.004250
8.066667	1	0.003875
8.083333	1	0.003500
8.100000	1	0.003125
8.116667	1	0.002875
8.133333	1	0.002125
8.150000	1	0.001750
8.166667	1	0.001500
8.183333	1	0.002000
8.200000	1	0.002000
8.216667	1	0.002750
8.233333	1	0.002500
8.250000	1	0.002625
8.266667	1	0.003000
8.283333	1	0.002875
8.300000	1	0.003500
8.316667	1	0.004000
8.333333	1	0.004000
8.350000	1	0.004125
8.366667	1	0.004625
8.383333	1	0.005250
8.400000	1	0.005875
8.416667	1	0.006500
8.433333	1	0.007000
8.450000	1	0.007500
8.466667	1	0.007250
8.483333	1	0.008500
8.500000	1	0.008750
8.516667	1	0.009125
8.533333	1	0.010250
8.550000	1	0.010375
8.566667	1	0.010750
8.583333	1	0.011250
8.600000	1	0.011750
8.616667	1	0.012625
8.633333	1	0.013750
8.650000	1	0.013625
8.666667	1	0.014750
8.683333	1	0.015000
8.700000	1	0.015625
8.716667	1	0.016750
8.733333	1	0.017375
8.750000	1	0.018250
8.766667	1	0.019625
8.783333	1	0.020125
8.800000	1	0.021375
8.816667	1	0.022375
8.833333	1	0.023375
8.850000	1	0.024000
8.866667	1	0.024625
8.883333	1	0.025375
8.900000	1	0.026250
8.916667	1	0.026875
8.933333	1	0.028000
8.950000	1	0.028875
8.966667	1	0.030375
8.983333	1	0.031375
9.000000	1	0.032500
9.016667	1	0.032750
9.033333	1	0.034375
9.050000	1	0.035000
9.066667	1	0.035625
9.083333	1	0.036125
9.100000	1	0.037125
9.116667	1	0.038000
9.133333	1	0.039125
9.150000	1	0.040000
9.166667	1	0.040625
9.183333	1	0.041625
9.200000	1	0.042875
9.216667	1	0.043500
9.233333	1	0.043875
9.250000	1	0.044500
9.266667	1	0.045125
9.283333	1	0.046500
9.300000	1	0.047500
9.316667	1	0.048500
9.333333	1	0.049750
9.350000	1	0.050875
9.366667	1	0.052125
9.383333	1	0.053875
9.400000	1	0.055250
9.416667	1	0.056500
9.433333	1	0.058125
9.450000	1	0.060125
9.466667	1	0.062125
9.483333	1	0.064750
9.500000	1	0.068125
9.516667	1	0.072000
9.533333	1	0.076250
9.550000	1	0.081375
9.566667	1	0.087250
9.583333	1	0.094000
9.600000	1	0.101625
9.616667	1	0.109750
9.633333	1	0.119375
9.650000	1	0.128750
9.666667	1	0.138375
9.683333	1	0.147875
9.700000	1	0.157000
9.716667	1	0.165500
9.733333	1	0.172000
9.750000	1	0.177625
9.766667	1	0.180500
9.783333	1	0.181750
9.800000	1	0.182375
9.816667	1	0.183375
9.833333	1	0.187750
9.850000	1	0.200125
9.866667	1	0.225125
9.883333	1	0.267750
9.900000	1	0.336375
9.916667	1	0.439125
9.933333	1	0.587875
9.950000	1	0.795375
9.966667	1	1.080375
9.983333	1	1.463375
10.000000	1	1.969500
10.016667	1	2.625125
10.033333	1	3.455125
10.050000	1	4.479500
10.066667	1	5.713375
10.083333	1	7.164000
10.100000	1	8.830375
10.116667	1	10.701625
10.133333	1	12.752625
10.150000	1	14.949125
10.166667	1	17.244875
10.183333	1	19.582250
10.200000	1	21.896375
10.216667	1	24.116250
10.233333	1	26.167000
10.250000	1	27.973375
10.266667	1	29.470125
10.283333	1	30.602250
10.300000	1	31.332625
10.316667	1	31.647500
10.333333	1	31.555750
10.350000	1	31.092500
10.366667	1	30.311875
10.383333	1	29.281125
10.400000	1	28.073000
10.416667	1	26.754125
10.433333	1	25.383250
10.450000	1	24.007125
10.466667	1	22.657000
10.483333	1	21.352750
10.500000	1	20.103125
10.516667	1	18.911750
10.533333	1	17.779375
10.550000	1	16.702375
10.566667	1	15.676750
10.583333	1	14.698125
10.600000	1	13.763750
10.616667	1	12.869125
10.633333	1	12.013000
10.650000	1	11.194000
10.666667	1	10.411000
10.683333	1	9.663625
10.700000	1	8.952250
10.716667	1	8.278125
10.733333	1	7.642250
10.750000	1	7.045625
10.766667	1	6.491250
10.783333	1	5.979250
10.800000	1	5.509125
10.816667	1	5.081375
10.833333	1	4.694125
10.850000	1	4.346250
10.866667	1	4.035500
10.883333	1	3.758125
10.900000	1	3.512375
10.916667	1	3.294500
10.933333	1	3.100500
10.950000	1	2.928500
10.966667	1	2.776000
10.983333	1	2.640000
11.000000	1	2.519000
11.016667	1	2.409625
11.033333	1	2.311875
11.050000	1	2.223250
11.066667	1	2.143375
11.083333	1	2.070000
11.100000	1	2.002000
11.116667	1	1.940500
11.133333	1	1.883500
11.150000	1	1.830375
11.166667	1	1.780750
11.183333	1	1.734000
11.200000	1	1.690625
11.216667	1	1.649250
11.233333	1	1.610875
11.250000	1	1.574250
11.266667	1	1.539625
11.283333	1	1.506750
11.300000	1	1.475250
11.316667	1	1.446250
11.333333	1	1.417625
11.350000	1	1.389375
11.366667	1	1.362625
11.383333	1	1.337625
11.400000	1	1.313625
11.416667	1	1.290250
11.433333	1	1.267875
11.450000	1	1.246750
11.466667	1	1.226500
11.483333	1	1.207000
11.500000	1	1.189625
11.516667	1	1.173000
11.533333	1	1.157875
11.550000	1	1.143750
11.566667	1	1.130500
11.583333	1	1.118375
11.600000	1	1.107500
11.616667	1	1.097125
11.633333	1	1.087250
11.650000	1	1.078250
11.666667	1	1.070125
11.683333	1	1.062500
11.700000	1	1.055625
11.716667	1	1.049000
11.733333	1	1.043125
11.750000	1	1.037500
11.766667	1	1.031750
11.783333	1	1.026875
11.800000	1	1.022000
11.816667	1	1.018250
11.833333	1	1.014750
11.850000	1	1.011000
11.866667	1	1.009250
11.883333	1	1.007875
11.900000	1	1.007375
11.916667	1	1.008375
11.933333	1	1.010000
11.950000	1	1.012750
11.966667	1	1.017875
11.983333	1	1.024625
12.000000	1	1.033875
12.016667	1	1.045625
12.033333	1	1.058875
12.050000	1	1.074750
12.066667	1	1.093500
12.083333	1	1.116750
12.100000	1	1.143375
12.116667	1	1.174500
12.133333	1	1.210250
12.150000	1	1.251375
12.166667	1	1.299500
12.183333	1	1.355625
12.200000	1	1.421000
12.216667	1	1.496125
12.233333	1	1.583375
12.250000	1	1.684375
12.266667	1	1.799625
12.283333	1	1.932125
12.300000	1	2.082375
12.316667	1	2.252625
12.333333	1	2.444500
12.350000	1	2.658125
12.366667	1	2.896250
12.383333	1	3.159625
12.400000	1	3.449500
12.416667	1	3.765250
12.433333	1	4.106750
12.450000	1	4.470500
12.466667	1	4.854875
12.483333	1	5.253750
12.500000	1	5.662250
12.516667	1	6.073500
12.533333	1	6.479125
12.550000	1	6.871875
12.566667	1	7.244375
12.583333	1	7.590625
12.600000	1	7.905125
12.616667	1	8.183500
12.633333	1	8.424500
12.650000	1	8.626500
12.666667	1	8.790000
12.683333	1	8.916750
12.700000	1	9.009250
12.716667	1	9.070000
12.733333	1	9.102375
12.750000	1	9.109750
12.766667	1	9.096875
12.783333	1	9.065375
12.800000	1	9.019375
12.816667	1	8.962000
12.833333	1	8.895375
12.850000	1	8.821125
12.866667	1	8.741500
12.883333	1	8.657000
12.900000	1	8.568875
12.916667	1	8.477500
12.933333	1	8.382625
12.950000	1	8.285375
12.966667	1	8.184125
12.983333	1	8.079250
13.000000	1	7.970250
13.016667	1	7.856500
13.033333	1	7.736875
13.050000	1	7.610750
13.066667	1	7.477250
13.083333	1	7.336250
13.100000	1	7.185000
13.116667	1	7.023250
13.133333	1	6.850375
13.150000	1	6.666000
13.166667	1	6.469125
13.183333	1	6.257875
13.200000	1	6.031125
13.216667	1	5.788500
13.233333	1	5.529000
13.250000	1	5.251125
13.266667	1	4.953000
13.283333	1	4.634000
13.300000	1	4.293875
13.316667	1	3.935875
13.333333	1	3.567125
13.350000	1	3.200125
13.366667	1	2.849500
13.383333	1	2.530250
13.400000	1	2.252750
13.416667	1	2.018625
13.433333	1	1.824875
13.450000	1	1.667125
13.466667	1	1.539000
13.483333	1	1.433500
13.500000	1	1.347500
13.516667	1	1.276125
13.533333	1	1.216250
13.550000	1	1.166125
13.566667	1	1.123250
13.583333	1	1.086250
13.600000	1	1.054625
13.616667	1	1.026875
13.633333	1	1.003250
13.650000	1	0.982000
13.666667	1	0.963250
13.683333	1	0.946125
13.700000	1	0.931375
13.716667	1	0.917375
13.733333	1	0.904375
13.750000	1	0.891125
13.766667	1	0.878125
13.783333	1	0.866375
13.800000	1	0.853500
13.816667	1	0.840750
13.833333	1	0.828125
13.850000	1	0.815250
13.866667	1	0.803125
13.883333	1	0.789875
13.900000	1	0.776625
13.916667	1	0.763125
13.933333	1	0.750875
13.950000	1	0.738750
13.966667	1	0.726125
13.983333	1	0.714500
14.000000	1	0.703375
14.016667	1	0.693125
14.033333	1	0.683625
14.050000	1	0.675500
14.066667	1	0.668500
14.083333	1	0.662625
14.100000	1	0.659125
14.116667	1	0.657750
14.133333	1	0.659375
14.150000	1	0.663625
14.166667	1	0.670750
14.183333	1	0.680750
14.200000	1	0.695625
14.216667	1	0.714625
14.233333	1	0.738750
14.250000	1	0.768875
14.266667	1	0.805875
14.283333	1	0.850125
14.300000	1	0.902625
14.316667	1	0.963500
14.333333	1	1.034250
14.350000	1	1.116375
14.366667	1	1.210750
14.383333	1	1.317500
14.400000	1	1.438500
14.416667	1	1.575250
14.433333	1	1.728000
14.450000	1	1.898250
14.466667	1	2.088250
14.483333	1	2.298875
14.500000	1	2.532000
14.516667	1	2.788500
14.533333	1	3.070875
14.550000	1	3.383625
14.566667	1	3.729500
14.583333	1	4.112000
14.600000	1	4.537500
14.616667	1	5.015250
14.633333	1	5.553875
14.650000	1	6.167375
14.666667	1	6.870125
14.683333	1	7.677500
14.700000	1	8.605125
14.716667	1	9.668750
14.733333	1	10.883500
14.750000	1	12.261500
14.766667	1	13.807250
14.783333	1	15.516875
14.800000	1	17.380875
14.816667	1	19.378500
14.833333	1	21.481500
14.850000	1	23.650000
14.866667	1	25.838000
14.883333	1	27.991625
14.900000	1	30.057000
14.916667	1	31.978125
14.933333	1	33.706375
14.950000	1	35.196500
14.966667	1	36.415875
14.983333	1	37.339625
15.000000	1	37.956625
15.016667	1	38.264500
15.033333	1	38.270125
15.050000	1	37.991500
15.066667	1	37.450000
15.083333	1	36.674875
15.100000	1	35.698375
15.116667	1	34.553375
15.133333	1	33.275125
15.150000	1	31.893500
15.166667	1	30.440500
15.183333	1	28.942750
15.200000	1	27.424375
15.216667	1	25.905000
15.233333	1	24.400375
15.250000	1	22.923750
15.266667	1	21.486250
15.283333	1	20.097500
15.300000	1	18.762000
15.316667	1	17.486250
15.333333	1	16.271625
15.350000	1	15.121000
15.366667	1	14.033500
15.383333	1	13.009375
15.400000	1	12.047625
15.416667	1	11.146125
15.433333	1	10.303125
15.450000	1	9.516875
15.466667	1	8.786750
15.483333	1	8.110250
15.500000	1	7.485625
15.516667	1	6.912125
15.533333	1	6.387500
15.550000	1	5.908625
15.566667	1	5.474125
15.583333	1	5.081625
15.600000	1	4.728750
15.616667	1	4.410750
15.633333	1	4.125500
15.650000	1	3.869000
15.666667	1	3.639375
15.683333	1	3.433375
15.700000	1	3.248750
15.716667	1	3.083375
15.733333	1	2.934250
15.750000	1	2.799625
15.766667	1	2.677500
15.783333	1	2.567250
15.800000	1	2.466375
15.816667	1	2.373750
15.833333	1	2.288375
15.850000	1	2.210625
15.866667	1	2.136875
15.883333	1	2.069000
15.900000	1	2.006125
15.916667	1	1.947000
15.933333	1	1.891375
15.950000	1	1.838750
15.966667	1	1.789750
15.983333	1	1.743000
16.000000	1	1.699000
16.016667	1	1.656750
16.033333	1	1.617750
16.050000	1	1.580875
16.066667	1	1.545500
16.083333	1	1.512000
16.100000	1	1.480375
16.116667	1	1.450750
16.133333	1	1.423125
16.150000	1	1.396875
16.166667	1	1.372250
16.183333	1	1.349000
16.200000	1	1.327000
16.216667	1	1.306375
16.233333	1	1.286625
16.250000	1	1.268375
16.266667	1	1.250750
16.283333	1	1.233250
16.300000	1	1.217125
16.316667	1	1.201750
16.333333	1	1.186625
16.350000	1	1.172125
16.366667	1	1.157750
16.383333	1	1.144375
16.400000	1	1.130875
16.416667	1	1.118625
16.433333	1	1.106625
16.450000	1	1.095125
16.466667	1	1.084000
16.483333	1	1.072875
16.500000	1	1.062750
16.516667	1	1.053250
16.533333	1	1.044250
16.550000	1	1.036000
16.566667	1	1.027625
16.583333	1	1.019375
16.600000	1	1.012000
16.616667	1	1.004875
16.633333	1	0.998875
16.650000	1	0.992750
16.666667	1	0.988250
16.683333	1	0.982750
16.700000	1	0.978500
16.716667	1	0.974250
16.733333	1	0.970375
16.750000	1	0.967750
16.766667	1	0.965375
16.783333	1	0.963750
16.800000	1	0.961750
16.816667	1	0.961125
16.833333	1	0.959500
16.850000	1	0.958375
16.866667	1	0.956500
16.883333	1	0.955250
16.900000	1	0.954750
16.916667	1	0.953500
16.933333	1	0.952250
16.950000	1	0.951625
16.966667	1	0.950250
16.983333	1	0.948500
17.000000	1	0.947250
17.016667	1	0.946000
17.033333	1	0.945000
17.050000	1	0.944375
17.066667	1	0.943125
17.083333	1	0.942000
17.100000	1	0.941000
17.116667	1	0.939500
17.133333	1	0.937500
17.150000	1	0.935375
17.166667	1	0.932250
17.183333	1	0.929125
17.200000	1	0.925250
17.216667	1	0.920875
17.233333	1	0.916375
17.250000	1	0.910500
17.266667	1	0.904375
17.283333	1	0.897250
17.300000	1	0.890250
17.316667	1	0.882625
17.333333	1	0.874000
17.350000	1	0.865375
17.366667	1	0.856250
17.383333	1	0.847500
17.400000	1	0.838375
17.416667	1	0.829625
17.433333	1	0.821625
17.450000	1	0.813750
17.466667	1	0.805875
17.483333	1	0.798250
17.500000	1	0.791625
17.516667	1	0.785250
17.533333	1	0.779875
17.550000	1	0.775125
17.566667	1	0.771500
17.583333	1	0.769125
17.600000	1	0.767375
17.616667	1	0.766250
17.633333	1	0.766375
17.650000	1	0.768000
17.666667	1	0.769875
17.683333	1	0.772875
17.700000	1	0.776375
17.716667	1	0.781500
17.733333	1	0.786625
17.750000	1	0.791625
17.766667	1	0.797875
17.783333	1	0.804125
17.800000	1	0.811250
17.816667	1	0.817750
17.833333	1	0.824625
17.850000	1	0.831750
17.866667	1	0.838750
17.883333	1	0.844625
17.900000	1	0.850000
17.916667	1	0.854250
17.933333	1	0.858125
17.950000	1	0.860875
17.966667	1	0.862875
17.983333	1	0.863625
18.000000	1	0.863500
18.016667	1	0.862750
18.033333	1	0.860875
18.050000	1	0.858500
18.066667	1	0.854500
18.083333	1	0.849875
18.100000	1	0.845125
18.116667	1	0.838625
18.133333	1	0.832000
18.150000	1	0.824375
18.166667	1	0.816625
18.183333	1	0.808250
18.200000	1	0.799875
18.216667	1	0.791500
18.233333	1	0.782500
18.250000	1	0.773000
18.266667	1	0.764250
18.283333	1	0.755500
18.300000	1	0.747250
18.316667	1	0.739125
18.333333	1	0.730875
18.350000	1	0.722875
18.366667	1	0.715125
18.383333	1	0.708500
18.400000	1	0.702000
18.416667	1	0.695500
18.433333	1	0.690875
18.450000	1	0.684750
18.466667	1	0.680375
18.483333	1	0.676625
18.500000	1	0.673250
18.516667	1	0.670250
18.533333	1	0.666875
18.550000	1	0.664125
18.566667	1	0.661750
18.583333	1	0.660750
18.600000	1	0.659500
18.616667	1	0.658625
18.633333	1	0.657375
18.650000	1	0.658250
18.666667	1	0.659375
18.683333	1	0.660125
18.700000	1	0.661500
18.716667	1	0.663625
18.733333	1	0.666375
18.750000	1	0.669125
18.766667	1	0.673125
18.783333	1	0.676500
18.800000	1	0.681250
18.816667	1	0.685625
18.833333	1	0.691875
18.850000	1	0.697375
18.866667	1	0.702625
18.883333	1	0.709375
18.900000	1	0.716000
18.916667	1	0.723500
18.933333	1	0.731875
18.950000	1	0.740250
18.966667	1	0.749750
18.983333	1	0.760250
19.000000	1	0.772375
19.016667	1	0.785875
19.033333	1	0.800750
19.050000	1	0.817125
19.066667	1	0.834875
19.083333	1	0.854250
19.100000	1	0.876125
19.116667	1	0.898625
19.133333	1	0.923375
19.150000	1	0.949125
19.166667	1	0.975750
19.183333	1	1.002750
19.200000	1	1.030625
19.216667	1	1.058125
19.233333	1	1.085625
19.250000	1	1.110875
19.266667	1	1.135750
19.283333	1	1.158750
19.300000	1	1.179000
19.316667	1	1.196250
19.333333	1	1.209875
19.350000	1	1.221125
19.366667	1	1.228250
19.383333	1	1.231750
19.400000	1	1.231625
19.416667	1	1.228000
19.433333	1	1.220875
19.450000	1	1.210750
19.466667	1	1.197375
19.483333	1	1.181500
19.500000	1	1.162625
19.516667	1	1.142375
19.533333	1	1.120375
19.550000	1	1.096625
19.566667	1	1.072375
19.583333	1	1.047750
19.600000	1	1.023500
19.616667	1	0.999375
19.633333	1	0.975625
19.650000	1	0.953250
19.666667	1	0.932250
19.683333	1	0.913000
19.700000	1	0.895375
19.716667	1	0.880250
19.733333	1	0.867500
19.750000	1	0.856750
19.766667	1	0.848375
19.783333	1	0.842250
19.800000	1	0.839750
19.816667	1	0.839000
19.833333	1	0.840750
19.850000	1	0.844750
19.866667	1	0.850750
19.883333	1	0.858500
19.900000	1	0.868375
19.916667	1	0.879875
19.933333	1	0.892375
19.950000	1	0.906375
19.966667	1	0.921375
19.983333	1	0.937125
20.000000	1	0.953250
20.016667	1	0.969875
20.033333	1	0.987500
20.050000	1	1.005500
20.066667	1	1.024250
20.083333	1	1.042750
20.100000	1	1.061375
20.116667	1	1.081500
20.133333	1	1.102750
20.150000	1	1.126000
20.166667	1	1.150250
20.183333	1	1.177375
20.200000	1	1.206250
20.216667	1	1.238125
20.233333	1	1.272875
20.250000	1	1.312125
20.266667	1	1.354625
20.283333	1	1.400750
20.300000	1	1.451375
20.316667	1	1.506000
20.333333	1	1.563875
20.350000	1	1.624500
20.366667	1	1.687500
20.383333	1	1.751750
20.400000	1	1.816500
20.416667	1	1.880625
20.433333	1	1.942250
20.450000	1	2.000500
20.466667	1	2.054125
20.483333	1	2.101500
20.500000	1	2.141375
20.516667	1	2.173375
20.533333	1	2.197375
20.550000	1	2.211750
20.566667	1	2.216250
20.583333	1	2.211375
20.600000	1	2.197625
20.616667	1	2.174750
20.633333	1	2.144750
20.650000	1	2.106000
20.666667	1	2.060375
20.683333	1	2.009500
20.700000	1	1.953250
20.716667	1	1.893500
20.733333	1	1.831375
20.750000	1	1.767125
20.766667	1	1.700875
20.783333	1	1.634250
20.800000	1	1.567500
20.816667	1	1.501875
20.833333	1	1.436625
20.850000	1	1.373750
20.866667	1	1.312000
20.883333	1	1.252500
20.900000	1	1.195125
20.916667	1	1.139375
20.933333	1	1.086625
20.950000	1	1.035750
20.966667	1	0.987750
20.983333	1	0.942875
21.000000	1	0.899125
21.016667	1	0.858000
21.033333	1	0.819125
21.050000	1	0.782250
21.066667	1	0.747250
21.083333	1	0.714125
21.100000	1	0.683375
21.116667	1	0.654625
21.133333	1	0.627625
21.150000	1	0.601750
21.166667	1	0.578125
21.183333	1	0.556125
21.200000	1	0.536125
21.216667	1	0.517375
21.233333	1	0.500250
21.250000	1	0.484000
21.266667	1	0.469500
21.283333	1	0.455625
21.300000	1	0.442875
21.316667	1	0.431375
21.333333	1	0.421125
21.350000	1	0.412625
21.366667	1	0.403625
21.383333	1	0.396125
21.400000	1	0.389375
21.416667	1	0.384000
21.433333	1	0.379125
21.450000	1	0.375125
21.466667	1	0.372125
21.483333	1	0.369250
21.500000	1	0.367375
21.516667	1	0.366500
21.533333	1	0.366625
21.550000	1	0.367625
21.566667	1	0.368500
21.583333	1	0.370125
21.600000	1	0.372875
21.616667	1	0.376375
21.633333	1	0.380875
21.650000	1	0.385875
21.666667	1	0.391625
21.683333	1	0.397875
21.700000	1	0.404750
21.716667	1	0.413375
21.733333	1	0.422625
21.750000	1	0.432875
21.766667	1	0.444125
21.783333	1	0.455875
21.800000	1	0.469625
21.816667	1	0.483875
21.833333	1	0.499250
21.850000	1	0.515000
21.866667	1	0.532000
21.883333	1	0.550125
21.900000	1	0.567625
21.916667	1	0.585875
21.933333	1	0.604750
21.950000	1	0.622750
21.966667	1	0.640500
21.983333	1	0.657750
22.000000	1	0.673750
22.016667	1	0.688875
22.033333	1	0.702250
22.050000	1	0.713750
22.066667	1	0.723625
22.083333	1	0.731625
22.100000	1	0.737250
22.116667	1	0.740125
22.133333	1	0.741875
22.150000	1	0.741000
22.166667	1	0.738500
22.183333	1	0.733375
22.200000	1	0.726375
22.216667	1	0.718250
22.233333	1	0.709000
22.250000	1	0.698625
22.266667	1	0.687500
22.283333	1	0.675250
22.300000	1	0.663125
22.316667	1	0.649875
22.333333	1	0.636375
22.350000	1	0.624125
22.366667	1	0.611625
22.383333	1	0.599500
22.400000	1	0.587375
22.416667	1	0.576125
22.433333	1	0.565500
22.450000	1	0.555625
22.466667	1	0.546750
22.483333	1	0.538625
22.500000	1	0.530875
22.516667	1	0.523750
22.533333	1	0.517875
22.550000	1	0.512375
22.566667	1	0.508125
22.583333	1	0.503875
22.600000	1	0.500625
22.616667	1	0.497250
22.633333	1	0.495250
22.650000	1	0.491875
22.666667	1	0.490375
22.683333	1	0.488625
22.700000	1	0.487500
22.716667	1	0.486500
22.733333	1	0.485250
22.750000	1	0.484500
22.766667	1	0.483375
22.783333	1	0.482500
22.800000	1	0.480625
22.816667	1	0.479500
22.833333	1	0.478125
22.850000	1	0.476000
22.866667	1	0.474500
22.883333	1	0.472375
22.900000	1	0.471000
22.916667	1	0.468750
22.933333	1	0.466375
22.950000	1	0.464875
22.966667	1	0.462250
22.983333	1	0.460500
23.000000	1	0.458875
23.016667	1	0.457250
23.033333	1	0.455750
23.050000	1	0.456125
23.066667	1	0.455750
23.083333	1	0.456250
23.100000	1	0.457625
23.116667	1	0.459500
23.133333	1	0.461875
23.150000	1	0.465875
23.166667	1	0.470750
23.183333	1	0.476750
23.200000	1	0.484000
23.216667	1	0.492500
23.233333	1	0.502750
23.250000	1	0.514500
23.266667	1	0.528125
23.283333	1	0.543125
23.300000	1	0.560125
23.316667	1	0.579125
23.333333	1	0.599750
23.350000	1	0.623125
23.366667	1	0.649000
23.383333	1	0.676625
23.400000	1	0.707500
23.416667	1	0.741000
23.433333	1	0.777250
23.450000	1	0.816750
23.466667	1	0.859125
23.483333	1	0.905125
23.500000	1	0.954875
23.516667	1	1.009000
23.533333	1	1.069000
23.550000	1	1.133375
23.566667	1	1.203500
23.583333	1	1.279500
23.600000	1	1.362875
23.616667	1	1.452125
23.633333	1	1.549125
23.650000	1	1.653750
23.666667	1	1.766750
23.683333	1	1.887500
23.700000	1	2.016500
23.716667	1	2.153250
23.733333	1	2.296625
23.750000	1	2.446375
23.766667	1	2.601250
23.783333	1	2.758625
23.800000	1	2.919125
23.816667	1	3.079500
23.833333	1	3.237750
23.850000	1	3.390625
23.866667	1	3.537375
23.883333	1	3.675125
23.900000	1	3.802125
23.916667	1	3.916625
23.933333	1	4.016000
23.950000	1	4.099125
23.966667	1	4.165250
23.983333	1	4.213250
24.000000	1	4.241375
24.016667	1	4.250250
24.033333	1	4.240250
24.050000	1	4.213375
24.066667	1	4.169000
24.083333	1	4.108625
24.100000	1	4.033500
24.116667	1	3.945750
24.133333	1	3.845625
24.150000	1	3.736250
24.166667	1	3.618000
24.183333	1	3.493000
24.200000	1	3.362500
24.216667	1	3.229375
24.233333	1	3.093625
24.250000	1	2.957625
24.266667	1	2.822000
24.283333	1	2.686875
24.300000	1	2.555375
24.316667	1	2.426750
24.333333	1	2.302250
24.350000	1	2.182500
24.366667	1	2.066875
24.383333	1	1.957125
24.400000	1	1.852375
24.416667	1	1.752625
24.433333	1	1.658875
24.450000	1	1.570750
24.466667	1	1.488250
24.483333	1	1.410375
24.500000	1	1.338750
24.516667	1	1.271000
24.533333	1	1.208250
24.550000	1	1.150375
24.566667	1	1.097125
24.583333	1	1.047750
24.600000	1	1.002250
24.616667	1	0.959875
24.633333	1	0.920125
24.650000	1	0.883875
24.666667	1	0.850625
24.683333	1	0.818875
24.700000	1	0.788875
24.716667	1	0.761375
24.733333	1	0.735500
24.750000	1	0.711250
24.766667	1	0.688000
24.783333	1	0.666000
24.800000	1	0.645250
24.816667	1	0.625250
24.833333	1	0.605875
24.850000	1	0.587750
24.866667	1	0.569750
24.883333	1	0.551750
24.900000	1	0.535250
24.916667	1	0.519625
24.933333	1	0.503750
24.950000	1	0.488625
24.966667	1	0.473875
24.983333	1	0.459250
25.000000	1	0.444250
25.016667	1	0.431125
25.033333	1	0.418500
25.050000	1	0.405875
25.066667	1	0.394000
25.083333	1	0.383375
25.100000	1	0.372375
25.116667	1	0.363375
25.133333	1	0.353625
25.150000	1	0.344375
25.166667	1	0.336250
25.183333	1	0.328625
25.200000	1	0.321375
25.216667	1	0.314750
25.233333	1	0.308875
25.250000	1	0.303250
25.266667	1	0.298250
25.283333	1	0.293625
25.300000	1	0.289875
25.316667	1	0.286375
25.333333	1	0.283625
25.350000	1	0.281000
25.366667	1	0.278375
25.383333	1	0.275375
25.400000	1	0.273500
25.416667	1	0.272625
25.433333	1	0.272125
25.450000	1	0.270750
25.466667	1	0.269750
25.483333	1	0.269500
25.500000	1	0.269375
25.516667	1	0.269125
25.533333	1	0.268750
25.550000	1	0.269000
25.566667	1	0.268500
25.583333	1	0.268750
25.600000	1	0.268625
25.616667	1	0.269125
25.633333	1	0.269625
25.650000	1	0.269625
25.666667	1	0.269375
25.683333	1	0.269375
25.700000	1	0.269875
25.716667	1	0.270125
25.733333	1	0.271000
25.750000	1	0.271750
25.766667	1	0.272500
25.783333	1	0.273875
25.800000	1	0.274250
25.816667	1	0.275625
25.833333	1	0.277125
25.850000	1	0.278000
25.866667	1	0.279250
25.883333	1	0.281000
25.900000	1	0.282750
25.916667	1	0.284750
25.933333	1	0.286375
25.950000	1	0.288500
25.966667	1	0.290625
25.983333	1	0.292750
26.000000	1	0.294750
26.016667	1	0.297000
26.033333	1	0.298625
26.050000	1	0.300500
26.066667	1	0.302500
26.083333	1	0.303875
26.100000	1	0.305625
26.116667	1	0.307375
26.133333	1	0.309500
26.150000	1	0.311375
26.166667	1	0.312875
26.183333	1	0.314000
26.200000	1	0.314500
26.216667	1	0.315375
26.233333	1	0.316375
26.250000	1	0.317250
26.266667	1	0.317875
26.283333	1	0.318375
26.300000	1	0.319125
26.316667	1	0.319750
26.333333	1	0.319875
26.350000	1	0.320250
26.366667	1	0.320625
26.383333	1	0.321000
26.400000	1	0.321375
26.416667	1	0.321875
26.433333	1	0.322125
26.450000	1	0.322375
26.466667	1	0.321625
26.483333	1	0.321875
26.500000	1	0.322000
26.516667	1	0.322000
26.533333	1	0.321375
26.550000	1	0.321000
26.566667	1	0.320000
26.583333	1	0.318750
26.600000	1	0.318125
26.616667	1	0.316625
26.633333	1	0.315500
26.650000	1	0.313625
26.666667	1	0.311125
26.683333	1	0.309000
26.700000	1	0.306500
26.716667	1	0.304375
26.733333	1	0.300875
26.750000	1	0.297125
26.766667	1	0.294250
26.783333	1	0.291000
26.800000	1	0.287875
26.816667	1	0.284625
26.833333	1	0.281375
26.850000	1	0.278625
26.866667	1	0.275375
26.883333	1	0.272375
26.900000	1	0.269750
26.916667	1	0.266875
26.933333	1	0.264125
26.950000	1	0.261375
26.966667	1	0.259625
26.983333	1	0.259000
27.000000	1	0.257750
27.016667	1	0.257000
27.033333	1	0.256750
27.050000	1	0.256750
27.066667	1	0.257000
27.083333	1	0.258500
27.100000	1	0.260875
27.116667	1	0.263875
27.133333	1	0.266500
27.150000	1	0.270625
27.166667	1	0.275625
27.183333	1	0.281250
27.200000	1	0.286875
27.216667	1	0.294500
27.233333	1	0.302375
27.250000	1	0.311000
27.266667	1	0.320625
27.283333	1	0.331125
27.300000	1	0.342375
27.316667	1	0.354875
27.333333	1	0.368250
27.350000	1	0.382750
27.366667	1	0.397750
27.383333	1	0.414750
27.400000	1	0.433250
27.416667	1	0.452250
27.433333	1	0.472625
27.450000	1	0.495000
27.466667	1	0.517500
27.483333	1	0.542875
27.500000	1	0.569625
27.516667	1	0.598125
27.533333	1	0.628125
27.550000	1	0.660750
27.566667	1	0.695375
27.583333	1	0.733250
27.600000	1	0.772625
27.616667	1	0.815125
27.633333	1	0.860750
27.650000	1	0.910500
27.666667	1	0.963375
27.683333	1	1.020625
27.700000	1	1.082250
27.716667	1	1.148250
27.733333	1	1.218500
27.750000	1	1.293250
27.766667	1	1.372250
27.783333	1	1.456500
27.800000	1	1.545625
27.816667	1	1.638375
27.833333	1	1.734875
27.850000	1	1.835000
27.866667	1	1.938125
27.883333	1	2.043250
27.900000	1	2.150000
27.916667	1	2.257500
27.933333	1	2.364125
27.950000	1	2.469750
27.966667	1	2.572500
27.983333	1	2.671000
28.000000	1	2.765000
28.016667	1	2.853625
28.033333	1	2.934750
28.050000	1	3.008250
28.066667	1	3.072875
28.083333	1	3.127625
28.100000	1	3.172500
28.116667	1	3.205375
28.133333	1	3.227500
28.150000	1	3.237125
28.166667	1	3.235000
28.183333	1	3.219875
28.200000	1	3.193875
28.216667	1	3.155250
28.233333	1	3.106250
28.250000	1	3.046750
28.266667	1	2.978625
28.283333	1	2.900750
28.300000	1	2.815250
28.316667	1	2.722000
28.333333	1	2.623750
28.350000	1	2.520125
28.366667	1	2.413125
28.383333	1	2.303875
28.400000	1	2.191500
28.416667	1	2.078625
28.433333	1	1.965375
28.450000	1	1.851500
28.466667	1	1.739875
28.483333	1	1.630125
28.500000	1	1.522250
28.516667	1	1.417500
28.533333	1	1.315250
28.550000	1	1.216875
28.566667	1	1.121750
28.583333	1	1.030375
28.600000	1	0.943000
28.616667	1	0.859125
28.633333	1	0.779375
28.650000	1	0.703000
28.666667	1	0.630500
28.683333	1	0.562750
28.700000	1	0.497500
28.716667	1	0.436125
28.733333	1	0.377875
28.750000	1	0.321625
28.766667	1	0.269000
28.783333	1	0.219250
28.800000	1	0.172500
28.816667	1	0.129125
28.833333	1	0.087875
28.850000	1	0.049250
28.866667	1	0.013625
28.883333	1	-0.020375
28.900000	1	-0.052375
28.916667	1	-0.081625
28.933333	1	-0.108750
28.950000	1	-0.133375
28.966667	1	-0.155375
28.983333	1	-0.176375
29.000000	1	-0.195000
29.016667	1	-0.211625
29.033333	1	-0.224750
29.050000	1	-0.237125
29.066667	1	-0.247125
29.083333	1	-0.254625
29.100000	1	-0.260125
29.116667	1	-0.263500
29.133333	1	-0.265500
29.150000	1	-0.265125
29.166667	1	-0.262875
29.183333	1	-0.259125
29.200000	1	-0.253625
29.216667	1	-0.246375
29.233333	1	-0.237750
29.250000	1	-0.227375
29.266667	1	-0.215625
29.283333	1	-0.202125
29.300000	1	-0.188250
29.316667	1	-0.172375
29.333333	1	-0.155875
29.350000	1	-0.138250
29.366667	1	-0.120500
29.383333	1	-0.101375
29.400000	1	-0.082625
29.416667	1	-0.062875
29.433333	1	-0.042125
29.450000	1	-0.022000
29.466667	1	-0.001500
29.483333	1	0.018750
29.500000	1	0.040000
29.516667	1	0.061125
29.533333	1	0.080500
29.550000	1	0.100500
29.566667	1	0.119875
29.583333	1	0.138375
29.600000	1	0.156625
29.616667	1	0.174875
29.633333	1	0.191750
29.650000	1	0.207625
29.666667	1	0.223000
29.683333	1	0.237875
29.700000	1	0.252000
29.716667	1	0.265000
29.733333	1	0.277875
29.750000	1	0.289625
29.766667	1	0.300875
29.783333	1	0.310875
29.800000	1	0.319625
29.816667	1	0.327500
29.833333	1	0.334625
29.850000	1	0.342000
29.866667	1	0.348125
29.883333	1	0.353500
29.900000	1	0.358375
29.916667	1	0.362500
29.933333	1	0.365375
29.950000	1	0.366625
29.966667	1	0.368625
29.983333	1	0.370125
30.000000	1	0.371375
30.016667	1	0.371875
30.033333	1	0.371875
30.050000	1	0.371125
30.066667	1	0.370500
30.083333	1	0.369625
30.100000	1	0.368375
30.116667	1	0.367000
30.133333	1	0.366000
30.150000	1	0.364875
30.166667	1	0.363250
30.183333	1	0.361750
30.200000	1	0.360250
30.216667	1	0.358250
30.233333	1	0.356375
30.250000	1	0.354250
30.266667	1	0.352125
30.283333	1	0.349625
30.300000	1	0.348250
30.316667	1	0.345875
30.333333	1	0.344500
30.350000	1	0.343250
30.366667	1	0.341000
30.383333	1	0.338750
30.400000	1	0.337250
30.416667	1	0.336375
30.433333	1	0.334875
30.450000	1	0.333375
30.466667	1	0.331875
30.483333	1	0.331750
30.500000	1	0.332125
30.516667	1	0.332750
30.533333	1	0.333250
30.550000	1	0.334250
30.566667	1	0.335125
30.583333	1	0.336625
30.600000	1	0.337625
30.616667	1	0.339250
30.633333	1	0.341500
30.650000	1	0.344375
30.666667	1	0.346625
30.683333	1	0.350000
30.700000	1	0.352875
30.716667	1	0.356750
30.733333	1	0.360250
30.750000	1	0.364500
30.766667	1	0.368750
30.783333	1	0.373375
30.800000	1	0.377750
30.816667	1	0.381750
30.833333	1	0.386000
30.850000	1	0.390000
30.866667	1	0.393875
30.883333	1	0.397625
30.900000	1	0.401125
30.916667	1	0.404250
30.933333	1	0.406375
30.950000	1	0.408000
30.966667	1	0.409250
30.983333	1	0.409875
31.000000	1	0.409875
31.016667	1	0.409000
31.033333	1	0.407875
31.050000	1	0.405500
31.066667	1	0.403000
31.083333	1	0.399625
31.100000	1	0.396000
31.116667	1	0.391125
31.133333	1	0.386000
31.150000	1	0.380875
31.166667	1	0.374625
31.183333	1	0.368625
31.200000	1	0.362125
31.216667	1	0.353875
31.233333	1	0.345750
31.250000	1	0.338250
31.266667	1	0.330000
31.283333	1	0.322125
31.300000	1	0.314125
31.316667	1	0.305875
31.333333	1	0.297625
31.350000	1	0.289500
31.366667	1	0.281500
31.383333	1	0.273750
31.400000	1	0.266125
31.416667	1	0.259375
31.433333	1	0.252000
31.450000	1	0.245375
31.466667	1	0.239000
31.483333	1	0.233000
31.500000	1	0.226875
31.516667	1	0.222125
31.533333	1	0.217625
31.550000	1	0.213000
31.566667	1	0.209000
31.583333	1	0.205250
31.600000	1	0.202375
31.616667	1	0.199000
31.633333	1	0.196250
31.650000	1	0.194500
31.666667	1	0.192500
31.683333	1	0.191125
31.700000	1	0.190125
31.716667	1	0.188875
31.733333	1	0.188000
31.750000	1	0.188125
31.766667	1	0.188125
31.783333	1	0.188125
31.800000	1	0.188500
31.816667	1	0.189875
31.833333	1	0.191000
31.850000	1	0.192500
31.866667	1	0.193500
31.883333	1	0.195875
31.900000	1	0.196875
31.916667	1	0.199000
31.933333	1	0.201125
31.950000	1	0.203875
31.966667	1	0.206250
31.983333	1	0.208875
32.000000	1	0.212000
32.016667	1	0.214000
32.033333	1	0.216125
32.050000	1	0.218250
32.066667	1	0.220125
32.083333	1	0.222125
32.100000	1	0.223875
32.116667	1	0.225375
32.133333	1	0.226125
32.150000	1	0.227125
32.166667	1	0.227875
32.183333	1	0.228000
32.200000	1	0.227375
32.216667	1	0.226875
32.233333	1	0.226125
32.250000	1	0.224125
32.266667	1	0.221375
32.283333	1	0.219000
32.300000	1	0.216625
32.316667	1	0.213250
32.333333	1	0.209500
32.350000	1	0.205375
32.366667	1	0.201125
32.383333	1	0.196625
32.400000	1	0.191250
32.416667	1	0.186000
32.433333	1	0.180750
32.450000	1	0.175250
32.466667	1	0.169875
32.483333	1	0.163375
32.500000	1	0.157500
32.516667	1	0.151000
32.533333	1	0.144375
32.550000	1	0.137500
32.566667	1	0.131375
32.583333	1	0.124875
32.600000	1	0.118625
32.616667	1	0.112375
32.633333	1	0.106375
32.650000	1	0.100875
32.666667	1	0.095375
32.683333	1	0.089375
32.700000	1	0.083750
32.716667	1	0.078250
32.733333	1	0.073000
32.750000	1	0.067500
32.766667	1	0.062750
32.783333	1	0.058125
32.800000	1	0.053625
32.816667	1	0.049875
32.833333	1	0.045375
32.850000	1	0.041875
32.866667	1	0.038875
32.883333	1	0.035750
32.900000	1	0.033375
32.916667	1	0.030250
32.933333	1	0.027625
32.950000	1	0.024750
32.966667	1	0.022500
32.983333	1	0.020500
33.000000	1	0.018625
33.016667	1	0.017500
33.033333	1	0.016250
33.050000	1	0.014500
33.066667	1	0.013375
33.083333	1	0.012125
33.100000	1	0.011250
33.116667	1	0.010375
33.133333	1	0.009875
33.150000	1	0.008875
33.166667	1	0.008375
33.183333	1	0.008750
33.200000	1	0.009250
33.216667	1	0.009375
33.233333	1	0.009125
33.250000	1	0.009000
33.266667	1	0.009375
33.283333	1	0.010000
33.300000	1	0.010375
33.316667	1	0.011125
33.333333	1	0.011500
33.350000	1	0.012125
33.366667	1	0.012500
33.383333	1	0.013875
33.400000	1	0.015250
33.416667	1	0.016500
33.433333	1	0.017375
33.450000	1	0.018625
33.466667	1	0.019875
33.483333	1	0.020625
33.500000	1	0.021625
33.516667	1	0.022750
33.533333	1	0.024625
33.550000	1	0.026875
33.566667	1	0.028375
33.583333	1	0.029875
33.600000	1	0.031000
33.616667	1	0.032875
33.633333	1	0.034125
33.650000	1	0.036125
33.666667	1	0.038500
33.683333	1	0.040875
33.700000	1	0.043875
33.716667	1	0.046250
33.733333	1	0.048250
33.750000	1	0.051375
33.766667	1	0.054625
33.783333	1	0.057500
33.800000	1	0.060750
33.816667	1	0.064125
33.833333	1	0.068000
33.850000	1	0.072500
33.866667	1	0.076750
33.883333	1	0.082250
33.900000	1	0.087125
33.916667	1	0.092500
33.933333	1	0.098000
33.950000	1	0.104625
33.966667	1	0.111750
33.983333	1	0.118250
34.000000	1	0.125875
34.016667	1	0.134000
34.033333	1	0.143000
34.050000	1	0.152125
34.066667	1	0.161000
34.083333	1	0.171250
34.100000	1	0.181250
34.116667	1	0.191250
34.133333	1	0.202000
34.150000	1	0.213125
34.166667	1	0.224250
34.183333	1	0.235500
34.200000	1	0.246625
34.216667	1	0.257250
34.233333	1	0.268000
34.250000	1	0.279625
34.266667	1	0.290750
34.283333	1	0.300875
34.300000	1	0.310500
34.316667	1	0.319500
34.333333	1	0.327625
34.350000	1	0.335125
34.366667	1	0.342125
34.383333	1	0.347625
34.400000	1	0.353375
34.416667	1	0.357500
34.433333	1	0.360500
34.450000	1	0.362125
34.466667	1	0.363375
34.483333	1	0.363625
34.500000	1	0.363625
34.516667	1	0.361125
34.533333	1	0.359125
34.550000	1	0.355000
34.566667	1	0.349875
34.583333	1	0.345375
34.600000	1	0.339375
34.616667	1	0.332125
34.633333	1	0.324375
34.650000	1	0.316125
34.666667	1	0.307500
34.683333	1	0.299125
34.700000	1	0.290125
34.716667	1	0.279500
34.733333	1	0.269625
34.750000	1	0.259500
34.766667	1	0.249375
34.783333	1	0.239875
34.800000	1	0.229875
34.816667	1	0.220000
34.833333	1	0.210500
34.850000	1	0.200500
34.866667	1	0.190750
34.883333	1	0.181875
34.900000	1	0.172750
34.916667	1	0.164125
34.933333	1	0.156000
34.950000	1	0.148125
34.966667	1	0.140750
34.983333	1	0.133250
35.000000	1	0.127250
35.016667	1	0.120750
35.033333	1	0.114625
35.050000	1	0.109375
35.066667	1	0.104250
35.083333	1	0.099625
35.100000	1	0.094625
35.116667	1	0.090375
35.133333	1	0.086500
35.150000	1	0.083750
35.166667	1	0.081250
35.183333	1	0.078625
35.200000	1	0.076750
35.216667	1	0.074750
35.233333	1	0.073250
35.250000	1	0.072250
35.266667	1	0.071625
35.283333	1	0.071250
35.300000	1	0.070375
35.316667	1	0.069875
35.333333	1	0.070125
35.350000	1	0.070750
35.366667	1	0.071000
35.383333	1	0.071250
35.400000	1	0.072000
35.416667	1	0.072500
35.433333	1	0.073500
35.450000	1	0.074625
35.466667	1	0.075625
35.483333	1	0.077000
35.500000	1	0.077625
35.516667	1	0.079125
35.533333	1	0.080250
35.550000	1	0.081500
35.566667	1	0.082125
35.583333	1	0.083000
35.600000	1	0.084375
35.616667	1	0.085375
35.633333	1	0.086500
35.650000	1	0.087000
35.666667	1	0.087875
35.683333	1	0.088250
35.700000	1	0.088875
35.716667	1	0.089875
35.733333	1	0.090875
35.750000	1	0.091625
35.766667	1	0.092125
35.783333	1	0.092125
35.800000	1	0.092500
35.816667	1	0.093000
35.833333	1	0.093250
35.850000	1	0.093250
35.866667	1	0.093375
35.883333	1	0.093875
35.900000	1	0.094125
35.916667	1	0.093500
35.933333	1	0.093000
35.950000	1	0.092750
35.966667	1	0.091750
35.983333	1	0.091500
36.000000	1	0.090750
36.016667	1	0.090625
36.033333	1	0.089625
36.050000	1	0.089375
36.066667	1	0.089000
36.083333	1	0.088000
36.100000	1	0.087125
36.116667	1	0.086625
36.133333	1	0.086250
36.150000	1	0.085875
36.166667	1	0.085125
36.183333	1	0.084500
36.200000	1	0.083250
36.216667	1	0.082500
36.233333	1	0.081625
36.250000	1	0.080875
36.266667	1	0.080000
36.283333	1	0.079125
36.300000	1	0.078250
36.316667	1	0.077750
36.333333	1	0.077125
36.350000	1	0.076250
36.366667	1	0.075500
36.383333	1	0.074875
36.400000	1	0.073750
36.416667	1	0.073250
36.433333	1	0.072625
36.450000	1	0.070875
36.466667	1	0.070500
36.483333	1	0.069125
36.500000	1	0.068250
36.516667	1	0.067375
36.533333	1	0.066875
36.550000	1	0.065750
36.566667	1	0.064750
36.583333	1	0.064375
36.600000	1	0.063375
36.616667	1	0.062500
36.633333	1	0.061125
36.650000	1	0.060500
36.666667	1	0.059750
36.683333	1	0.058625
36.700000	1	0.056875
36.716667	1	0.055750
36.733333	1	0.054875
36.750000	1	0.054000
36.766667	1	0.053500
36.783333	1	0.052750
36.800000	1	0.051750
36.816667	1	0.050750
36.833333	1	0.049500
36.850000	1	0.048625
36.866667	1	0.046875
36.883333	1	0.045875
36.900000	1	0.044625
36.916667	1	0.043000
36.933333	1	0.041500
36.950000	1	0.040375
36.966667	1	0.039125
36.983333	1	0.038000
37.000000	1	0.036750
37.016667	1	0.035375
37.033333	1	0.033500
37.050000	1	0.031375
37.066667	1	0.029500
37.083333	1	0.027875
37.100000	1	0.026250
37.116667	1	0.024750
37.133333	1	0.022875
37.150000	1	0.020750
37.166667	1	0.018875
37.183333	1	0.017500
37.200000	1	0.015625
37.216667	1	0.013750
37.233333	1	0.011875
37.250000	1	0.010500
37.266667	1	0.008500
37.283333	1	0.006375
37.300000	1	0.005000
37.316667	1	0.002625
37.333333	1	0.000750
37.350000	1	-0.001750
37.366667	1	-0.003000
37.383333	1	-0.005500
37.400000	1	-0.007375
37.416667	1	-0.008875
37.433333	1	-0.010000
37.450000	1	-0.012250
37.466667	1	-0.014000
37.483333	1	-0.015750
37.500000	1	-0.017250
37.516667	1	-0.019000
37.533333	1	-0.021000
37.550000	1	-0.022375
37.566667	1	-0.024125
37.583333	1	-0.025250
37.600000	1	-0.027375
37.616667	1	-0.029375
37.633333	1	-0.030500
37.650000	1	-0.032375
37.666667	1	-0.033875
37.683333	1	-0.035250
37.700000	1	-0.036375
37.716667	1	-0.037250
37.733333	1	-0.039000
37.750000	1	-0.039375
37.766667	1	-0.040375
37.783333	1	-0.041125
37.800000	1	-0.042500
37.816667	1	-0.043375
37.833333	1	-0.044000
37.850000	1	-0.044625
37.866667	1	-0.045250
37.883333	1	-0.046375
37.900000	1	-0.046500
37.916667	1	-0.047375
37.933333	1	-0.047875
37.950000	1	-0.048000
37.966667	1	-0.048375
37.983333	1	-0.048500
38.000000	1	-0.048000
38.016667	1	-0.047875
38.033333	1	-0.047500
38.050000	1	-0.047750
38.066667	1	-0.047625
38.083333	1	-0.047875
38.100000	1	-0.046750
38.116667	1	-0.047125
38.133333	1	-0.045875
38.150000	1	-0.045000
38.166667	1	-0.043875
38.183333	1	-0.042250
38.200000	1	-0.041250
38.216667	1	-0.040500
38.233333	1	-0.039875
38.250000	1	-0.038500
38.266667	1	-0.037500
38.283333	1	-0.036125
38.300000	1	-0.034875
38.316667	1	-0.033875
38.333333	1	-0.031750
38.350000	1	-0.030375
38.366667	1	-0.029125
38.383333	1	-0.027750
38.400000	1	-0.026500
38.416667	1	-0.025625
38.433333	1	-0.024000
38.450000	1	-0.022625
38.466667	1	-0.021625
38.483333	1	-0.020500
38.500000	1	-0.019625
38.516667	1	-0.018875
38.533333	1	-0.017375
38.550000	1	-0.016625
38.566667	1	-0.015875
38.583333	1	-0.015500
38.600000	1	-0.015125
38.616667	1	-0.014875
38.633333	1	-0.014625
38.650000	1	-0.013875
38.666667	1	-0.013750
38.683333	1	-0.013500
38.700000	1	-0.012875
38.716667	1	-0.012875
38.733333	1	-0.012875
38.750000	1	-0.012750
38.766667	1	-0.012875
38.783333	1	-0.013500
38.800000	1	-0.013375
38.816667	1	-0.013625
38.833333	1	-0.014000
38.850000	1	-0.014125
38.866667	1	-0.014875
38.883333	1	-0.015375
38.900000	1	-0.015750
38.916667	1	-0.016125
38.933333	1	-0.017250
38.950000	1	-0.018000
38.966667	1	-0.018500
38.983333	1	-0.019375
39.000000	1	-0.020500
39.016667	1	-0.021500
39.033333	1	-0.021750
39.050000	1	-0.021750
39.066667	1	-0.022125
39.083333	1	-0.023375
39.100000	1	-0.024500
39.116667	1	-0.025250
39.133333	1	-0.026125
39.150000	1	-0.026750
39.166667	1	-0.026875
39.183333	1	-0.028375
39.200000	1	-0.029000
39.216667	1	-0.030000
39.233333	1	-0.031250
39.250000	1	-0.031375
39.266667	1	-0.032375
39.283333	1	-0.033500
39.300000	1	-0.033875
39.316667	1	-0.035125
39.333333	1	-0.036000
39.350000	1	-0.036875
39.366667	1	-0.037375
39.383333	1	-0.037375
39.400000	1	-0.037375
39.416667	1	-0.038375
39.433333	1	-0.038750
39.450000	1	-0.039250
39.466667	1	-0.039125
39.483333	1	-0.039500
39.500000	1	-0.039250
39.516667	1	-0.039625
39.533333	1	-0.040000
39.550000	1	-0.040875
39.566667	1	-0.041000
39.583333	1	-0.041250
39.600000	1	-0.040875
39.616667	1	-0.040875
39.633333	1	-0.041125
39.650000	1	-0.040375
39.666667	1	-0.040125
39.683333	1	-0.039250
39.700000	1	-0.039250
39.716667	1	-0.038750
39.733333	1	-0.038000
39.750000	1	-0.037750
39.766667	1	-0.037000
39.783333	1	-0.036500
39.800000	1	-0.034875
39.816667	1	-0.034000
39.833333	1	-0.033250
39.850000	1	-0.032375
39.866667	1	-0.031500
39.883333	1	-0.029750
39.900000	1	-0.029125
39.916667	1	-0.027500
39.933333	1	-0.026750
39.950000	1	-0.025375
39.966667	1	-0.024250
39.983333	1	-0.022875
40.000000	1	-0.021750
