File Path	chrom://marshall/Chromeleon7/HPLC_Ultimate_3000/Users/markusar/20230107.seq/301.smp/RI_1.channel/RI_1.chm
Channel	RI_1

Injection Information:
Data Vault	Chromeleon7
Injection	er1.4
Injection Number	5
Position	RA5
Comment	
Processing Method	
Instrument Method	std_method
Type	Unknown
Status	Finished
Injection Date	07.01.2023
Injection Time	18:37:56
Injection Volume (µl)	20.000
Dilution Factor	1.0000
Weight	1.0000

Chromatogram Data Information:
Time Min. (min)	0.000000
Time Max. (min)	40.000000
Data Points	2401
Detector	RI
Generating Data System	Chromeleon 7.2.5.9507
Exporting Data System	Chromeleon 7.2.5.0
Operator	Instrument Controller
Signal Quantity	Refractive 
Signal Unit	µRIU
Signal Min.	-0.097000
Signal Max.	111.384125
Channel	RI_1
Driver Name	RID520Driver.dll
Channel Type	Evaluation
Min. Step (s)	1
Max. Step (s)	1
Average Step (s)	1

Signal Parameter Information:
Signal Info	

Chromatogram Data:
Time (min)	Step (s)	Value (µRIU)
0.000000	n.a.	0.124000
0.016667	1	0.126250
0.033333	1	0.128750
0.050000	1	0.131000
0.066667	1	0.133250
0.083333	1	0.135250
0.100000	1	0.137125
0.116667	1	0.139375
0.133333	1	0.141000
0.150000	1	0.142250
0.166667	1	0.144250
0.183333	1	0.146000
0.200000	1	0.147125
0.216667	1	0.148625
0.233333	1	0.149875
0.250000	1	0.150875
0.266667	1	0.152125
0.283333	1	0.152375
0.300000	1	0.153375
0.316667	1	0.153875
0.333333	1	0.155250
0.350000	1	0.155250
0.366667	1	0.155750
0.383333	1	0.156125
0.400000	1	0.155500
0.416667	1	0.155125
0.433333	1	0.154250
0.450000	1	0.153625
0.466667	1	0.152500
0.483333	1	0.151625
0.500000	1	0.150125
0.516667	1	0.148500
0.533333	1	0.146625
0.550000	1	0.145250
0.566667	1	0.144375
0.583333	1	0.143000
0.600000	1	0.141875
0.616667	1	0.141250
0.633333	1	0.140500
0.650000	1	0.139000
0.666667	1	0.137750
0.683333	1	0.136625
0.700000	1	0.135125
0.716667	1	0.133500
0.733333	1	0.131875
0.750000	1	0.129875
0.766667	1	0.127125
0.783333	1	0.124750
0.800000	1	0.121250
0.816667	1	0.118625
0.833333	1	0.115875
0.850000	1	0.112000
0.866667	1	0.108625
0.883333	1	0.105625
0.900000	1	0.103125
0.916667	1	0.100000
0.933333	1	0.097750
0.950000	1	0.095625
0.966667	1	0.092625
0.983333	1	0.089750
1.000000	1	0.087375
1.016667	1	0.085625
1.033333	1	0.083375
1.050000	1	0.081125
1.066667	1	0.078125
1.083333	1	0.076000
1.100000	1	0.074125
1.116667	1	0.072125
1.133333	1	0.069500
1.150000	1	0.066625
1.166667	1	0.064500
1.183333	1	0.062500
1.200000	1	0.060000
1.216667	1	0.057875
1.233333	1	0.055875
1.250000	1	0.054000
1.266667	1	0.051625
1.283333	1	0.049125
1.300000	1	0.046375
1.316667	1	0.044000
1.333333	1	0.041250
1.350000	1	0.039375
1.366667	1	0.036750
1.383333	1	0.033500
1.400000	1	0.031125
1.416667	1	0.028250
1.433333	1	0.025625
1.450000	1	0.022250
1.466667	1	0.019500
1.483333	1	0.017500
1.500000	1	0.014125
1.516667	1	0.011875
1.533333	1	0.009250
1.550000	1	0.006625
1.566667	1	0.004250
1.583333	1	0.001750
1.600000	1	-0.000500
1.616667	1	-0.004000
1.633333	1	-0.006375
1.650000	1	-0.008625
1.666667	1	-0.011000
1.683333	1	-0.013125
1.700000	1	-0.016500
1.716667	1	-0.019500
1.733333	1	-0.021375
1.750000	1	-0.024000
1.766667	1	-0.025625
1.783333	1	-0.027625
1.800000	1	-0.029875
1.816667	1	-0.031625
1.833333	1	-0.033500
1.850000	1	-0.036875
1.866667	1	-0.039125
1.883333	1	-0.041500
1.900000	1	-0.044000
1.916667	1	-0.046375
1.933333	1	-0.048750
1.950000	1	-0.051250
1.966667	1	-0.053500
1.983333	1	-0.055250
2.000000	1	-0.056750
2.016667	1	-0.059000
2.033333	1	-0.061250
2.050000	1	-0.062625
2.066667	1	-0.064125
2.083333	1	-0.066125
2.100000	1	-0.068500
2.116667	1	-0.069625
2.133333	1	-0.071500
2.150000	1	-0.073250
2.166667	1	-0.075250
2.183333	1	-0.076500
2.200000	1	-0.077375
2.216667	1	-0.078250
2.233333	1	-0.079375
2.250000	1	-0.080500
2.266667	1	-0.081375
2.283333	1	-0.083000
2.300000	1	-0.083250
2.316667	1	-0.083250
2.333333	1	-0.084250
2.350000	1	-0.084125
2.366667	1	-0.085000
2.383333	1	-0.085750
2.400000	1	-0.086250
2.416667	1	-0.086000
2.433333	1	-0.085500
2.450000	1	-0.086000
2.466667	1	-0.086000
2.483333	1	-0.086125
2.500000	1	-0.085625
2.516667	1	-0.085000
2.533333	1	-0.084625
2.550000	1	-0.084500
2.566667	1	-0.083500
2.583333	1	-0.082875
2.600000	1	-0.082125
2.616667	1	-0.080375
2.633333	1	-0.079375
2.650000	1	-0.078750
2.666667	1	-0.078125
2.683333	1	-0.077375
2.700000	1	-0.076500
2.716667	1	-0.075250
2.733333	1	-0.074125
2.750000	1	-0.072250
2.766667	1	-0.071375
2.783333	1	-0.070500
2.800000	1	-0.069125
2.816667	1	-0.068625
2.833333	1	-0.068375
2.850000	1	-0.067500
2.866667	1	-0.066625
2.883333	1	-0.064750
2.900000	1	-0.064000
2.916667	1	-0.062875
2.933333	1	-0.061750
2.950000	1	-0.060750
2.966667	1	-0.059500
2.983333	1	-0.058000
3.000000	1	-0.056375
3.016667	1	-0.055250
3.033333	1	-0.053625
3.050000	1	-0.052125
3.066667	1	-0.050625
3.083333	1	-0.049625
3.100000	1	-0.048250
3.116667	1	-0.047375
3.133333	1	-0.046250
3.150000	1	-0.045500
3.166667	1	-0.044875
3.183333	1	-0.044375
3.200000	1	-0.042625
3.216667	1	-0.041500
3.233333	1	-0.039750
3.250000	1	-0.038625
3.266667	1	-0.037375
3.283333	1	-0.035250
3.300000	1	-0.033875
3.316667	1	-0.033750
3.333333	1	-0.033125
3.350000	1	-0.032500
3.366667	1	-0.031500
3.383333	1	-0.030750
3.400000	1	-0.030125
3.416667	1	-0.029250
3.433333	1	-0.028250
3.450000	1	-0.027375
3.466667	1	-0.026750
3.483333	1	-0.025625
3.500000	1	-0.024500
3.516667	1	-0.024125
3.533333	1	-0.023875
3.550000	1	-0.023375
3.566667	1	-0.022625
3.583333	1	-0.022875
3.600000	1	-0.022375
3.616667	1	-0.021625
3.633333	1	-0.021250
3.650000	1	-0.021250
3.666667	1	-0.022375
3.683333	1	-0.021750
3.700000	1	-0.021750
3.716667	1	-0.022375
3.733333	1	-0.021750
3.750000	1	-0.022000
3.766667	1	-0.021625
3.783333	1	-0.021125
3.800000	1	-0.020625
3.816667	1	-0.020750
3.833333	1	-0.020625
3.850000	1	-0.020875
3.866667	1	-0.021625
3.883333	1	-0.021875
3.900000	1	-0.021875
3.916667	1	-0.021750
3.933333	1	-0.021375
3.950000	1	-0.021375
3.966667	1	-0.021375
3.983333	1	-0.021125
4.000000	1	-0.020750
4.016667	1	-0.020125
4.033333	1	-0.019625
4.050000	1	-0.019125
4.066667	1	-0.019625
4.083333	1	-0.019625
4.100000	1	-0.019125
4.116667	1	-0.019125
4.133333	1	-0.019625
4.150000	1	-0.019875
4.166667	1	-0.019875
4.183333	1	-0.019750
4.200000	1	-0.019500
4.216667	1	-0.019000
4.233333	1	-0.018875
4.250000	1	-0.018625
4.266667	1	-0.018625
4.283333	1	-0.019500
4.300000	1	-0.019250
4.316667	1	-0.019000
4.333333	1	-0.018625
4.350000	1	-0.018875
4.366667	1	-0.018625
4.383333	1	-0.018875
4.400000	1	-0.019125
4.416667	1	-0.019250
4.433333	1	-0.019625
4.450000	1	-0.019875
4.466667	1	-0.019875
4.483333	1	-0.020500
4.500000	1	-0.021125
4.516667	1	-0.021625
4.533333	1	-0.021750
4.550000	1	-0.022625
4.566667	1	-0.022500
4.583333	1	-0.023625
4.600000	1	-0.023375
4.616667	1	-0.023750
4.633333	1	-0.024125
4.650000	1	-0.025625
4.666667	1	-0.025500
4.683333	1	-0.026500
4.700000	1	-0.027125
4.716667	1	-0.027250
4.733333	1	-0.027625
4.750000	1	-0.028875
4.766667	1	-0.030125
4.783333	1	-0.030875
4.800000	1	-0.031375
4.816667	1	-0.032500
4.833333	1	-0.033125
4.850000	1	-0.033875
4.866667	1	-0.035000
4.883333	1	-0.036250
4.900000	1	-0.037125
4.916667	1	-0.037500
4.933333	1	-0.038625
4.950000	1	-0.040125
4.966667	1	-0.041000
4.983333	1	-0.042250
5.000000	1	-0.043125
5.016667	1	-0.044375
5.033333	1	-0.045750
5.050000	1	-0.047500
5.066667	1	-0.049125
5.083333	1	-0.049750
5.100000	1	-0.050875
5.116667	1	-0.052125
5.133333	1	-0.053625
5.150000	1	-0.054250
5.166667	1	-0.055125
5.183333	1	-0.057125
5.200000	1	-0.059125
5.216667	1	-0.060750
5.233333	1	-0.061875
5.250000	1	-0.063375
5.266667	1	-0.064375
5.283333	1	-0.065250
5.300000	1	-0.066375
5.316667	1	-0.068000
5.333333	1	-0.068875
5.350000	1	-0.070125
5.366667	1	-0.070750
5.383333	1	-0.071250
5.400000	1	-0.072000
5.416667	1	-0.073000
5.433333	1	-0.073250
5.450000	1	-0.074125
5.466667	1	-0.074125
5.483333	1	-0.074125
5.500000	1	-0.074625
5.516667	1	-0.074625
5.533333	1	-0.074500
5.550000	1	-0.074625
5.566667	1	-0.074750
5.583333	1	-0.074500
5.600000	1	-0.075000
5.616667	1	-0.074250
5.633333	1	-0.073250
5.650000	1	-0.072625
5.666667	1	-0.072125
5.683333	1	-0.071000
5.700000	1	-0.069875
5.716667	1	-0.068625
5.733333	1	-0.067750
5.750000	1	-0.066750
5.766667	1	-0.064750
5.783333	1	-0.063500
5.800000	1	-0.062250
5.816667	1	-0.061375
5.833333	1	-0.059750
5.850000	1	-0.059125
5.866667	1	-0.057500
5.883333	1	-0.055250
5.900000	1	-0.053875
5.916667	1	-0.052875
5.933333	1	-0.050375
5.950000	1	-0.049000
5.966667	1	-0.047375
5.983333	1	-0.044875
6.000000	1	-0.042500
6.016667	1	-0.041000
6.033333	1	-0.039500
6.050000	1	-0.037750
6.066667	1	-0.035750
6.083333	1	-0.033250
6.100000	1	-0.030875
6.116667	1	-0.028750
6.133333	1	-0.027125
6.150000	1	-0.024625
6.166667	1	-0.022375
6.183333	1	-0.019875
6.200000	1	-0.017375
6.216667	1	-0.015250
6.233333	1	-0.013125
6.250000	1	-0.011375
6.266667	1	-0.009500
6.283333	1	-0.007375
6.300000	1	-0.005500
6.316667	1	-0.003625
6.333333	1	-0.002000
6.350000	1	-0.000250
6.366667	1	0.001125
6.383333	1	0.002750
6.400000	1	0.004500
6.416667	1	0.007000
6.433333	1	0.009000
6.450000	1	0.010500
6.466667	1	0.011000
6.483333	1	0.012875
6.500000	1	0.014500
6.516667	1	0.015500
6.533333	1	0.016875
6.550000	1	0.018125
6.566667	1	0.019875
6.583333	1	0.020875
6.600000	1	0.022000
6.616667	1	0.022375
6.633333	1	0.022750
6.650000	1	0.023500
6.666667	1	0.023875
6.683333	1	0.024000
6.700000	1	0.024375
6.716667	1	0.025000
6.733333	1	0.024500
6.750000	1	0.024750
6.766667	1	0.024750
6.783333	1	0.024750
6.800000	1	0.025000
6.816667	1	0.024375
6.833333	1	0.024250
6.850000	1	0.024000
6.866667	1	0.023625
6.883333	1	0.023500
6.900000	1	0.023125
6.916667	1	0.022250
6.933333	1	0.021875
6.950000	1	0.021875
6.966667	1	0.021500
6.983333	1	0.020875
7.000000	1	0.021250
7.016667	1	0.021750
7.033333	1	0.021125
7.050000	1	0.021000
7.066667	1	0.020375
7.083333	1	0.020500
7.100000	1	0.020375
7.116667	1	0.020500
7.133333	1	0.020750
7.150000	1	0.020500
7.166667	1	0.020250
7.183333	1	0.020000
7.200000	1	0.019875
7.216667	1	0.019875
7.233333	1	0.019750
7.250000	1	0.019875
7.266667	1	0.020500
7.283333	1	0.021000
7.300000	1	0.021000
7.316667	1	0.020500
7.333333	1	0.020875
7.350000	1	0.020375
7.366667	1	0.020375
7.383333	1	0.020625
7.400000	1	0.021125
7.416667	1	0.021125
7.433333	1	0.021500
7.450000	1	0.021625
7.466667	1	0.021875
7.483333	1	0.022625
7.500000	1	0.022875
7.516667	1	0.022625
7.533333	1	0.023000
7.550000	1	0.023000
7.566667	1	0.022625
7.583333	1	0.022625
7.600000	1	0.022625
7.616667	1	0.022875
7.633333	1	0.023125
7.650000	1	0.022625
7.666667	1	0.022500
7.683333	1	0.021875
7.700000	1	0.021500
7.716667	1	0.021000
7.733333	1	0.020750
7.750000	1	0.020375
7.766667	1	0.019625
7.783333	1	0.019125
7.800000	1	0.018625
7.816667	1	0.017750
7.833333	1	0.017125
7.850000	1	0.016625
7.866667	1	0.016000
7.883333	1	0.015750
7.900000	1	0.014750
7.916667	1	0.014500
7.933333	1	0.013500
7.950000	1	0.012625
7.966667	1	0.011500
7.983333	1	0.010750
8.000000	1	0.010375
8.016667	1	0.009375
8.033333	1	0.008375
8.050000	1	0.007500
8.066667	1	0.006250
8.083333	1	0.005250
8.100000	1	0.004375
8.116667	1	0.002500
8.133333	1	0.001250
8.150000	1	-0.000375
8.166667	1	-0.001625
8.183333	1	-0.002875
8.200000	1	-0.004500
8.216667	1	-0.006625
8.233333	1	-0.008375
8.250000	1	-0.010250
8.266667	1	-0.011625
8.283333	1	-0.014250
8.300000	1	-0.016125
8.316667	1	-0.018125
8.333333	1	-0.021000
8.350000	1	-0.022875
8.366667	1	-0.025500
8.383333	1	-0.028375
8.400000	1	-0.030875
8.416667	1	-0.033500
8.433333	1	-0.036250
8.450000	1	-0.039375
8.466667	1	-0.042000
8.483333	1	-0.045125
8.500000	1	-0.047375
8.516667	1	-0.050125
8.533333	1	-0.052750
8.550000	1	-0.055375
8.566667	1	-0.058250
8.583333	1	-0.061750
8.600000	1	-0.063750
8.616667	1	-0.066000
8.633333	1	-0.068250
8.650000	1	-0.069875
8.666667	1	-0.071875
8.683333	1	-0.074500
8.700000	1	-0.076500
8.716667	1	-0.078375
8.733333	1	-0.080250
8.750000	1	-0.081625
8.766667	1	-0.083375
8.783333	1	-0.084375
8.800000	1	-0.085875
8.816667	1	-0.087625
8.833333	1	-0.089250
8.850000	1	-0.090250
8.866667	1	-0.091125
8.883333	1	-0.092125
8.900000	1	-0.092375
8.916667	1	-0.092750
8.933333	1	-0.093250
8.950000	1	-0.093750
8.966667	1	-0.094250
8.983333	1	-0.095125
9.000000	1	-0.094875
9.016667	1	-0.095125
9.033333	1	-0.095125
9.050000	1	-0.095875
9.066667	1	-0.095875
9.083333	1	-0.096250
9.100000	1	-0.096000
9.116667	1	-0.096500
9.133333	1	-0.096500
9.150000	1	-0.097000
9.166667	1	-0.096375
9.183333	1	-0.096125
9.200000	1	-0.096125
9.216667	1	-0.095250
9.233333	1	-0.094750
9.250000	1	-0.094500
9.266667	1	-0.094375
9.283333	1	-0.094125
9.300000	1	-0.093750
9.316667	1	-0.093000
9.333333	1	-0.092500
9.350000	1	-0.092375
9.366667	1	-0.091875
9.383333	1	-0.090375
9.400000	1	-0.088875
9.416667	1	-0.087500
9.433333	1	-0.085625
9.450000	1	-0.084000
9.466667	1	-0.082250
9.483333	1	-0.080125
9.500000	1	-0.077250
9.516667	1	-0.074375
9.533333	1	-0.071500
9.550000	1	-0.068750
9.566667	1	-0.065375
9.583333	1	-0.061875
9.600000	1	-0.057625
9.616667	1	-0.053000
9.633333	1	-0.047750
9.650000	1	-0.042375
9.666667	1	-0.036125
9.683333	1	-0.029250
9.700000	1	-0.021500
9.716667	1	-0.013000
9.733333	1	-0.002250
9.750000	1	0.008750
9.766667	1	0.022375
9.783333	1	0.038500
9.800000	1	0.056625
9.816667	1	0.077375
9.833333	1	0.101125
9.850000	1	0.128625
9.866667	1	0.159000
9.883333	1	0.193000
9.900000	1	0.229875
9.916667	1	0.270000
9.933333	1	0.312750
9.950000	1	0.358375
9.966667	1	0.406750
9.983333	1	0.458375
10.000000	1	0.513750
10.016667	1	0.572500
10.033333	1	0.633500
10.050000	1	0.693000
10.066667	1	0.744625
10.083333	1	0.780000
10.100000	1	0.791000
10.116667	1	0.771875
10.133333	1	0.725875
10.150000	1	0.660750
10.166667	1	0.593250
10.183333	1	0.545750
10.200000	1	0.547000
10.216667	1	0.631750
10.233333	1	0.836625
10.250000	1	1.203000
10.266667	1	1.774875
10.283333	1	2.597000
10.300000	1	3.716250
10.316667	1	5.179375
10.333333	1	7.030125
10.350000	1	9.310500
10.366667	1	12.055375
10.383333	1	15.298500
10.400000	1	19.070875
10.416667	1	23.394125
10.433333	1	28.286500
10.450000	1	33.741875
10.466667	1	39.754750
10.483333	1	46.298250
10.500000	1	53.316500
10.516667	1	60.716625
10.533333	1	68.355375
10.550000	1	76.050250
10.566667	1	83.568125
10.583333	1	90.660125
10.600000	1	97.075000
10.616667	1	102.562125
10.633333	1	106.892375
10.650000	1	109.880375
10.666667	1	111.384125
10.683333	1	111.305000
10.700000	1	109.600125
10.716667	1	106.303250
10.733333	1	101.539750
10.750000	1	95.520750
10.766667	1	88.533500
10.783333	1	80.893000
10.800000	1	72.925375
10.816667	1	64.937625
10.833333	1	57.202125
10.850000	1	49.931625
10.866667	1	43.275250
10.883333	1	37.327875
10.900000	1	32.131875
10.916667	1	27.684375
10.933333	1	23.946375
10.950000	1	20.853250
10.966667	1	18.323875
10.983333	1	16.274250
11.000000	1	14.621125
11.016667	1	13.288500
11.033333	1	12.209750
11.050000	1	11.329625
11.066667	1	10.601375
11.083333	1	9.988250
11.100000	1	9.460125
11.116667	1	8.996875
11.133333	1	8.579875
11.150000	1	8.196250
11.166667	1	7.838000
11.183333	1	7.499625
11.200000	1	7.175500
11.216667	1	6.863625
11.233333	1	6.562750
11.250000	1	6.272125
11.266667	1	5.992250
11.283333	1	5.724125
11.300000	1	5.467500
11.316667	1	5.224375
11.333333	1	4.993750
11.350000	1	4.777375
11.366667	1	4.575625
11.383333	1	4.390625
11.400000	1	4.222875
11.416667	1	4.072750
11.433333	1	3.940125
11.450000	1	3.825500
11.466667	1	3.727750
11.483333	1	3.645500
11.500000	1	3.576875
11.516667	1	3.518500
11.533333	1	3.469000
11.550000	1	3.425625
11.566667	1	3.385875
11.583333	1	3.348375
11.600000	1	3.312625
11.616667	1	3.277500
11.633333	1	3.242625
11.650000	1	3.209250
11.666667	1	3.177500
11.683333	1	3.146875
11.700000	1	3.117250
11.716667	1	3.088250
11.733333	1	3.060000
11.750000	1	3.031375
11.766667	1	3.000375
11.783333	1	2.968500
11.800000	1	2.934375
11.816667	1	2.899125
11.833333	1	2.862625
11.850000	1	2.824500
11.866667	1	2.786500
11.883333	1	2.748125
11.900000	1	2.709750
11.916667	1	2.670875
11.933333	1	2.632500
11.950000	1	2.595125
11.966667	1	2.558375
11.983333	1	2.522250
12.000000	1	2.486625
12.016667	1	2.451500
12.033333	1	2.417500
12.050000	1	2.383125
12.066667	1	2.349250
12.083333	1	2.315750
12.100000	1	2.282375
12.116667	1	2.249625
12.133333	1	2.217750
12.150000	1	2.186875
12.166667	1	2.156625
12.183333	1	2.127250
12.200000	1	2.099375
12.216667	1	2.072500
12.233333	1	2.048500
12.250000	1	2.025875
12.266667	1	2.005250
12.283333	1	1.986875
12.300000	1	1.971750
12.316667	1	1.959250
12.333333	1	1.951750
12.350000	1	1.948750
12.366667	1	1.950625
12.383333	1	1.959875
12.400000	1	1.977625
12.416667	1	2.005250
12.433333	1	2.044250
12.450000	1	2.096875
12.466667	1	2.166375
12.483333	1	2.255125
12.500000	1	2.368000
12.516667	1	2.508875
12.533333	1	2.681375
12.550000	1	2.891250
12.566667	1	3.141250
12.583333	1	3.435500
12.600000	1	3.775125
12.616667	1	4.160500
12.633333	1	4.588500
12.650000	1	5.057500
12.666667	1	5.562875
12.683333	1	6.097500
12.700000	1	6.656500
12.716667	1	7.232250
12.733333	1	7.819000
12.750000	1	8.412375
12.766667	1	9.008875
12.783333	1	9.606000
12.800000	1	10.204125
12.816667	1	10.802750
12.833333	1	11.404125
12.850000	1	12.008750
12.866667	1	12.618500
12.883333	1	13.234500
12.900000	1	13.857375
12.916667	1	14.485375
12.933333	1	15.115625
12.950000	1	15.742750
12.966667	1	16.361125
12.983333	1	16.962125
13.000000	1	17.535500
13.016667	1	18.071125
13.033333	1	18.562250
13.050000	1	18.999750
13.066667	1	19.376000
13.083333	1	19.687375
13.100000	1	19.927375
13.116667	1	20.095250
13.133333	1	20.188875
13.150000	1	20.210750
13.166667	1	20.161500
13.183333	1	20.046125
13.200000	1	19.869625
13.216667	1	19.637000
13.233333	1	19.353750
13.250000	1	19.026750
13.266667	1	18.661125
13.283333	1	18.263000
13.300000	1	17.837250
13.316667	1	17.389000
13.333333	1	16.924500
13.350000	1	16.447500
13.366667	1	15.961125
13.383333	1	15.468125
13.400000	1	14.973125
13.416667	1	14.476750
13.433333	1	13.982125
13.450000	1	13.487875
13.466667	1	12.994500
13.483333	1	12.501375
13.500000	1	12.007375
13.516667	1	11.511750
13.533333	1	11.012750
13.550000	1	10.508500
13.566667	1	9.999125
13.583333	1	9.485750
13.600000	1	8.972125
13.616667	1	8.461000
13.633333	1	7.957875
13.650000	1	7.466875
13.666667	1	6.992375
13.683333	1	6.539625
13.700000	1	6.112250
13.716667	1	5.713375
13.733333	1	5.344000
13.750000	1	5.006375
13.766667	1	4.699250
13.783333	1	4.421375
13.800000	1	4.171250
13.816667	1	3.947000
13.833333	1	3.745125
13.850000	1	3.563375
13.866667	1	3.398750
13.883333	1	3.249875
13.900000	1	3.115375
13.916667	1	2.992750
13.933333	1	2.879375
13.950000	1	2.774500
13.966667	1	2.677750
13.983333	1	2.587750
14.000000	1	2.504250
14.016667	1	2.425875
14.033333	1	2.354000
14.050000	1	2.285750
14.066667	1	2.222375
14.083333	1	2.163500
14.100000	1	2.108250
14.116667	1	2.055875
14.133333	1	2.007250
14.150000	1	1.962500
14.166667	1	1.921125
14.183333	1	1.883125
14.200000	1	1.849375
14.216667	1	1.820000
14.233333	1	1.795875
14.250000	1	1.776625
14.266667	1	1.763625
14.283333	1	1.758250
14.300000	1	1.760875
14.316667	1	1.771625
14.333333	1	1.791625
14.350000	1	1.822375
14.366667	1	1.864125
14.383333	1	1.917125
14.400000	1	1.982875
14.416667	1	2.061875
14.433333	1	2.155000
14.450000	1	2.264000
14.466667	1	2.386875
14.483333	1	2.525750
14.500000	1	2.680875
14.516667	1	2.852000
14.533333	1	3.039000
14.550000	1	3.242500
14.566667	1	3.462500
14.583333	1	3.696750
14.600000	1	3.946500
14.616667	1	4.210000
14.633333	1	4.485875
14.650000	1	4.773000
14.666667	1	5.067750
14.683333	1	5.367250
14.700000	1	5.666875
14.716667	1	5.962750
14.733333	1	6.251125
14.750000	1	6.529375
14.766667	1	6.796500
14.783333	1	7.051000
14.800000	1	7.295750
14.816667	1	7.534125
14.833333	1	7.773750
14.850000	1	8.022125
14.866667	1	8.289125
14.883333	1	8.586500
14.900000	1	8.923875
14.916667	1	9.309750
14.933333	1	9.750625
14.950000	1	10.249500
14.966667	1	10.805375
14.983333	1	11.410500
15.000000	1	12.056500
15.016667	1	12.729500
15.033333	1	13.415875
15.050000	1	14.098000
15.066667	1	14.760625
15.083333	1	15.389125
15.100000	1	15.971750
15.116667	1	16.500000
15.133333	1	16.965125
15.150000	1	17.365500
15.166667	1	17.698250
15.183333	1	17.962625
15.200000	1	18.158375
15.216667	1	18.285125
15.233333	1	18.341250
15.250000	1	18.328125
15.266667	1	18.242750
15.283333	1	18.084500
15.300000	1	17.853875
15.316667	1	17.551750
15.333333	1	17.178875
15.350000	1	16.740625
15.366667	1	16.241375
15.383333	1	15.687750
15.400000	1	15.086750
15.416667	1	14.445875
15.433333	1	13.774500
15.450000	1	13.079875
15.466667	1	12.371125
15.483333	1	11.656875
15.500000	1	10.946125
15.516667	1	10.244625
15.533333	1	9.560500
15.550000	1	8.899625
15.566667	1	8.267375
15.583333	1	7.668250
15.600000	1	7.104375
15.616667	1	6.578625
15.633333	1	6.093000
15.650000	1	5.648000
15.666667	1	5.244625
15.683333	1	4.881250
15.700000	1	4.556250
15.716667	1	4.268250
15.733333	1	4.015750
15.750000	1	3.795250
15.766667	1	3.604000
15.783333	1	3.440375
15.800000	1	3.300875
15.816667	1	3.183500
15.833333	1	3.086500
15.850000	1	3.008375
15.866667	1	2.948000
15.883333	1	2.905000
15.900000	1	2.877375
15.916667	1	2.864875
15.933333	1	2.866125
15.950000	1	2.882000
15.966667	1	2.909250
15.983333	1	2.947375
16.000000	1	2.995125
16.016667	1	3.049250
16.033333	1	3.109125
16.050000	1	3.173250
16.066667	1	3.239625
16.083333	1	3.306500
16.100000	1	3.373500
16.116667	1	3.440750
16.133333	1	3.508750
16.150000	1	3.577875
16.166667	1	3.651250
16.183333	1	3.728750
16.200000	1	3.812875
16.216667	1	3.905500
16.233333	1	4.006625
16.250000	1	4.116375
16.266667	1	4.233500
16.283333	1	4.355875
16.300000	1	4.482000
16.316667	1	4.607875
16.333333	1	4.730500
16.350000	1	4.846125
16.366667	1	4.951125
16.383333	1	5.044000
16.400000	1	5.122500
16.416667	1	5.185625
16.433333	1	5.232500
16.450000	1	5.263500
16.466667	1	5.280250
16.483333	1	5.282125
16.500000	1	5.270625
16.516667	1	5.247625
16.533333	1	5.213500
16.550000	1	5.169250
16.566667	1	5.115125
16.583333	1	5.051125
16.600000	1	4.978000
16.616667	1	4.895375
16.633333	1	4.803750
16.650000	1	4.702125
16.666667	1	4.591875
16.683333	1	4.472875
16.700000	1	4.345875
16.716667	1	4.212625
16.733333	1	4.074625
16.750000	1	3.931875
16.766667	1	3.786375
16.783333	1	3.639875
16.800000	1	3.494000
16.816667	1	3.350250
16.833333	1	3.209250
16.850000	1	3.072250
16.866667	1	2.940625
16.883333	1	2.814125
16.900000	1	2.694375
16.916667	1	2.582375
16.933333	1	2.476750
16.950000	1	2.378875
16.966667	1	2.288375
16.983333	1	2.206250
17.000000	1	2.131750
17.016667	1	2.062750
17.033333	1	2.001250
17.050000	1	1.945875
17.066667	1	1.896375
17.083333	1	1.852625
17.100000	1	1.813625
17.116667	1	1.779000
17.133333	1	1.748000
17.150000	1	1.721500
17.166667	1	1.697500
17.183333	1	1.677125
17.200000	1	1.658750
17.216667	1	1.641500
17.233333	1	1.625375
17.250000	1	1.610500
17.266667	1	1.597625
17.283333	1	1.584500
17.300000	1	1.571750
17.316667	1	1.559500
17.333333	1	1.547500
17.350000	1	1.535250
17.366667	1	1.523375
17.383333	1	1.511750
17.400000	1	1.500625
17.416667	1	1.489500
17.433333	1	1.478625
17.450000	1	1.468125
17.466667	1	1.457250
17.483333	1	1.448000
17.500000	1	1.438125
17.516667	1	1.428875
17.533333	1	1.419625
17.550000	1	1.411000
17.566667	1	1.403125
17.583333	1	1.395500
17.600000	1	1.387750
17.616667	1	1.381625
17.633333	1	1.375875
17.650000	1	1.370250
17.666667	1	1.365625
17.683333	1	1.361625
17.700000	1	1.358625
17.716667	1	1.356500
17.733333	1	1.356000
17.750000	1	1.356875
17.766667	1	1.359000
17.783333	1	1.363125
17.800000	1	1.368875
17.816667	1	1.375750
17.833333	1	1.384625
17.850000	1	1.395250
17.866667	1	1.407625
17.883333	1	1.422875
17.900000	1	1.439500
17.916667	1	1.458125
17.933333	1	1.477500
17.950000	1	1.498250
17.966667	1	1.520500
17.983333	1	1.543750
18.000000	1	1.568500
18.016667	1	1.593750
18.033333	1	1.618625
18.050000	1	1.644375
18.066667	1	1.670625
18.083333	1	1.695375
18.100000	1	1.719625
18.116667	1	1.742750
18.133333	1	1.765125
18.150000	1	1.786750
18.166667	1	1.807875
18.183333	1	1.827500
18.200000	1	1.845375
18.216667	1	1.862000
18.233333	1	1.877625
18.250000	1	1.890750
18.266667	1	1.901625
18.283333	1	1.910750
18.300000	1	1.916750
18.316667	1	1.921500
18.333333	1	1.924250
18.350000	1	1.925000
18.366667	1	1.923375
18.383333	1	1.919500
18.400000	1	1.914125
18.416667	1	1.906000
18.433333	1	1.896625
18.450000	1	1.885250
18.466667	1	1.872875
18.483333	1	1.859250
18.500000	1	1.844750
18.516667	1	1.829500
18.533333	1	1.813000
18.550000	1	1.795500
18.566667	1	1.778125
18.583333	1	1.760000
18.600000	1	1.741625
18.616667	1	1.723250
18.633333	1	1.703625
18.650000	1	1.683875
18.666667	1	1.663750
18.683333	1	1.643375
18.700000	1	1.622250
18.716667	1	1.600500
18.733333	1	1.580000
18.750000	1	1.559625
18.766667	1	1.539375
18.783333	1	1.519250
18.800000	1	1.499750
18.816667	1	1.480125
18.833333	1	1.461125
18.850000	1	1.442625
18.866667	1	1.424250
18.883333	1	1.406625
18.900000	1	1.389625
18.916667	1	1.372375
18.933333	1	1.356750
18.950000	1	1.341375
18.966667	1	1.326750
18.983333	1	1.312000
19.000000	1	1.297875
19.016667	1	1.284000
19.033333	1	1.271000
19.050000	1	1.259000
19.066667	1	1.247625
19.083333	1	1.237250
19.100000	1	1.228375
19.116667	1	1.221000
19.133333	1	1.215000
19.150000	1	1.210750
19.166667	1	1.209375
19.183333	1	1.210250
19.200000	1	1.214750
19.216667	1	1.221500
19.233333	1	1.231750
19.250000	1	1.245625
19.266667	1	1.261625
19.283333	1	1.282125
19.300000	1	1.304875
19.316667	1	1.330000
19.333333	1	1.357500
19.350000	1	1.387500
19.366667	1	1.419375
19.383333	1	1.453000
19.400000	1	1.487000
19.416667	1	1.521125
19.433333	1	1.555000
19.450000	1	1.587750
19.466667	1	1.620000
19.483333	1	1.650625
19.500000	1	1.679875
19.516667	1	1.707250
19.533333	1	1.733125
19.550000	1	1.756625
19.566667	1	1.778375
19.583333	1	1.797750
19.600000	1	1.814375
19.616667	1	1.828500
19.633333	1	1.840125
19.650000	1	1.848875
19.666667	1	1.855000
19.683333	1	1.857625
19.700000	1	1.858125
19.716667	1	1.855750
19.733333	1	1.851000
19.750000	1	1.843125
19.766667	1	1.833500
19.783333	1	1.822250
19.800000	1	1.810125
19.816667	1	1.797000
19.833333	1	1.783125
19.850000	1	1.770375
19.866667	1	1.758000
19.883333	1	1.748250
19.900000	1	1.741625
19.916667	1	1.738500
19.933333	1	1.739250
19.950000	1	1.745500
19.966667	1	1.757000
19.983333	1	1.774375
20.000000	1	1.796750
20.016667	1	1.823500
20.033333	1	1.855125
20.050000	1	1.889875
20.066667	1	1.928125
20.083333	1	1.969000
20.100000	1	2.011500
20.116667	1	2.054000
20.133333	1	2.097250
20.150000	1	2.139875
20.166667	1	2.180625
20.183333	1	2.219875
20.200000	1	2.257875
20.216667	1	2.294125
20.233333	1	2.328125
20.250000	1	2.359375
20.266667	1	2.388375
20.283333	1	2.415500
20.300000	1	2.439875
20.316667	1	2.461875
20.333333	1	2.482250
20.350000	1	2.499000
20.366667	1	2.514500
20.383333	1	2.527500
20.400000	1	2.539125
20.416667	1	2.548625
20.433333	1	2.556625
20.450000	1	2.562125
20.466667	1	2.566250
20.483333	1	2.569625
20.500000	1	2.571250
20.516667	1	2.571375
20.533333	1	2.570000
20.550000	1	2.568875
20.566667	1	2.565625
20.583333	1	2.562000
20.600000	1	2.556250
20.616667	1	2.549250
20.633333	1	2.541750
20.650000	1	2.532375
20.666667	1	2.521625
20.683333	1	2.509750
20.700000	1	2.496500
20.716667	1	2.482750
20.733333	1	2.468375
20.750000	1	2.453625
20.766667	1	2.439125
20.783333	1	2.424500
20.800000	1	2.410750
20.816667	1	2.397500
20.833333	1	2.385250
20.850000	1	2.372875
20.866667	1	2.361375
20.883333	1	2.350000
20.900000	1	2.339250
20.916667	1	2.328625
20.933333	1	2.316875
20.950000	1	2.304250
20.966667	1	2.291000
20.983333	1	2.276250
21.000000	1	2.259875
21.016667	1	2.241625
21.033333	1	2.220000
21.050000	1	2.195750
21.066667	1	2.169000
21.083333	1	2.139375
21.100000	1	2.106000
21.116667	1	2.071000
21.133333	1	2.033625
21.150000	1	1.994000
21.166667	1	1.952750
21.183333	1	1.911500
21.200000	1	1.869125
21.216667	1	1.826625
21.233333	1	1.784625
21.250000	1	1.743375
21.266667	1	1.703500
21.283333	1	1.665250
21.300000	1	1.628250
21.316667	1	1.593375
21.333333	1	1.560125
21.350000	1	1.528625
21.366667	1	1.498625
21.383333	1	1.470250
21.400000	1	1.443375
21.416667	1	1.417750
21.433333	1	1.392500
21.450000	1	1.367500
21.466667	1	1.343000
21.483333	1	1.317750
21.500000	1	1.292250
21.516667	1	1.266500
21.533333	1	1.240375
21.550000	1	1.213125
21.566667	1	1.185375
21.583333	1	1.157500
21.600000	1	1.128500
21.616667	1	1.099875
21.633333	1	1.071250
21.650000	1	1.043000
21.666667	1	1.014250
21.683333	1	0.986250
21.700000	1	0.958875
21.716667	1	0.932375
21.733333	1	0.907750
21.750000	1	0.884000
21.766667	1	0.861875
21.783333	1	0.841250
21.800000	1	0.822875
21.816667	1	0.805875
21.833333	1	0.791250
21.850000	1	0.779125
21.866667	1	0.769250
21.883333	1	0.762125
21.900000	1	0.757750
21.916667	1	0.758125
21.933333	1	0.760875
21.950000	1	0.767875
21.966667	1	0.778500
21.983333	1	0.793875
22.000000	1	0.813875
22.016667	1	0.838375
22.033333	1	0.867125
22.050000	1	0.900375
22.066667	1	0.937875
22.083333	1	0.979750
22.100000	1	1.025250
22.116667	1	1.073625
22.133333	1	1.124375
22.150000	1	1.178125
22.166667	1	1.233125
22.183333	1	1.289750
22.200000	1	1.346750
22.216667	1	1.402500
22.233333	1	1.458875
22.250000	1	1.514000
22.266667	1	1.567125
22.283333	1	1.617875
22.300000	1	1.666875
22.316667	1	1.712625
22.333333	1	1.755000
22.350000	1	1.793375
22.366667	1	1.829000
22.383333	1	1.859625
22.400000	1	1.886000
22.416667	1	1.908250
22.433333	1	1.925500
22.450000	1	1.936500
22.466667	1	1.942750
22.483333	1	1.943000
22.500000	1	1.938000
22.516667	1	1.926875
22.533333	1	1.909750
22.550000	1	1.886500
22.566667	1	1.858000
22.583333	1	1.824500
22.600000	1	1.785250
22.616667	1	1.741250
22.633333	1	1.694250
22.650000	1	1.642875
22.666667	1	1.589125
22.683333	1	1.533250
22.700000	1	1.476375
22.716667	1	1.418875
22.733333	1	1.361125
22.750000	1	1.305750
22.766667	1	1.251250
22.783333	1	1.200000
22.800000	1	1.150500
22.816667	1	1.104250
22.833333	1	1.061875
22.850000	1	1.022250
22.866667	1	0.986000
22.883333	1	0.953500
22.900000	1	0.924625
22.916667	1	0.899000
22.933333	1	0.877000
22.950000	1	0.857125
22.966667	1	0.840125
22.983333	1	0.825625
23.000000	1	0.813250
23.016667	1	0.802375
23.033333	1	0.792625
23.050000	1	0.784375
23.066667	1	0.777250
23.083333	1	0.770875
23.100000	1	0.765125
23.116667	1	0.760375
23.133333	1	0.755750
23.150000	1	0.751250
23.166667	1	0.747125
23.183333	1	0.743000
23.200000	1	0.739125
23.216667	1	0.734750
23.233333	1	0.730125
23.250000	1	0.725500
23.266667	1	0.720625
23.283333	1	0.715750
23.300000	1	0.709750
23.316667	1	0.703500
23.333333	1	0.696875
23.350000	1	0.690000
23.366667	1	0.683375
23.383333	1	0.676125
23.400000	1	0.669500
23.416667	1	0.662125
23.433333	1	0.653750
23.450000	1	0.645875
23.466667	1	0.637875
23.483333	1	0.629625
23.500000	1	0.621875
23.516667	1	0.613625
23.533333	1	0.605500
23.550000	1	0.597750
23.566667	1	0.590875
23.583333	1	0.583625
23.600000	1	0.576875
23.616667	1	0.570875
23.633333	1	0.565625
23.650000	1	0.561250
23.666667	1	0.558125
23.683333	1	0.556125
23.700000	1	0.555875
23.716667	1	0.558000
23.733333	1	0.562625
23.750000	1	0.570125
23.766667	1	0.581125
23.783333	1	0.596500
23.800000	1	0.617500
23.816667	1	0.642250
23.833333	1	0.673000
23.850000	1	0.709500
23.866667	1	0.753250
23.883333	1	0.804250
23.900000	1	0.862625
23.916667	1	0.928875
23.933333	1	1.002125
23.950000	1	1.082500
23.966667	1	1.169625
23.983333	1	1.262750
24.000000	1	1.361500
24.016667	1	1.465750
24.033333	1	1.573375
24.050000	1	1.684875
24.066667	1	1.797125
24.083333	1	1.910250
24.100000	1	2.023125
24.116667	1	2.135000
24.133333	1	2.245000
24.150000	1	2.351875
24.166667	1	2.455500
24.183333	1	2.554250
24.200000	1	2.648250
24.216667	1	2.737375
24.233333	1	2.820875
24.250000	1	2.898125
24.266667	1	2.969500
24.283333	1	3.034125
24.300000	1	3.092375
24.316667	1	3.144000
24.333333	1	3.189125
24.350000	1	3.226625
24.366667	1	3.255875
24.383333	1	3.276125
24.400000	1	3.288125
24.416667	1	3.291375
24.433333	1	3.285500
24.450000	1	3.269500
24.466667	1	3.243750
24.483333	1	3.209375
24.500000	1	3.164375
24.516667	1	3.110750
24.533333	1	3.047875
24.550000	1	2.976875
24.566667	1	2.898625
24.583333	1	2.813625
24.600000	1	2.722375
24.616667	1	2.625875
24.633333	1	2.526125
24.650000	1	2.423875
24.666667	1	2.321125
24.683333	1	2.217625
24.700000	1	2.114875
24.716667	1	2.013750
24.733333	1	1.914750
24.750000	1	1.819000
24.766667	1	1.728375
24.783333	1	1.641500
24.800000	1	1.560000
24.816667	1	1.483125
24.833333	1	1.411750
24.850000	1	1.346625
24.866667	1	1.286500
24.883333	1	1.232125
24.900000	1	1.182125
24.916667	1	1.137375
24.933333	1	1.096750
24.950000	1	1.060750
24.966667	1	1.028500
24.983333	1	0.999750
25.000000	1	0.974250
25.016667	1	0.951750
25.033333	1	0.931875
25.050000	1	0.913500
25.066667	1	0.896375
25.083333	1	0.880625
25.100000	1	0.866000
25.116667	1	0.852250
25.133333	1	0.838500
25.150000	1	0.825250
25.166667	1	0.812000
25.183333	1	0.799250
25.200000	1	0.786375
25.216667	1	0.773250
25.233333	1	0.759250
25.250000	1	0.745125
25.266667	1	0.731125
25.283333	1	0.716250
25.300000	1	0.700750
25.316667	1	0.684875
25.333333	1	0.668500
25.350000	1	0.651750
25.366667	1	0.635250
25.383333	1	0.618125
25.400000	1	0.602125
25.416667	1	0.585500
25.433333	1	0.568750
25.450000	1	0.553000
25.466667	1	0.537750
25.483333	1	0.522625
25.500000	1	0.508000
25.516667	1	0.494125
25.533333	1	0.481625
25.550000	1	0.469375
25.566667	1	0.458750
25.583333	1	0.448625
25.600000	1	0.439375
25.616667	1	0.431000
25.633333	1	0.423500
25.650000	1	0.417125
25.666667	1	0.411375
25.683333	1	0.407125
25.700000	1	0.403000
25.716667	1	0.400000
25.733333	1	0.397500
25.750000	1	0.396125
25.766667	1	0.395750
25.783333	1	0.395500
25.800000	1	0.395250
25.816667	1	0.396000
25.833333	1	0.397250
25.850000	1	0.398125
25.866667	1	0.400625
25.883333	1	0.402750
25.900000	1	0.405375
25.916667	1	0.408125
25.933333	1	0.410375
25.950000	1	0.413125
25.966667	1	0.416125
25.983333	1	0.419375
26.000000	1	0.422625
26.016667	1	0.426125
26.033333	1	0.429000
26.050000	1	0.432125
26.066667	1	0.435000
26.083333	1	0.437625
26.100000	1	0.440500
26.116667	1	0.443250
26.133333	1	0.445375
26.150000	1	0.447250
26.166667	1	0.449000
26.183333	1	0.451250
26.200000	1	0.452875
26.216667	1	0.454000
26.233333	1	0.454875
26.250000	1	0.455875
26.266667	1	0.457000
26.283333	1	0.458375
26.300000	1	0.459375
26.316667	1	0.460250
26.333333	1	0.460875
26.350000	1	0.460875
26.366667	1	0.461750
26.383333	1	0.462500
26.400000	1	0.463000
26.416667	1	0.463875
26.433333	1	0.465000
26.450000	1	0.466000
26.466667	1	0.468000
26.483333	1	0.469875
26.500000	1	0.472000
26.516667	1	0.474000
26.533333	1	0.476500
26.550000	1	0.480125
26.566667	1	0.483250
26.583333	1	0.486500
26.600000	1	0.490000
26.616667	1	0.494375
26.633333	1	0.497625
26.650000	1	0.501000
26.666667	1	0.505625
26.683333	1	0.510000
26.700000	1	0.513875
26.716667	1	0.517500
26.733333	1	0.522125
26.750000	1	0.525375
26.766667	1	0.528375
26.783333	1	0.531750
26.800000	1	0.534125
26.816667	1	0.536500
26.833333	1	0.538375
26.850000	1	0.539250
26.866667	1	0.540750
26.883333	1	0.541000
26.900000	1	0.541125
26.916667	1	0.540875
26.933333	1	0.540875
26.950000	1	0.539750
26.966667	1	0.538125
26.983333	1	0.536625
27.000000	1	0.535125
27.016667	1	0.532125
27.033333	1	0.529000
27.050000	1	0.525875
27.066667	1	0.522500
27.083333	1	0.519000
27.100000	1	0.514625
27.116667	1	0.510250
27.133333	1	0.506500
27.150000	1	0.502125
27.166667	1	0.497750
27.183333	1	0.492375
27.200000	1	0.487500
27.216667	1	0.482000
27.233333	1	0.477000
27.250000	1	0.471375
27.266667	1	0.465125
27.283333	1	0.459125
27.300000	1	0.452500
27.316667	1	0.446000
27.333333	1	0.439000
27.350000	1	0.432375
27.366667	1	0.425625
27.383333	1	0.418875
27.400000	1	0.411750
27.416667	1	0.403875
27.433333	1	0.396250
27.450000	1	0.388875
27.466667	1	0.382000
27.483333	1	0.375250
27.500000	1	0.368250
27.516667	1	0.361625
27.533333	1	0.354875
27.550000	1	0.347625
27.566667	1	0.340875
27.583333	1	0.334875
27.600000	1	0.329750
27.616667	1	0.325125
27.633333	1	0.320375
27.650000	1	0.316375
27.666667	1	0.313250
27.683333	1	0.311625
27.700000	1	0.310125
27.716667	1	0.309750
27.733333	1	0.310750
27.750000	1	0.313500
27.766667	1	0.319000
27.783333	1	0.326875
27.800000	1	0.337250
27.816667	1	0.350375
27.833333	1	0.367625
27.850000	1	0.388875
27.866667	1	0.414500
27.883333	1	0.444250
27.900000	1	0.479375
27.916667	1	0.520250
27.933333	1	0.566500
27.950000	1	0.619750
27.966667	1	0.678125
27.983333	1	0.742625
28.000000	1	0.813875
28.016667	1	0.890750
28.033333	1	0.972625
28.050000	1	1.061375
28.066667	1	1.154750
28.083333	1	1.252500
28.100000	1	1.354125
28.116667	1	1.459500
28.133333	1	1.566625
28.150000	1	1.675500
28.166667	1	1.784375
28.183333	1	1.892500
28.200000	1	1.998500
28.216667	1	2.102500
28.233333	1	2.203875
28.250000	1	2.301875
28.266667	1	2.396125
28.283333	1	2.485375
28.300000	1	2.570250
28.316667	1	2.649125
28.333333	1	2.722250
28.350000	1	2.790000
28.366667	1	2.852250
28.383333	1	2.909500
28.400000	1	2.961500
28.416667	1	3.007625
28.433333	1	3.049000
28.450000	1	3.085000
28.466667	1	3.116625
28.483333	1	3.143875
28.500000	1	3.165750
28.516667	1	3.182375
28.533333	1	3.194000
28.550000	1	3.200875
28.566667	1	3.201875
28.583333	1	3.197250
28.600000	1	3.187000
28.616667	1	3.170250
28.633333	1	3.147625
28.650000	1	3.117500
28.666667	1	3.081000
28.683333	1	3.037625
28.700000	1	2.986500
28.716667	1	2.928250
28.733333	1	2.863750
28.750000	1	2.792250
28.766667	1	2.713375
28.783333	1	2.628500
28.800000	1	2.538500
28.816667	1	2.443125
28.833333	1	2.342500
28.850000	1	2.239125
28.866667	1	2.132625
28.883333	1	2.024250
28.900000	1	1.915000
28.916667	1	1.805500
28.933333	1	1.696125
28.950000	1	1.587625
28.966667	1	1.481000
28.983333	1	1.377375
29.000000	1	1.277375
29.016667	1	1.180250
29.033333	1	1.087875
29.050000	1	0.999375
29.066667	1	0.915875
29.083333	1	0.837000
29.100000	1	0.763250
29.116667	1	0.694625
29.133333	1	0.630125
29.150000	1	0.571750
29.166667	1	0.518375
29.183333	1	0.468750
29.200000	1	0.423750
29.216667	1	0.382875
29.233333	1	0.346625
29.250000	1	0.314500
29.266667	1	0.285125
29.283333	1	0.258750
29.300000	1	0.235625
29.316667	1	0.214750
29.333333	1	0.197500
29.350000	1	0.181500
29.366667	1	0.167875
29.383333	1	0.156500
29.400000	1	0.146375
29.416667	1	0.138625
29.433333	1	0.132875
29.450000	1	0.127375
29.466667	1	0.124750
29.483333	1	0.123250
29.500000	1	0.121750
29.516667	1	0.121625
29.533333	1	0.122500
29.550000	1	0.124125
29.566667	1	0.127500
29.583333	1	0.132000
29.600000	1	0.137000
29.616667	1	0.142625
29.633333	1	0.149375
29.650000	1	0.156500
29.666667	1	0.164750
29.683333	1	0.173875
29.700000	1	0.183500
29.716667	1	0.194500
29.733333	1	0.205125
29.750000	1	0.216250
29.766667	1	0.227500
29.783333	1	0.240625
29.800000	1	0.253125
29.816667	1	0.266125
29.833333	1	0.279125
29.850000	1	0.292125
29.866667	1	0.305125
29.883333	1	0.318625
29.900000	1	0.332000
29.916667	1	0.345125
29.933333	1	0.358125
29.950000	1	0.370375
29.966667	1	0.382250
29.983333	1	0.395375
30.000000	1	0.407125
30.016667	1	0.419000
30.033333	1	0.429750
30.050000	1	0.440500
30.066667	1	0.451375
30.083333	1	0.460625
30.100000	1	0.470125
30.116667	1	0.479000
30.133333	1	0.486500
30.150000	1	0.494250
30.166667	1	0.500625
30.183333	1	0.507625
30.200000	1	0.514125
30.216667	1	0.519750
30.233333	1	0.525250
30.250000	1	0.530500
30.266667	1	0.534375
30.283333	1	0.538250
30.300000	1	0.541750
30.316667	1	0.544875
30.333333	1	0.547375
30.350000	1	0.549375
30.366667	1	0.550875
30.383333	1	0.552625
30.400000	1	0.553125
30.416667	1	0.554250
30.433333	1	0.555125
30.450000	1	0.555125
30.466667	1	0.555000
30.483333	1	0.554250
30.500000	1	0.553875
30.516667	1	0.552875
30.533333	1	0.551500
30.550000	1	0.549750
30.566667	1	0.547125
30.583333	1	0.544625
30.600000	1	0.542000
30.616667	1	0.539500
30.633333	1	0.536500
30.650000	1	0.534125
30.666667	1	0.531375
30.683333	1	0.528125
30.700000	1	0.524625
30.716667	1	0.522625
30.733333	1	0.519875
30.750000	1	0.517625
30.766667	1	0.515375
30.783333	1	0.513250
30.800000	1	0.511875
30.816667	1	0.511500
30.833333	1	0.511250
30.850000	1	0.511625
30.866667	1	0.511375
30.883333	1	0.513125
30.900000	1	0.515375
30.916667	1	0.518625
30.933333	1	0.521875
30.950000	1	0.525500
30.966667	1	0.529375
30.983333	1	0.535000
31.000000	1	0.540000
31.016667	1	0.546500
31.033333	1	0.552750
31.050000	1	0.560250
31.066667	1	0.568625
31.083333	1	0.576500
31.100000	1	0.584625
31.116667	1	0.593000
31.133333	1	0.601500
31.150000	1	0.610250
31.166667	1	0.618250
31.183333	1	0.627125
31.200000	1	0.635750
31.216667	1	0.644000
31.233333	1	0.652000
31.250000	1	0.659500
31.266667	1	0.667000
31.283333	1	0.673500
31.300000	1	0.680500
31.316667	1	0.686625
31.333333	1	0.692375
31.350000	1	0.698000
31.366667	1	0.703375
31.383333	1	0.708000
31.400000	1	0.712500
31.416667	1	0.716500
31.433333	1	0.719500
31.450000	1	0.722375
31.466667	1	0.724875
31.483333	1	0.726375
31.500000	1	0.727250
31.516667	1	0.727500
31.533333	1	0.727000
31.550000	1	0.725375
31.566667	1	0.723750
31.583333	1	0.721375
31.600000	1	0.718000
31.616667	1	0.713750
31.633333	1	0.709375
31.650000	1	0.704375
31.666667	1	0.697375
31.683333	1	0.690875
31.700000	1	0.683250
31.716667	1	0.674875
31.733333	1	0.666375
31.750000	1	0.657375
31.766667	1	0.647625
31.783333	1	0.638375
31.800000	1	0.628000
31.816667	1	0.617750
31.833333	1	0.607125
31.850000	1	0.597250
31.866667	1	0.587375
31.883333	1	0.578125
31.900000	1	0.569250
31.916667	1	0.560625
31.933333	1	0.552250
31.950000	1	0.544375
31.966667	1	0.537500
31.983333	1	0.530875
32.000000	1	0.525375
32.016667	1	0.520375
32.033333	1	0.516625
32.050000	1	0.513375
32.066667	1	0.511125
32.083333	1	0.509500
32.100000	1	0.509125
32.116667	1	0.509125
32.133333	1	0.510250
32.150000	1	0.512000
32.166667	1	0.514000
32.183333	1	0.517625
32.200000	1	0.521375
32.216667	1	0.526000
32.233333	1	0.531500
32.250000	1	0.537750
32.266667	1	0.544750
32.283333	1	0.551125
32.300000	1	0.558250
32.316667	1	0.565625
32.333333	1	0.573250
32.350000	1	0.581875
32.366667	1	0.589750
32.383333	1	0.597875
32.400000	1	0.606500
32.416667	1	0.614250
32.433333	1	0.622625
32.450000	1	0.630875
32.466667	1	0.639000
32.483333	1	0.646625
32.500000	1	0.653250
32.516667	1	0.660375
32.533333	1	0.666875
32.550000	1	0.672750
32.566667	1	0.678625
32.583333	1	0.684875
32.600000	1	0.690250
32.616667	1	0.694000
32.633333	1	0.698500
32.650000	1	0.702250
32.666667	1	0.705000
32.683333	1	0.707125
32.700000	1	0.708500
32.716667	1	0.709625
32.733333	1	0.709500
32.750000	1	0.709750
32.766667	1	0.709250
32.783333	1	0.708125
32.800000	1	0.706375
32.816667	1	0.703500
32.833333	1	0.699625
32.850000	1	0.694750
32.866667	1	0.689125
32.883333	1	0.684125
32.900000	1	0.678375
32.916667	1	0.671500
32.933333	1	0.663750
32.950000	1	0.655250
32.966667	1	0.646375
32.983333	1	0.637000
33.000000	1	0.627250
33.016667	1	0.617375
33.033333	1	0.605875
33.050000	1	0.594625
33.066667	1	0.582250
33.083333	1	0.570125
33.100000	1	0.557875
33.116667	1	0.544875
33.133333	1	0.531375
33.150000	1	0.517500
33.166667	1	0.504000
33.183333	1	0.490000
33.200000	1	0.475500
33.216667	1	0.461000
33.233333	1	0.446875
33.250000	1	0.431875
33.266667	1	0.417375
33.283333	1	0.402125
33.300000	1	0.386625
33.316667	1	0.372125
33.333333	1	0.357625
33.350000	1	0.343375
33.366667	1	0.328750
33.383333	1	0.314125
33.400000	1	0.300375
33.416667	1	0.287125
33.433333	1	0.273125
33.450000	1	0.259375
33.466667	1	0.246625
33.483333	1	0.234000
33.500000	1	0.221875
33.516667	1	0.210125
33.533333	1	0.199125
33.550000	1	0.188875
33.566667	1	0.178375
33.583333	1	0.169250
33.600000	1	0.160000
33.616667	1	0.150750
33.633333	1	0.142500
33.650000	1	0.135125
33.666667	1	0.127875
33.683333	1	0.121125
33.700000	1	0.113625
33.716667	1	0.107375
33.733333	1	0.101500
33.750000	1	0.096250
33.766667	1	0.091625
33.783333	1	0.086875
33.800000	1	0.082625
33.816667	1	0.079125
33.833333	1	0.076125
33.850000	1	0.073000
33.866667	1	0.070250
33.883333	1	0.067625
33.900000	1	0.065125
33.916667	1	0.063250
33.933333	1	0.061625
33.950000	1	0.059250
33.966667	1	0.058250
33.983333	1	0.056875
34.000000	1	0.055875
34.016667	1	0.054375
34.033333	1	0.053875
34.050000	1	0.053375
34.066667	1	0.053250
34.083333	1	0.053250
34.100000	1	0.053000
34.116667	1	0.053250
34.133333	1	0.053625
34.150000	1	0.054875
34.166667	1	0.056500
34.183333	1	0.058250
34.200000	1	0.060375
34.216667	1	0.063000
34.233333	1	0.066125
34.250000	1	0.069750
34.266667	1	0.073750
34.283333	1	0.078375
34.300000	1	0.084000
34.316667	1	0.089750
34.333333	1	0.095750
34.350000	1	0.102500
34.366667	1	0.110125
34.383333	1	0.118000
34.400000	1	0.126875
34.416667	1	0.136250
34.433333	1	0.145500
34.450000	1	0.155375
34.466667	1	0.166125
34.483333	1	0.177125
34.500000	1	0.188125
34.516667	1	0.200125
34.533333	1	0.212375
34.550000	1	0.224875
34.566667	1	0.237000
34.583333	1	0.249250
34.600000	1	0.260875
34.616667	1	0.272625
34.633333	1	0.284625
34.650000	1	0.295750
34.666667	1	0.307125
34.683333	1	0.317750
34.700000	1	0.328500
34.716667	1	0.338250
34.733333	1	0.347375
34.750000	1	0.356750
34.766667	1	0.366250
34.783333	1	0.374750
34.800000	1	0.382750
34.816667	1	0.390125
34.833333	1	0.397750
34.850000	1	0.404500
34.866667	1	0.411000
34.883333	1	0.416500
34.900000	1	0.421250
34.916667	1	0.426000
34.933333	1	0.430500
34.950000	1	0.434625
34.966667	1	0.437125
34.983333	1	0.439875
35.000000	1	0.441500
35.016667	1	0.442875
35.033333	1	0.443250
35.050000	1	0.444125
35.066667	1	0.443500
35.083333	1	0.442625
35.100000	1	0.440625
35.116667	1	0.438250
35.133333	1	0.435375
35.150000	1	0.431375
35.166667	1	0.426875
35.183333	1	0.421750
35.200000	1	0.415625
35.216667	1	0.408625
35.233333	1	0.401000
35.250000	1	0.393250
35.266667	1	0.384625
35.283333	1	0.375125
35.300000	1	0.365500
35.316667	1	0.355750
35.333333	1	0.345625
35.350000	1	0.334375
35.366667	1	0.323750
35.383333	1	0.312625
35.400000	1	0.301625
35.416667	1	0.290125
35.433333	1	0.279375
35.450000	1	0.267750
35.466667	1	0.257125
35.483333	1	0.246000
35.500000	1	0.235375
35.516667	1	0.225250
35.533333	1	0.214875
35.550000	1	0.205375
35.566667	1	0.196500
35.583333	1	0.187000
35.600000	1	0.177875
35.616667	1	0.170000
35.633333	1	0.162625
35.650000	1	0.155875
35.666667	1	0.149250
35.683333	1	0.144500
35.700000	1	0.139250
35.716667	1	0.134125
35.733333	1	0.129500
35.750000	1	0.125125
35.766667	1	0.121625
35.783333	1	0.118625
35.800000	1	0.116000
35.816667	1	0.114125
35.833333	1	0.112500
35.850000	1	0.110875
35.866667	1	0.109000
35.883333	1	0.108500
35.900000	1	0.107750
35.916667	1	0.107875
35.933333	1	0.107375
35.950000	1	0.107125
35.966667	1	0.107625
35.983333	1	0.108375
36.000000	1	0.108625
36.016667	1	0.109625
36.033333	1	0.110250
36.050000	1	0.111125
36.066667	1	0.112250
36.083333	1	0.113375
36.100000	1	0.115500
36.116667	1	0.117875
36.133333	1	0.120000
36.150000	1	0.121875
36.166667	1	0.124000
36.183333	1	0.126000
36.200000	1	0.128250
36.216667	1	0.131000
36.233333	1	0.134000
36.250000	1	0.136875
36.266667	1	0.140125
36.283333	1	0.143375
36.300000	1	0.146500
36.316667	1	0.149375
36.333333	1	0.152875
36.350000	1	0.156500
36.366667	1	0.160250
36.383333	1	0.163125
36.400000	1	0.166500
36.416667	1	0.170125
36.433333	1	0.174000
36.450000	1	0.177500
36.466667	1	0.181000
36.483333	1	0.183750
36.500000	1	0.187375
36.516667	1	0.191000
36.533333	1	0.194250
36.550000	1	0.197875
36.566667	1	0.200750
36.583333	1	0.204000
36.600000	1	0.206750
36.616667	1	0.209500
36.633333	1	0.212500
36.650000	1	0.214875
36.666667	1	0.217750
36.683333	1	0.220500
36.700000	1	0.223500
36.716667	1	0.226250
36.733333	1	0.228750
36.750000	1	0.231500
36.766667	1	0.233250
36.783333	1	0.235250
36.800000	1	0.236875
36.816667	1	0.239250
36.833333	1	0.241500
36.850000	1	0.242500
36.866667	1	0.244500
36.883333	1	0.246500
36.900000	1	0.248500
36.916667	1	0.250000
36.933333	1	0.251125
36.950000	1	0.252750
36.966667	1	0.253500
36.983333	1	0.254375
37.000000	1	0.255625
37.016667	1	0.256500
37.033333	1	0.256875
37.050000	1	0.256625
37.066667	1	0.256375
37.083333	1	0.256500
37.100000	1	0.256375
37.116667	1	0.255750
37.133333	1	0.254375
37.150000	1	0.254000
37.166667	1	0.253250
37.183333	1	0.251250
37.200000	1	0.249625
37.216667	1	0.248250
37.233333	1	0.246250
37.250000	1	0.243375
37.266667	1	0.240625
37.283333	1	0.238375
37.300000	1	0.236000
37.316667	1	0.233250
37.333333	1	0.229375
37.350000	1	0.226375
37.366667	1	0.222625
37.383333	1	0.218750
37.400000	1	0.215375
37.416667	1	0.211875
37.433333	1	0.207000
37.450000	1	0.202625
37.466667	1	0.198375
37.483333	1	0.194875
37.500000	1	0.190500
37.516667	1	0.185750
37.533333	1	0.181625
37.550000	1	0.177125
37.566667	1	0.173500
37.583333	1	0.169125
37.600000	1	0.164375
37.616667	1	0.159625
37.633333	1	0.154625
37.650000	1	0.150000
37.666667	1	0.145625
37.683333	1	0.141875
37.700000	1	0.138125
37.716667	1	0.134250
37.733333	1	0.129750
37.750000	1	0.125125
37.766667	1	0.120750
37.783333	1	0.116375
37.800000	1	0.112500
37.816667	1	0.108750
37.833333	1	0.104750
37.850000	1	0.101000
37.866667	1	0.097250
37.883333	1	0.093000
37.900000	1	0.089125
37.916667	1	0.085625
37.933333	1	0.082750
37.950000	1	0.079125
37.966667	1	0.074875
37.983333	1	0.071875
38.000000	1	0.068625
38.016667	1	0.065875
38.033333	1	0.062000
38.050000	1	0.058750
38.066667	1	0.055500
38.083333	1	0.052750
38.100000	1	0.049750
38.116667	1	0.046875
38.133333	1	0.044250
38.150000	1	0.041250
38.166667	1	0.039125
38.183333	1	0.036250
38.200000	1	0.033875
38.216667	1	0.031125
38.233333	1	0.029125
38.250000	1	0.027500
38.266667	1	0.025750
38.283333	1	0.024125
38.300000	1	0.022250
38.316667	1	0.021000
38.333333	1	0.019875
38.350000	1	0.018375
38.366667	1	0.016875
38.383333	1	0.016500
38.400000	1	0.015125
38.416667	1	0.014250
38.433333	1	0.012875
38.450000	1	0.011750
38.466667	1	0.011125
38.483333	1	0.010875
38.500000	1	0.010125
38.516667	1	0.009125
38.533333	1	0.008625
38.550000	1	0.008250
38.566667	1	0.007250
38.583333	1	0.007375
38.600000	1	0.006500
38.616667	1	0.005750
38.633333	1	0.004875
38.650000	1	0.004625
38.666667	1	0.003625
38.683333	1	0.003250
38.700000	1	0.003000
38.716667	1	0.003125
38.733333	1	0.002500
38.750000	1	0.002125
38.766667	1	0.001875
38.783333	1	0.001625
38.800000	1	0.001000
38.816667	1	0.000625
38.833333	1	0.000750
38.850000	1	0.000500
38.866667	1	-0.000125
38.883333	1	-0.000750
38.900000	1	-0.001125
38.916667	1	-0.001125
38.933333	1	-0.001000
38.950000	1	-0.001000
38.966667	1	-0.000875
38.983333	1	-0.001000
39.000000	1	-0.000500
39.016667	1	-0.000500
39.033333	1	-0.000625
39.050000	1	-0.000250
39.066667	1	0.000000
39.083333	1	0.000375
39.100000	1	0.000125
39.116667	1	0.000625
39.133333	1	0.001625
39.150000	1	0.002125
39.166667	1	0.002750
39.183333	1	0.003500
39.200000	1	0.004125
39.216667	1	0.004875
39.233333	1	0.005375
39.250000	1	0.005750
39.266667	1	0.007000
39.283333	1	0.007625
39.300000	1	0.008000
39.316667	1	0.009000
39.333333	1	0.010375
39.350000	1	0.011500
39.366667	1	0.011875
39.383333	1	0.012625
39.400000	1	0.013625
39.416667	1	0.014250
39.433333	1	0.015000
39.450000	1	0.016250
39.466667	1	0.017125
39.483333	1	0.018000
39.500000	1	0.018750
39.516667	1	0.020000
39.533333	1	0.021000
39.550000	1	0.022125
39.566667	1	0.022500
39.583333	1	0.023125
39.600000	1	0.023750
39.616667	1	0.024250
39.633333	1	0.024625
39.650000	1	0.025125
39.666667	1	0.026125
39.683333	1	0.026875
39.700000	1	0.027625
39.716667	1	0.027875
39.733333	1	0.028375
39.750000	1	0.028750
39.766667	1	0.029375
39.783333	1	0.029875
39.800000	1	0.030000
39.816667	1	0.030250
39.833333	1	0.030750
39.850000	1	0.031125
39.866667	1	0.031500
39.883333	1	0.032375
39.900000	1	0.032750
39.916667	1	0.033500
39.933333	1	0.033750
39.950000	1	0.035000
39.966667	1	0.036375
39.983333	1	0.037000
40.000000	1	0.037375
