File Path	chrom://marshall/Chromeleon7/HPLC_Ultimate_3000/Users/markusar/20230113.seq/478.smp/RI_1.channel/RI_1.chm
Channel	RI_1

Injection Information:
Data Vault	Chromeleon7
Injection	er4.3
Injection Number	9
Position	GB1
Comment	
Processing Method	
Instrument Method	std_method
Type	Unknown
Status	Finished
Injection Date	13.01.2023
Injection Time	21:03:04
Injection Volume (µl)	20.000
Dilution Factor	1.0000
Weight	1.0000

Chromatogram Data Information:
Time Min. (min)	0.000000
Time Max. (min)	40.000000
Data Points	2401
Detector	RI
Generating Data System	Chromeleon 7.2.5.9507
Exporting Data System	Chromeleon 7.2.5.0
Operator	Instrument Controller
Signal Quantity	Refractive 
Signal Unit	µRIU
Signal Min.	-0.064375
Signal Max.	119.687125
Channel	RI_1
Driver Name	RID520Driver.dll
Channel Type	Evaluation
Min. Step (s)	1
Max. Step (s)	1
Average Step (s)	1

Signal Parameter Information:
Signal Info	

Chromatogram Data:
Time (min)	Step (s)	Value (µRIU)
0.000000	n.a.	0.145125
0.016667	1	0.147875
0.033333	1	0.150375
0.050000	1	0.152875
0.066667	1	0.155625
0.083333	1	0.158125
0.100000	1	0.160500
0.116667	1	0.162375
0.133333	1	0.164625
0.150000	1	0.167000
0.166667	1	0.168500
0.183333	1	0.170625
0.200000	1	0.172500
0.216667	1	0.173875
0.233333	1	0.174875
0.250000	1	0.175875
0.266667	1	0.176750
0.283333	1	0.177875
0.300000	1	0.178375
0.316667	1	0.178750
0.333333	1	0.179750
0.350000	1	0.180000
0.366667	1	0.180500
0.383333	1	0.180250
0.400000	1	0.179750
0.416667	1	0.179625
0.433333	1	0.179250
0.450000	1	0.178625
0.466667	1	0.178125
0.483333	1	0.176625
0.500000	1	0.175750
0.516667	1	0.175125
0.533333	1	0.174250
0.550000	1	0.172625
0.566667	1	0.170625
0.583333	1	0.168875
0.600000	1	0.166875
0.616667	1	0.164875
0.633333	1	0.162125
0.650000	1	0.159250
0.666667	1	0.157125
0.683333	1	0.154875
0.700000	1	0.152500
0.716667	1	0.151250
0.733333	1	0.149375
0.750000	1	0.147750
0.766667	1	0.147250
0.783333	1	0.146000
0.800000	1	0.145250
0.816667	1	0.144625
0.833333	1	0.143000
0.850000	1	0.141500
0.866667	1	0.140000
0.883333	1	0.138250
0.900000	1	0.136625
0.916667	1	0.134875
0.933333	1	0.132500
0.950000	1	0.130500
0.966667	1	0.128875
0.983333	1	0.126750
1.000000	1	0.124125
1.016667	1	0.122250
1.033333	1	0.120250
1.050000	1	0.119250
1.066667	1	0.118000
1.083333	1	0.116500
1.100000	1	0.115000
1.116667	1	0.114000
1.133333	1	0.112875
1.150000	1	0.112250
1.166667	1	0.112250
1.183333	1	0.111500
1.200000	1	0.111125
1.216667	1	0.110625
1.233333	1	0.110250
1.250000	1	0.110250
1.266667	1	0.109500
1.283333	1	0.108875
1.300000	1	0.108750
1.316667	1	0.108125
1.333333	1	0.108000
1.350000	1	0.107750
1.366667	1	0.107375
1.383333	1	0.107125
1.400000	1	0.106750
1.416667	1	0.105750
1.433333	1	0.104750
1.450000	1	0.104125
1.466667	1	0.103750
1.483333	1	0.103000
1.500000	1	0.102000
1.516667	1	0.101000
1.533333	1	0.100375
1.550000	1	0.099000
1.566667	1	0.098000
1.583333	1	0.096750
1.600000	1	0.095500
1.616667	1	0.094000
1.633333	1	0.092625
1.650000	1	0.090375
1.666667	1	0.088625
1.683333	1	0.086625
1.700000	1	0.084375
1.716667	1	0.081875
1.733333	1	0.080125
1.750000	1	0.078125
1.766667	1	0.076000
1.783333	1	0.073625
1.800000	1	0.070375
1.816667	1	0.068000
1.833333	1	0.065625
1.850000	1	0.062875
1.866667	1	0.060125
1.883333	1	0.057875
1.900000	1	0.054500
1.916667	1	0.051750
1.933333	1	0.049125
1.950000	1	0.046375
1.966667	1	0.044250
1.983333	1	0.041375
2.000000	1	0.038250
2.016667	1	0.035375
2.033333	1	0.032750
2.050000	1	0.029750
2.066667	1	0.027000
2.083333	1	0.023750
2.100000	1	0.021375
2.116667	1	0.018625
2.133333	1	0.015750
2.150000	1	0.012875
2.166667	1	0.010000
2.183333	1	0.007500
2.200000	1	0.005375
2.216667	1	0.003250
2.233333	1	0.000625
2.250000	1	-0.001750
2.266667	1	-0.004000
2.283333	1	-0.005875
2.300000	1	-0.008750
2.316667	1	-0.011500
2.333333	1	-0.014375
2.350000	1	-0.017125
2.366667	1	-0.020125
2.383333	1	-0.022875
2.400000	1	-0.025125
2.416667	1	-0.027625
2.433333	1	-0.030000
2.450000	1	-0.032625
2.466667	1	-0.035250
2.483333	1	-0.037250
2.500000	1	-0.039375
2.516667	1	-0.041625
2.533333	1	-0.042875
2.550000	1	-0.044500
2.566667	1	-0.046750
2.583333	1	-0.048875
2.600000	1	-0.050875
2.616667	1	-0.052125
2.633333	1	-0.053500
2.650000	1	-0.054750
2.666667	1	-0.056250
2.683333	1	-0.057125
2.700000	1	-0.058750
2.716667	1	-0.059500
2.733333	1	-0.060250
2.750000	1	-0.061500
2.766667	1	-0.061500
2.783333	1	-0.062125
2.800000	1	-0.063125
2.816667	1	-0.063500
2.833333	1	-0.064000
2.850000	1	-0.064250
2.866667	1	-0.064000
2.883333	1	-0.064375
2.900000	1	-0.063875
2.916667	1	-0.064000
2.933333	1	-0.063500
2.950000	1	-0.063250
2.966667	1	-0.063875
2.983333	1	-0.063500
3.000000	1	-0.062875
3.016667	1	-0.062625
3.033333	1	-0.062750
3.050000	1	-0.062500
3.066667	1	-0.062000
3.083333	1	-0.061875
3.100000	1	-0.061500
3.116667	1	-0.060500
3.133333	1	-0.059500
3.150000	1	-0.058500
3.166667	1	-0.057500
3.183333	1	-0.056375
3.200000	1	-0.055375
3.216667	1	-0.054000
3.233333	1	-0.053125
3.250000	1	-0.051375
3.266667	1	-0.048750
3.283333	1	-0.047500
3.300000	1	-0.045250
3.316667	1	-0.043500
3.333333	1	-0.041375
3.350000	1	-0.039750
3.366667	1	-0.037500
3.383333	1	-0.034875
3.400000	1	-0.032375
3.416667	1	-0.030375
3.433333	1	-0.027500
3.450000	1	-0.024875
3.466667	1	-0.021750
3.483333	1	-0.019125
3.500000	1	-0.016000
3.516667	1	-0.013000
3.533333	1	-0.009750
3.550000	1	-0.007625
3.566667	1	-0.005000
3.583333	1	-0.001250
3.600000	1	0.001750
3.616667	1	0.004375
3.633333	1	0.007125
3.650000	1	0.010000
3.666667	1	0.013250
3.683333	1	0.016750
3.700000	1	0.019000
3.716667	1	0.021125
3.733333	1	0.023625
3.750000	1	0.026500
3.766667	1	0.029125
3.783333	1	0.032250
3.800000	1	0.035125
3.816667	1	0.038000
3.833333	1	0.040625
3.850000	1	0.043000
3.866667	1	0.045375
3.883333	1	0.047500
3.900000	1	0.050000
3.916667	1	0.052625
3.933333	1	0.055000
3.950000	1	0.057625
3.966667	1	0.058875
3.983333	1	0.060875
4.000000	1	0.062500
4.016667	1	0.064500
4.033333	1	0.065750
4.050000	1	0.067375
4.066667	1	0.068250
4.083333	1	0.069750
4.100000	1	0.070500
4.116667	1	0.071000
4.133333	1	0.072750
4.150000	1	0.073500
4.166667	1	0.074875
4.183333	1	0.075000
4.200000	1	0.075625
4.216667	1	0.076125
4.233333	1	0.076500
4.250000	1	0.077000
4.266667	1	0.077750
4.283333	1	0.078500
4.300000	1	0.079125
4.316667	1	0.079250
4.333333	1	0.079500
4.350000	1	0.079625
4.366667	1	0.080125
4.383333	1	0.080250
4.400000	1	0.080750
4.416667	1	0.080750
4.433333	1	0.080750
4.450000	1	0.080750
4.466667	1	0.080875
4.483333	1	0.081375
4.500000	1	0.081875
4.516667	1	0.081500
4.533333	1	0.082000
4.550000	1	0.082125
4.566667	1	0.081500
4.583333	1	0.081375
4.600000	1	0.081375
4.616667	1	0.081125
4.633333	1	0.080250
4.650000	1	0.080250
4.666667	1	0.079625
4.683333	1	0.078875
4.700000	1	0.078375
4.716667	1	0.078125
4.733333	1	0.077500
4.750000	1	0.077000
4.766667	1	0.076500
4.783333	1	0.075500
4.800000	1	0.074625
4.816667	1	0.074125
4.833333	1	0.073250
4.850000	1	0.072500
4.866667	1	0.071625
4.883333	1	0.070625
4.900000	1	0.070000
4.916667	1	0.069625
4.933333	1	0.069000
4.950000	1	0.068125
4.966667	1	0.067250
4.983333	1	0.066500
5.000000	1	0.066000
5.016667	1	0.065125
5.033333	1	0.064250
5.050000	1	0.063750
5.066667	1	0.063375
5.083333	1	0.062375
5.100000	1	0.061750
5.116667	1	0.061375
5.133333	1	0.061000
5.150000	1	0.060625
5.166667	1	0.060500
5.183333	1	0.060375
5.200000	1	0.060000
5.216667	1	0.059750
5.233333	1	0.060000
5.250000	1	0.060250
5.266667	1	0.059625
5.283333	1	0.059625
5.300000	1	0.059500
5.316667	1	0.059625
5.333333	1	0.059375
5.350000	1	0.059625
5.366667	1	0.059875
5.383333	1	0.059750
5.400000	1	0.059875
5.416667	1	0.059875
5.433333	1	0.061000
5.450000	1	0.061000
5.466667	1	0.060750
5.483333	1	0.061625
5.500000	1	0.062125
5.516667	1	0.063000
5.533333	1	0.064125
5.550000	1	0.065125
5.566667	1	0.066250
5.583333	1	0.067125
5.600000	1	0.068375
5.616667	1	0.069625
5.633333	1	0.071375
5.650000	1	0.072750
5.666667	1	0.074000
5.683333	1	0.075625
5.700000	1	0.077125
5.716667	1	0.079250
5.733333	1	0.080750
5.750000	1	0.083125
5.766667	1	0.086000
5.783333	1	0.087875
5.800000	1	0.090375
5.816667	1	0.092375
5.833333	1	0.094250
5.850000	1	0.096500
5.866667	1	0.099500
5.883333	1	0.102375
5.900000	1	0.105625
5.916667	1	0.108500
5.933333	1	0.111125
5.950000	1	0.113625
5.966667	1	0.116375
5.983333	1	0.118625
6.000000	1	0.121875
6.016667	1	0.125125
6.033333	1	0.127750
6.050000	1	0.130375
6.066667	1	0.132750
6.083333	1	0.135750
6.100000	1	0.138000
6.116667	1	0.141375
6.133333	1	0.143125
6.150000	1	0.145875
6.166667	1	0.148250
6.183333	1	0.150750
6.200000	1	0.153375
6.216667	1	0.156000
6.233333	1	0.158375
6.250000	1	0.160625
6.266667	1	0.162500
6.283333	1	0.165625
6.300000	1	0.168500
6.316667	1	0.170250
6.333333	1	0.173000
6.350000	1	0.175750
6.366667	1	0.177750
6.383333	1	0.179875
6.400000	1	0.182250
6.416667	1	0.184000
6.433333	1	0.186000
6.450000	1	0.187750
6.466667	1	0.190000
6.483333	1	0.192125
6.500000	1	0.193750
6.516667	1	0.195250
6.533333	1	0.197000
6.550000	1	0.198125
6.566667	1	0.199375
6.583333	1	0.200875
6.600000	1	0.202625
6.616667	1	0.203625
6.633333	1	0.204500
6.650000	1	0.205250
6.666667	1	0.205500
6.683333	1	0.206000
6.700000	1	0.206125
6.716667	1	0.206250
6.733333	1	0.206500
6.750000	1	0.206500
6.766667	1	0.206000
6.783333	1	0.205125
6.800000	1	0.204625
6.816667	1	0.204750
6.833333	1	0.205250
6.850000	1	0.205000
6.866667	1	0.204125
6.883333	1	0.203875
6.900000	1	0.203125
6.916667	1	0.202375
6.933333	1	0.201500
6.950000	1	0.200750
6.966667	1	0.200125
6.983333	1	0.199625
7.000000	1	0.199500
7.016667	1	0.198875
7.033333	1	0.197875
7.050000	1	0.197250
7.066667	1	0.196750
7.083333	1	0.195625
7.100000	1	0.194250
7.116667	1	0.193625
7.133333	1	0.193750
7.150000	1	0.193125
7.166667	1	0.193125
7.183333	1	0.192750
7.200000	1	0.191875
7.216667	1	0.191750
7.233333	1	0.191625
7.250000	1	0.191000
7.266667	1	0.190250
7.283333	1	0.190875
7.300000	1	0.191000
7.316667	1	0.191250
7.333333	1	0.191250
7.350000	1	0.190375
7.366667	1	0.190375
7.383333	1	0.190375
7.400000	1	0.190500
7.416667	1	0.191250
7.433333	1	0.191125
7.450000	1	0.191625
7.466667	1	0.192000
7.483333	1	0.192125
7.500000	1	0.192500
7.516667	1	0.192250
7.533333	1	0.193000
7.550000	1	0.193125
7.566667	1	0.193375
7.583333	1	0.194000
7.600000	1	0.194625
7.616667	1	0.196000
7.633333	1	0.196750
7.650000	1	0.197125
7.666667	1	0.197375
7.683333	1	0.197875
7.700000	1	0.198875
7.716667	1	0.200500
7.733333	1	0.201750
7.750000	1	0.203375
7.766667	1	0.204500
7.783333	1	0.205500
7.800000	1	0.206875
7.816667	1	0.208000
7.833333	1	0.209625
7.850000	1	0.210625
7.866667	1	0.211750
7.883333	1	0.212375
7.900000	1	0.213125
7.916667	1	0.214750
7.933333	1	0.215500
7.950000	1	0.216500
7.966667	1	0.217250
7.983333	1	0.218375
8.000000	1	0.219000
8.016667	1	0.219500
8.033333	1	0.219750
8.050000	1	0.220625
8.066667	1	0.221000
8.083333	1	0.222000
8.100000	1	0.222000
8.116667	1	0.221875
8.133333	1	0.221375
8.150000	1	0.222000
8.166667	1	0.221750
8.183333	1	0.221750
8.200000	1	0.221250
8.216667	1	0.220875
8.233333	1	0.220500
8.250000	1	0.219875
8.266667	1	0.219250
8.283333	1	0.218500
8.300000	1	0.217500
8.316667	1	0.217000
8.333333	1	0.216125
8.350000	1	0.214875
8.366667	1	0.213750
8.383333	1	0.212375
8.400000	1	0.211750
8.416667	1	0.209750
8.433333	1	0.208250
8.450000	1	0.206750
8.466667	1	0.205000
8.483333	1	0.203500
8.500000	1	0.201625
8.516667	1	0.199375
8.533333	1	0.197625
8.550000	1	0.194375
8.566667	1	0.191875
8.583333	1	0.189250
8.600000	1	0.187250
8.616667	1	0.185250
8.633333	1	0.182500
8.650000	1	0.180375
8.666667	1	0.178000
8.683333	1	0.175000
8.700000	1	0.172875
8.716667	1	0.170125
8.733333	1	0.167500
8.750000	1	0.165000
8.766667	1	0.162625
8.783333	1	0.160375
8.800000	1	0.158000
8.816667	1	0.155500
8.833333	1	0.153250
8.850000	1	0.151250
8.866667	1	0.148750
8.883333	1	0.147125
8.900000	1	0.145125
8.916667	1	0.143875
8.933333	1	0.142750
8.950000	1	0.141500
8.966667	1	0.140250
8.983333	1	0.139000
9.000000	1	0.137625
9.016667	1	0.136375
9.033333	1	0.135750
9.050000	1	0.135125
9.066667	1	0.135000
9.083333	1	0.134500
9.100000	1	0.134375
9.116667	1	0.133875
9.133333	1	0.134250
9.150000	1	0.134750
9.166667	1	0.135625
9.183333	1	0.136750
9.200000	1	0.137250
9.216667	1	0.138250
9.233333	1	0.139250
9.250000	1	0.140250
9.266667	1	0.141625
9.283333	1	0.142500
9.300000	1	0.144125
9.316667	1	0.146250
9.333333	1	0.148250
9.350000	1	0.149875
9.366667	1	0.152375
9.383333	1	0.154750
9.400000	1	0.157250
9.416667	1	0.160375
9.433333	1	0.163500
9.450000	1	0.165875
9.466667	1	0.168875
9.483333	1	0.172750
9.500000	1	0.176375
9.516667	1	0.180250
9.533333	1	0.183625
9.550000	1	0.187250
9.566667	1	0.191250
9.583333	1	0.195375
9.600000	1	0.199500
9.616667	1	0.204625
9.633333	1	0.208875
9.650000	1	0.212875
9.666667	1	0.217500
9.683333	1	0.222625
9.700000	1	0.227875
9.716667	1	0.232750
9.733333	1	0.238000
9.750000	1	0.243375
9.766667	1	0.248875
9.783333	1	0.254000
9.800000	1	0.260250
9.816667	1	0.266500
9.833333	1	0.274000
9.850000	1	0.282375
9.866667	1	0.291125
9.883333	1	0.300250
9.900000	1	0.311750
9.916667	1	0.323875
9.933333	1	0.337625
9.950000	1	0.352875
9.966667	1	0.371625
9.983333	1	0.391250
10.000000	1	0.413750
10.016667	1	0.438750
10.033333	1	0.466750
10.050000	1	0.497500
10.066667	1	0.531375
10.083333	1	0.568125
10.100000	1	0.608750
10.116667	1	0.653000
10.133333	1	0.701875
10.150000	1	0.755375
10.166667	1	0.814125
10.183333	1	0.876125
10.200000	1	0.937625
10.216667	1	0.994875
10.233333	1	1.042000
10.250000	1	1.072375
10.266667	1	1.083375
10.283333	1	1.075750
10.300000	1	1.054500
10.316667	1	1.032250
10.333333	1	1.026750
10.350000	1	1.063375
10.366667	1	1.170625
10.383333	1	1.385500
10.400000	1	1.746625
10.416667	1	2.296125
10.433333	1	3.080500
10.450000	1	4.142375
10.466667	1	5.526000
10.483333	1	7.276000
10.500000	1	9.435375
10.516667	1	12.046250
10.533333	1	15.145125
10.550000	1	18.763000
10.566667	1	22.926875
10.583333	1	27.652125
10.600000	1	32.950125
10.616667	1	38.819500
10.633333	1	45.242125
10.650000	1	52.177375
10.666667	1	59.570250
10.683333	1	67.329000
10.700000	1	75.323125
10.716667	1	83.372625
10.733333	1	91.253125
10.750000	1	98.703250
10.766667	1	105.436125
10.783333	1	111.157375
10.800000	1	115.587000
10.816667	1	118.487875
10.833333	1	119.687125
10.850000	1	119.101000
10.866667	1	116.741375
10.883333	1	112.719625
10.900000	1	107.230875
10.916667	1	100.544250
10.933333	1	92.974750
10.950000	1	84.855750
10.966667	1	76.517750
10.983333	1	68.255375
11.000000	1	60.314250
11.016667	1	52.884250
11.033333	1	46.100250
11.050000	1	40.041750
11.066667	1	34.731875
11.083333	1	30.159125
11.100000	1	26.279875
11.116667	1	23.033375
11.133333	1	20.347000
11.150000	1	18.142875
11.166667	1	16.344500
11.183333	1	14.881000
11.200000	1	13.688375
11.216667	1	12.710125
11.233333	1	11.899000
11.250000	1	11.215875
11.266667	1	10.629625
11.283333	1	10.115625
11.300000	1	9.653625
11.316667	1	9.230500
11.333333	1	8.835375
11.350000	1	8.461875
11.366667	1	8.105375
11.383333	1	7.764000
11.400000	1	7.435375
11.416667	1	7.119375
11.433333	1	6.815375
11.450000	1	6.524875
11.466667	1	6.248625
11.483333	1	5.985500
11.500000	1	5.736375
11.516667	1	5.502750
11.533333	1	5.284000
11.550000	1	5.081375
11.566667	1	4.895750
11.583333	1	4.727250
11.600000	1	4.575875
11.616667	1	4.441125
11.633333	1	4.322375
11.650000	1	4.218750
11.666667	1	4.129250
11.683333	1	4.051625
11.700000	1	3.984750
11.716667	1	3.926750
11.733333	1	3.875875
11.750000	1	3.830000
11.766667	1	3.789000
11.783333	1	3.751500
11.800000	1	3.716875
11.816667	1	3.684500
11.833333	1	3.653625
11.850000	1	3.624000
11.866667	1	3.594250
11.883333	1	3.563500
11.900000	1	3.533250
11.916667	1	3.501125
11.933333	1	3.468375
11.950000	1	3.434250
11.966667	1	3.399625
11.983333	1	3.363750
12.000000	1	3.326875
12.016667	1	3.289250
12.033333	1	3.252250
12.050000	1	3.215500
12.066667	1	3.178625
12.083333	1	3.142625
12.100000	1	3.106625
12.116667	1	3.070875
12.133333	1	3.035125
12.150000	1	2.998375
12.166667	1	2.962125
12.183333	1	2.924875
12.200000	1	2.887000
12.216667	1	2.849250
12.233333	1	2.811750
12.250000	1	2.772750
12.266667	1	2.735125
12.283333	1	2.697125
12.300000	1	2.659250
12.316667	1	2.622125
12.333333	1	2.585750
12.350000	1	2.550625
12.366667	1	2.517250
12.383333	1	2.484875
12.400000	1	2.454625
12.416667	1	2.426125
12.433333	1	2.399750
12.450000	1	2.375000
12.466667	1	2.353750
12.483333	1	2.336750
12.500000	1	2.323625
12.516667	1	2.315625
12.533333	1	2.313000
12.550000	1	2.317125
12.566667	1	2.330000
12.583333	1	2.352500
12.600000	1	2.387875
12.616667	1	2.437250
12.633333	1	2.504125
12.650000	1	2.591125
12.666667	1	2.702250
12.683333	1	2.840250
12.700000	1	3.010375
12.716667	1	3.216500
12.733333	1	3.462375
12.750000	1	3.751000
12.766667	1	4.084625
12.783333	1	4.462875
12.800000	1	4.885000
12.816667	1	5.348125
12.833333	1	5.849375
12.850000	1	6.385875
12.866667	1	6.952250
12.883333	1	7.543625
12.900000	1	8.156125
12.916667	1	8.784875
12.933333	1	9.426000
12.950000	1	10.075750
12.966667	1	10.730625
12.983333	1	11.387500
13.000000	1	12.044375
13.016667	1	12.700250
13.033333	1	13.353125
13.050000	1	14.002875
13.066667	1	14.649375
13.083333	1	15.291875
13.100000	1	15.929375
13.116667	1	16.562125
13.133333	1	17.186875
13.150000	1	17.801125
13.166667	1	18.398250
13.183333	1	18.969000
13.200000	1	19.504125
13.216667	1	19.992125
13.233333	1	20.425000
13.250000	1	20.793625
13.266667	1	21.092750
13.283333	1	21.316625
13.300000	1	21.461750
13.316667	1	21.527250
13.333333	1	21.513500
13.350000	1	21.421625
13.366667	1	21.257125
13.383333	1	21.024750
13.400000	1	20.731500
13.416667	1	20.383875
13.433333	1	19.989625
13.450000	1	19.556000
13.466667	1	19.090250
13.483333	1	18.598500
13.500000	1	18.086875
13.516667	1	17.561500
13.533333	1	17.028625
13.550000	1	16.493000
13.566667	1	15.958500
13.583333	1	15.430625
13.600000	1	14.911500
13.616667	1	14.404500
13.633333	1	13.911125
13.650000	1	13.430500
13.666667	1	12.964625
13.683333	1	12.511625
13.700000	1	12.072500
13.716667	1	11.645625
13.733333	1	11.231000
13.750000	1	10.826125
13.766667	1	10.431375
13.783333	1	10.045125
13.800000	1	9.668250
13.816667	1	9.298875
13.833333	1	8.938625
13.850000	1	8.586750
13.866667	1	8.245500
13.883333	1	7.914625
13.900000	1	7.597875
13.916667	1	7.296000
13.933333	1	7.012000
13.950000	1	6.745500
13.966667	1	6.498375
13.983333	1	6.270250
14.000000	1	6.061375
14.016667	1	5.872125
14.033333	1	5.701375
14.050000	1	5.547875
14.066667	1	5.410750
14.083333	1	5.289625
14.100000	1	5.183500
14.116667	1	5.090375
14.133333	1	5.007750
14.150000	1	4.934250
14.166667	1	4.868000
14.183333	1	4.806375
14.200000	1	4.746750
14.216667	1	4.687875
14.233333	1	4.625250
14.250000	1	4.559625
14.266667	1	4.488375
14.283333	1	4.410625
14.300000	1	4.326500
14.316667	1	4.236000
14.333333	1	4.140000
14.350000	1	4.039625
14.366667	1	3.935500
14.383333	1	3.829375
14.400000	1	3.724000
14.416667	1	3.620125
14.433333	1	3.519625
14.450000	1	3.425125
14.466667	1	3.338750
14.483333	1	3.261625
14.500000	1	3.195125
14.516667	1	3.142000
14.533333	1	3.102625
14.550000	1	3.078000
14.566667	1	3.072250
14.583333	1	3.083125
14.600000	1	3.112750
14.616667	1	3.162000
14.633333	1	3.230500
14.650000	1	3.319375
14.666667	1	3.428375
14.683333	1	3.558625
14.700000	1	3.709500
14.716667	1	3.880375
14.733333	1	4.071375
14.750000	1	4.281750
14.766667	1	4.510375
14.783333	1	4.756875
14.800000	1	5.020125
14.816667	1	5.298625
14.833333	1	5.591250
14.850000	1	5.895250
14.866667	1	6.206625
14.883333	1	6.521500
14.900000	1	6.836125
14.916667	1	7.146125
14.933333	1	7.451125
14.950000	1	7.751125
14.966667	1	8.048625
14.983333	1	8.347750
15.000000	1	8.655375
15.016667	1	8.980500
15.033333	1	9.335125
15.050000	1	9.728250
15.066667	1	10.171625
15.083333	1	10.674625
15.100000	1	11.245125
15.116667	1	11.887125
15.133333	1	12.602000
15.150000	1	13.385625
15.166667	1	14.230250
15.183333	1	15.125000
15.200000	1	16.055750
15.216667	1	17.009250
15.233333	1	17.970875
15.250000	1	18.925375
15.266667	1	19.858125
15.283333	1	20.754500
15.300000	1	21.601375
15.316667	1	22.386375
15.333333	1	23.099000
15.350000	1	23.726125
15.366667	1	24.257625
15.383333	1	24.684000
15.400000	1	24.997000
15.416667	1	25.189250
15.433333	1	25.254500
15.450000	1	25.188875
15.466667	1	24.991625
15.483333	1	24.664125
15.500000	1	24.211375
15.516667	1	23.639875
15.533333	1	22.959500
15.550000	1	22.183000
15.566667	1	21.325750
15.583333	1	20.403125
15.600000	1	19.431250
15.616667	1	18.424250
15.633333	1	17.397750
15.650000	1	16.365250
15.666667	1	15.338875
15.683333	1	14.329500
15.700000	1	13.348750
15.716667	1	12.404250
15.733333	1	11.502250
15.750000	1	10.649250
15.766667	1	9.848750
15.783333	1	9.102625
15.800000	1	8.413250
15.816667	1	7.779750
15.833333	1	7.201500
15.850000	1	6.677500
15.866667	1	6.205375
15.883333	1	5.782625
15.900000	1	5.407125
15.916667	1	5.076125
15.933333	1	4.785625
15.950000	1	4.532625
15.966667	1	4.315125
15.983333	1	4.130125
16.000000	1	3.973875
16.016667	1	3.844625
16.033333	1	3.740125
16.050000	1	3.659000
16.066667	1	3.599375
16.083333	1	3.558125
16.100000	1	3.535375
16.116667	1	3.528375
16.133333	1	3.535625
16.150000	1	3.555250
16.166667	1	3.585625
16.183333	1	3.624875
16.200000	1	3.671125
16.216667	1	3.722750
16.233333	1	3.779000
16.250000	1	3.839375
16.266667	1	3.902375
16.283333	1	3.968250
16.300000	1	4.035250
16.316667	1	4.106000
16.333333	1	4.179125
16.350000	1	4.255250
16.366667	1	4.335625
16.383333	1	4.419500
16.400000	1	4.505750
16.416667	1	4.594750
16.433333	1	4.685375
16.450000	1	4.776125
16.466667	1	4.866625
16.483333	1	4.953375
16.500000	1	5.035875
16.516667	1	5.111750
16.533333	1	5.180250
16.550000	1	5.239500
16.566667	1	5.288625
16.583333	1	5.327375
16.600000	1	5.355000
16.616667	1	5.371500
16.633333	1	5.376000
16.650000	1	5.370875
16.666667	1	5.353375
16.683333	1	5.324125
16.700000	1	5.282625
16.716667	1	5.229125
16.733333	1	5.163500
16.750000	1	5.087500
16.766667	1	4.999500
16.783333	1	4.901000
16.800000	1	4.792875
16.816667	1	4.675250
16.833333	1	4.549625
16.850000	1	4.417750
16.866667	1	4.280000
16.883333	1	4.139125
16.900000	1	3.996250
16.916667	1	3.853250
16.933333	1	3.712125
16.950000	1	3.572750
16.966667	1	3.437500
16.983333	1	3.307000
17.000000	1	3.182625
17.016667	1	3.063625
17.033333	1	2.951500
17.050000	1	2.846125
17.066667	1	2.747875
17.083333	1	2.656875
17.100000	1	2.572625
17.116667	1	2.495375
17.133333	1	2.424750
17.150000	1	2.360125
17.166667	1	2.301000
17.183333	1	2.247625
17.200000	1	2.198375
17.216667	1	2.153500
17.233333	1	2.113625
17.250000	1	2.077000
17.266667	1	2.043875
17.283333	1	2.013000
17.300000	1	1.985500
17.316667	1	1.959500
17.333333	1	1.936125
17.350000	1	1.914375
17.366667	1	1.894375
17.383333	1	1.875750
17.400000	1	1.857625
17.416667	1	1.840750
17.433333	1	1.825000
17.450000	1	1.809875
17.466667	1	1.795500
17.483333	1	1.781625
17.500000	1	1.768750
17.516667	1	1.756250
17.533333	1	1.743875
17.550000	1	1.732125
17.566667	1	1.720750
17.583333	1	1.709875
17.600000	1	1.699250
17.616667	1	1.688625
17.633333	1	1.679125
17.650000	1	1.670125
17.666667	1	1.661375
17.683333	1	1.652250
17.700000	1	1.642625
17.716667	1	1.633875
17.733333	1	1.625375
17.750000	1	1.616000
17.766667	1	1.607750
17.783333	1	1.600375
17.800000	1	1.592875
17.816667	1	1.586500
17.833333	1	1.580625
17.850000	1	1.574750
17.866667	1	1.571125
17.883333	1	1.568500
17.900000	1	1.566625
17.916667	1	1.565750
17.933333	1	1.566875
17.950000	1	1.570125
17.966667	1	1.574750
17.983333	1	1.581875
18.000000	1	1.591000
18.016667	1	1.602500
18.033333	1	1.616000
18.050000	1	1.631375
18.066667	1	1.649250
18.083333	1	1.669375
18.100000	1	1.690500
18.116667	1	1.713500
18.133333	1	1.738125
18.150000	1	1.763875
18.166667	1	1.791500
18.183333	1	1.819375
18.200000	1	1.848875
18.216667	1	1.877500
18.233333	1	1.905875
18.250000	1	1.934625
18.266667	1	1.963000
18.283333	1	1.990500
18.300000	1	2.017625
18.316667	1	2.043375
18.333333	1	2.068375
18.350000	1	2.090625
18.366667	1	2.111500
18.383333	1	2.130625
18.400000	1	2.147375
18.416667	1	2.161625
18.433333	1	2.173875
18.450000	1	2.183000
18.466667	1	2.190000
18.483333	1	2.193750
18.500000	1	2.194625
18.516667	1	2.193375
18.533333	1	2.189500
18.550000	1	2.182875
18.566667	1	2.174000
18.583333	1	2.163375
18.600000	1	2.150500
18.616667	1	2.135625
18.633333	1	2.119375
18.650000	1	2.101250
18.666667	1	2.082250
18.683333	1	2.062000
18.700000	1	2.040750
18.716667	1	2.018875
18.733333	1	1.996000
18.750000	1	1.972625
18.766667	1	1.949250
18.783333	1	1.924625
18.800000	1	1.900375
18.816667	1	1.876125
18.833333	1	1.851250
18.850000	1	1.826250
18.866667	1	1.801250
18.883333	1	1.776875
18.900000	1	1.752250
18.916667	1	1.728500
18.933333	1	1.704375
18.950000	1	1.680375
18.966667	1	1.657750
18.983333	1	1.635000
19.000000	1	1.612625
19.016667	1	1.590875
19.033333	1	1.569625
19.050000	1	1.548875
19.066667	1	1.528750
19.083333	1	1.509125
19.100000	1	1.490125
19.116667	1	1.471625
19.133333	1	1.453750
19.150000	1	1.436375
19.166667	1	1.420250
19.183333	1	1.404875
19.200000	1	1.390250
19.216667	1	1.377125
19.233333	1	1.364625
19.250000	1	1.353875
19.266667	1	1.344000
19.283333	1	1.335875
19.300000	1	1.330125
19.316667	1	1.326750
19.333333	1	1.325250
19.350000	1	1.326750
19.366667	1	1.331125
19.383333	1	1.339000
19.400000	1	1.349125
19.416667	1	1.362875
19.433333	1	1.379375
19.450000	1	1.398750
19.466667	1	1.422250
19.483333	1	1.448750
19.500000	1	1.478250
19.516667	1	1.509750
19.533333	1	1.543500
19.550000	1	1.578125
19.566667	1	1.614500
19.583333	1	1.652125
19.600000	1	1.690500
19.616667	1	1.729500
19.633333	1	1.768000
19.650000	1	1.805750
19.666667	1	1.842250
19.683333	1	1.877750
19.700000	1	1.912125
19.716667	1	1.944250
19.733333	1	1.974625
19.750000	1	2.002000
19.766667	1	2.026500
19.783333	1	2.047125
19.800000	1	2.064625
19.816667	1	2.078375
19.833333	1	2.087875
19.850000	1	2.093250
19.866667	1	2.094000
19.883333	1	2.090125
19.900000	1	2.081625
19.916667	1	2.069000
19.933333	1	2.052000
19.950000	1	2.030250
19.966667	1	2.005375
19.983333	1	1.977375
20.000000	1	1.946375
20.016667	1	1.913250
20.033333	1	1.878500
20.050000	1	1.841500
20.066667	1	1.804125
20.083333	1	1.766500
20.100000	1	1.729875
20.116667	1	1.694375
20.133333	1	1.659500
20.150000	1	1.626750
20.166667	1	1.596500
20.183333	1	1.568750
20.200000	1	1.543500
20.216667	1	1.522250
20.233333	1	1.504000
20.250000	1	1.488375
20.266667	1	1.476625
20.283333	1	1.467750
20.300000	1	1.462000
20.316667	1	1.459125
20.333333	1	1.458625
20.350000	1	1.460375
20.366667	1	1.464250
20.383333	1	1.469500
20.400000	1	1.476875
20.416667	1	1.485375
20.433333	1	1.494875
20.450000	1	1.504625
20.466667	1	1.516250
20.483333	1	1.528250
20.500000	1	1.541000
20.516667	1	1.554625
20.533333	1	1.568875
20.550000	1	1.583750
20.566667	1	1.599875
20.583333	1	1.617250
20.600000	1	1.635625
20.616667	1	1.655875
20.633333	1	1.677125
20.650000	1	1.700625
20.666667	1	1.726125
20.683333	1	1.753500
20.700000	1	1.782125
20.716667	1	1.812250
20.733333	1	1.845000
20.750000	1	1.878250
20.766667	1	1.912500
20.783333	1	1.947375
20.800000	1	1.983500
20.816667	1	2.018375
20.833333	1	2.054125
20.850000	1	2.088625
20.866667	1	2.122250
20.883333	1	2.154500
20.900000	1	2.185500
20.916667	1	2.214125
20.933333	1	2.241000
20.950000	1	2.265500
20.966667	1	2.287500
20.983333	1	2.306625
21.000000	1	2.322375
21.016667	1	2.335500
21.033333	1	2.344125
21.050000	1	2.349375
21.066667	1	2.351375
21.083333	1	2.350000
21.100000	1	2.344750
21.116667	1	2.335375
21.133333	1	2.321375
21.150000	1	2.304875
21.166667	1	2.284500
21.183333	1	2.261625
21.200000	1	2.235375
21.216667	1	2.206625
21.233333	1	2.175000
21.250000	1	2.142125
21.266667	1	2.108625
21.283333	1	2.073375
21.300000	1	2.038000
21.316667	1	2.002375
21.333333	1	1.967375
21.350000	1	1.932250
21.366667	1	1.897125
21.383333	1	1.863625
21.400000	1	1.831125
21.416667	1	1.800000
21.433333	1	1.770125
21.450000	1	1.740875
21.466667	1	1.712375
21.483333	1	1.685500
21.500000	1	1.659375
21.516667	1	1.634250
21.533333	1	1.609000
21.550000	1	1.584125
21.566667	1	1.558750
21.583333	1	1.532875
21.600000	1	1.506250
21.616667	1	1.478875
21.633333	1	1.450250
21.650000	1	1.421000
21.666667	1	1.390625
21.683333	1	1.360250
21.700000	1	1.328125
21.716667	1	1.295250
21.733333	1	1.261000
21.750000	1	1.227750
21.766667	1	1.193500
21.783333	1	1.159000
21.800000	1	1.125750
21.816667	1	1.093250
21.833333	1	1.061250
21.850000	1	1.029625
21.866667	1	0.998875
21.883333	1	0.969250
21.900000	1	0.942000
21.916667	1	0.915250
21.933333	1	0.890250
21.950000	1	0.867750
21.966667	1	0.846125
21.983333	1	0.825500
22.000000	1	0.806375
22.016667	1	0.789625
22.033333	1	0.774500
22.050000	1	0.760000
22.066667	1	0.747875
22.083333	1	0.736750
22.100000	1	0.727000
22.116667	1	0.718750
22.133333	1	0.711750
22.150000	1	0.706250
22.166667	1	0.702625
22.183333	1	0.699750
22.200000	1	0.698750
22.216667	1	0.698750
22.233333	1	0.699000
22.250000	1	0.700750
22.266667	1	0.703750
22.283333	1	0.707750
22.300000	1	0.712375
22.316667	1	0.717500
22.333333	1	0.723500
22.350000	1	0.730125
22.366667	1	0.736625
22.383333	1	0.743000
22.400000	1	0.749875
22.416667	1	0.756625
22.433333	1	0.763500
22.450000	1	0.770125
22.466667	1	0.776125
22.483333	1	0.781750
22.500000	1	0.786750
22.516667	1	0.791750
22.533333	1	0.795500
22.550000	1	0.798750
22.566667	1	0.801375
22.583333	1	0.803250
22.600000	1	0.805250
22.616667	1	0.805500
22.633333	1	0.805500
22.650000	1	0.804625
22.666667	1	0.802500
22.683333	1	0.799750
22.700000	1	0.797625
22.716667	1	0.794500
22.733333	1	0.790500
22.750000	1	0.785875
22.766667	1	0.781375
22.783333	1	0.776500
22.800000	1	0.771375
22.816667	1	0.766750
22.833333	1	0.762750
22.850000	1	0.758000
22.866667	1	0.754000
22.883333	1	0.750875
22.900000	1	0.747875
22.916667	1	0.745750
22.933333	1	0.744125
22.950000	1	0.743375
22.966667	1	0.744000
22.983333	1	0.744875
23.000000	1	0.746750
23.016667	1	0.749250
23.033333	1	0.751875
23.050000	1	0.755125
23.066667	1	0.759250
23.083333	1	0.763750
23.100000	1	0.768000
23.116667	1	0.772750
23.133333	1	0.778000
23.150000	1	0.783125
23.166667	1	0.787875
23.183333	1	0.791625
23.200000	1	0.795750
23.216667	1	0.799625
23.233333	1	0.801875
23.250000	1	0.803750
23.266667	1	0.805875
23.283333	1	0.807375
23.300000	1	0.809125
23.316667	1	0.808750
23.333333	1	0.807875
23.350000	1	0.806250
23.366667	1	0.804375
23.383333	1	0.800875
23.400000	1	0.798000
23.416667	1	0.793125
23.433333	1	0.788375
23.450000	1	0.782125
23.466667	1	0.775000
23.483333	1	0.767250
23.500000	1	0.760000
23.516667	1	0.751750
23.533333	1	0.742125
23.550000	1	0.732750
23.566667	1	0.723500
23.583333	1	0.713125
23.600000	1	0.703250
23.616667	1	0.693250
23.633333	1	0.683000
23.650000	1	0.672750
23.666667	1	0.662375
23.683333	1	0.652125
23.700000	1	0.641625
23.716667	1	0.631000
23.733333	1	0.621125
23.750000	1	0.611750
23.766667	1	0.602625
23.783333	1	0.594750
23.800000	1	0.586000
23.816667	1	0.578625
23.833333	1	0.571250
23.850000	1	0.564750
23.866667	1	0.559375
23.883333	1	0.555125
23.900000	1	0.552250
23.916667	1	0.550500
23.933333	1	0.550250
23.950000	1	0.551750
23.966667	1	0.554875
23.983333	1	0.561125
24.000000	1	0.569125
24.016667	1	0.579875
24.033333	1	0.593750
24.050000	1	0.610125
24.066667	1	0.629625
24.083333	1	0.651875
24.100000	1	0.677125
24.116667	1	0.706000
24.133333	1	0.737875
24.150000	1	0.772750
24.166667	1	0.810000
24.183333	1	0.848875
24.200000	1	0.890625
24.216667	1	0.934250
24.233333	1	0.979375
24.250000	1	1.025000
24.266667	1	1.071000
24.283333	1	1.117250
24.300000	1	1.164125
24.316667	1	1.210000
24.333333	1	1.254000
24.350000	1	1.297750
24.366667	1	1.339750
24.383333	1	1.379125
24.400000	1	1.416375
24.416667	1	1.451250
24.433333	1	1.483000
24.450000	1	1.512250
24.466667	1	1.538000
24.483333	1	1.559875
24.500000	1	1.577875
24.516667	1	1.592375
24.533333	1	1.602500
24.550000	1	1.609125
24.566667	1	1.610875
24.583333	1	1.609125
24.600000	1	1.602625
24.616667	1	1.591500
24.633333	1	1.577750
24.650000	1	1.559875
24.666667	1	1.539125
24.683333	1	1.514625
24.700000	1	1.487125
24.716667	1	1.457875
24.733333	1	1.427000
24.750000	1	1.394750
24.766667	1	1.361000
24.783333	1	1.327375
24.800000	1	1.294625
24.816667	1	1.261250
24.833333	1	1.229250
24.850000	1	1.197625
24.866667	1	1.168500
24.883333	1	1.141000
24.900000	1	1.114625
24.916667	1	1.090625
24.933333	1	1.070000
24.950000	1	1.050500
24.966667	1	1.032875
24.983333	1	1.017375
25.000000	1	1.004250
25.016667	1	0.993125
25.033333	1	0.983125
25.050000	1	0.974625
25.066667	1	0.967375
25.083333	1	0.962125
25.100000	1	0.956875
25.116667	1	0.952875
25.133333	1	0.949125
25.150000	1	0.945500
25.166667	1	0.942500
25.183333	1	0.938750
25.200000	1	0.933875
25.216667	1	0.929375
25.233333	1	0.923125
25.250000	1	0.917375
25.266667	1	0.910500
25.283333	1	0.903000
25.300000	1	0.892875
25.316667	1	0.882375
25.333333	1	0.870000
25.350000	1	0.856375
25.366667	1	0.842000
25.383333	1	0.826375
25.400000	1	0.809750
25.416667	1	0.792125
25.433333	1	0.774000
25.450000	1	0.754750
25.466667	1	0.735375
25.483333	1	0.715375
25.500000	1	0.694375
25.516667	1	0.673875
25.533333	1	0.653000
25.550000	1	0.632750
25.566667	1	0.612625
25.583333	1	0.592500
25.600000	1	0.573250
25.616667	1	0.554875
25.633333	1	0.537250
25.650000	1	0.520125
25.666667	1	0.503750
25.683333	1	0.489125
25.700000	1	0.475625
25.716667	1	0.462375
25.733333	1	0.450625
25.750000	1	0.439750
25.766667	1	0.429500
25.783333	1	0.421250
25.800000	1	0.413500
25.816667	1	0.406375
25.833333	1	0.400500
25.850000	1	0.396250
25.866667	1	0.391750
25.883333	1	0.388875
25.900000	1	0.386500
25.916667	1	0.385250
25.933333	1	0.383750
25.950000	1	0.382750
25.966667	1	0.382750
25.983333	1	0.383875
26.000000	1	0.384625
26.016667	1	0.386250
26.033333	1	0.387875
26.050000	1	0.389625
26.066667	1	0.391750
26.083333	1	0.393625
26.100000	1	0.396375
26.116667	1	0.399500
26.133333	1	0.403000
26.150000	1	0.406125
26.166667	1	0.409625
26.183333	1	0.413000
26.200000	1	0.416000
26.216667	1	0.419125
26.233333	1	0.422875
26.250000	1	0.426000
26.266667	1	0.429125
26.283333	1	0.432375
26.300000	1	0.435875
26.316667	1	0.438875
26.333333	1	0.442250
26.350000	1	0.445625
26.366667	1	0.449125
26.383333	1	0.452875
26.400000	1	0.455750
26.416667	1	0.459250
26.433333	1	0.462625
26.450000	1	0.466500
26.466667	1	0.469375
26.483333	1	0.473125
26.500000	1	0.476875
26.516667	1	0.479750
26.533333	1	0.484000
26.550000	1	0.488000
26.566667	1	0.491750
26.583333	1	0.495875
26.600000	1	0.500375
26.616667	1	0.504375
26.633333	1	0.508625
26.650000	1	0.513250
26.666667	1	0.518125
26.683333	1	0.523000
26.700000	1	0.528250
26.716667	1	0.533250
26.733333	1	0.538125
26.750000	1	0.544000
26.766667	1	0.550000
26.783333	1	0.555750
26.800000	1	0.561875
26.816667	1	0.567875
26.833333	1	0.573625
26.850000	1	0.579250
26.866667	1	0.584500
26.883333	1	0.589625
26.900000	1	0.594500
26.916667	1	0.599875
26.933333	1	0.604000
26.950000	1	0.608375
26.966667	1	0.612750
26.983333	1	0.616875
27.000000	1	0.619750
27.016667	1	0.622500
27.033333	1	0.624500
27.050000	1	0.625500
27.066667	1	0.627250
27.083333	1	0.628000
27.100000	1	0.628625
27.116667	1	0.628625
27.133333	1	0.628500
27.150000	1	0.627250
27.166667	1	0.625250
27.183333	1	0.623000
27.200000	1	0.620750
27.216667	1	0.617625
27.233333	1	0.614500
27.250000	1	0.610750
27.266667	1	0.607375
27.283333	1	0.602750
27.300000	1	0.598250
27.316667	1	0.593000
27.333333	1	0.587375
27.350000	1	0.581250
27.366667	1	0.575250
27.383333	1	0.568625
27.400000	1	0.562250
27.416667	1	0.555125
27.433333	1	0.548500
27.450000	1	0.541250
27.466667	1	0.533125
27.483333	1	0.525250
27.500000	1	0.517125
27.516667	1	0.508875
27.533333	1	0.500000
27.550000	1	0.492000
27.566667	1	0.483375
27.583333	1	0.475000
27.600000	1	0.467000
27.616667	1	0.458500
27.633333	1	0.450250
27.650000	1	0.441625
27.666667	1	0.432625
27.683333	1	0.424500
27.700000	1	0.416250
27.716667	1	0.408250
27.733333	1	0.400875
27.750000	1	0.392625
27.766667	1	0.385375
27.783333	1	0.378125
27.800000	1	0.371500
27.816667	1	0.365750
27.833333	1	0.361000
27.850000	1	0.356750
27.866667	1	0.354125
27.883333	1	0.352875
27.900000	1	0.352750
27.916667	1	0.356000
27.933333	1	0.360500
27.950000	1	0.368250
27.966667	1	0.378375
27.983333	1	0.392250
28.000000	1	0.409750
28.016667	1	0.431875
28.033333	1	0.458250
28.050000	1	0.490750
28.066667	1	0.528125
28.083333	1	0.571125
28.100000	1	0.620500
28.116667	1	0.676250
28.133333	1	0.737625
28.150000	1	0.806625
28.166667	1	0.881875
28.183333	1	0.962625
28.200000	1	1.049250
28.216667	1	1.141875
28.233333	1	1.240375
28.250000	1	1.343500
28.266667	1	1.450125
28.283333	1	1.561000
28.300000	1	1.675125
28.316667	1	1.790875
28.333333	1	1.908000
28.350000	1	2.025500
28.366667	1	2.142750
28.383333	1	2.258250
28.400000	1	2.372250
28.416667	1	2.483500
28.433333	1	2.592125
28.450000	1	2.697000
28.466667	1	2.797250
28.483333	1	2.893500
28.500000	1	2.984750
28.516667	1	3.069875
28.533333	1	3.149375
28.550000	1	3.223875
28.566667	1	3.292000
28.583333	1	3.353500
28.600000	1	3.408625
28.616667	1	3.456625
28.633333	1	3.497250
28.650000	1	3.530250
28.666667	1	3.555875
28.683333	1	3.572750
28.700000	1	3.582250
28.716667	1	3.583375
28.733333	1	3.575500
28.750000	1	3.558250
28.766667	1	3.532500
28.783333	1	3.497375
28.800000	1	3.453500
28.816667	1	3.399250
28.833333	1	3.337000
28.850000	1	3.265375
28.866667	1	3.185625
28.883333	1	3.097875
28.900000	1	3.003250
28.916667	1	2.901375
28.933333	1	2.793625
28.950000	1	2.681625
28.966667	1	2.564875
28.983333	1	2.444000
29.000000	1	2.321250
29.016667	1	2.197250
29.033333	1	2.072625
29.050000	1	1.948500
29.066667	1	1.825750
29.083333	1	1.705125
29.100000	1	1.586125
29.116667	1	1.471500
29.133333	1	1.360125
29.150000	1	1.254500
29.166667	1	1.153375
29.183333	1	1.057000
29.200000	1	0.966875
29.216667	1	0.881875
29.233333	1	0.802250
29.250000	1	0.728000
29.266667	1	0.659125
29.283333	1	0.595375
29.300000	1	0.536875
29.316667	1	0.483625
29.333333	1	0.434250
29.350000	1	0.389750
29.366667	1	0.349500
29.383333	1	0.313375
29.400000	1	0.280500
29.416667	1	0.251875
29.433333	1	0.225875
29.450000	1	0.204000
29.466667	1	0.183625
29.483333	1	0.165250
29.500000	1	0.149750
29.516667	1	0.136500
29.533333	1	0.125875
29.550000	1	0.116500
29.566667	1	0.108750
29.583333	1	0.103000
29.600000	1	0.098500
29.616667	1	0.095750
29.633333	1	0.094250
29.650000	1	0.094000
29.666667	1	0.094750
29.683333	1	0.097000
29.700000	1	0.100000
29.716667	1	0.103750
29.733333	1	0.109250
29.750000	1	0.115375
29.766667	1	0.122375
29.783333	1	0.130750
29.800000	1	0.140125
29.816667	1	0.150000
29.833333	1	0.159875
29.850000	1	0.170750
29.866667	1	0.182500
29.883333	1	0.194875
29.900000	1	0.208125
29.916667	1	0.221875
29.933333	1	0.235250
29.950000	1	0.249500
29.966667	1	0.264500
29.983333	1	0.279875
30.000000	1	0.294625
30.016667	1	0.309625
30.033333	1	0.324375
30.050000	1	0.339875
30.066667	1	0.355125
30.083333	1	0.370500
30.100000	1	0.385250
30.116667	1	0.400000
30.133333	1	0.414875
30.150000	1	0.429750
30.166667	1	0.443500
30.183333	1	0.456875
30.200000	1	0.469625
30.216667	1	0.481750
30.233333	1	0.493375
30.250000	1	0.505250
30.266667	1	0.516000
30.283333	1	0.526500
30.300000	1	0.536125
30.316667	1	0.544500
30.333333	1	0.553250
30.350000	1	0.560750
30.366667	1	0.567500
30.383333	1	0.573375
30.400000	1	0.580250
30.416667	1	0.585625
30.433333	1	0.589125
30.450000	1	0.592750
30.466667	1	0.595750
30.483333	1	0.598125
30.500000	1	0.600375
30.516667	1	0.601500
30.533333	1	0.602000
30.550000	1	0.602375
30.566667	1	0.602125
30.583333	1	0.601625
30.600000	1	0.600375
30.616667	1	0.599125
30.633333	1	0.596875
30.650000	1	0.593750
30.666667	1	0.590375
30.683333	1	0.587125
30.700000	1	0.583500
30.716667	1	0.579625
30.733333	1	0.575625
30.750000	1	0.570875
30.766667	1	0.566625
30.783333	1	0.561750
30.800000	1	0.556750
30.816667	1	0.552125
30.833333	1	0.547375
30.850000	1	0.542625
30.866667	1	0.538125
30.883333	1	0.533750
30.900000	1	0.529875
30.916667	1	0.525625
30.933333	1	0.521500
30.950000	1	0.517500
30.966667	1	0.514750
30.983333	1	0.512125
31.000000	1	0.509750
31.016667	1	0.508375
31.033333	1	0.507625
31.050000	1	0.506750
31.066667	1	0.506500
31.083333	1	0.506125
31.100000	1	0.507250
31.116667	1	0.509000
31.133333	1	0.510125
31.150000	1	0.512250
31.166667	1	0.514875
31.183333	1	0.517875
31.200000	1	0.522125
31.216667	1	0.526375
31.233333	1	0.531500
31.250000	1	0.536500
31.266667	1	0.541500
31.283333	1	0.546750
31.300000	1	0.553000
31.316667	1	0.559250
31.333333	1	0.565000
31.350000	1	0.571125
31.366667	1	0.577000
31.383333	1	0.583625
31.400000	1	0.589875
31.416667	1	0.596375
31.433333	1	0.602625
31.450000	1	0.608625
31.466667	1	0.614125
31.483333	1	0.619625
31.500000	1	0.624625
31.516667	1	0.630000
31.533333	1	0.634625
31.550000	1	0.638125
31.566667	1	0.642500
31.583333	1	0.646125
31.600000	1	0.648625
31.616667	1	0.651000
31.633333	1	0.653000
31.650000	1	0.654500
31.666667	1	0.655375
31.683333	1	0.655500
31.700000	1	0.654875
31.716667	1	0.653750
31.733333	1	0.651625
31.750000	1	0.649375
31.766667	1	0.646875
31.783333	1	0.643250
31.800000	1	0.639625
31.816667	1	0.635250
31.833333	1	0.629875
31.850000	1	0.624125
31.866667	1	0.618125
31.883333	1	0.611750
31.900000	1	0.605250
31.916667	1	0.598000
31.933333	1	0.591250
31.950000	1	0.584375
31.966667	1	0.577250
31.983333	1	0.569875
32.000000	1	0.562625
32.016667	1	0.556000
32.033333	1	0.549375
32.050000	1	0.543625
32.066667	1	0.538625
32.083333	1	0.533500
32.100000	1	0.528375
32.116667	1	0.524625
32.133333	1	0.521375
32.150000	1	0.518000
32.166667	1	0.516250
32.183333	1	0.514125
32.200000	1	0.513000
32.216667	1	0.513000
32.233333	1	0.513750
32.250000	1	0.515375
32.266667	1	0.517250
32.283333	1	0.520000
32.300000	1	0.523750
32.316667	1	0.528000
32.333333	1	0.532875
32.350000	1	0.537875
32.366667	1	0.543375
32.383333	1	0.549750
32.400000	1	0.556750
32.416667	1	0.564500
32.433333	1	0.572125
32.450000	1	0.579500
32.466667	1	0.588250
32.483333	1	0.596875
32.500000	1	0.605000
32.516667	1	0.614250
32.533333	1	0.623625
32.550000	1	0.632875
32.566667	1	0.641125
32.583333	1	0.649875
32.600000	1	0.658375
32.616667	1	0.666750
32.633333	1	0.675625
32.650000	1	0.683500
32.666667	1	0.691375
32.683333	1	0.698375
32.700000	1	0.705500
32.716667	1	0.711625
32.733333	1	0.717250
32.750000	1	0.722625
32.766667	1	0.726875
32.783333	1	0.730625
32.800000	1	0.734250
32.816667	1	0.736500
32.833333	1	0.738375
32.850000	1	0.739375
32.866667	1	0.740125
32.883333	1	0.740125
32.900000	1	0.739125
32.916667	1	0.736750
32.933333	1	0.733750
32.950000	1	0.730375
32.966667	1	0.725625
32.983333	1	0.720375
33.000000	1	0.714500
33.016667	1	0.707375
33.033333	1	0.700250
33.050000	1	0.692000
33.066667	1	0.682500
33.083333	1	0.672625
33.100000	1	0.661750
33.116667	1	0.650000
33.133333	1	0.637875
33.150000	1	0.625375
33.166667	1	0.612125
33.183333	1	0.597500
33.200000	1	0.582250
33.216667	1	0.567625
33.233333	1	0.552250
33.250000	1	0.536125
33.266667	1	0.519250
33.283333	1	0.502000
33.300000	1	0.485000
33.316667	1	0.467625
33.333333	1	0.450375
33.350000	1	0.432750
33.366667	1	0.415000
33.383333	1	0.397625
33.400000	1	0.379875
33.416667	1	0.362625
33.433333	1	0.345000
33.450000	1	0.327000
33.466667	1	0.310375
33.483333	1	0.293750
33.500000	1	0.277625
33.516667	1	0.261750
33.533333	1	0.247500
33.550000	1	0.232000
33.566667	1	0.217875
33.583333	1	0.203375
33.600000	1	0.190250
33.616667	1	0.178500
33.633333	1	0.166375
33.650000	1	0.155000
33.666667	1	0.143125
33.683333	1	0.132500
33.700000	1	0.122875
33.716667	1	0.113625
33.733333	1	0.104875
33.750000	1	0.097625
33.766667	1	0.090500
33.783333	1	0.083375
33.800000	1	0.076750
33.816667	1	0.071250
33.833333	1	0.065125
33.850000	1	0.059750
33.866667	1	0.054625
33.883333	1	0.049875
33.900000	1	0.045750
33.916667	1	0.042125
33.933333	1	0.039125
33.950000	1	0.036000
33.966667	1	0.032625
33.983333	1	0.030000
34.000000	1	0.027625
34.016667	1	0.025625
34.033333	1	0.023375
34.050000	1	0.021250
34.066667	1	0.019000
34.083333	1	0.017000
34.100000	1	0.015750
34.116667	1	0.013750
34.133333	1	0.012750
34.150000	1	0.011750
34.166667	1	0.010500
34.183333	1	0.009625
34.200000	1	0.009375
34.216667	1	0.008875
34.233333	1	0.008875
34.250000	1	0.009750
34.266667	1	0.009500
34.283333	1	0.010375
34.300000	1	0.011000
34.316667	1	0.013125
34.333333	1	0.015750
34.350000	1	0.018750
34.366667	1	0.023125
34.383333	1	0.027000
34.400000	1	0.032125
34.416667	1	0.037375
34.433333	1	0.044000
34.450000	1	0.051625
34.466667	1	0.059750
34.483333	1	0.067875
34.500000	1	0.076875
34.516667	1	0.087375
34.533333	1	0.099375
34.550000	1	0.110875
34.566667	1	0.123375
34.583333	1	0.136375
34.600000	1	0.150875
34.616667	1	0.165750
34.633333	1	0.181375
34.650000	1	0.197125
34.666667	1	0.213750
34.683333	1	0.230500
34.700000	1	0.247875
34.716667	1	0.265875
34.733333	1	0.284375
34.750000	1	0.301750
34.766667	1	0.319500
34.783333	1	0.337625
34.800000	1	0.355250
34.816667	1	0.372750
34.833333	1	0.390125
34.850000	1	0.407750
34.866667	1	0.424375
34.883333	1	0.440125
34.900000	1	0.456000
34.916667	1	0.471250
34.933333	1	0.485500
34.950000	1	0.499125
34.966667	1	0.512625
34.983333	1	0.525625
35.000000	1	0.537500
35.016667	1	0.548250
35.033333	1	0.558125
35.050000	1	0.567625
35.066667	1	0.575875
35.083333	1	0.583000
35.100000	1	0.589125
35.116667	1	0.594750
35.133333	1	0.598875
35.150000	1	0.601250
35.166667	1	0.603875
35.183333	1	0.605125
35.200000	1	0.605375
35.216667	1	0.603750
35.233333	1	0.601250
35.250000	1	0.597000
35.266667	1	0.591875
35.283333	1	0.585875
35.300000	1	0.578500
35.316667	1	0.569750
35.333333	1	0.560750
35.350000	1	0.550250
35.366667	1	0.538750
35.383333	1	0.526250
35.400000	1	0.512500
35.416667	1	0.497750
35.433333	1	0.483000
35.450000	1	0.467500
35.466667	1	0.451000
35.483333	1	0.434500
35.500000	1	0.417125
35.516667	1	0.400125
35.533333	1	0.383125
35.550000	1	0.365625
35.566667	1	0.348500
35.583333	1	0.331250
35.600000	1	0.313625
35.616667	1	0.297500
35.633333	1	0.281125
35.650000	1	0.265000
35.666667	1	0.249000
35.683333	1	0.234375
35.700000	1	0.220125
35.716667	1	0.206125
35.733333	1	0.193375
35.750000	1	0.181125
35.766667	1	0.169750
35.783333	1	0.159250
35.800000	1	0.149250
35.816667	1	0.140500
35.833333	1	0.132250
35.850000	1	0.124625
35.866667	1	0.118000
35.883333	1	0.112250
35.900000	1	0.106750
35.916667	1	0.102125
35.933333	1	0.097875
35.950000	1	0.094000
35.966667	1	0.091375
35.983333	1	0.088000
36.000000	1	0.085750
36.016667	1	0.084250
36.033333	1	0.083625
36.050000	1	0.082750
36.066667	1	0.082500
36.083333	1	0.081875
36.100000	1	0.082625
36.116667	1	0.083750
36.133333	1	0.084750
36.150000	1	0.086125
36.166667	1	0.087500
36.183333	1	0.089375
36.200000	1	0.091750
36.216667	1	0.094500
36.233333	1	0.096750
36.250000	1	0.099125
36.266667	1	0.101875
36.283333	1	0.105250
36.300000	1	0.108625
36.316667	1	0.112375
36.333333	1	0.115375
36.350000	1	0.118750
36.366667	1	0.122625
36.383333	1	0.126250
36.400000	1	0.130125
36.416667	1	0.133750
36.433333	1	0.137375
36.450000	1	0.141500
36.466667	1	0.145625
36.483333	1	0.149500
36.500000	1	0.152500
36.516667	1	0.157125
36.533333	1	0.161875
36.550000	1	0.166500
36.566667	1	0.171000
36.583333	1	0.175000
36.600000	1	0.179625
36.616667	1	0.183875
36.633333	1	0.188625
36.650000	1	0.193375
36.666667	1	0.198125
36.683333	1	0.203125
36.700000	1	0.207500
36.716667	1	0.212875
36.733333	1	0.217875
36.750000	1	0.222625
36.766667	1	0.227625
36.783333	1	0.232250
36.800000	1	0.236500
36.816667	1	0.241125
36.833333	1	0.246000
36.850000	1	0.251000
36.866667	1	0.255375
36.883333	1	0.260125
36.900000	1	0.264125
36.916667	1	0.267750
36.933333	1	0.272125
36.950000	1	0.276250
36.966667	1	0.280375
36.983333	1	0.283875
37.000000	1	0.287250
37.016667	1	0.290875
37.033333	1	0.293250
37.050000	1	0.296250
37.066667	1	0.298500
37.083333	1	0.301000
37.100000	1	0.302750
37.116667	1	0.304750
37.133333	1	0.306000
37.150000	1	0.307500
37.166667	1	0.308500
37.183333	1	0.309500
37.200000	1	0.309625
37.216667	1	0.310125
37.233333	1	0.309625
37.250000	1	0.308875
37.266667	1	0.308250
37.283333	1	0.306750
37.300000	1	0.305125
37.316667	1	0.304250
37.333333	1	0.302000
37.350000	1	0.299375
37.366667	1	0.296875
37.383333	1	0.293875
37.400000	1	0.290625
37.416667	1	0.287125
37.433333	1	0.284250
37.450000	1	0.279875
37.466667	1	0.275750
37.483333	1	0.271500
37.500000	1	0.267125
37.516667	1	0.262500
37.533333	1	0.257625
37.550000	1	0.253125
37.566667	1	0.248000
37.583333	1	0.242125
37.600000	1	0.236125
37.616667	1	0.229875
37.633333	1	0.223125
37.650000	1	0.216750
37.666667	1	0.210250
37.683333	1	0.203625
37.700000	1	0.197250
37.716667	1	0.190250
37.733333	1	0.183500
37.750000	1	0.177375
37.766667	1	0.170375
37.783333	1	0.163500
37.800000	1	0.156750
37.816667	1	0.150125
37.833333	1	0.143750
37.850000	1	0.136750
37.866667	1	0.130375
37.883333	1	0.123875
37.900000	1	0.117250
37.916667	1	0.110500
37.933333	1	0.104250
37.950000	1	0.098250
37.966667	1	0.092375
37.983333	1	0.087000
38.000000	1	0.081500
38.016667	1	0.075875
38.033333	1	0.071000
38.050000	1	0.065625
38.066667	1	0.060250
38.083333	1	0.055250
38.100000	1	0.050500
38.116667	1	0.045875
38.133333	1	0.041250
38.150000	1	0.037500
38.166667	1	0.034125
38.183333	1	0.029750
38.200000	1	0.026750
38.216667	1	0.023375
38.233333	1	0.020875
38.250000	1	0.017500
38.266667	1	0.015000
38.283333	1	0.012000
38.300000	1	0.009500
38.316667	1	0.006875
38.333333	1	0.004375
38.350000	1	0.002375
38.366667	1	0.000000
38.383333	1	-0.001500
38.400000	1	-0.003000
38.416667	1	-0.004875
38.433333	1	-0.006375
38.450000	1	-0.007625
38.466667	1	-0.009000
38.483333	1	-0.010125
38.500000	1	-0.011500
38.516667	1	-0.012625
38.533333	1	-0.013250
38.550000	1	-0.014000
38.566667	1	-0.014500
38.583333	1	-0.015250
38.600000	1	-0.016000
38.616667	1	-0.016250
38.633333	1	-0.016750
38.650000	1	-0.017000
38.666667	1	-0.017000
38.683333	1	-0.017375
38.700000	1	-0.017500
38.716667	1	-0.017500
38.733333	1	-0.018000
38.750000	1	-0.017750
38.766667	1	-0.017375
38.783333	1	-0.017375
38.800000	1	-0.017500
38.816667	1	-0.016750
38.833333	1	-0.016750
38.850000	1	-0.017250
38.866667	1	-0.017500
38.883333	1	-0.017250
38.900000	1	-0.017000
38.916667	1	-0.016875
38.933333	1	-0.016875
38.950000	1	-0.016125
38.966667	1	-0.015375
38.983333	1	-0.016000
39.000000	1	-0.016125
39.016667	1	-0.015750
39.033333	1	-0.015375
39.050000	1	-0.015250
39.066667	1	-0.015125
39.083333	1	-0.016125
39.100000	1	-0.016000
39.116667	1	-0.016875
39.133333	1	-0.017250
39.150000	1	-0.017625
39.166667	1	-0.018000
39.183333	1	-0.018125
39.200000	1	-0.019375
39.216667	1	-0.020500
39.233333	1	-0.021500
39.250000	1	-0.022625
39.266667	1	-0.023250
39.283333	1	-0.024125
39.300000	1	-0.025000
39.316667	1	-0.025750
39.333333	1	-0.026875
39.350000	1	-0.027500
39.366667	1	-0.028125
39.383333	1	-0.029000
39.400000	1	-0.030125
39.416667	1	-0.031125
39.433333	1	-0.031875
39.450000	1	-0.032750
39.466667	1	-0.033125
39.483333	1	-0.033750
39.500000	1	-0.033625
39.516667	1	-0.034125
39.533333	1	-0.034250
39.550000	1	-0.035250
39.566667	1	-0.035875
39.583333	1	-0.036375
39.600000	1	-0.037000
39.616667	1	-0.037500
39.633333	1	-0.037625
39.650000	1	-0.037750
39.666667	1	-0.038375
39.683333	1	-0.038625
39.700000	1	-0.039375
39.716667	1	-0.040125
39.733333	1	-0.040375
39.750000	1	-0.040250
39.766667	1	-0.040625
39.783333	1	-0.041500
39.800000	1	-0.042000
39.816667	1	-0.042250
39.833333	1	-0.042375
39.850000	1	-0.042250
39.866667	1	-0.042500
39.883333	1	-0.042625
39.900000	1	-0.042500
39.916667	1	-0.042375
39.933333	1	-0.042375
39.950000	1	-0.041500
39.966667	1	-0.041125
39.983333	1	-0.040625
40.000000	1	-0.040000
