File Path	chrom://marshall/Chromeleon7/HPLC_Ultimate_3000/Users/markusar/20230610_CMO_FP11_FP12.seq/738.smp/RI_1.channel/RI_1.chm
Channel	RI_1

Injection Information:
Data Vault	Chromeleon7
Injection	FP11_1_S3
Injection Number	13
Position	BA12
Comment	
Processing Method	
Instrument Method	run_25B_method
Type	Unknown
Status	Finished
Injection Date	11.06.2023
Injection Time	02:55:28
Injection Volume (µl)	20.000
Dilution Factor	1.0000
Weight	1.0000

Chromatogram Data Information:
Time Min. (min)	0.000000
Time Max. (min)	40.000000
Data Points	2401
Detector	RI
Generating Data System	Chromeleon 7.2.5.9507
Exporting Data System	Chromeleon 7.2.5.0
Operator	Instrument Controller
Signal Quantity	Refractive 
Signal Unit	µRIU
Signal Min.	-0.796250
Signal Max.	50.047375
Channel	RI_1
Driver Name	RID520Driver.dll
Channel Type	Evaluation
Min. Step (s)	1
Max. Step (s)	1
Average Step (s)	1

Signal Parameter Information:
Signal Info	

Chromatogram Data:
Time (min)	Step (s)	Value (µRIU)
0.000000	n.a.	-0.027000
0.016667	1	-0.027625
0.033333	1	-0.027750
0.050000	1	-0.028000
0.066667	1	-0.028250
0.083333	1	-0.028125
0.100000	1	-0.027500
0.116667	1	-0.026875
0.133333	1	-0.026875
0.150000	1	-0.027250
0.166667	1	-0.027750
0.183333	1	-0.027625
0.200000	1	-0.027375
0.216667	1	-0.026875
0.233333	1	-0.027000
0.250000	1	-0.025625
0.266667	1	-0.024375
0.283333	1	-0.023875
0.300000	1	-0.023500
0.316667	1	-0.023750
0.333333	1	-0.025375
0.350000	1	-0.028875
0.366667	1	-0.031625
0.383333	1	-0.031625
0.400000	1	-0.029625
0.416667	1	-0.024500
0.433333	1	-0.019875
0.450000	1	-0.016375
0.466667	1	-0.013125
0.483333	1	-0.010250
0.500000	1	-0.007250
0.516667	1	-0.004500
0.533333	1	-0.002875
0.550000	1	-0.003125
0.566667	1	-0.004500
0.583333	1	-0.005750
0.600000	1	-0.007125
0.616667	1	-0.007875
0.633333	1	-0.009500
0.650000	1	-0.010375
0.666667	1	-0.010375
0.683333	1	-0.010750
0.700000	1	-0.010750
0.716667	1	-0.011250
0.733333	1	-0.011500
0.750000	1	-0.012375
0.766667	1	-0.012250
0.783333	1	-0.012250
0.800000	1	-0.012125
0.816667	1	-0.011875
0.833333	1	-0.012125
0.850000	1	-0.011750
0.866667	1	-0.011250
0.883333	1	-0.010625
0.900000	1	-0.011000
0.916667	1	-0.011625
0.933333	1	-0.012125
0.950000	1	-0.011625
0.966667	1	-0.012250
0.983333	1	-0.012375
1.000000	1	-0.012875
1.016667	1	-0.013375
1.033333	1	-0.013000
1.050000	1	-0.012875
1.066667	1	-0.013250
1.083333	1	-0.013875
1.100000	1	-0.014750
1.116667	1	-0.015500
1.133333	1	-0.016125
1.150000	1	-0.017000
1.166667	1	-0.017375
1.183333	1	-0.018125
1.200000	1	-0.019375
1.216667	1	-0.020250
1.233333	1	-0.021000
1.250000	1	-0.022250
1.266667	1	-0.022500
1.283333	1	-0.023625
1.300000	1	-0.025250
1.316667	1	-0.026500
1.333333	1	-0.027750
1.350000	1	-0.028750
1.366667	1	-0.029625
1.383333	1	-0.031125
1.400000	1	-0.032375
1.416667	1	-0.033625
1.433333	1	-0.034250
1.450000	1	-0.035750
1.466667	1	-0.036500
1.483333	1	-0.037500
1.500000	1	-0.039125
1.516667	1	-0.040500
1.533333	1	-0.042125
1.550000	1	-0.043625
1.566667	1	-0.044875
1.583333	1	-0.046375
1.600000	1	-0.047750
1.616667	1	-0.049000
1.633333	1	-0.049875
1.650000	1	-0.051250
1.666667	1	-0.052250
1.683333	1	-0.053500
1.700000	1	-0.054500
1.716667	1	-0.055500
1.733333	1	-0.056250
1.750000	1	-0.057750
1.766667	1	-0.058500
1.783333	1	-0.059375
1.800000	1	-0.059875
1.816667	1	-0.060125
1.833333	1	-0.061000
1.850000	1	-0.061625
1.866667	1	-0.061875
1.883333	1	-0.062500
1.900000	1	-0.062625
1.916667	1	-0.062750
1.933333	1	-0.062000
1.950000	1	-0.061750
1.966667	1	-0.061500
1.983333	1	-0.060875
2.000000	1	-0.060125
2.016667	1	-0.059375
2.033333	1	-0.058625
2.050000	1	-0.057500
2.066667	1	-0.056500
2.083333	1	-0.055375
2.100000	1	-0.054375
2.116667	1	-0.052500
2.133333	1	-0.051000
2.150000	1	-0.049375
2.166667	1	-0.048125
2.183333	1	-0.046375
2.200000	1	-0.045250
2.216667	1	-0.043375
2.233333	1	-0.041000
2.250000	1	-0.038625
2.266667	1	-0.036875
2.283333	1	-0.035250
2.300000	1	-0.033375
2.316667	1	-0.031500
2.333333	1	-0.029125
2.350000	1	-0.027250
2.366667	1	-0.025625
2.383333	1	-0.023875
2.400000	1	-0.022750
2.416667	1	-0.021000
2.433333	1	-0.019000
2.450000	1	-0.017000
2.466667	1	-0.015375
2.483333	1	-0.013750
2.500000	1	-0.012375
2.516667	1	-0.010750
2.533333	1	-0.008875
2.550000	1	-0.007500
2.566667	1	-0.005625
2.583333	1	-0.004500
2.600000	1	-0.003000
2.616667	1	-0.001250
2.633333	1	0.000375
2.650000	1	0.001500
2.666667	1	0.003000
2.683333	1	0.003875
2.700000	1	0.004500
2.716667	1	0.004625
2.733333	1	0.006125
2.750000	1	0.006875
2.766667	1	0.008250
2.783333	1	0.008250
2.800000	1	0.008625
2.816667	1	0.009000
2.833333	1	0.009500
2.850000	1	0.009875
2.866667	1	0.009000
2.883333	1	0.009000
2.900000	1	0.009875
2.916667	1	0.010000
2.933333	1	0.009625
2.950000	1	0.009750
2.966667	1	0.009750
2.983333	1	0.009625
3.000000	1	0.009625
3.016667	1	0.009750
3.033333	1	0.009875
3.050000	1	0.009875
3.066667	1	0.010250
3.083333	1	0.009750
3.100000	1	0.008875
3.116667	1	0.008625
3.133333	1	0.008250
3.150000	1	0.007500
3.166667	1	0.007000
3.183333	1	0.006750
3.200000	1	0.006250
3.216667	1	0.006000
3.233333	1	0.005375
3.250000	1	0.004500
3.266667	1	0.004000
3.283333	1	0.003250
3.300000	1	0.002250
3.316667	1	0.001375
3.333333	1	0.000875
3.350000	1	0.000000
3.366667	1	0.000000
3.383333	1	-0.001125
3.400000	1	-0.002125
3.416667	1	-0.002500
3.433333	1	-0.003625
3.450000	1	-0.003875
3.466667	1	-0.004750
3.483333	1	-0.005625
3.500000	1	-0.006250
3.516667	1	-0.006875
3.533333	1	-0.007625
3.550000	1	-0.008625
3.566667	1	-0.009000
3.583333	1	-0.009250
3.600000	1	-0.009125
3.616667	1	-0.009625
3.633333	1	-0.010875
3.650000	1	-0.012125
3.666667	1	-0.012125
3.683333	1	-0.012375
3.700000	1	-0.013250
3.716667	1	-0.013500
3.733333	1	-0.014000
3.750000	1	-0.014625
3.766667	1	-0.015125
3.783333	1	-0.016125
3.800000	1	-0.017125
3.816667	1	-0.017375
3.833333	1	-0.017250
3.850000	1	-0.018000
3.866667	1	-0.018500
3.883333	1	-0.019250
3.900000	1	-0.019875
3.916667	1	-0.020125
3.933333	1	-0.020875
3.950000	1	-0.021000
3.966667	1	-0.021500
3.983333	1	-0.022250
4.000000	1	-0.022750
4.016667	1	-0.022875
4.033333	1	-0.022500
4.050000	1	-0.023875
4.066667	1	-0.023875
4.083333	1	-0.024625
4.100000	1	-0.024875
4.116667	1	-0.025250
4.133333	1	-0.025750
4.150000	1	-0.026125
4.166667	1	-0.026500
4.183333	1	-0.026625
4.200000	1	-0.026125
4.216667	1	-0.026125
4.233333	1	-0.026625
4.250000	1	-0.026625
4.266667	1	-0.026375
4.283333	1	-0.026750
4.300000	1	-0.026750
4.316667	1	-0.026625
4.333333	1	-0.026875
4.350000	1	-0.026750
4.366667	1	-0.026250
4.383333	1	-0.025500
4.400000	1	-0.025500
4.416667	1	-0.026125
4.433333	1	-0.025875
4.450000	1	-0.025625
4.466667	1	-0.026000
4.483333	1	-0.025500
4.500000	1	-0.025375
4.516667	1	-0.025500
4.533333	1	-0.025500
4.550000	1	-0.025000
4.566667	1	-0.024500
4.583333	1	-0.023625
4.600000	1	-0.023375
4.616667	1	-0.022750
4.633333	1	-0.022250
4.650000	1	-0.022000
4.666667	1	-0.021875
4.683333	1	-0.020375
4.700000	1	-0.019875
4.716667	1	-0.019000
4.733333	1	-0.018375
4.750000	1	-0.017125
4.766667	1	-0.016375
4.783333	1	-0.015250
4.800000	1	-0.014000
4.816667	1	-0.013000
4.833333	1	-0.012375
4.850000	1	-0.011250
4.866667	1	-0.010125
4.883333	1	-0.008625
4.900000	1	-0.007375
4.916667	1	-0.005750
4.933333	1	-0.004875
4.950000	1	-0.003375
4.966667	1	-0.001875
4.983333	1	-0.000500
5.000000	1	0.001375
5.016667	1	0.003000
5.033333	1	0.004875
5.050000	1	0.006750
5.066667	1	0.008125
5.083333	1	0.010000
5.100000	1	0.011000
5.116667	1	0.012875
5.133333	1	0.014375
5.150000	1	0.016375
5.166667	1	0.017250
5.183333	1	0.018375
5.200000	1	0.020375
5.216667	1	0.021375
5.233333	1	0.023000
5.250000	1	0.024750
5.266667	1	0.026375
5.283333	1	0.028000
5.300000	1	0.028500
5.316667	1	0.030125
5.333333	1	0.031125
5.350000	1	0.032125
5.366667	1	0.033125
5.383333	1	0.033625
5.400000	1	0.034500
5.416667	1	0.036000
5.433333	1	0.036000
5.450000	1	0.036500
5.466667	1	0.036500
5.483333	1	0.037000
5.500000	1	0.037375
5.516667	1	0.038000
5.533333	1	0.037875
5.550000	1	0.038500
5.566667	1	0.038500
5.583333	1	0.038500
5.600000	1	0.038250
5.616667	1	0.038875
5.633333	1	0.039000
5.650000	1	0.038500
5.666667	1	0.038375
5.683333	1	0.038625
5.700000	1	0.038375
5.716667	1	0.038875
5.733333	1	0.039000
5.750000	1	0.039250
5.766667	1	0.039375
5.783333	1	0.039750
5.800000	1	0.040500
5.816667	1	0.041000
5.833333	1	0.040875
5.850000	1	0.040750
5.866667	1	0.041250
5.883333	1	0.042750
5.900000	1	0.043125
5.916667	1	0.044500
5.933333	1	0.044750
5.950000	1	0.046000
5.966667	1	0.046875
5.983333	1	0.048125
6.000000	1	0.049125
6.016667	1	0.050125
6.033333	1	0.051125
6.050000	1	0.052625
6.066667	1	0.053625
6.083333	1	0.054625
6.100000	1	0.055375
6.116667	1	0.056375
6.133333	1	0.057375
6.150000	1	0.058625
6.166667	1	0.060000
6.183333	1	0.061500
6.200000	1	0.063125
6.216667	1	0.063875
6.233333	1	0.064750
6.250000	1	0.066000
6.266667	1	0.066875
6.283333	1	0.068500
6.300000	1	0.069750
6.316667	1	0.070625
6.333333	1	0.070750
6.350000	1	0.071375
6.366667	1	0.072500
6.383333	1	0.073375
6.400000	1	0.073500
6.416667	1	0.074500
6.433333	1	0.075625
6.450000	1	0.076250
6.466667	1	0.077375
6.483333	1	0.077000
6.500000	1	0.078125
6.516667	1	0.079500
6.533333	1	0.080250
6.550000	1	0.080750
6.566667	1	0.081625
6.583333	1	0.082125
6.600000	1	0.083625
6.616667	1	0.083875
6.633333	1	0.084875
6.650000	1	0.085000
6.666667	1	0.085500
6.683333	1	0.085875
6.700000	1	0.086375
6.716667	1	0.086250
6.733333	1	0.086500
6.750000	1	0.086875
6.766667	1	0.086750
6.783333	1	0.087250
6.800000	1	0.086750
6.816667	1	0.086125
6.833333	1	0.085250
6.850000	1	0.084875
6.866667	1	0.084375
6.883333	1	0.083625
6.900000	1	0.082750
6.916667	1	0.081500
6.933333	1	0.080500
6.950000	1	0.079625
6.966667	1	0.078000
6.983333	1	0.077250
7.000000	1	0.074875
7.016667	1	0.073375
7.033333	1	0.071375
7.050000	1	0.069125
7.066667	1	0.067250
7.083333	1	0.064875
7.100000	1	0.063125
7.116667	1	0.059875
7.133333	1	0.057125
7.150000	1	0.054875
7.166667	1	0.052250
7.183333	1	0.050125
7.200000	1	0.047750
7.216667	1	0.045250
7.233333	1	0.042375
7.250000	1	0.039625
7.266667	1	0.036875
7.283333	1	0.034125
7.300000	1	0.031625
7.316667	1	0.028625
7.333333	1	0.026375
7.350000	1	0.024125
7.366667	1	0.021250
7.383333	1	0.018750
7.400000	1	0.016625
7.416667	1	0.014000
7.433333	1	0.011125
7.450000	1	0.008500
7.466667	1	0.006750
7.483333	1	0.005250
7.500000	1	0.003125
7.516667	1	0.001250
7.533333	1	-0.000250
7.550000	1	-0.002750
7.566667	1	-0.004750
7.583333	1	-0.006500
7.600000	1	-0.008625
7.616667	1	-0.010125
7.633333	1	-0.011375
7.650000	1	-0.013375
7.666667	1	-0.015000
7.683333	1	-0.016625
7.700000	1	-0.017500
7.716667	1	-0.018625
7.733333	1	-0.020250
7.750000	1	-0.020500
7.766667	1	-0.021750
7.783333	1	-0.022250
7.800000	1	-0.023000
7.816667	1	-0.023125
7.833333	1	-0.024000
7.850000	1	-0.024875
7.866667	1	-0.025375
7.883333	1	-0.026125
7.900000	1	-0.025875
7.916667	1	-0.026125
7.933333	1	-0.026125
7.950000	1	-0.025875
7.966667	1	-0.026000
7.983333	1	-0.026000
8.000000	1	-0.025500
8.016667	1	-0.024250
8.033333	1	-0.023875
8.050000	1	-0.023625
8.066667	1	-0.023250
8.083333	1	-0.023000
8.100000	1	-0.022000
8.116667	1	-0.021125
8.133333	1	-0.019750
8.150000	1	-0.018750
8.166667	1	-0.017125
8.183333	1	-0.016125
8.200000	1	-0.015250
8.216667	1	-0.013875
8.233333	1	-0.012125
8.250000	1	-0.010000
8.266667	1	-0.008875
8.283333	1	-0.007375
8.300000	1	-0.005375
8.316667	1	-0.003875
8.333333	1	-0.002125
8.350000	1	0.000250
8.366667	1	0.001875
8.383333	1	0.004000
8.400000	1	0.006125
8.416667	1	0.007750
8.433333	1	0.009875
8.450000	1	0.012500
8.466667	1	0.014500
8.483333	1	0.016625
8.500000	1	0.019000
8.516667	1	0.021000
8.533333	1	0.024125
8.550000	1	0.027375
8.566667	1	0.029125
8.583333	1	0.031375
8.600000	1	0.033125
8.616667	1	0.034500
8.633333	1	0.036375
8.650000	1	0.038500
8.666667	1	0.041250
8.683333	1	0.042875
8.700000	1	0.044125
8.716667	1	0.046500
8.733333	1	0.048125
8.750000	1	0.050500
8.766667	1	0.053250
8.783333	1	0.054625
8.800000	1	0.055625
8.816667	1	0.057250
8.833333	1	0.058375
8.850000	1	0.059625
8.866667	1	0.060875
8.883333	1	0.061750
8.900000	1	0.063125
8.916667	1	0.064500
8.933333	1	0.065375
8.950000	1	0.065750
8.966667	1	0.066875
8.983333	1	0.067250
9.000000	1	0.067375
9.016667	1	0.068875
9.033333	1	0.069375
9.050000	1	0.070625
9.066667	1	0.071500
9.083333	1	0.071625
9.100000	1	0.071500
9.116667	1	0.071625
9.133333	1	0.071750
9.150000	1	0.072875
9.166667	1	0.073000
9.183333	1	0.073250
9.200000	1	0.073125
9.216667	1	0.074125
9.233333	1	0.074375
9.250000	1	0.074750
9.266667	1	0.075500
9.283333	1	0.076375
9.300000	1	0.076625
9.316667	1	0.076875
9.333333	1	0.077875
9.350000	1	0.077750
9.366667	1	0.078125
9.383333	1	0.078500
9.400000	1	0.079375
9.416667	1	0.079375
9.433333	1	0.079875
9.450000	1	0.081000
9.466667	1	0.081625
9.483333	1	0.082625
9.500000	1	0.084250
9.516667	1	0.086125
9.533333	1	0.088750
9.550000	1	0.091500
9.566667	1	0.094375
9.583333	1	0.098750
9.600000	1	0.104000
9.616667	1	0.109500
9.633333	1	0.116500
9.650000	1	0.124750
9.666667	1	0.134750
9.683333	1	0.146500
9.700000	1	0.159750
9.716667	1	0.175500
9.733333	1	0.194125
9.750000	1	0.214750
9.766667	1	0.238625
9.783333	1	0.266250
9.800000	1	0.299500
9.816667	1	0.336500
9.833333	1	0.376375
9.850000	1	0.416500
9.866667	1	0.454250
9.883333	1	0.485750
9.900000	1	0.508250
9.916667	1	0.524625
9.933333	1	0.544125
9.950000	1	0.585500
9.966667	1	0.675375
9.983333	1	0.845000
10.000000	1	1.126750
10.016667	1	1.551750
10.033333	1	2.146750
10.050000	1	2.932875
10.066667	1	3.925125
10.083333	1	5.133375
10.100000	1	6.562375
10.116667	1	8.208250
10.133333	1	10.061000
10.150000	1	12.100625
10.166667	1	14.300125
10.183333	1	16.627750
10.200000	1	19.045000
10.216667	1	21.514500
10.233333	1	23.998125
10.250000	1	26.457625
10.266667	1	28.853875
10.283333	1	31.143750
10.300000	1	33.271375
10.316667	1	35.163125
10.333333	1	36.724000
10.350000	1	37.836375
10.366667	1	38.375625
10.383333	1	38.230375
10.400000	1	37.339000
10.416667	1	35.711375
10.433333	1	33.444375
10.450000	1	30.706875
10.466667	1	27.708375
10.483333	1	24.653750
10.500000	1	21.709500
10.516667	1	18.989750
10.533333	1	16.548750
10.550000	1	14.398875
10.566667	1	12.525000
10.583333	1	10.899875
10.600000	1	9.494750
10.616667	1	8.283625
10.633333	1	7.244500
10.650000	1	6.359500
10.666667	1	5.611375
10.683333	1	4.982625
10.700000	1	4.457875
10.716667	1	4.020375
10.733333	1	3.655250
10.750000	1	3.350500
10.766667	1	3.094375
10.783333	1	2.877000
10.800000	1	2.690125
10.816667	1	2.528375
10.833333	1	2.386125
10.850000	1	2.260500
10.866667	1	2.148000
10.883333	1	2.047250
10.900000	1	1.955875
10.916667	1	1.872875
10.933333	1	1.796500
10.950000	1	1.726625
10.966667	1	1.662375
10.983333	1	1.602625
11.000000	1	1.547500
11.016667	1	1.495875
11.033333	1	1.446875
11.050000	1	1.401625
11.066667	1	1.359375
11.083333	1	1.319250
11.100000	1	1.282625
11.116667	1	1.247125
11.133333	1	1.214750
11.150000	1	1.184250
11.166667	1	1.155625
11.183333	1	1.128500
11.200000	1	1.103500
11.216667	1	1.079625
11.233333	1	1.057625
11.250000	1	1.036500
11.266667	1	1.016875
11.283333	1	0.998125
11.300000	1	0.981000
11.316667	1	0.965750
11.333333	1	0.951875
11.350000	1	0.938250
11.366667	1	0.926000
11.383333	1	0.915250
11.400000	1	0.905500
11.416667	1	0.896250
11.433333	1	0.888250
11.450000	1	0.881000
11.466667	1	0.874875
11.483333	1	0.869750
11.500000	1	0.864625
11.516667	1	0.861500
11.533333	1	0.859125
11.550000	1	0.857250
11.566667	1	0.855500
11.583333	1	0.854125
11.600000	1	0.853375
11.616667	1	0.854125
11.633333	1	0.854750
11.650000	1	0.856125
11.666667	1	0.857875
11.683333	1	0.860625
11.700000	1	0.863125
11.716667	1	0.864875
11.733333	1	0.867000
11.750000	1	0.869500
11.766667	1	0.871500
11.783333	1	0.874000
11.800000	1	0.875875
11.816667	1	0.877500
11.833333	1	0.879500
11.850000	1	0.881125
11.866667	1	0.882750
11.883333	1	0.885000
11.900000	1	0.887750
11.916667	1	0.890625
11.933333	1	0.893625
11.950000	1	0.896625
11.966667	1	0.900375
11.983333	1	0.905125
12.000000	1	0.911625
12.016667	1	0.919125
12.033333	1	0.928375
12.050000	1	0.939750
12.066667	1	0.954625
12.083333	1	0.973875
12.100000	1	0.998125
12.116667	1	1.029750
12.133333	1	1.069125
12.150000	1	1.119625
12.166667	1	1.182000
12.183333	1	1.259250
12.200000	1	1.351875
12.216667	1	1.462000
12.233333	1	1.592375
12.250000	1	1.743750
12.266667	1	1.917250
12.283333	1	2.115500
12.300000	1	2.340625
12.316667	1	2.594375
12.333333	1	2.878250
12.350000	1	3.192750
12.366667	1	3.539875
12.383333	1	3.920250
12.400000	1	4.334000
12.416667	1	4.779750
12.433333	1	5.257000
12.450000	1	5.761500
12.466667	1	6.291625
12.483333	1	6.843500
12.500000	1	7.412500
12.516667	1	7.989875
12.533333	1	8.568875
12.550000	1	9.137000
12.566667	1	9.683500
12.583333	1	10.197125
12.600000	1	10.670125
12.616667	1	11.095250
12.633333	1	11.468500
12.650000	1	11.788750
12.666667	1	12.055000
12.683333	1	12.266875
12.700000	1	12.425375
12.716667	1	12.530250
12.733333	1	12.583250
12.750000	1	12.584000
12.766667	1	12.531250
12.783333	1	12.426000
12.800000	1	12.266625
12.816667	1	12.053625
12.833333	1	11.791750
12.850000	1	11.488000
12.866667	1	11.152250
12.883333	1	10.792375
12.900000	1	10.412875
12.916667	1	10.013750
12.933333	1	9.593500
12.950000	1	9.150625
12.966667	1	8.683375
12.983333	1	8.194625
13.000000	1	7.688875
13.016667	1	7.169000
13.033333	1	6.637875
13.050000	1	6.095500
13.066667	1	5.539750
13.083333	1	4.969625
13.100000	1	4.393000
13.116667	1	3.827750
13.133333	1	3.298875
13.150000	1	2.832500
13.166667	1	2.444375
13.183333	1	2.134000
13.200000	1	1.892625
13.216667	1	1.705625
13.233333	1	1.558875
13.250000	1	1.441875
13.266667	1	1.347500
13.283333	1	1.269125
13.300000	1	1.203000
13.316667	1	1.145875
13.333333	1	1.096125
13.350000	1	1.052125
13.366667	1	1.012000
13.383333	1	0.976500
13.400000	1	0.944000
13.416667	1	0.913750
13.433333	1	0.886625
13.450000	1	0.860625
13.466667	1	0.837500
13.483333	1	0.816375
13.500000	1	0.797625
13.516667	1	0.779500
13.533333	1	0.763625
13.550000	1	0.750000
13.566667	1	0.738250
13.583333	1	0.728000
13.600000	1	0.719125
13.616667	1	0.711750
13.633333	1	0.706000
13.650000	1	0.701625
13.666667	1	0.699125
13.683333	1	0.696750
13.700000	1	0.695000
13.716667	1	0.695500
13.733333	1	0.696250
13.750000	1	0.697125
13.766667	1	0.698250
13.783333	1	0.699750
13.800000	1	0.701125
13.816667	1	0.701750
13.833333	1	0.701000
13.850000	1	0.698625
13.866667	1	0.695875
13.883333	1	0.690250
13.900000	1	0.682875
13.916667	1	0.673750
13.933333	1	0.663750
13.950000	1	0.651750
13.966667	1	0.639625
13.983333	1	0.627125
14.000000	1	0.614375
14.016667	1	0.601375
14.033333	1	0.588750
14.050000	1	0.576500
14.066667	1	0.564875
14.083333	1	0.554375
14.100000	1	0.544875
14.116667	1	0.536000
14.133333	1	0.528000
14.150000	1	0.521625
14.166667	1	0.515625
14.183333	1	0.511125
14.200000	1	0.507625
14.216667	1	0.504875
14.233333	1	0.503625
14.250000	1	0.503375
14.266667	1	0.504875
14.283333	1	0.508500
14.300000	1	0.514875
14.316667	1	0.522625
14.333333	1	0.532125
14.350000	1	0.544750
14.366667	1	0.560000
14.383333	1	0.578125
14.400000	1	0.600875
14.416667	1	0.628500
14.433333	1	0.662125
14.450000	1	0.702625
14.466667	1	0.751000
14.483333	1	0.808750
14.500000	1	0.878250
14.516667	1	0.962625
14.533333	1	1.065500
14.550000	1	1.192000
14.566667	1	1.348625
14.583333	1	1.542250
14.600000	1	1.784125
14.616667	1	2.086500
14.633333	1	2.464000
14.650000	1	2.934125
14.666667	1	3.515625
14.683333	1	4.229875
14.700000	1	5.095125
14.716667	1	6.129625
14.733333	1	7.349125
14.750000	1	8.766750
14.766667	1	10.390125
14.783333	1	12.219000
14.800000	1	14.249750
14.816667	1	16.472250
14.833333	1	18.870750
14.850000	1	21.423750
14.866667	1	24.103875
14.883333	1	26.878500
14.900000	1	29.707750
14.916667	1	32.550750
14.933333	1	35.359500
14.950000	1	38.083875
14.966667	1	40.668750
14.983333	1	43.053500
15.000000	1	45.179750
15.016667	1	46.988000
15.033333	1	48.424750
15.050000	1	49.437250
15.066667	1	49.987000
15.083333	1	50.047375
15.100000	1	49.612000
15.116667	1	48.691500
15.133333	1	47.316875
15.150000	1	45.532125
15.166667	1	43.399250
15.183333	1	40.986625
15.200000	1	38.368750
15.216667	1	35.616500
15.233333	1	32.800250
15.250000	1	29.984250
15.266667	1	27.224125
15.283333	1	24.567875
15.300000	1	22.052750
15.316667	1	19.704875
15.333333	1	17.541625
15.350000	1	15.569625
15.366667	1	13.789375
15.383333	1	12.196500
15.400000	1	10.780375
15.416667	1	9.529000
15.433333	1	8.428500
15.450000	1	7.465125
15.466667	1	6.626125
15.483333	1	5.896875
15.500000	1	5.265125
15.516667	1	4.720125
15.533333	1	4.250625
15.550000	1	3.846500
15.566667	1	3.500250
15.583333	1	3.203000
15.600000	1	2.947500
15.616667	1	2.729125
15.633333	1	2.540875
15.650000	1	2.379750
15.666667	1	2.241625
15.683333	1	2.122250
15.700000	1	2.019625
15.716667	1	1.930375
15.733333	1	1.852750
15.750000	1	1.784750
15.766667	1	1.724375
15.783333	1	1.668250
15.800000	1	1.617250
15.816667	1	1.569375
15.833333	1	1.522875
15.850000	1	1.477750
15.866667	1	1.433125
15.883333	1	1.389375
15.900000	1	1.346750
15.916667	1	1.304125
15.933333	1	1.263250
15.950000	1	1.223375
15.966667	1	1.185125
15.983333	1	1.148625
16.000000	1	1.113750
16.016667	1	1.080875
16.033333	1	1.050875
16.050000	1	1.022500
16.066667	1	0.995375
16.083333	1	0.970375
16.100000	1	0.947500
16.116667	1	0.927375
16.133333	1	0.908500
16.150000	1	0.891375
16.166667	1	0.876375
16.183333	1	0.863125
16.200000	1	0.851125
16.216667	1	0.840000
16.233333	1	0.830750
16.250000	1	0.822625
16.266667	1	0.815250
16.283333	1	0.809250
16.300000	1	0.804375
16.316667	1	0.799750
16.333333	1	0.795625
16.350000	1	0.792375
16.366667	1	0.788750
16.383333	1	0.785875
16.400000	1	0.782250
16.416667	1	0.779500
16.433333	1	0.776125
16.450000	1	0.772875
16.466667	1	0.770000
16.483333	1	0.766750
16.500000	1	0.763375
16.516667	1	0.760125
16.533333	1	0.757125
16.550000	1	0.753625
16.566667	1	0.751125
16.583333	1	0.749500
16.600000	1	0.748125
16.616667	1	0.748125
16.633333	1	0.747625
16.650000	1	0.748375
16.666667	1	0.749375
16.683333	1	0.750625
16.700000	1	0.753000
16.716667	1	0.756000
16.733333	1	0.759000
16.750000	1	0.762625
16.766667	1	0.766000
16.783333	1	0.770125
16.800000	1	0.774125
16.816667	1	0.778125
16.833333	1	0.782375
16.850000	1	0.787000
16.866667	1	0.791125
16.883333	1	0.794750
16.900000	1	0.798000
16.916667	1	0.801125
16.933333	1	0.803875
16.950000	1	0.806625
16.966667	1	0.808625
16.983333	1	0.810000
17.000000	1	0.811250
17.016667	1	0.811625
17.033333	1	0.811625
17.050000	1	0.811000
17.066667	1	0.810625
17.083333	1	0.809750
17.100000	1	0.808625
17.116667	1	0.807250
17.133333	1	0.805500
17.150000	1	0.804125
17.166667	1	0.802250
17.183333	1	0.800500
17.200000	1	0.799125
17.216667	1	0.797375
17.233333	1	0.795125
17.250000	1	0.792000
17.266667	1	0.788500
17.283333	1	0.784625
17.300000	1	0.780125
17.316667	1	0.775000
17.333333	1	0.768625
17.350000	1	0.762250
17.366667	1	0.755125
17.383333	1	0.747375
17.400000	1	0.740375
17.416667	1	0.733000
17.433333	1	0.725125
17.450000	1	0.718000
17.466667	1	0.711125
17.483333	1	0.704500
17.500000	1	0.698375
17.516667	1	0.693250
17.533333	1	0.689000
17.550000	1	0.686250
17.566667	1	0.684000
17.583333	1	0.683375
17.600000	1	0.683500
17.616667	1	0.685500
17.633333	1	0.688125
17.650000	1	0.692500
17.666667	1	0.697375
17.683333	1	0.703750
17.700000	1	0.711625
17.716667	1	0.721125
17.733333	1	0.731875
17.750000	1	0.743000
17.766667	1	0.754750
17.783333	1	0.767375
17.800000	1	0.780625
17.816667	1	0.793625
17.833333	1	0.806625
17.850000	1	0.819500
17.866667	1	0.832125
17.883333	1	0.843625
17.900000	1	0.854500
17.916667	1	0.864875
17.933333	1	0.874000
17.950000	1	0.882625
17.966667	1	0.889250
17.983333	1	0.895125
18.000000	1	0.899125
18.016667	1	0.902250
18.033333	1	0.902875
18.050000	1	0.901500
18.066667	1	0.898250
18.083333	1	0.893750
18.100000	1	0.887250
18.116667	1	0.879875
18.133333	1	0.871000
18.150000	1	0.862375
18.166667	1	0.851500
18.183333	1	0.840125
18.200000	1	0.828500
18.216667	1	0.816625
18.233333	1	0.804375
18.250000	1	0.792500
18.266667	1	0.780500
18.283333	1	0.768750
18.300000	1	0.757250
18.316667	1	0.746500
18.333333	1	0.736125
18.350000	1	0.726625
18.366667	1	0.717875
18.383333	1	0.710125
18.400000	1	0.702375
18.416667	1	0.695500
18.433333	1	0.690500
18.450000	1	0.685750
18.466667	1	0.681875
18.483333	1	0.679000
18.500000	1	0.676375
18.516667	1	0.675250
18.533333	1	0.673750
18.550000	1	0.673625
18.566667	1	0.673625
18.583333	1	0.674500
18.600000	1	0.676000
18.616667	1	0.676625
18.633333	1	0.678875
18.650000	1	0.681125
18.666667	1	0.682625
18.683333	1	0.685250
18.700000	1	0.688250
18.716667	1	0.691250
18.733333	1	0.694250
18.750000	1	0.697500
18.766667	1	0.701375
18.783333	1	0.705875
18.800000	1	0.710625
18.816667	1	0.716125
18.833333	1	0.722375
18.850000	1	0.729125
18.866667	1	0.736625
18.883333	1	0.744750
18.900000	1	0.754000
18.916667	1	0.764500
18.933333	1	0.775625
18.950000	1	0.788875
18.966667	1	0.803000
18.983333	1	0.818500
19.000000	1	0.835375
19.016667	1	0.854500
19.033333	1	0.875125
19.050000	1	0.897875
19.066667	1	0.922000
19.083333	1	0.947875
19.100000	1	0.975500
19.116667	1	1.004625
19.133333	1	1.034750
19.150000	1	1.065750
19.166667	1	1.097375
19.183333	1	1.129875
19.200000	1	1.162000
19.216667	1	1.195250
19.233333	1	1.227250
19.250000	1	1.257875
19.266667	1	1.286875
19.283333	1	1.313125
19.300000	1	1.336625
19.316667	1	1.357500
19.333333	1	1.373500
19.350000	1	1.386500
19.366667	1	1.395125
19.383333	1	1.398125
19.400000	1	1.396750
19.416667	1	1.390250
19.433333	1	1.378500
19.450000	1	1.362375
19.466667	1	1.341625
19.483333	1	1.317125
19.500000	1	1.288625
19.516667	1	1.256500
19.533333	1	1.222250
19.550000	1	1.185750
19.566667	1	1.147375
19.583333	1	1.108000
19.600000	1	1.067750
19.616667	1	1.027625
19.633333	1	0.987750
19.650000	1	0.949000
19.666667	1	0.912250
19.683333	1	0.877625
19.700000	1	0.844875
19.716667	1	0.814625
19.733333	1	0.786750
19.750000	1	0.762250
19.766667	1	0.740500
19.783333	1	0.721125
19.800000	1	0.705375
19.816667	1	0.693000
19.833333	1	0.683375
19.850000	1	0.676500
19.866667	1	0.673000
19.883333	1	0.671625
19.900000	1	0.672375
19.916667	1	0.675625
19.933333	1	0.682000
19.950000	1	0.689625
19.966667	1	0.699625
19.983333	1	0.710750
20.000000	1	0.723625
20.016667	1	0.737125
20.033333	1	0.751750
20.050000	1	0.765750
20.066667	1	0.780625
20.083333	1	0.795375
20.100000	1	0.810000
20.116667	1	0.824250
20.133333	1	0.838000
20.150000	1	0.851000
20.166667	1	0.863500
20.183333	1	0.875125
20.200000	1	0.885750
20.216667	1	0.896375
20.233333	1	0.906500
20.250000	1	0.916375
20.266667	1	0.926000
20.283333	1	0.935500
20.300000	1	0.945000
20.316667	1	0.955500
20.333333	1	0.966875
20.350000	1	0.978125
20.366667	1	0.990750
20.383333	1	1.003500
20.400000	1	1.018125
20.416667	1	1.032875
20.433333	1	1.048375
20.450000	1	1.065375
20.466667	1	1.082500
20.483333	1	1.099625
20.500000	1	1.117125
20.516667	1	1.134750
20.533333	1	1.151125
20.550000	1	1.167625
20.566667	1	1.182500
20.583333	1	1.196500
20.600000	1	1.208625
20.616667	1	1.219750
20.633333	1	1.228750
20.650000	1	1.236500
20.666667	1	1.242375
20.683333	1	1.247625
20.700000	1	1.251375
20.716667	1	1.254625
20.733333	1	1.257625
20.750000	1	1.260250
20.766667	1	1.263500
20.783333	1	1.267625
20.800000	1	1.272750
20.816667	1	1.278750
20.833333	1	1.286500
20.850000	1	1.297625
20.866667	1	1.309750
20.883333	1	1.324750
20.900000	1	1.341000
20.916667	1	1.358750
20.933333	1	1.377875
20.950000	1	1.396875
20.966667	1	1.416875
20.983333	1	1.435500
21.000000	1	1.451625
21.016667	1	1.465125
21.033333	1	1.475250
21.050000	1	1.481875
21.066667	1	1.482875
21.083333	1	1.478250
21.100000	1	1.467625
21.116667	1	1.451875
21.133333	1	1.429375
21.150000	1	1.401000
21.166667	1	1.367500
21.183333	1	1.328750
21.200000	1	1.285500
21.216667	1	1.237875
21.233333	1	1.187250
21.250000	1	1.135125
21.266667	1	1.082500
21.283333	1	1.029750
21.300000	1	0.977250
21.316667	1	0.925500
21.333333	1	0.875625
21.350000	1	0.827500
21.366667	1	0.782625
21.383333	1	0.740125
21.400000	1	0.700375
21.416667	1	0.663750
21.433333	1	0.629625
21.450000	1	0.598625
21.466667	1	0.570625
21.483333	1	0.545500
21.500000	1	0.522625
21.516667	1	0.503250
21.533333	1	0.484750
21.550000	1	0.469000
21.566667	1	0.454875
21.583333	1	0.442375
21.600000	1	0.431375
21.616667	1	0.421375
21.633333	1	0.412250
21.650000	1	0.404125
21.666667	1	0.398000
21.683333	1	0.391875
21.700000	1	0.387250
21.716667	1	0.382250
21.733333	1	0.379000
21.750000	1	0.376125
21.766667	1	0.372750
21.783333	1	0.370000
21.800000	1	0.367750
21.816667	1	0.366125
21.833333	1	0.364625
21.850000	1	0.364000
21.866667	1	0.363250
21.883333	1	0.363125
21.900000	1	0.363250
21.916667	1	0.363750
21.933333	1	0.364625
21.950000	1	0.365750
21.966667	1	0.366500
21.983333	1	0.368125
22.000000	1	0.369875
22.016667	1	0.371750
22.033333	1	0.373375
22.050000	1	0.376125
22.066667	1	0.378500
22.083333	1	0.380000
22.100000	1	0.381875
22.116667	1	0.384125
22.133333	1	0.385375
22.150000	1	0.387000
22.166667	1	0.387250
22.183333	1	0.387750
22.200000	1	0.387875
22.216667	1	0.388625
22.233333	1	0.388500
22.250000	1	0.388000
22.266667	1	0.387125
22.283333	1	0.386875
22.300000	1	0.386000
22.316667	1	0.384625
22.333333	1	0.383125
22.350000	1	0.382250
22.366667	1	0.381250
22.383333	1	0.380500
22.400000	1	0.380375
22.416667	1	0.379750
22.433333	1	0.380125
22.450000	1	0.382000
22.466667	1	0.382875
22.483333	1	0.384125
22.500000	1	0.386375
22.516667	1	0.389750
22.533333	1	0.393000
22.550000	1	0.396375
22.566667	1	0.399875
22.583333	1	0.404125
22.600000	1	0.408250
22.616667	1	0.412875
22.633333	1	0.417625
22.650000	1	0.422500
22.666667	1	0.426875
22.683333	1	0.431375
22.700000	1	0.435500
22.716667	1	0.439125
22.733333	1	0.443125
22.750000	1	0.446750
22.766667	1	0.449875
22.783333	1	0.453000
22.800000	1	0.454750
22.816667	1	0.456125
22.833333	1	0.457000
22.850000	1	0.457875
22.866667	1	0.458375
22.883333	1	0.457750
22.900000	1	0.456375
22.916667	1	0.455125
22.933333	1	0.452625
22.950000	1	0.449750
22.966667	1	0.446375
22.983333	1	0.442875
23.000000	1	0.439500
23.016667	1	0.435125
23.033333	1	0.431000
23.050000	1	0.426500
23.066667	1	0.422125
23.083333	1	0.417750
23.100000	1	0.413625
23.116667	1	0.409875
23.133333	1	0.405500
23.150000	1	0.401875
23.166667	1	0.398500
23.183333	1	0.395625
23.200000	1	0.392875
23.216667	1	0.391500
23.233333	1	0.389875
23.250000	1	0.389750
23.266667	1	0.389875
23.283333	1	0.391000
23.300000	1	0.393625
23.316667	1	0.396875
23.333333	1	0.402125
23.350000	1	0.408625
23.366667	1	0.416625
23.383333	1	0.426000
23.400000	1	0.437250
23.416667	1	0.451625
23.433333	1	0.467500
23.450000	1	0.487500
23.466667	1	0.510625
23.483333	1	0.537375
23.500000	1	0.568250
23.516667	1	0.603500
23.533333	1	0.644250
23.550000	1	0.691125
23.566667	1	0.743000
23.583333	1	0.801500
23.600000	1	0.866125
23.616667	1	0.939375
23.633333	1	1.020625
23.650000	1	1.109250
23.666667	1	1.206375
23.683333	1	1.311375
23.700000	1	1.425000
23.716667	1	1.546750
23.733333	1	1.676125
23.750000	1	1.812750
23.766667	1	1.957125
23.783333	1	2.107750
23.800000	1	2.263125
23.816667	1	2.423625
23.833333	1	2.587750
23.850000	1	2.752500
23.866667	1	2.917750
23.883333	1	3.081875
23.900000	1	3.243250
23.916667	1	3.398375
23.933333	1	3.546875
23.950000	1	3.685625
23.966667	1	3.813125
23.983333	1	3.925750
24.000000	1	4.022750
24.016667	1	4.102375
24.033333	1	4.162125
24.050000	1	4.201125
24.066667	1	4.219625
24.083333	1	4.216125
24.100000	1	4.190375
24.116667	1	4.144875
24.133333	1	4.079875
24.150000	1	3.994750
24.166667	1	3.892375
24.183333	1	3.775375
24.200000	1	3.645375
24.216667	1	3.504500
24.233333	1	3.355125
24.250000	1	3.199125
24.266667	1	3.040125
24.283333	1	2.878875
24.300000	1	2.718250
24.316667	1	2.560375
24.333333	1	2.405750
24.350000	1	2.255750
24.366667	1	2.112000
24.383333	1	1.976125
24.400000	1	1.847625
24.416667	1	1.727750
24.433333	1	1.616500
24.450000	1	1.512750
24.466667	1	1.418375
24.483333	1	1.332250
24.500000	1	1.253625
24.516667	1	1.182000
24.533333	1	1.116500
24.550000	1	1.057625
24.566667	1	1.004125
24.583333	1	0.955875
24.600000	1	0.911125
24.616667	1	0.871500
24.633333	1	0.835125
24.650000	1	0.801125
24.666667	1	0.769750
24.683333	1	0.740875
24.700000	1	0.712875
24.716667	1	0.687000
24.733333	1	0.662125
24.750000	1	0.637875
24.766667	1	0.615000
24.783333	1	0.593000
24.800000	1	0.571750
24.816667	1	0.550750
24.833333	1	0.529625
24.850000	1	0.509625
24.866667	1	0.490125
24.883333	1	0.471750
24.900000	1	0.453500
24.916667	1	0.435625
24.933333	1	0.418125
24.950000	1	0.401250
24.966667	1	0.385625
24.983333	1	0.370000
25.000000	1	0.355875
25.016667	1	0.342500
25.033333	1	0.328750
25.050000	1	0.316625
25.066667	1	0.305375
25.083333	1	0.295375
25.100000	1	0.285625
25.116667	1	0.277000
25.133333	1	0.269375
25.150000	1	0.262875
25.166667	1	0.256875
25.183333	1	0.251250
25.200000	1	0.246125
25.216667	1	0.242250
25.233333	1	0.239500
25.250000	1	0.236750
25.266667	1	0.234875
25.283333	1	0.233625
25.300000	1	0.233000
25.316667	1	0.232500
25.333333	1	0.232000
25.350000	1	0.232250
25.366667	1	0.233000
25.383333	1	0.234375
25.400000	1	0.235375
25.416667	1	0.237000
25.433333	1	0.238750
25.450000	1	0.240625
25.466667	1	0.243000
25.483333	1	0.245000
25.500000	1	0.247000
25.516667	1	0.249125
25.533333	1	0.251375
25.550000	1	0.253875
25.566667	1	0.256125
25.583333	1	0.257875
25.600000	1	0.260125
25.616667	1	0.261125
25.633333	1	0.263000
25.650000	1	0.264375
25.666667	1	0.265000
25.683333	1	0.265875
25.700000	1	0.267250
25.716667	1	0.267875
25.733333	1	0.268500
25.750000	1	0.268750
25.766667	1	0.268500
25.783333	1	0.268375
25.800000	1	0.269500
25.816667	1	0.269750
25.833333	1	0.270125
25.850000	1	0.270375
25.866667	1	0.270375
25.883333	1	0.270625
25.900000	1	0.270375
25.916667	1	0.270250
25.933333	1	0.270375
25.950000	1	0.270500
25.966667	1	0.269625
25.983333	1	0.269875
26.000000	1	0.270000
26.016667	1	0.270250
26.033333	1	0.270750
26.050000	1	0.270875
26.066667	1	0.270125
26.083333	1	0.271125
26.100000	1	0.271500
26.116667	1	0.272250
26.133333	1	0.272875
26.150000	1	0.272750
26.166667	1	0.272750
26.183333	1	0.273750
26.200000	1	0.274875
26.216667	1	0.275625
26.233333	1	0.276250
26.250000	1	0.277750
26.266667	1	0.278875
26.283333	1	0.279875
26.300000	1	0.280875
26.316667	1	0.282250
26.333333	1	0.282875
26.350000	1	0.283750
26.366667	1	0.284500
26.383333	1	0.285250
26.400000	1	0.285875
26.416667	1	0.286000
26.433333	1	0.285875
26.450000	1	0.285875
26.466667	1	0.285000
26.483333	1	0.284000
26.500000	1	0.282250
26.516667	1	0.280250
26.533333	1	0.278125
26.550000	1	0.275500
26.566667	1	0.272125
26.583333	1	0.268750
26.600000	1	0.264375
26.616667	1	0.259875
26.633333	1	0.255250
26.650000	1	0.250375
26.666667	1	0.245125
26.683333	1	0.239750
26.700000	1	0.234125
26.716667	1	0.228125
26.733333	1	0.222500
26.750000	1	0.217000
26.766667	1	0.211000
26.783333	1	0.204375
26.800000	1	0.197625
26.816667	1	0.192125
26.833333	1	0.187000
26.850000	1	0.182000
26.866667	1	0.176500
26.883333	1	0.171125
26.900000	1	0.166500
26.916667	1	0.162625
26.933333	1	0.158625
26.950000	1	0.155375
26.966667	1	0.152125
26.983333	1	0.149375
27.000000	1	0.147000
27.016667	1	0.145625
27.033333	1	0.144125
27.050000	1	0.143500
27.066667	1	0.143750
27.083333	1	0.144875
27.100000	1	0.145500
27.116667	1	0.146500
27.133333	1	0.149000
27.150000	1	0.151875
27.166667	1	0.155000
27.183333	1	0.159250
27.200000	1	0.163875
27.216667	1	0.169500
27.233333	1	0.175250
27.250000	1	0.183000
27.266667	1	0.190875
27.283333	1	0.199125
27.300000	1	0.208250
27.316667	1	0.218625
27.333333	1	0.230000
27.350000	1	0.243500
27.366667	1	0.257750
27.383333	1	0.273875
27.400000	1	0.292000
27.416667	1	0.311625
27.433333	1	0.333500
27.450000	1	0.358000
27.466667	1	0.385000
27.483333	1	0.414500
27.500000	1	0.447125
27.516667	1	0.483250
27.533333	1	0.522500
27.550000	1	0.566250
27.566667	1	0.613875
27.583333	1	0.666000
27.600000	1	0.722250
27.616667	1	0.783500
27.633333	1	0.849750
27.650000	1	0.921750
27.666667	1	0.998250
27.683333	1	1.080000
27.700000	1	1.167875
27.716667	1	1.259125
27.733333	1	1.356375
27.750000	1	1.458875
27.766667	1	1.565875
27.783333	1	1.677500
27.800000	1	1.792125
27.816667	1	1.910375
27.833333	1	2.031375
27.850000	1	2.154000
27.866667	1	2.279000
27.883333	1	2.404500
27.900000	1	2.529875
27.916667	1	2.654500
27.933333	1	2.776500
27.950000	1	2.896000
27.966667	1	3.010500
27.983333	1	3.119625
28.000000	1	3.221750
28.016667	1	3.316000
28.033333	1	3.401375
28.050000	1	3.477125
28.066667	1	3.541750
28.083333	1	3.594125
28.100000	1	3.632750
28.116667	1	3.658625
28.133333	1	3.669125
28.150000	1	3.665375
28.166667	1	3.646750
28.183333	1	3.613125
28.200000	1	3.564375
28.216667	1	3.501625
28.233333	1	3.425625
28.250000	1	3.336750
28.266667	1	3.236500
28.283333	1	3.124875
28.300000	1	3.004125
28.316667	1	2.874750
28.333333	1	2.739250
28.350000	1	2.598500
28.366667	1	2.454500
28.383333	1	2.308250
28.400000	1	2.161625
28.416667	1	2.014625
28.433333	1	1.869000
28.450000	1	1.726000
28.466667	1	1.586000
28.483333	1	1.449500
28.500000	1	1.317125
28.516667	1	1.189375
28.533333	1	1.066375
28.550000	1	0.948000
28.566667	1	0.835250
28.583333	1	0.727750
28.600000	1	0.625750
28.616667	1	0.527875
28.633333	1	0.434125
28.650000	1	0.344500
28.666667	1	0.258875
28.683333	1	0.177375
28.700000	1	0.098875
28.716667	1	0.024000
28.733333	1	-0.046750
28.750000	1	-0.115375
28.766667	1	-0.180500
28.783333	1	-0.242750
28.800000	1	-0.302125
28.816667	1	-0.358375
28.833333	1	-0.412250
28.850000	1	-0.463125
28.866667	1	-0.510000
28.883333	1	-0.554875
28.900000	1	-0.595625
28.916667	1	-0.633625
28.933333	1	-0.667625
28.950000	1	-0.697125
28.966667	1	-0.723625
28.983333	1	-0.746000
29.000000	1	-0.764625
29.016667	1	-0.778875
29.033333	1	-0.788500
29.050000	1	-0.794375
29.066667	1	-0.796250
29.083333	1	-0.793250
29.100000	1	-0.786875
29.116667	1	-0.776000
29.133333	1	-0.761500
29.150000	1	-0.743375
29.166667	1	-0.721750
29.183333	1	-0.696750
29.200000	1	-0.668500
29.216667	1	-0.637375
29.233333	1	-0.603625
29.250000	1	-0.568000
29.266667	1	-0.530500
29.283333	1	-0.492125
29.300000	1	-0.451750
29.316667	1	-0.411000
29.333333	1	-0.369500
29.350000	1	-0.327375
29.366667	1	-0.285125
29.383333	1	-0.243500
29.400000	1	-0.201375
29.416667	1	-0.160125
29.433333	1	-0.120250
29.450000	1	-0.080875
29.466667	1	-0.043000
29.483333	1	-0.006125
29.500000	1	0.029500
29.516667	1	0.062875
29.533333	1	0.095250
29.550000	1	0.125625
29.566667	1	0.154625
29.583333	1	0.181125
29.600000	1	0.206500
29.616667	1	0.229375
29.633333	1	0.251500
29.650000	1	0.271625
29.666667	1	0.289625
29.683333	1	0.306000
29.700000	1	0.320625
29.716667	1	0.334375
29.733333	1	0.346125
29.750000	1	0.356625
29.766667	1	0.365250
29.783333	1	0.373000
29.800000	1	0.379500
29.816667	1	0.384125
29.833333	1	0.389125
29.850000	1	0.392500
29.866667	1	0.394750
29.883333	1	0.397125
29.900000	1	0.397375
29.916667	1	0.398125
29.933333	1	0.397625
29.950000	1	0.398500
29.966667	1	0.398750
29.983333	1	0.399125
30.000000	1	0.398375
30.016667	1	0.398000
30.033333	1	0.398750
30.050000	1	0.399250
30.066667	1	0.400625
30.083333	1	0.402250
30.100000	1	0.403750
30.116667	1	0.406750
30.133333	1	0.411000
30.150000	1	0.415750
30.166667	1	0.422375
30.183333	1	0.429750
30.200000	1	0.439125
30.216667	1	0.450125
30.233333	1	0.463125
30.250000	1	0.478000
30.266667	1	0.494750
30.283333	1	0.513375
30.300000	1	0.535625
30.316667	1	0.560375
30.333333	1	0.587500
30.350000	1	0.618125
30.366667	1	0.651875
30.383333	1	0.688500
30.400000	1	0.729000
30.416667	1	0.773500
30.433333	1	0.821125
30.450000	1	0.873250
30.466667	1	0.929750
30.483333	1	0.989375
30.500000	1	1.053000
30.516667	1	1.120875
30.533333	1	1.192625
30.550000	1	1.267125
30.566667	1	1.345750
30.583333	1	1.427250
30.600000	1	1.512000
30.616667	1	1.598875
30.633333	1	1.688875
30.650000	1	1.779750
30.666667	1	1.872000
30.683333	1	1.964750
30.700000	1	2.056750
30.716667	1	2.147875
30.733333	1	2.236500
30.750000	1	2.323750
30.766667	1	2.406000
30.783333	1	2.485250
30.800000	1	2.559875
30.816667	1	2.628750
30.833333	1	2.690875
30.850000	1	2.745625
30.866667	1	2.792625
30.883333	1	2.831000
30.900000	1	2.861250
30.916667	1	2.882250
30.933333	1	2.893375
30.950000	1	2.894750
30.966667	1	2.887375
30.983333	1	2.870375
31.000000	1	2.843875
31.016667	1	2.807625
31.033333	1	2.764000
31.050000	1	2.711875
31.066667	1	2.651375
31.083333	1	2.584750
31.100000	1	2.513250
31.116667	1	2.435750
31.133333	1	2.354000
31.150000	1	2.269125
31.166667	1	2.181000
31.183333	1	2.090750
31.200000	1	1.999750
31.216667	1	1.908500
31.233333	1	1.817000
31.250000	1	1.726500
31.266667	1	1.637000
31.283333	1	1.549875
31.300000	1	1.465875
31.316667	1	1.383125
31.333333	1	1.304250
31.350000	1	1.228750
31.366667	1	1.156625
31.383333	1	1.088625
31.400000	1	1.023625
31.416667	1	0.961875
31.433333	1	0.904000
31.450000	1	0.849500
31.466667	1	0.797875
31.483333	1	0.750250
31.500000	1	0.706375
31.516667	1	0.665750
31.533333	1	0.627125
31.550000	1	0.592000
31.566667	1	0.559250
31.583333	1	0.529500
31.600000	1	0.502250
31.616667	1	0.476875
31.633333	1	0.453625
31.650000	1	0.432375
31.666667	1	0.413125
31.683333	1	0.395375
31.700000	1	0.380250
31.716667	1	0.365625
31.733333	1	0.352125
31.750000	1	0.341000
31.766667	1	0.330375
31.783333	1	0.320750
31.800000	1	0.312375
31.816667	1	0.305875
31.833333	1	0.299375
31.850000	1	0.293750
31.866667	1	0.288375
31.883333	1	0.284000
31.900000	1	0.280625
31.916667	1	0.277625
31.933333	1	0.275875
31.950000	1	0.274125
31.966667	1	0.272750
31.983333	1	0.271500
32.000000	1	0.270500
32.016667	1	0.269875
32.033333	1	0.268625
32.050000	1	0.267500
32.066667	1	0.266625
32.083333	1	0.265500
32.100000	1	0.264125
32.116667	1	0.263250
32.133333	1	0.261875
32.150000	1	0.260000
32.166667	1	0.258500
32.183333	1	0.255750
32.200000	1	0.253625
32.216667	1	0.251000
32.233333	1	0.248375
32.250000	1	0.245000
32.266667	1	0.240500
32.283333	1	0.235625
32.300000	1	0.230500
32.316667	1	0.225250
32.333333	1	0.220000
32.350000	1	0.214000
32.366667	1	0.208500
32.383333	1	0.202375
32.400000	1	0.196000
32.416667	1	0.190000
32.433333	1	0.183250
32.450000	1	0.176375
32.466667	1	0.169625
32.483333	1	0.163125
32.500000	1	0.156500
32.516667	1	0.149875
32.533333	1	0.143500
32.550000	1	0.137375
32.566667	1	0.131750
32.583333	1	0.125500
32.600000	1	0.119500
32.616667	1	0.114375
32.633333	1	0.108875
32.650000	1	0.104375
32.666667	1	0.099250
32.683333	1	0.095250
32.700000	1	0.092000
32.716667	1	0.087875
32.733333	1	0.084500
32.750000	1	0.080625
32.766667	1	0.076750
32.783333	1	0.073500
32.800000	1	0.070750
32.816667	1	0.067750
32.833333	1	0.065000
32.850000	1	0.062750
32.866667	1	0.060375
32.883333	1	0.058000
32.900000	1	0.055875
32.916667	1	0.053375
32.933333	1	0.051625
32.950000	1	0.049375
32.966667	1	0.048000
32.983333	1	0.045875
33.000000	1	0.044125
33.016667	1	0.042500
33.033333	1	0.040375
33.050000	1	0.038250
33.066667	1	0.037125
33.083333	1	0.035125
33.100000	1	0.033500
33.116667	1	0.031500
33.133333	1	0.030000
33.150000	1	0.027875
33.166667	1	0.026625
33.183333	1	0.025250
33.200000	1	0.024000
33.216667	1	0.023125
33.233333	1	0.021500
33.250000	1	0.020000
33.266667	1	0.019000
33.283333	1	0.017750
33.300000	1	0.016125
33.316667	1	0.014500
33.333333	1	0.013125
33.350000	1	0.011750
33.366667	1	0.010750
33.383333	1	0.010250
33.400000	1	0.009500
33.416667	1	0.007625
33.433333	1	0.006625
33.450000	1	0.006125
33.466667	1	0.005375
33.483333	1	0.004750
33.500000	1	0.003875
33.516667	1	0.003375
33.533333	1	0.003125
33.550000	1	0.003250
33.566667	1	0.003375
33.583333	1	0.004250
33.600000	1	0.004875
33.616667	1	0.005500
33.633333	1	0.006500
33.650000	1	0.007625
33.666667	1	0.009000
33.683333	1	0.011000
33.700000	1	0.013875
33.716667	1	0.016625
33.733333	1	0.018875
33.750000	1	0.022375
33.766667	1	0.026375
33.783333	1	0.031125
33.800000	1	0.036125
33.816667	1	0.042000
33.833333	1	0.048500
33.850000	1	0.054625
33.866667	1	0.062375
33.883333	1	0.070125
33.900000	1	0.078375
33.916667	1	0.088625
33.933333	1	0.099500
33.950000	1	0.110125
33.966667	1	0.121500
33.983333	1	0.133250
34.000000	1	0.147000
34.016667	1	0.160500
34.033333	1	0.175250
34.050000	1	0.190000
34.066667	1	0.205875
34.083333	1	0.222000
34.100000	1	0.238000
34.116667	1	0.254875
34.133333	1	0.273125
34.150000	1	0.291000
34.166667	1	0.309000
34.183333	1	0.327750
34.200000	1	0.347125
34.216667	1	0.365750
34.233333	1	0.383875
34.250000	1	0.402750
34.266667	1	0.421125
34.283333	1	0.438750
34.300000	1	0.455750
34.316667	1	0.471625
34.333333	1	0.487750
34.350000	1	0.502750
34.366667	1	0.515875
34.383333	1	0.528625
34.400000	1	0.540375
34.416667	1	0.550500
34.433333	1	0.559000
34.450000	1	0.565250
34.466667	1	0.570625
34.483333	1	0.575125
34.500000	1	0.577625
34.516667	1	0.579000
34.533333	1	0.578375
34.550000	1	0.575500
34.566667	1	0.571625
34.583333	1	0.566125
34.600000	1	0.558750
34.616667	1	0.550375
34.633333	1	0.540625
34.650000	1	0.530125
34.666667	1	0.518250
34.683333	1	0.505250
34.700000	1	0.491750
34.716667	1	0.477750
34.733333	1	0.462250
34.750000	1	0.447750
34.766667	1	0.431250
34.783333	1	0.415875
34.800000	1	0.399625
34.816667	1	0.384000
34.833333	1	0.368000
34.850000	1	0.352250
34.866667	1	0.337500
34.883333	1	0.322750
34.900000	1	0.308125
34.916667	1	0.293875
34.933333	1	0.280375
34.950000	1	0.268000
34.966667	1	0.255750
34.983333	1	0.244250
35.000000	1	0.233625
35.016667	1	0.223125
35.033333	1	0.213125
35.050000	1	0.204875
35.066667	1	0.197125
35.083333	1	0.189875
35.100000	1	0.183250
35.116667	1	0.177000
35.133333	1	0.171500
35.150000	1	0.166375
35.166667	1	0.161875
35.183333	1	0.157875
35.200000	1	0.154750
35.216667	1	0.151875
35.233333	1	0.148875
35.250000	1	0.146875
35.266667	1	0.144375
35.283333	1	0.143000
35.300000	1	0.142500
35.316667	1	0.141625
35.333333	1	0.141000
35.350000	1	0.141125
35.366667	1	0.141250
35.383333	1	0.140875
35.400000	1	0.140375
35.416667	1	0.140125
35.433333	1	0.140500
35.450000	1	0.140625
35.466667	1	0.141250
35.483333	1	0.142125
35.500000	1	0.142625
35.516667	1	0.143125
35.533333	1	0.143875
35.550000	1	0.144625
35.566667	1	0.145125
35.583333	1	0.145625
35.600000	1	0.146125
35.616667	1	0.146625
35.633333	1	0.146875
35.650000	1	0.146875
35.666667	1	0.147250
35.683333	1	0.147500
35.700000	1	0.147000
35.716667	1	0.147500
35.733333	1	0.147750
35.750000	1	0.148125
35.766667	1	0.148750
35.783333	1	0.148750
35.800000	1	0.148375
35.816667	1	0.148250
35.833333	1	0.148375
35.850000	1	0.148125
35.866667	1	0.148125
35.883333	1	0.147750
35.900000	1	0.146875
35.916667	1	0.146375
35.933333	1	0.146250
35.950000	1	0.145375
35.966667	1	0.144875
35.983333	1	0.143750
36.000000	1	0.143250
36.016667	1	0.142250
36.033333	1	0.141250
36.050000	1	0.140625
36.066667	1	0.139500
36.083333	1	0.138000
36.100000	1	0.136750
36.116667	1	0.135125
36.133333	1	0.133750
36.150000	1	0.133000
36.166667	1	0.131625
36.183333	1	0.130250
36.200000	1	0.129250
36.216667	1	0.127875
36.233333	1	0.126750
36.250000	1	0.124875
36.266667	1	0.123250
36.283333	1	0.121750
36.300000	1	0.119875
36.316667	1	0.117375
36.333333	1	0.115750
36.350000	1	0.114125
36.366667	1	0.112125
36.383333	1	0.110000
36.400000	1	0.108000
36.416667	1	0.105500
36.433333	1	0.103375
36.450000	1	0.101500
36.466667	1	0.099250
36.483333	1	0.097250
36.500000	1	0.095000
36.516667	1	0.092625
36.533333	1	0.090625
36.550000	1	0.088375
36.566667	1	0.084750
36.583333	1	0.082875
36.600000	1	0.080375
36.616667	1	0.077750
36.633333	1	0.075250
36.650000	1	0.072875
36.666667	1	0.070375
36.683333	1	0.067125
36.700000	1	0.065125
36.716667	1	0.063375
36.733333	1	0.061250
36.750000	1	0.058750
36.766667	1	0.056375
36.783333	1	0.053750
36.800000	1	0.051625
36.816667	1	0.048875
36.833333	1	0.046250
36.850000	1	0.044000
36.866667	1	0.041500
36.883333	1	0.038875
36.900000	1	0.036125
36.916667	1	0.033125
36.933333	1	0.030625
36.950000	1	0.028500
36.966667	1	0.025250
36.983333	1	0.022750
37.000000	1	0.020250
37.016667	1	0.017250
37.033333	1	0.015250
37.050000	1	0.012875
37.066667	1	0.010750
37.083333	1	0.008875
37.100000	1	0.006625
37.116667	1	0.004750
37.133333	1	0.002625
37.150000	1	-0.000125
37.166667	1	-0.002875
37.183333	1	-0.004125
37.200000	1	-0.005750
37.216667	1	-0.007500
37.233333	1	-0.009125
37.250000	1	-0.010375
37.266667	1	-0.012125
37.283333	1	-0.013250
37.300000	1	-0.015000
37.316667	1	-0.016000
37.333333	1	-0.016375
37.350000	1	-0.017500
37.366667	1	-0.018250
37.383333	1	-0.019250
37.400000	1	-0.019625
37.416667	1	-0.019875
37.433333	1	-0.020125
37.450000	1	-0.019500
37.466667	1	-0.019250
37.483333	1	-0.018875
37.500000	1	-0.018750
37.516667	1	-0.017875
37.533333	1	-0.017000
37.550000	1	-0.016875
37.566667	1	-0.016375
37.583333	1	-0.015875
37.600000	1	-0.015250
37.616667	1	-0.015250
37.633333	1	-0.014125
37.650000	1	-0.013500
37.666667	1	-0.012750
37.683333	1	-0.012125
37.700000	1	-0.011250
37.716667	1	-0.010125
37.733333	1	-0.008875
37.750000	1	-0.008250
37.766667	1	-0.007250
37.783333	1	-0.007125
37.800000	1	-0.006375
37.816667	1	-0.005375
37.833333	1	-0.004625
37.850000	1	-0.003750
37.866667	1	-0.003250
37.883333	1	-0.002750
37.900000	1	-0.002750
37.916667	1	-0.002000
37.933333	1	-0.001375
37.950000	1	-0.001375
37.966667	1	-0.001375
37.983333	1	-0.001000
38.000000	1	-0.000375
38.016667	1	0.000375
38.033333	1	0.001375
38.050000	1	0.001625
38.066667	1	0.002500
38.083333	1	0.002625
38.100000	1	0.003000
38.116667	1	0.003875
38.133333	1	0.004625
38.150000	1	0.005125
38.166667	1	0.005125
38.183333	1	0.005750
38.200000	1	0.006375
38.216667	1	0.006625
38.233333	1	0.006250
38.250000	1	0.006625
38.266667	1	0.007250
38.283333	1	0.007875
38.300000	1	0.008875
38.316667	1	0.009250
38.333333	1	0.008875
38.350000	1	0.009625
38.366667	1	0.010125
38.383333	1	0.010000
38.400000	1	0.010750
38.416667	1	0.011250
38.433333	1	0.011250
38.450000	1	0.011125
38.466667	1	0.011500
38.483333	1	0.011500
38.500000	1	0.010875
38.516667	1	0.010875
38.533333	1	0.011375
38.550000	1	0.010500
38.566667	1	0.009250
38.583333	1	0.009375
38.600000	1	0.008500
38.616667	1	0.007875
38.633333	1	0.007250
38.650000	1	0.006375
38.666667	1	0.005750
38.683333	1	0.004750
38.700000	1	0.003375
38.716667	1	0.002250
38.733333	1	0.001250
38.750000	1	0.000250
38.766667	1	-0.000750
38.783333	1	-0.001875
38.800000	1	-0.002375
38.816667	1	-0.003750
38.833333	1	-0.004750
38.850000	1	-0.005375
38.866667	1	-0.006000
38.883333	1	-0.006875
38.900000	1	-0.007500
38.916667	1	-0.008750
38.933333	1	-0.009875
38.950000	1	-0.010125
38.966667	1	-0.010375
38.983333	1	-0.011000
39.000000	1	-0.011625
39.016667	1	-0.012000
39.033333	1	-0.012875
39.050000	1	-0.012875
39.066667	1	-0.013250
39.083333	1	-0.013250
39.100000	1	-0.013625
39.116667	1	-0.014000
39.133333	1	-0.013750
39.150000	1	-0.013875
39.166667	1	-0.013750
39.183333	1	-0.013125
39.200000	1	-0.013375
39.216667	1	-0.013375
39.233333	1	-0.013375
39.250000	1	-0.012250
39.266667	1	-0.012125
39.283333	1	-0.011750
39.300000	1	-0.011250
39.316667	1	-0.010500
39.333333	1	-0.009875
39.350000	1	-0.008625
39.366667	1	-0.008375
39.383333	1	-0.007875
39.400000	1	-0.007000
39.416667	1	-0.006625
39.433333	1	-0.007125
39.450000	1	-0.006250
39.466667	1	-0.005125
39.483333	1	-0.004125
39.500000	1	-0.003375
39.516667	1	-0.003625
39.533333	1	-0.003625
39.550000	1	-0.002500
39.566667	1	-0.002000
39.583333	1	-0.001750
39.600000	1	-0.001250
39.616667	1	-0.000750
39.633333	1	-0.000625
39.650000	1	-0.000625
39.666667	1	0.000125
39.683333	1	0.000375
39.700000	1	0.000875
39.716667	1	0.000625
39.733333	1	0.000750
39.750000	1	0.001000
39.766667	1	0.000875
39.783333	1	0.001000
39.800000	1	0.001375
39.816667	1	0.001500
39.833333	1	0.002125
39.850000	1	0.002125
39.866667	1	0.001750
39.883333	1	0.002000
39.900000	1	0.001500
39.916667	1	0.001000
39.933333	1	0.001125
39.950000	1	0.001125
39.966667	1	0.001750
39.983333	1	0.002250
40.000000	1	0.002500
