File Path	chrom://990-75db15j/XVault/Ultimate_3000/1256/20230531_CMO_stabTest _FP08_FP09.seq/326.smp/RI_1.channel/RI_1.chm
Channel	RI_1

Injection Information:
Data Vault	XVault
Injection	FP08_1_s3
Injection Number	26
Position	BD4
Comment	
Processing Method	
Instrument Method	run_25B_method
Type	Unknown
Status	Finished
Injection Date	02.06.2023
Injection Time	05:49:04
Injection Volume (µl)	20.000
Dilution Factor	1.0000
Weight	1.0000

Chromatogram Data Information:
Time Min. (min)	0.000000
Time Max. (min)	40.000000
Data Points	2401
Detector	RI
Generating Data System	Chromeleon 7.2.5.9507
Exporting Data System	Chromeleon 7.2.5.0
Operator	Instrument Controller
Signal Quantity	Refractive 
Signal Unit	µRIU
Signal Min.	-0.586750
Signal Max.	54.955125
Channel	RI_1
Driver Name	RID520Driver.dll
Channel Type	Evaluation
Min. Step (s)	1
Max. Step (s)	1
Average Step (s)	1

Signal Parameter Information:
Signal Info	

Chromatogram Data:
Time (min)	Step (s)	Value (µRIU)
0.000000	n.a.	-0.034875
0.016667	1	-0.035250
0.033333	1	-0.035375
0.050000	1	-0.035750
0.066667	1	-0.036000
0.083333	1	-0.036250
0.100000	1	-0.036125
0.116667	1	-0.035750
0.133333	1	-0.036250
0.150000	1	-0.035875
0.166667	1	-0.036125
0.183333	1	-0.036375
0.200000	1	-0.036125
0.216667	1	-0.035250
0.233333	1	-0.035000
0.250000	1	-0.035125
0.266667	1	-0.035125
0.283333	1	-0.035625
0.300000	1	-0.037375
0.316667	1	-0.041000
0.333333	1	-0.043750
0.350000	1	-0.043875
0.366667	1	-0.041125
0.383333	1	-0.037125
0.400000	1	-0.033500
0.416667	1	-0.030375
0.433333	1	-0.027625
0.450000	1	-0.024500
0.466667	1	-0.022125
0.483333	1	-0.021625
0.500000	1	-0.022750
0.516667	1	-0.025125
0.533333	1	-0.026875
0.550000	1	-0.029250
0.566667	1	-0.031125
0.583333	1	-0.033000
0.600000	1	-0.034375
0.616667	1	-0.034875
0.633333	1	-0.035375
0.650000	1	-0.035875
0.666667	1	-0.037125
0.683333	1	-0.038125
0.700000	1	-0.038375
0.716667	1	-0.039000
0.733333	1	-0.039125
0.750000	1	-0.039875
0.766667	1	-0.040125
0.783333	1	-0.040000
0.800000	1	-0.039625
0.816667	1	-0.039500
0.833333	1	-0.039375
0.850000	1	-0.039125
0.866667	1	-0.038625
0.883333	1	-0.038750
0.900000	1	-0.038625
0.916667	1	-0.039125
0.933333	1	-0.039000
0.950000	1	-0.039125
0.966667	1	-0.039000
0.983333	1	-0.039500
1.000000	1	-0.039625
1.016667	1	-0.039625
1.033333	1	-0.040125
1.050000	1	-0.040875
1.066667	1	-0.040500
1.083333	1	-0.041250
1.100000	1	-0.041875
1.116667	1	-0.043125
1.133333	1	-0.043375
1.150000	1	-0.043875
1.166667	1	-0.044875
1.183333	1	-0.046125
1.200000	1	-0.047125
1.216667	1	-0.048250
1.233333	1	-0.048875
1.250000	1	-0.049625
1.266667	1	-0.050000
1.283333	1	-0.050500
1.300000	1	-0.051500
1.316667	1	-0.053375
1.333333	1	-0.054000
1.350000	1	-0.055125
1.366667	1	-0.056500
1.383333	1	-0.057625
1.400000	1	-0.058625
1.416667	1	-0.059250
1.433333	1	-0.060125
1.450000	1	-0.060875
1.466667	1	-0.061625
1.483333	1	-0.062000
1.500000	1	-0.062625
1.516667	1	-0.063625
1.533333	1	-0.064625
1.550000	1	-0.064875
1.566667	1	-0.065625
1.583333	1	-0.065750
1.600000	1	-0.066125
1.616667	1	-0.067000
1.633333	1	-0.066500
1.650000	1	-0.066625
1.666667	1	-0.067250
1.683333	1	-0.067750
1.700000	1	-0.067750
1.716667	1	-0.068000
1.733333	1	-0.067875
1.750000	1	-0.068250
1.766667	1	-0.068625
1.783333	1	-0.068875
1.800000	1	-0.068125
1.816667	1	-0.067625
1.833333	1	-0.066875
1.850000	1	-0.067125
1.866667	1	-0.067000
1.883333	1	-0.066500
1.900000	1	-0.066250
1.916667	1	-0.066125
1.933333	1	-0.065250
1.950000	1	-0.064375
1.966667	1	-0.063625
1.983333	1	-0.062875
2.000000	1	-0.061500
2.016667	1	-0.061000
2.033333	1	-0.059875
2.050000	1	-0.059000
2.066667	1	-0.058375
2.083333	1	-0.057000
2.100000	1	-0.055875
2.116667	1	-0.054875
2.133333	1	-0.053375
2.150000	1	-0.052625
2.166667	1	-0.051875
2.183333	1	-0.050375
2.200000	1	-0.049125
2.216667	1	-0.047500
2.233333	1	-0.046125
2.250000	1	-0.043875
2.266667	1	-0.042500
2.283333	1	-0.041375
2.300000	1	-0.039625
2.316667	1	-0.038625
2.333333	1	-0.037375
2.350000	1	-0.035500
2.366667	1	-0.034250
2.383333	1	-0.033125
2.400000	1	-0.031750
2.416667	1	-0.031500
2.433333	1	-0.030375
2.450000	1	-0.029125
2.466667	1	-0.027250
2.483333	1	-0.025750
2.500000	1	-0.023750
2.516667	1	-0.022375
2.533333	1	-0.021250
2.550000	1	-0.019500
2.566667	1	-0.018375
2.583333	1	-0.017250
2.600000	1	-0.015750
2.616667	1	-0.013625
2.633333	1	-0.011875
2.650000	1	-0.011000
2.666667	1	-0.010000
2.683333	1	-0.009625
2.700000	1	-0.008500
2.716667	1	-0.007125
2.733333	1	-0.006750
2.750000	1	-0.006500
2.766667	1	-0.006500
2.783333	1	-0.006125
2.800000	1	-0.005250
2.816667	1	-0.004625
2.833333	1	-0.004625
2.850000	1	-0.004375
2.866667	1	-0.003625
2.883333	1	-0.003250
2.900000	1	-0.004250
2.916667	1	-0.004000
2.933333	1	-0.003750
2.950000	1	-0.003625
2.966667	1	-0.004000
2.983333	1	-0.004250
3.000000	1	-0.003625
3.016667	1	-0.003625
3.033333	1	-0.004000
3.050000	1	-0.004375
3.066667	1	-0.004250
3.083333	1	-0.004250
3.100000	1	-0.004750
3.116667	1	-0.005500
3.133333	1	-0.005875
3.150000	1	-0.006000
3.166667	1	-0.005875
3.183333	1	-0.005500
3.200000	1	-0.005375
3.216667	1	-0.004750
3.233333	1	-0.003625
3.250000	1	-0.003375
3.266667	1	-0.003250
3.283333	1	-0.003125
3.300000	1	-0.002375
3.316667	1	-0.002500
3.333333	1	-0.002625
3.350000	1	-0.002250
3.366667	1	-0.002000
3.383333	1	-0.002000
3.400000	1	-0.000750
3.416667	1	-0.000500
3.433333	1	-0.000375
3.450000	1	0.000125
3.466667	1	0.000625
3.483333	1	0.001125
3.500000	1	0.001250
3.516667	1	0.001375
3.533333	1	0.001000
3.550000	1	0.000750
3.566667	1	0.000125
3.583333	1	-0.000125
3.600000	1	-0.000125
3.616667	1	-0.000375
3.633333	1	-0.000500
3.650000	1	-0.001250
3.666667	1	-0.001625
3.683333	1	-0.002625
3.700000	1	-0.003250
3.716667	1	-0.003875
3.733333	1	-0.004750
3.750000	1	-0.006000
3.766667	1	-0.006750
3.783333	1	-0.007500
3.800000	1	-0.008250
3.816667	1	-0.009125
3.833333	1	-0.009875
3.850000	1	-0.010500
3.866667	1	-0.011250
3.883333	1	-0.012250
3.900000	1	-0.013375
3.916667	1	-0.014125
3.933333	1	-0.014625
3.950000	1	-0.014875
3.966667	1	-0.015625
3.983333	1	-0.016750
4.000000	1	-0.017625
4.016667	1	-0.017875
4.033333	1	-0.017875
4.050000	1	-0.018875
4.066667	1	-0.019625
4.083333	1	-0.020500
4.100000	1	-0.021125
4.116667	1	-0.021750
4.133333	1	-0.023250
4.150000	1	-0.023875
4.166667	1	-0.024625
4.183333	1	-0.025625
4.200000	1	-0.026500
4.216667	1	-0.027250
4.233333	1	-0.028750
4.250000	1	-0.029750
4.266667	1	-0.031000
4.283333	1	-0.032375
4.300000	1	-0.033250
4.316667	1	-0.035125
4.333333	1	-0.036500
4.350000	1	-0.037250
4.366667	1	-0.038000
4.383333	1	-0.038875
4.400000	1	-0.039750
4.416667	1	-0.040375
4.433333	1	-0.040875
4.450000	1	-0.041875
4.466667	1	-0.042375
4.483333	1	-0.042875
4.500000	1	-0.043250
4.516667	1	-0.043125
4.533333	1	-0.043625
4.550000	1	-0.043750
4.566667	1	-0.043750
4.583333	1	-0.043250
4.600000	1	-0.043375
4.616667	1	-0.043500
4.633333	1	-0.042875
4.650000	1	-0.042125
4.666667	1	-0.041500
4.683333	1	-0.040750
4.700000	1	-0.040125
4.716667	1	-0.039125
4.733333	1	-0.038375
4.750000	1	-0.037375
4.766667	1	-0.036625
4.783333	1	-0.035375
4.800000	1	-0.034375
4.816667	1	-0.032500
4.833333	1	-0.030375
4.850000	1	-0.029375
4.866667	1	-0.027875
4.883333	1	-0.026875
4.900000	1	-0.025375
4.916667	1	-0.023250
4.933333	1	-0.021375
4.950000	1	-0.019250
4.966667	1	-0.017125
4.983333	1	-0.015125
5.000000	1	-0.012375
5.016667	1	-0.009750
5.033333	1	-0.006875
5.050000	1	-0.005250
5.066667	1	-0.002750
5.083333	1	-0.000500
5.100000	1	0.001750
5.116667	1	0.004375
5.133333	1	0.007125
5.150000	1	0.009500
5.166667	1	0.011750
5.183333	1	0.014125
5.200000	1	0.017125
5.216667	1	0.019625
5.233333	1	0.021875
5.250000	1	0.024125
5.266667	1	0.026625
5.283333	1	0.029250
5.300000	1	0.032000
5.316667	1	0.034250
5.333333	1	0.036000
5.350000	1	0.037625
5.366667	1	0.039625
5.383333	1	0.041750
5.400000	1	0.043125
5.416667	1	0.044125
5.433333	1	0.045875
5.450000	1	0.047125
5.466667	1	0.047750
5.483333	1	0.049250
5.500000	1	0.049875
5.516667	1	0.050000
5.533333	1	0.050250
5.550000	1	0.051375
5.566667	1	0.051500
5.583333	1	0.051625
5.600000	1	0.052125
5.616667	1	0.052625
5.633333	1	0.052000
5.650000	1	0.051875
5.666667	1	0.051500
5.683333	1	0.050500
5.700000	1	0.050125
5.716667	1	0.050250
5.733333	1	0.050000
5.750000	1	0.049125
5.766667	1	0.048875
5.783333	1	0.048000
5.800000	1	0.047750
5.816667	1	0.046375
5.833333	1	0.045625
5.850000	1	0.044750
5.866667	1	0.043375
5.883333	1	0.041750
5.900000	1	0.040875
5.916667	1	0.039625
5.933333	1	0.038500
5.950000	1	0.037000
5.966667	1	0.036000
5.983333	1	0.035000
6.000000	1	0.034250
6.016667	1	0.033000
6.033333	1	0.031375
6.050000	1	0.030250
6.066667	1	0.029000
6.083333	1	0.028250
6.100000	1	0.027125
6.116667	1	0.026375
6.133333	1	0.025000
6.150000	1	0.024000
6.166667	1	0.023500
6.183333	1	0.022625
6.200000	1	0.021750
6.216667	1	0.021000
6.233333	1	0.020125
6.250000	1	0.019750
6.266667	1	0.018750
6.283333	1	0.018250
6.300000	1	0.018375
6.316667	1	0.018750
6.333333	1	0.018750
6.350000	1	0.019125
6.366667	1	0.020250
6.383333	1	0.020875
6.400000	1	0.020875
6.416667	1	0.021750
6.433333	1	0.023375
6.450000	1	0.024375
6.466667	1	0.025250
6.483333	1	0.026625
6.500000	1	0.027875
6.516667	1	0.029125
6.533333	1	0.031125
6.550000	1	0.032625
6.566667	1	0.034500
6.583333	1	0.036500
6.600000	1	0.038250
6.616667	1	0.040000
6.633333	1	0.041875
6.650000	1	0.044000
6.666667	1	0.046125
6.683333	1	0.047875
6.700000	1	0.050500
6.716667	1	0.052500
6.733333	1	0.054625
6.750000	1	0.056750
6.766667	1	0.058875
6.783333	1	0.061125
6.800000	1	0.063125
6.816667	1	0.065375
6.833333	1	0.067750
6.850000	1	0.069875
6.866667	1	0.071000
6.883333	1	0.073000
6.900000	1	0.074625
6.916667	1	0.076250
6.933333	1	0.077375
6.950000	1	0.079500
6.966667	1	0.080250
6.983333	1	0.081750
7.000000	1	0.082750
7.016667	1	0.083625
7.033333	1	0.084125
7.050000	1	0.084750
7.066667	1	0.084750
7.083333	1	0.085250
7.100000	1	0.085000
7.116667	1	0.084875
7.133333	1	0.084625
7.150000	1	0.083750
7.166667	1	0.082625
7.183333	1	0.081500
7.200000	1	0.080500
7.216667	1	0.079000
7.233333	1	0.077375
7.250000	1	0.075875
7.266667	1	0.074500
7.283333	1	0.072625
7.300000	1	0.070750
7.316667	1	0.069375
7.333333	1	0.067500
7.350000	1	0.065250
7.366667	1	0.062750
7.383333	1	0.061125
7.400000	1	0.058750
7.416667	1	0.056375
7.433333	1	0.054750
7.450000	1	0.051875
7.466667	1	0.049625
7.483333	1	0.047000
7.500000	1	0.044750
7.516667	1	0.042375
7.533333	1	0.040500
7.550000	1	0.038875
7.566667	1	0.036375
7.583333	1	0.034375
7.600000	1	0.031500
7.616667	1	0.030125
7.633333	1	0.028000
7.650000	1	0.026625
7.666667	1	0.025000
7.683333	1	0.023625
7.700000	1	0.022375
7.716667	1	0.020125
7.733333	1	0.018500
7.750000	1	0.017500
7.766667	1	0.016000
7.783333	1	0.015000
7.800000	1	0.014125
7.816667	1	0.012750
7.833333	1	0.010875
7.850000	1	0.009500
7.866667	1	0.008500
7.883333	1	0.007500
7.900000	1	0.007000
7.916667	1	0.005750
7.933333	1	0.005125
7.950000	1	0.003750
7.966667	1	0.003000
7.983333	1	0.002125
8.000000	1	0.000750
8.016667	1	-0.000875
8.033333	1	-0.001375
8.050000	1	-0.001875
8.066667	1	-0.003250
8.083333	1	-0.004250
8.100000	1	-0.005250
8.116667	1	-0.006500
8.133333	1	-0.007625
8.150000	1	-0.008875
8.166667	1	-0.010125
8.183333	1	-0.011000
8.200000	1	-0.012000
8.216667	1	-0.012750
8.233333	1	-0.014000
8.250000	1	-0.014750
8.266667	1	-0.014875
8.283333	1	-0.015625
8.300000	1	-0.016250
8.316667	1	-0.016750
8.333333	1	-0.016500
8.350000	1	-0.016500
8.366667	1	-0.016750
8.383333	1	-0.016375
8.400000	1	-0.016250
8.416667	1	-0.016125
8.433333	1	-0.015125
8.450000	1	-0.015250
8.466667	1	-0.014875
8.483333	1	-0.013625
8.500000	1	-0.012750
8.516667	1	-0.011500
8.533333	1	-0.010625
8.550000	1	-0.009000
8.566667	1	-0.007375
8.583333	1	-0.005625
8.600000	1	-0.003875
8.616667	1	-0.001625
8.633333	1	0.000500
8.650000	1	0.002750
8.666667	1	0.005500
8.683333	1	0.007500
8.700000	1	0.010375
8.716667	1	0.012750
8.733333	1	0.015625
8.750000	1	0.018000
8.766667	1	0.021375
8.783333	1	0.023875
8.800000	1	0.026500
8.816667	1	0.029000
8.833333	1	0.031000
8.850000	1	0.033500
8.866667	1	0.036000
8.883333	1	0.038250
8.900000	1	0.040250
8.916667	1	0.042500
8.933333	1	0.044625
8.950000	1	0.046625
8.966667	1	0.049000
8.983333	1	0.050750
9.000000	1	0.051875
9.016667	1	0.054000
9.033333	1	0.055500
9.050000	1	0.056625
9.066667	1	0.057625
9.083333	1	0.058375
9.100000	1	0.059500
9.116667	1	0.060500
9.133333	1	0.061500
9.150000	1	0.062125
9.166667	1	0.063125
9.183333	1	0.064375
9.200000	1	0.065125
9.216667	1	0.065750
9.233333	1	0.067000
9.250000	1	0.067625
9.266667	1	0.068250
9.283333	1	0.069125
9.300000	1	0.070250
9.316667	1	0.070625
9.333333	1	0.071375
9.350000	1	0.072375
9.366667	1	0.074375
9.383333	1	0.076250
9.400000	1	0.077750
9.416667	1	0.079250
9.433333	1	0.081625
9.450000	1	0.084625
9.466667	1	0.088125
9.483333	1	0.092250
9.500000	1	0.097375
9.516667	1	0.102875
9.533333	1	0.109125
9.550000	1	0.116375
9.566667	1	0.124875
9.583333	1	0.133875
9.600000	1	0.145000
9.616667	1	0.157000
9.633333	1	0.171500
9.650000	1	0.186375
9.666667	1	0.203875
9.683333	1	0.223750
9.700000	1	0.244125
9.716667	1	0.266250
9.733333	1	0.288250
9.750000	1	0.309625
9.766667	1	0.330125
9.783333	1	0.347000
9.800000	1	0.361125
9.816667	1	0.370375
9.833333	1	0.374875
9.850000	1	0.373375
9.866667	1	0.364375
9.883333	1	0.347125
9.900000	1	0.325500
9.916667	1	0.310250
9.933333	1	0.325375
9.950000	1	0.411500
9.966667	1	0.621750
9.983333	1	1.017250
10.000000	1	1.660250
10.016667	1	2.605000
10.033333	1	3.893250
10.050000	1	5.553625
10.066667	1	7.600750
10.083333	1	10.037000
10.100000	1	12.852250
10.116667	1	16.023750
10.133333	1	19.511875
10.150000	1	23.258375
10.166667	1	27.179000
10.183333	1	31.161875
10.200000	1	35.064500
10.216667	1	38.710500
10.233333	1	41.893625
10.250000	1	44.392750
10.266667	1	46.006500
10.283333	1	46.587625
10.300000	1	46.075250
10.316667	1	44.518875
10.333333	1	42.066500
10.350000	1	38.944375
10.366667	1	35.414000
10.383333	1	31.730625
10.400000	1	28.107875
10.416667	1	24.697875
10.433333	1	21.594625
10.450000	1	18.842500
10.466667	1	16.442875
10.483333	1	14.374250
10.500000	1	12.599125
10.516667	1	11.078625
10.533333	1	9.772750
10.550000	1	8.649500
10.566667	1	7.680000
10.583333	1	6.843625
10.600000	1	6.122500
10.616667	1	5.501625
10.633333	1	4.967750
10.650000	1	4.510375
10.666667	1	4.118875
10.683333	1	3.783125
10.700000	1	3.495125
10.716667	1	3.245750
10.733333	1	3.028750
10.750000	1	2.837875
10.766667	1	2.669750
10.783333	1	2.519875
10.800000	1	2.385875
10.816667	1	2.264375
10.833333	1	2.154125
10.850000	1	2.053750
10.866667	1	1.962750
10.883333	1	1.879125
10.900000	1	1.802125
10.916667	1	1.731875
10.933333	1	1.666500
10.950000	1	1.605750
10.966667	1	1.549500
10.983333	1	1.498000
11.000000	1	1.449500
11.016667	1	1.404875
11.033333	1	1.362875
11.050000	1	1.323750
11.066667	1	1.287375
11.083333	1	1.253375
11.100000	1	1.220500
11.116667	1	1.190125
11.133333	1	1.161875
11.150000	1	1.134875
11.166667	1	1.110000
11.183333	1	1.086125
11.200000	1	1.064375
11.216667	1	1.044000
11.233333	1	1.024000
11.250000	1	1.005375
11.266667	1	0.988000
11.283333	1	0.971750
11.300000	1	0.956125
11.316667	1	0.941375
11.333333	1	0.927750
11.350000	1	0.915125
11.366667	1	0.902125
11.383333	1	0.890500
11.400000	1	0.879875
11.416667	1	0.870250
11.433333	1	0.861750
11.450000	1	0.854125
11.466667	1	0.847750
11.483333	1	0.843000
11.500000	1	0.838375
11.516667	1	0.835250
11.533333	1	0.833250
11.550000	1	0.832125
11.566667	1	0.831000
11.583333	1	0.830000
11.600000	1	0.830125
11.616667	1	0.830375
11.633333	1	0.831375
11.650000	1	0.832500
11.666667	1	0.833125
11.683333	1	0.834125
11.700000	1	0.835125
11.716667	1	0.835500
11.733333	1	0.835625
11.750000	1	0.836625
11.766667	1	0.836750
11.783333	1	0.837125
11.800000	1	0.837375
11.816667	1	0.838750
11.833333	1	0.840750
11.850000	1	0.843500
11.866667	1	0.847375
11.883333	1	0.854000
11.900000	1	0.860875
11.916667	1	0.870250
11.933333	1	0.881625
11.950000	1	0.894875
11.966667	1	0.911125
11.983333	1	0.930500
12.000000	1	0.952500
12.016667	1	0.977250
12.033333	1	1.005500
12.050000	1	1.038000
12.066667	1	1.076750
12.083333	1	1.120875
12.100000	1	1.173125
12.116667	1	1.235375
12.133333	1	1.310375
12.150000	1	1.398375
12.166667	1	1.503375
12.183333	1	1.627250
12.200000	1	1.772500
12.216667	1	1.939750
12.233333	1	2.130875
12.250000	1	2.346625
12.266667	1	2.588375
12.283333	1	2.858625
12.300000	1	3.157875
12.316667	1	3.489625
12.333333	1	3.854500
12.350000	1	4.256125
12.366667	1	4.697375
12.383333	1	5.181625
12.400000	1	5.709875
12.416667	1	6.278375
12.433333	1	6.884250
12.450000	1	7.521000
12.466667	1	8.176375
12.483333	1	8.835375
12.500000	1	9.477375
12.516667	1	10.078750
12.533333	1	10.615375
12.550000	1	11.067000
12.566667	1	11.416625
12.583333	1	11.657875
12.600000	1	11.792250
12.616667	1	11.828750
12.633333	1	11.780375
12.650000	1	11.664125
12.666667	1	11.492000
12.683333	1	11.277250
12.700000	1	11.031500
12.716667	1	10.764250
12.733333	1	10.483500
12.750000	1	10.194250
12.766667	1	9.902625
12.783333	1	9.611500
12.800000	1	9.323375
12.816667	1	9.041375
12.833333	1	8.766375
12.850000	1	8.498875
12.866667	1	8.239125
12.883333	1	7.985750
12.900000	1	7.737000
12.916667	1	7.493000
12.933333	1	7.251625
12.950000	1	7.010500
12.966667	1	6.766625
12.983333	1	6.520500
13.000000	1	6.268750
13.016667	1	6.009750
13.033333	1	5.740250
13.050000	1	5.458125
13.066667	1	5.158625
13.083333	1	4.840750
13.100000	1	4.499125
13.116667	1	4.133250
13.133333	1	3.746875
13.150000	1	3.349500
13.166667	1	2.958250
13.183333	1	2.594500
13.200000	1	2.276625
13.216667	1	2.011750
13.233333	1	1.798875
13.250000	1	1.629625
13.266667	1	1.494625
13.283333	1	1.386250
13.300000	1	1.298125
13.316667	1	1.224500
13.333333	1	1.161250
13.350000	1	1.107125
13.366667	1	1.059750
13.383333	1	1.017875
13.400000	1	0.981250
13.416667	1	0.948500
13.433333	1	0.918625
13.450000	1	0.892500
13.466667	1	0.869125
13.483333	1	0.848875
13.500000	1	0.831375
13.516667	1	0.815875
13.533333	1	0.803250
13.550000	1	0.793375
13.566667	1	0.786375
13.583333	1	0.780375
13.600000	1	0.776500
13.616667	1	0.774000
13.633333	1	0.772625
13.650000	1	0.772125
13.666667	1	0.771250
13.683333	1	0.769875
13.700000	1	0.766000
13.716667	1	0.761875
13.733333	1	0.755625
13.750000	1	0.748375
13.766667	1	0.739750
13.783333	1	0.729875
13.800000	1	0.718125
13.816667	1	0.706375
13.833333	1	0.693750
13.850000	1	0.679750
13.866667	1	0.665750
13.883333	1	0.651625
13.900000	1	0.637750
13.916667	1	0.624250
13.933333	1	0.611375
13.950000	1	0.599375
13.966667	1	0.588375
13.983333	1	0.577875
14.000000	1	0.568750
14.016667	1	0.560250
14.033333	1	0.553125
14.050000	1	0.547375
14.066667	1	0.542125
14.083333	1	0.538250
14.100000	1	0.535875
14.116667	1	0.534375
14.133333	1	0.534250
14.150000	1	0.535625
14.166667	1	0.539000
14.183333	1	0.544625
14.200000	1	0.552875
14.216667	1	0.564250
14.233333	1	0.578875
14.250000	1	0.597750
14.266667	1	0.620875
14.283333	1	0.650375
14.300000	1	0.686125
14.316667	1	0.730000
14.333333	1	0.781875
14.350000	1	0.844250
14.366667	1	0.917125
14.383333	1	1.003875
14.400000	1	1.104250
14.416667	1	1.220500
14.433333	1	1.354625
14.450000	1	1.508875
14.466667	1	1.685625
14.483333	1	1.886750
14.500000	1	2.115875
14.516667	1	2.376750
14.533333	1	2.672750
14.550000	1	3.010000
14.566667	1	3.396000
14.583333	1	3.840000
14.600000	1	4.355625
14.616667	1	4.961000
14.633333	1	5.678000
14.650000	1	6.535875
14.666667	1	7.566750
14.683333	1	8.806625
14.700000	1	10.295375
14.716667	1	12.069250
14.733333	1	14.161125
14.750000	1	16.593500
14.766667	1	19.372500
14.783333	1	22.483500
14.800000	1	25.890000
14.816667	1	29.533375
14.833333	1	33.327500
14.850000	1	37.166500
14.866667	1	40.925250
14.883333	1	44.469250
14.900000	1	47.664750
14.916667	1	50.387250
14.933333	1	52.534875
14.950000	1	54.034000
14.966667	1	54.842875
14.983333	1	54.955125
15.000000	1	54.395875
15.016667	1	53.216000
15.033333	1	51.487250
15.050000	1	49.295750
15.066667	1	46.734875
15.083333	1	43.903875
15.100000	1	40.897875
15.116667	1	37.805375
15.133333	1	34.702500
15.150000	1	31.653000
15.166667	1	28.708625
15.183333	1	25.911125
15.200000	1	23.285250
15.216667	1	20.846875
15.233333	1	18.602000
15.250000	1	16.552250
15.266667	1	14.694625
15.283333	1	13.023875
15.300000	1	11.528625
15.316667	1	10.198000
15.333333	1	9.021875
15.350000	1	7.985500
15.366667	1	7.077125
15.383333	1	6.284000
15.400000	1	5.594250
15.416667	1	4.996125
15.433333	1	4.479250
15.450000	1	4.033625
15.466667	1	3.651750
15.483333	1	3.325125
15.500000	1	3.046875
15.516667	1	2.811375
15.533333	1	2.612875
15.550000	1	2.446000
15.566667	1	2.305625
15.583333	1	2.188250
15.600000	1	2.089125
15.616667	1	2.003750
15.633333	1	1.929125
15.650000	1	1.862625
15.666667	1	1.801875
15.683333	1	1.745250
15.700000	1	1.689750
15.716667	1	1.636250
15.733333	1	1.583625
15.750000	1	1.531875
15.766667	1	1.480125
15.783333	1	1.429500
15.800000	1	1.380625
15.816667	1	1.333250
15.833333	1	1.287000
15.850000	1	1.243250
15.866667	1	1.201750
15.883333	1	1.162250
15.900000	1	1.124875
15.916667	1	1.090000
15.933333	1	1.057500
15.950000	1	1.027500
15.966667	1	1.000250
15.983333	1	0.974375
16.000000	1	0.951375
16.016667	1	0.929625
16.033333	1	0.910750
16.050000	1	0.893500
16.066667	1	0.878125
16.083333	1	0.865000
16.100000	1	0.853625
16.116667	1	0.843750
16.133333	1	0.835000
16.150000	1	0.828375
16.166667	1	0.822375
16.183333	1	0.817750
16.200000	1	0.813875
16.216667	1	0.809625
16.233333	1	0.806125
16.250000	1	0.802750
16.266667	1	0.799000
16.283333	1	0.795500
16.300000	1	0.790875
16.316667	1	0.786625
16.333333	1	0.782375
16.350000	1	0.777750
16.366667	1	0.773250
16.383333	1	0.768750
16.400000	1	0.764250
16.416667	1	0.761250
16.433333	1	0.758625
16.450000	1	0.756750
16.466667	1	0.754375
16.483333	1	0.753000
16.500000	1	0.752625
16.516667	1	0.752500
16.533333	1	0.753375
16.550000	1	0.754875
16.566667	1	0.756750
16.583333	1	0.758750
16.600000	1	0.762375
16.616667	1	0.766625
16.633333	1	0.771500
16.650000	1	0.776875
16.666667	1	0.782375
16.683333	1	0.788125
16.700000	1	0.795000
16.716667	1	0.800875
16.733333	1	0.806500
16.750000	1	0.812500
16.766667	1	0.818750
16.783333	1	0.824000
16.800000	1	0.828500
16.816667	1	0.831750
16.833333	1	0.834625
16.850000	1	0.836625
16.866667	1	0.837375
16.883333	1	0.837125
16.900000	1	0.836625
16.916667	1	0.835375
16.933333	1	0.834875
16.950000	1	0.833500
16.966667	1	0.833125
16.983333	1	0.833750
17.000000	1	0.835125
17.016667	1	0.836125
17.033333	1	0.837375
17.050000	1	0.839125
17.066667	1	0.841125
17.083333	1	0.843750
17.100000	1	0.845250
17.116667	1	0.846875
17.133333	1	0.847875
17.150000	1	0.847375
17.166667	1	0.846250
17.183333	1	0.843625
17.200000	1	0.839875
17.216667	1	0.834750
17.233333	1	0.828500
17.250000	1	0.821125
17.266667	1	0.812500
17.283333	1	0.804000
17.300000	1	0.794250
17.316667	1	0.784500
17.333333	1	0.775500
17.350000	1	0.766125
17.366667	1	0.756625
17.383333	1	0.747875
17.400000	1	0.738625
17.416667	1	0.730875
17.433333	1	0.724125
17.450000	1	0.717125
17.466667	1	0.712125
17.483333	1	0.707625
17.500000	1	0.705375
17.516667	1	0.703875
17.533333	1	0.703750
17.550000	1	0.705375
17.566667	1	0.709000
17.583333	1	0.714000
17.600000	1	0.720250
17.616667	1	0.728125
17.633333	1	0.736750
17.650000	1	0.746750
17.666667	1	0.758375
17.683333	1	0.770000
17.700000	1	0.782750
17.716667	1	0.796500
17.733333	1	0.810875
17.750000	1	0.825625
17.766667	1	0.839875
17.783333	1	0.853875
17.800000	1	0.867250
17.816667	1	0.880125
17.833333	1	0.891250
17.850000	1	0.901000
17.866667	1	0.909375
17.883333	1	0.916125
17.900000	1	0.920625
17.916667	1	0.923375
17.933333	1	0.924250
17.950000	1	0.923625
17.966667	1	0.920375
17.983333	1	0.915500
18.000000	1	0.909250
18.016667	1	0.900625
18.033333	1	0.890250
18.050000	1	0.879750
18.066667	1	0.867875
18.083333	1	0.855750
18.100000	1	0.842625
18.116667	1	0.829000
18.133333	1	0.814875
18.150000	1	0.801250
18.166667	1	0.787625
18.183333	1	0.774375
18.200000	1	0.761500
18.216667	1	0.747875
18.233333	1	0.735625
18.250000	1	0.724375
18.266667	1	0.713875
18.283333	1	0.704125
18.300000	1	0.695250
18.316667	1	0.687000
18.333333	1	0.679875
18.350000	1	0.673625
18.366667	1	0.668250
18.383333	1	0.664000
18.400000	1	0.660375
18.416667	1	0.657250
18.433333	1	0.655250
18.450000	1	0.653375
18.466667	1	0.651250
18.483333	1	0.650125
18.500000	1	0.649875
18.516667	1	0.649375
18.533333	1	0.649625
18.550000	1	0.650875
18.566667	1	0.652125
18.583333	1	0.654125
18.600000	1	0.656250
18.616667	1	0.659125
18.633333	1	0.661875
18.650000	1	0.665625
18.666667	1	0.669250
18.683333	1	0.674125
18.700000	1	0.679750
18.716667	1	0.686000
18.733333	1	0.692375
18.750000	1	0.699375
18.766667	1	0.707000
18.783333	1	0.715875
18.800000	1	0.723875
18.816667	1	0.732500
18.833333	1	0.742375
18.850000	1	0.752750
18.866667	1	0.763875
18.883333	1	0.775875
18.900000	1	0.788875
18.916667	1	0.803250
18.933333	1	0.819500
18.950000	1	0.837875
18.966667	1	0.857750
18.983333	1	0.880375
19.000000	1	0.906000
19.016667	1	0.933000
19.033333	1	0.963375
19.050000	1	0.996250
19.066667	1	1.032000
19.083333	1	1.069625
19.100000	1	1.108500
19.116667	1	1.149375
19.133333	1	1.190625
19.150000	1	1.232000
19.166667	1	1.271125
19.183333	1	1.308625
19.200000	1	1.343875
19.216667	1	1.376000
19.233333	1	1.402750
19.250000	1	1.425375
19.266667	1	1.441000
19.283333	1	1.451500
19.300000	1	1.454750
19.316667	1	1.452375
19.333333	1	1.443375
19.350000	1	1.428500
19.366667	1	1.408375
19.383333	1	1.382750
19.400000	1	1.352250
19.416667	1	1.318125
19.433333	1	1.280375
19.450000	1	1.240750
19.466667	1	1.198625
19.483333	1	1.155250
19.500000	1	1.111875
19.516667	1	1.068625
19.533333	1	1.026250
19.550000	1	0.985500
19.566667	1	0.946875
19.583333	1	0.909750
19.600000	1	0.874875
19.616667	1	0.842375
19.633333	1	0.813000
19.650000	1	0.786750
19.666667	1	0.764125
19.683333	1	0.744875
19.700000	1	0.729125
19.716667	1	0.717000
19.733333	1	0.708500
19.750000	1	0.704000
19.766667	1	0.703125
19.783333	1	0.705750
19.800000	1	0.711250
19.816667	1	0.720125
19.833333	1	0.731875
19.850000	1	0.745625
19.866667	1	0.761000
19.883333	1	0.777750
19.900000	1	0.795375
19.916667	1	0.814250
19.933333	1	0.832875
19.950000	1	0.850375
19.966667	1	0.867875
19.983333	1	0.884375
20.000000	1	0.899250
20.016667	1	0.913250
20.033333	1	0.925000
20.050000	1	0.936125
20.066667	1	0.944750
20.083333	1	0.953000
20.100000	1	0.959375
20.116667	1	0.965625
20.133333	1	0.971375
20.150000	1	0.977500
20.166667	1	0.984375
20.183333	1	0.993250
20.200000	1	1.002500
20.216667	1	1.014125
20.233333	1	1.028250
20.250000	1	1.044875
20.266667	1	1.064125
20.283333	1	1.086250
20.300000	1	1.111000
20.316667	1	1.138250
20.333333	1	1.168000
20.350000	1	1.199375
20.366667	1	1.232875
20.383333	1	1.267125
20.400000	1	1.300875
20.416667	1	1.333875
20.433333	1	1.365000
20.450000	1	1.393875
20.466667	1	1.419875
20.483333	1	1.442375
20.500000	1	1.460875
20.516667	1	1.475750
20.533333	1	1.487625
20.550000	1	1.495250
20.566667	1	1.500250
20.583333	1	1.502875
20.600000	1	1.503875
20.616667	1	1.505125
20.633333	1	1.507375
20.650000	1	1.513000
20.666667	1	1.523125
20.683333	1	1.539375
20.700000	1	1.562500
20.716667	1	1.595000
20.733333	1	1.637000
20.750000	1	1.690375
20.766667	1	1.754750
20.783333	1	1.830250
20.800000	1	1.916875
20.816667	1	2.012125
20.833333	1	2.115750
20.850000	1	2.225125
20.866667	1	2.337375
20.883333	1	2.449625
20.900000	1	2.557500
20.916667	1	2.657750
20.933333	1	2.748000
20.950000	1	2.824875
20.966667	1	2.884750
20.983333	1	2.926000
21.000000	1	2.946875
21.016667	1	2.947125
21.033333	1	2.926500
21.050000	1	2.885750
21.066667	1	2.825500
21.083333	1	2.747875
21.100000	1	2.656125
21.116667	1	2.552625
21.133333	1	2.439500
21.150000	1	2.318875
21.166667	1	2.192750
21.183333	1	2.064875
21.200000	1	1.938375
21.216667	1	1.813375
21.233333	1	1.691250
21.250000	1	1.574000
21.266667	1	1.462500
21.283333	1	1.357875
21.300000	1	1.260250
21.316667	1	1.170000
21.333333	1	1.087250
21.350000	1	1.011750
21.366667	1	0.941875
21.383333	1	0.879250
21.400000	1	0.822625
21.416667	1	0.772375
21.433333	1	0.727250
21.450000	1	0.687375
21.466667	1	0.651250
21.483333	1	0.619250
21.500000	1	0.591125
21.516667	1	0.566750
21.533333	1	0.545000
21.550000	1	0.525750
21.566667	1	0.509375
21.583333	1	0.495500
21.600000	1	0.482000
21.616667	1	0.470500
21.633333	1	0.460625
21.650000	1	0.452375
21.666667	1	0.445375
21.683333	1	0.439250
21.700000	1	0.434000
21.716667	1	0.430250
21.733333	1	0.427250
21.750000	1	0.425000
21.766667	1	0.423750
21.783333	1	0.423375
21.800000	1	0.423500
21.816667	1	0.424750
21.833333	1	0.426250
21.850000	1	0.428500
21.866667	1	0.431500
21.883333	1	0.435000
21.900000	1	0.439375
21.916667	1	0.444125
21.933333	1	0.449125
21.950000	1	0.453875
21.966667	1	0.457625
21.983333	1	0.461625
22.000000	1	0.465625
22.016667	1	0.468625
22.033333	1	0.470750
22.050000	1	0.472875
22.066667	1	0.473500
22.083333	1	0.474875
22.100000	1	0.474750
22.116667	1	0.473375
22.133333	1	0.472000
22.150000	1	0.470250
22.166667	1	0.467500
22.183333	1	0.464625
22.200000	1	0.461125
22.216667	1	0.457875
22.233333	1	0.455000
22.250000	1	0.452000
22.266667	1	0.449375
22.283333	1	0.446750
22.300000	1	0.445125
22.316667	1	0.445000
22.333333	1	0.444250
22.350000	1	0.444250
22.366667	1	0.445125
22.383333	1	0.445875
22.400000	1	0.447875
22.416667	1	0.450500
22.433333	1	0.453375
22.450000	1	0.456750
22.466667	1	0.460500
22.483333	1	0.465000
22.500000	1	0.468875
22.516667	1	0.473375
22.533333	1	0.477875
22.550000	1	0.482500
22.566667	1	0.487875
22.583333	1	0.492250
22.600000	1	0.496000
22.616667	1	0.499875
22.633333	1	0.503875
22.650000	1	0.507750
22.666667	1	0.510500
22.683333	1	0.513125
22.700000	1	0.514375
22.716667	1	0.515250
22.733333	1	0.515750
22.750000	1	0.515625
22.766667	1	0.514750
22.783333	1	0.513250
22.800000	1	0.511500
22.816667	1	0.509000
22.833333	1	0.505500
22.850000	1	0.501875
22.866667	1	0.497500
22.883333	1	0.493625
22.900000	1	0.488625
22.916667	1	0.483875
22.933333	1	0.478500
22.950000	1	0.473000
22.966667	1	0.467500
22.983333	1	0.462125
23.000000	1	0.457250
23.016667	1	0.451875
23.033333	1	0.447500
23.050000	1	0.443750
23.066667	1	0.440750
23.083333	1	0.438500
23.100000	1	0.437500
23.116667	1	0.436875
23.133333	1	0.437625
23.150000	1	0.439000
23.166667	1	0.441500
23.183333	1	0.445250
23.200000	1	0.450375
23.216667	1	0.456875
23.233333	1	0.465250
23.250000	1	0.474750
23.266667	1	0.486375
23.283333	1	0.500125
23.300000	1	0.516375
23.316667	1	0.534250
23.333333	1	0.553875
23.350000	1	0.575875
23.366667	1	0.599875
23.383333	1	0.627875
23.400000	1	0.658625
23.416667	1	0.692875
23.433333	1	0.730250
23.450000	1	0.772125
23.466667	1	0.817875
23.483333	1	0.869125
23.500000	1	0.926250
23.516667	1	0.989750
23.533333	1	1.060625
23.550000	1	1.141625
23.566667	1	1.232000
23.583333	1	1.332375
23.600000	1	1.444375
23.616667	1	1.568250
23.633333	1	1.705250
23.650000	1	1.855500
23.666667	1	2.019500
23.683333	1	2.196875
23.700000	1	2.386500
23.716667	1	2.588125
23.733333	1	2.799875
23.750000	1	3.020125
23.766667	1	3.244875
23.783333	1	3.470500
23.800000	1	3.694500
23.816667	1	3.912625
23.833333	1	4.121000
23.850000	1	4.315250
23.866667	1	4.491625
23.883333	1	4.646750
23.900000	1	4.776625
23.916667	1	4.879250
23.933333	1	4.952125
23.950000	1	4.993375
23.966667	1	5.004000
23.983333	1	4.982625
24.000000	1	4.931500
24.016667	1	4.850875
24.033333	1	4.743750
24.050000	1	4.613000
24.066667	1	4.461125
24.083333	1	4.292625
24.100000	1	4.110500
24.116667	1	3.917500
24.133333	1	3.717000
24.150000	1	3.513250
24.166667	1	3.307750
24.183333	1	3.103375
24.200000	1	2.903750
24.216667	1	2.710875
24.233333	1	2.525375
24.250000	1	2.348375
24.266667	1	2.182250
24.283333	1	2.027250
24.300000	1	1.883000
24.316667	1	1.749500
24.333333	1	1.626625
24.350000	1	1.514125
24.366667	1	1.412375
24.383333	1	1.320375
24.400000	1	1.238000
24.416667	1	1.164000
24.433333	1	1.098125
24.450000	1	1.039250
24.466667	1	0.986125
24.483333	1	0.939375
24.500000	1	0.897000
24.516667	1	0.859000
24.533333	1	0.825000
24.550000	1	0.793375
24.566667	1	0.764000
24.583333	1	0.736625
24.600000	1	0.711625
24.616667	1	0.687750
24.633333	1	0.664375
24.650000	1	0.643000
24.666667	1	0.622500
24.683333	1	0.601750
24.700000	1	0.581625
24.716667	1	0.561375
24.733333	1	0.541125
24.750000	1	0.521500
24.766667	1	0.502000
24.783333	1	0.483000
24.800000	1	0.464500
24.816667	1	0.445750
24.833333	1	0.427375
24.850000	1	0.410125
24.866667	1	0.393375
24.883333	1	0.377375
24.900000	1	0.363000
24.916667	1	0.348625
24.933333	1	0.334125
24.950000	1	0.321125
24.966667	1	0.308000
24.983333	1	0.296500
25.000000	1	0.285625
25.016667	1	0.275500
25.033333	1	0.266250
25.050000	1	0.258250
25.066667	1	0.251625
25.083333	1	0.245125
25.100000	1	0.239625
25.116667	1	0.234750
25.133333	1	0.230875
25.150000	1	0.227750
25.166667	1	0.225125
25.183333	1	0.223750
25.200000	1	0.223000
25.216667	1	0.223500
25.233333	1	0.224000
25.250000	1	0.224375
25.266667	1	0.225750
25.283333	1	0.227625
25.300000	1	0.231250
25.316667	1	0.233125
25.333333	1	0.235750
25.350000	1	0.239000
25.366667	1	0.242500
25.383333	1	0.246125
25.400000	1	0.250000
25.416667	1	0.254000
25.433333	1	0.258000
25.450000	1	0.262125
25.466667	1	0.265625
25.483333	1	0.269125
25.500000	1	0.272250
25.516667	1	0.275000
25.533333	1	0.277750
25.550000	1	0.280500
25.566667	1	0.282500
25.583333	1	0.284000
25.600000	1	0.286500
25.616667	1	0.287375
25.633333	1	0.288500
25.650000	1	0.289875
25.666667	1	0.290500
25.683333	1	0.291125
25.700000	1	0.290875
25.716667	1	0.291000
25.733333	1	0.290750
25.750000	1	0.290125
25.766667	1	0.289375
25.783333	1	0.288250
25.800000	1	0.286500
25.816667	1	0.284125
25.833333	1	0.281750
25.850000	1	0.279750
25.866667	1	0.277625
25.883333	1	0.275000
25.900000	1	0.272000
25.916667	1	0.268375
25.933333	1	0.264500
25.950000	1	0.260375
25.966667	1	0.255375
25.983333	1	0.250625
26.000000	1	0.245375
26.016667	1	0.239875
26.033333	1	0.234625
26.050000	1	0.228875
26.066667	1	0.223375
26.083333	1	0.217500
26.100000	1	0.211000
26.116667	1	0.204500
26.133333	1	0.198125
26.150000	1	0.192000
26.166667	1	0.186125
26.183333	1	0.181250
26.200000	1	0.175750
26.216667	1	0.171875
26.233333	1	0.167250
26.250000	1	0.164250
26.266667	1	0.161625
26.283333	1	0.159375
26.300000	1	0.158125
26.316667	1	0.156875
26.333333	1	0.156125
26.350000	1	0.156000
26.366667	1	0.156750
26.383333	1	0.158375
26.400000	1	0.160625
26.416667	1	0.162875
26.433333	1	0.165125
26.450000	1	0.168000
26.466667	1	0.171500
26.483333	1	0.175375
26.500000	1	0.178625
26.516667	1	0.181625
26.533333	1	0.184750
26.550000	1	0.188000
26.566667	1	0.190625
26.583333	1	0.193250
26.600000	1	0.195875
26.616667	1	0.198250
26.633333	1	0.200750
26.650000	1	0.201750
26.666667	1	0.203000
26.683333	1	0.204875
26.700000	1	0.206250
26.716667	1	0.207250
26.733333	1	0.207875
26.750000	1	0.208625
26.766667	1	0.209625
26.783333	1	0.210375
26.800000	1	0.211750
26.816667	1	0.213375
26.833333	1	0.214625
26.850000	1	0.215750
26.866667	1	0.216750
26.883333	1	0.218750
26.900000	1	0.220375
26.916667	1	0.222625
26.933333	1	0.225000
26.950000	1	0.227375
26.966667	1	0.231375
26.983333	1	0.235625
27.000000	1	0.239250
27.016667	1	0.244375
27.033333	1	0.249500
27.050000	1	0.255000
27.066667	1	0.260125
27.083333	1	0.265625
27.100000	1	0.271750
27.116667	1	0.279125
27.133333	1	0.286375
27.150000	1	0.294625
27.166667	1	0.303750
27.183333	1	0.312250
27.200000	1	0.322750
27.216667	1	0.333500
27.233333	1	0.344750
27.250000	1	0.356625
27.266667	1	0.369000
27.283333	1	0.382250
27.300000	1	0.396250
27.316667	1	0.410750
27.333333	1	0.426875
27.350000	1	0.443125
27.366667	1	0.460750
27.383333	1	0.479500
27.400000	1	0.500125
27.416667	1	0.521500
27.433333	1	0.544375
27.450000	1	0.569625
27.466667	1	0.597125
27.483333	1	0.625750
27.500000	1	0.657250
27.516667	1	0.691625
27.533333	1	0.729500
27.550000	1	0.771625
27.566667	1	0.817500
27.583333	1	0.867875
27.600000	1	0.923500
27.616667	1	0.984375
27.633333	1	1.050375
27.650000	1	1.123000
27.666667	1	1.201125
27.683333	1	1.286875
27.700000	1	1.379125
27.716667	1	1.477625
27.733333	1	1.582375
27.750000	1	1.693125
27.766667	1	1.808250
27.783333	1	1.927500
27.800000	1	2.051250
27.816667	1	2.177125
27.833333	1	2.304125
27.850000	1	2.431500
27.866667	1	2.556875
27.883333	1	2.679125
27.900000	1	2.796875
27.916667	1	2.907375
27.933333	1	3.009750
27.950000	1	3.101500
27.966667	1	3.182250
27.983333	1	3.250500
28.000000	1	3.304500
28.016667	1	3.343250
28.033333	1	3.366125
28.050000	1	3.373000
28.066667	1	3.363750
28.083333	1	3.338125
28.100000	1	3.295750
28.116667	1	3.236750
28.133333	1	3.163750
28.150000	1	3.077375
28.166667	1	2.978500
28.183333	1	2.869625
28.200000	1	2.751750
28.216667	1	2.626375
28.233333	1	2.495375
28.250000	1	2.359750
28.266667	1	2.221000
28.283333	1	2.082125
28.300000	1	1.943250
28.316667	1	1.805875
28.333333	1	1.671250
28.350000	1	1.540125
28.366667	1	1.413500
28.383333	1	1.292000
28.400000	1	1.177250
28.416667	1	1.067500
28.433333	1	0.963625
28.450000	1	0.865625
28.466667	1	0.773375
28.483333	1	0.686125
28.500000	1	0.603750
28.516667	1	0.526750
28.533333	1	0.454125
28.550000	1	0.385750
28.566667	1	0.320750
28.583333	1	0.259375
28.600000	1	0.201250
28.616667	1	0.146125
28.633333	1	0.092875
28.650000	1	0.041500
28.666667	1	-0.008250
28.683333	1	-0.056375
28.700000	1	-0.102500
28.716667	1	-0.147750
28.733333	1	-0.191500
28.750000	1	-0.233250
28.766667	1	-0.273125
28.783333	1	-0.311375
28.800000	1	-0.347750
28.816667	1	-0.381875
28.833333	1	-0.414625
28.850000	1	-0.445000
28.866667	1	-0.472875
28.883333	1	-0.498125
28.900000	1	-0.520500
28.916667	1	-0.540000
28.933333	1	-0.556375
28.950000	1	-0.569250
28.966667	1	-0.578625
28.983333	1	-0.584625
29.000000	1	-0.586750
29.016667	1	-0.585625
29.033333	1	-0.581625
29.050000	1	-0.573750
29.066667	1	-0.562125
29.083333	1	-0.548000
29.100000	1	-0.530500
29.116667	1	-0.509500
29.133333	1	-0.487000
29.150000	1	-0.461375
29.166667	1	-0.433500
29.183333	1	-0.403625
29.200000	1	-0.373625
29.216667	1	-0.340375
29.233333	1	-0.306000
29.250000	1	-0.271000
29.266667	1	-0.235625
29.283333	1	-0.200500
29.300000	1	-0.164125
29.316667	1	-0.127875
29.333333	1	-0.092250
29.350000	1	-0.057250
29.366667	1	-0.022500
29.383333	1	0.011250
29.400000	1	0.044125
29.416667	1	0.076875
29.433333	1	0.108875
29.450000	1	0.138625
29.466667	1	0.167125
29.483333	1	0.194625
29.500000	1	0.220125
29.516667	1	0.245000
29.533333	1	0.268250
29.550000	1	0.289875
29.566667	1	0.310000
29.583333	1	0.328500
29.600000	1	0.345875
29.616667	1	0.361875
29.633333	1	0.376250
29.650000	1	0.388750
29.666667	1	0.399875
29.683333	1	0.409750
29.700000	1	0.417375
29.716667	1	0.424250
29.733333	1	0.429625
29.750000	1	0.434250
29.766667	1	0.438750
29.783333	1	0.441500
29.800000	1	0.443250
29.816667	1	0.443750
29.833333	1	0.443625
29.850000	1	0.442375
29.866667	1	0.440125
29.883333	1	0.437375
29.900000	1	0.434375
29.916667	1	0.430875
29.933333	1	0.427250
29.950000	1	0.422250
29.966667	1	0.418375
29.983333	1	0.414375
30.000000	1	0.409750
30.016667	1	0.405625
30.033333	1	0.401250
30.050000	1	0.396500
30.066667	1	0.392000
30.083333	1	0.387500
30.100000	1	0.382375
30.116667	1	0.378000
30.133333	1	0.373875
30.150000	1	0.369875
30.166667	1	0.366375
30.183333	1	0.363375
30.200000	1	0.360250
30.216667	1	0.357750
30.233333	1	0.354125
30.250000	1	0.351000
30.266667	1	0.348125
30.283333	1	0.346250
30.300000	1	0.344250
30.316667	1	0.341750
30.333333	1	0.340250
30.350000	1	0.338750
30.366667	1	0.338250
30.383333	1	0.337000
30.400000	1	0.336250
30.416667	1	0.336000
30.433333	1	0.336250
30.450000	1	0.336500
30.466667	1	0.336750
30.483333	1	0.337875
30.500000	1	0.339875
30.516667	1	0.341750
30.533333	1	0.344750
30.550000	1	0.348125
30.566667	1	0.352125
30.583333	1	0.356375
30.600000	1	0.361500
30.616667	1	0.366500
30.633333	1	0.372000
30.650000	1	0.377625
30.666667	1	0.383500
30.683333	1	0.389750
30.700000	1	0.395875
30.716667	1	0.402500
30.733333	1	0.408250
30.750000	1	0.414250
30.766667	1	0.421125
30.783333	1	0.426875
30.800000	1	0.431500
30.816667	1	0.435250
30.833333	1	0.438625
30.850000	1	0.441500
30.866667	1	0.443000
30.883333	1	0.443625
30.900000	1	0.443500
30.916667	1	0.442625
30.933333	1	0.441250
30.950000	1	0.438500
30.966667	1	0.434250
30.983333	1	0.429875
31.000000	1	0.423250
31.016667	1	0.416875
31.033333	1	0.408625
31.050000	1	0.400250
31.066667	1	0.391375
31.083333	1	0.382000
31.100000	1	0.371875
31.116667	1	0.362125
31.133333	1	0.351125
31.150000	1	0.340375
31.166667	1	0.329625
31.183333	1	0.319375
31.200000	1	0.309125
31.216667	1	0.298250
31.233333	1	0.287750
31.250000	1	0.278125
31.266667	1	0.268750
31.283333	1	0.259750
31.300000	1	0.251375
31.316667	1	0.243500
31.333333	1	0.236125
31.350000	1	0.228625
31.366667	1	0.223000
31.383333	1	0.217750
31.400000	1	0.212000
31.416667	1	0.207250
31.433333	1	0.202625
31.450000	1	0.198875
31.466667	1	0.195750
31.483333	1	0.192375
31.500000	1	0.190000
31.516667	1	0.188000
31.533333	1	0.186000
31.550000	1	0.185375
31.566667	1	0.184125
31.583333	1	0.183500
31.600000	1	0.183250
31.616667	1	0.182875
31.633333	1	0.183750
31.650000	1	0.184375
31.666667	1	0.184875
31.683333	1	0.186625
31.700000	1	0.187750
31.716667	1	0.190375
31.733333	1	0.193125
31.750000	1	0.195625
31.766667	1	0.198375
31.783333	1	0.202125
31.800000	1	0.205375
31.816667	1	0.209125
31.833333	1	0.212125
31.850000	1	0.216750
31.866667	1	0.220500
31.883333	1	0.224875
31.900000	1	0.228625
31.916667	1	0.232875
31.933333	1	0.237500
31.950000	1	0.242375
31.966667	1	0.246625
31.983333	1	0.250750
32.000000	1	0.254750
32.016667	1	0.257875
32.033333	1	0.261625
32.050000	1	0.264375
32.066667	1	0.267125
32.083333	1	0.269125
32.100000	1	0.271125
32.116667	1	0.272125
32.133333	1	0.273250
32.150000	1	0.273375
32.166667	1	0.273125
32.183333	1	0.272375
32.200000	1	0.271250
32.216667	1	0.269250
32.233333	1	0.266500
32.250000	1	0.264125
32.266667	1	0.260625
32.283333	1	0.256375
32.300000	1	0.252125
32.316667	1	0.247250
32.333333	1	0.242375
32.350000	1	0.237750
32.366667	1	0.232250
32.383333	1	0.226125
32.400000	1	0.220375
32.416667	1	0.214625
32.433333	1	0.207625
32.450000	1	0.201250
32.466667	1	0.194500
32.483333	1	0.188375
32.500000	1	0.182125
32.516667	1	0.176000
32.533333	1	0.169875
32.550000	1	0.163750
32.566667	1	0.157875
32.583333	1	0.152125
32.600000	1	0.146500
32.616667	1	0.141250
32.633333	1	0.135375
32.650000	1	0.130125
32.666667	1	0.124625
32.683333	1	0.120000
32.700000	1	0.115000
32.716667	1	0.110750
32.733333	1	0.106125
32.750000	1	0.101625
32.766667	1	0.097750
32.783333	1	0.093500
32.800000	1	0.089875
32.816667	1	0.086000
32.833333	1	0.082625
32.850000	1	0.079750
32.866667	1	0.077000
32.883333	1	0.074250
32.900000	1	0.071875
32.916667	1	0.069625
32.933333	1	0.067125
32.950000	1	0.064875
32.966667	1	0.062625
32.983333	1	0.060750
33.000000	1	0.058500
33.016667	1	0.056500
33.033333	1	0.055000
33.050000	1	0.052875
33.066667	1	0.052000
33.083333	1	0.050875
33.100000	1	0.050125
33.116667	1	0.049000
33.133333	1	0.047250
33.150000	1	0.046500
33.166667	1	0.045375
33.183333	1	0.044875
33.200000	1	0.043750
33.216667	1	0.042750
33.233333	1	0.041875
33.250000	1	0.041000
33.266667	1	0.039875
33.283333	1	0.038750
33.300000	1	0.038750
33.316667	1	0.039500
33.333333	1	0.039375
33.350000	1	0.039375
33.366667	1	0.039750
33.383333	1	0.040750
33.400000	1	0.040875
33.416667	1	0.042250
33.433333	1	0.043375
33.450000	1	0.044750
33.466667	1	0.046625
33.483333	1	0.048125
33.500000	1	0.049500
33.516667	1	0.051875
33.533333	1	0.055125
33.550000	1	0.057625
33.566667	1	0.060875
33.583333	1	0.063750
33.600000	1	0.068375
33.616667	1	0.072500
33.633333	1	0.077000
33.650000	1	0.081375
33.666667	1	0.087125
33.683333	1	0.093125
33.700000	1	0.099500
33.716667	1	0.106875
33.733333	1	0.114000
33.750000	1	0.121625
33.766667	1	0.130250
33.783333	1	0.140625
33.800000	1	0.151250
33.816667	1	0.162375
33.833333	1	0.174375
33.850000	1	0.187750
33.866667	1	0.201125
33.883333	1	0.216375
33.900000	1	0.233500
33.916667	1	0.250750
33.933333	1	0.269500
33.950000	1	0.290000
33.966667	1	0.310875
33.983333	1	0.333875
34.000000	1	0.357750
34.016667	1	0.383500
34.033333	1	0.409125
34.050000	1	0.436750
34.066667	1	0.465625
34.083333	1	0.495500
34.100000	1	0.525000
34.116667	1	0.556375
34.133333	1	0.588625
34.150000	1	0.620000
34.166667	1	0.651875
34.183333	1	0.683750
34.200000	1	0.714750
34.216667	1	0.744125
34.233333	1	0.773125
34.250000	1	0.800000
34.266667	1	0.826125
34.283333	1	0.850000
34.300000	1	0.871625
34.316667	1	0.890375
34.333333	1	0.906875
34.350000	1	0.920500
34.366667	1	0.931250
34.383333	1	0.939375
34.400000	1	0.944500
34.416667	1	0.945875
34.433333	1	0.944375
34.450000	1	0.939625
34.466667	1	0.931500
34.483333	1	0.920250
34.500000	1	0.907125
34.516667	1	0.891125
34.533333	1	0.872375
34.550000	1	0.851750
34.566667	1	0.829875
34.583333	1	0.805250
34.600000	1	0.779125
34.616667	1	0.751375
34.633333	1	0.723250
34.650000	1	0.694750
34.666667	1	0.664875
34.683333	1	0.635000
34.700000	1	0.605125
34.716667	1	0.576000
34.733333	1	0.546500
34.750000	1	0.517875
34.766667	1	0.489625
34.783333	1	0.462375
34.800000	1	0.436375
34.816667	1	0.410875
34.833333	1	0.387125
34.850000	1	0.363750
34.866667	1	0.342125
34.883333	1	0.322125
34.900000	1	0.302000
34.916667	1	0.283000
34.933333	1	0.265750
34.950000	1	0.250000
34.966667	1	0.235750
34.983333	1	0.221625
35.000000	1	0.209375
35.016667	1	0.197875
35.033333	1	0.186875
35.050000	1	0.176875
35.066667	1	0.168875
35.083333	1	0.160875
35.100000	1	0.154125
35.116667	1	0.148250
35.133333	1	0.143000
35.150000	1	0.137750
35.166667	1	0.133375
35.183333	1	0.130375
35.200000	1	0.128000
35.216667	1	0.125375
35.233333	1	0.123000
35.250000	1	0.121500
35.266667	1	0.120375
35.283333	1	0.120000
35.300000	1	0.120000
35.316667	1	0.121000
35.333333	1	0.121875
35.350000	1	0.123125
35.366667	1	0.124125
35.383333	1	0.125875
35.400000	1	0.127375
35.416667	1	0.129500
35.433333	1	0.131625
35.450000	1	0.133875
35.466667	1	0.135875
35.483333	1	0.138125
35.500000	1	0.139875
35.516667	1	0.142500
35.533333	1	0.145125
35.550000	1	0.147625
35.566667	1	0.150125
35.583333	1	0.152000
35.600000	1	0.154125
35.616667	1	0.156375
35.633333	1	0.157500
35.650000	1	0.159000
35.666667	1	0.160125
35.683333	1	0.162000
35.700000	1	0.163375
35.716667	1	0.164875
35.733333	1	0.166000
35.750000	1	0.166375
35.766667	1	0.167625
35.783333	1	0.168875
35.800000	1	0.169125
35.816667	1	0.169000
35.833333	1	0.168875
35.850000	1	0.169500
35.866667	1	0.170125
35.883333	1	0.170375
35.900000	1	0.170750
35.916667	1	0.171125
35.933333	1	0.171500
35.950000	1	0.171125
35.966667	1	0.171125
35.983333	1	0.171750
36.000000	1	0.171500
36.016667	1	0.171750
36.033333	1	0.171125
36.050000	1	0.171250
36.066667	1	0.171125
36.083333	1	0.171125
36.100000	1	0.171125
36.116667	1	0.171250
36.133333	1	0.170500
36.150000	1	0.170000
36.166667	1	0.169875
36.183333	1	0.169125
36.200000	1	0.168000
36.216667	1	0.167000
36.233333	1	0.165625
36.250000	1	0.164250
36.266667	1	0.162875
36.283333	1	0.161375
36.300000	1	0.160000
36.316667	1	0.158375
36.333333	1	0.156750
36.350000	1	0.154750
36.366667	1	0.152750
36.383333	1	0.151375
36.400000	1	0.149000
36.416667	1	0.146750
36.433333	1	0.144750
36.450000	1	0.142750
36.466667	1	0.140625
36.483333	1	0.138125
36.500000	1	0.136625
36.516667	1	0.134125
36.533333	1	0.132000
36.550000	1	0.129875
36.566667	1	0.127125
36.583333	1	0.124875
36.600000	1	0.121875
36.616667	1	0.120000
36.633333	1	0.117500
36.650000	1	0.114250
36.666667	1	0.111875
36.683333	1	0.108750
36.700000	1	0.106625
36.716667	1	0.103875
36.733333	1	0.101125
36.750000	1	0.097875
36.766667	1	0.094125
36.783333	1	0.090875
36.800000	1	0.087250
36.816667	1	0.083875
36.833333	1	0.080500
36.850000	1	0.077625
36.866667	1	0.074500
36.883333	1	0.071250
36.900000	1	0.067625
36.916667	1	0.063750
36.933333	1	0.060750
36.950000	1	0.057500
36.966667	1	0.054250
36.983333	1	0.051000
37.000000	1	0.048125
37.016667	1	0.044875
37.033333	1	0.041875
37.050000	1	0.039125
37.066667	1	0.036250
37.083333	1	0.033500
37.100000	1	0.030625
37.116667	1	0.028500
37.133333	1	0.026375
37.150000	1	0.024000
37.166667	1	0.021875
37.183333	1	0.020500
37.200000	1	0.019125
37.216667	1	0.017500
37.233333	1	0.015625
37.250000	1	0.014625
37.266667	1	0.013750
37.283333	1	0.013375
37.300000	1	0.012125
37.316667	1	0.011000
37.333333	1	0.009250
37.350000	1	0.008625
37.366667	1	0.006750
37.383333	1	0.006000
37.400000	1	0.005250
37.416667	1	0.005875
37.433333	1	0.005250
37.450000	1	0.004750
37.466667	1	0.005125
37.483333	1	0.004750
37.500000	1	0.004625
37.516667	1	0.004875
37.533333	1	0.004750
37.550000	1	0.004875
37.566667	1	0.004875
37.583333	1	0.004750
37.600000	1	0.004750
37.616667	1	0.005625
37.633333	1	0.005750
37.650000	1	0.006625
37.666667	1	0.006875
37.683333	1	0.007000
37.700000	1	0.007875
37.716667	1	0.007750
37.733333	1	0.008750
37.750000	1	0.009000
37.766667	1	0.009500
37.783333	1	0.009875
37.800000	1	0.010500
37.816667	1	0.010375
37.833333	1	0.011000
37.850000	1	0.011000
37.866667	1	0.011500
37.883333	1	0.011125
37.900000	1	0.011750
37.916667	1	0.012000
37.933333	1	0.012250
37.950000	1	0.012375
37.966667	1	0.012625
37.983333	1	0.012625
38.000000	1	0.012000
38.016667	1	0.012125
38.033333	1	0.012500
38.050000	1	0.013250
38.066667	1	0.013625
38.083333	1	0.014000
38.100000	1	0.014125
38.116667	1	0.014125
38.133333	1	0.014625
38.150000	1	0.014500
38.166667	1	0.014125
38.183333	1	0.014875
38.200000	1	0.015500
38.216667	1	0.015375
38.233333	1	0.015000
38.250000	1	0.015000
38.266667	1	0.015000
38.283333	1	0.015375
38.300000	1	0.015125
38.316667	1	0.015375
38.333333	1	0.015375
38.350000	1	0.015500
38.366667	1	0.015375
38.383333	1	0.015000
38.400000	1	0.014750
38.416667	1	0.014875
38.433333	1	0.015250
38.450000	1	0.015250
38.466667	1	0.015750
38.483333	1	0.015625
38.500000	1	0.015500
38.516667	1	0.015875
38.533333	1	0.016250
38.550000	1	0.016250
38.566667	1	0.016625
38.583333	1	0.016750
38.600000	1	0.016875
38.616667	1	0.016875
38.633333	1	0.017500
38.650000	1	0.018125
38.666667	1	0.018125
38.683333	1	0.018875
38.700000	1	0.019875
38.716667	1	0.019750
38.733333	1	0.019875
38.750000	1	0.020375
38.766667	1	0.021125
38.783333	1	0.022000
38.800000	1	0.022250
38.816667	1	0.022125
38.833333	1	0.022375
38.850000	1	0.022875
38.866667	1	0.023375
38.883333	1	0.024375
38.900000	1	0.024375
38.916667	1	0.024500
38.933333	1	0.024750
38.950000	1	0.024875
38.966667	1	0.024375
38.983333	1	0.024500
39.000000	1	0.024750
39.016667	1	0.025000
39.033333	1	0.025250
39.050000	1	0.025750
39.066667	1	0.025500
39.083333	1	0.024750
39.100000	1	0.024500
39.116667	1	0.024125
39.133333	1	0.024750
39.150000	1	0.023875
39.166667	1	0.023750
39.183333	1	0.024250
39.200000	1	0.024500
39.216667	1	0.024500
39.233333	1	0.024500
39.250000	1	0.024625
39.266667	1	0.025250
39.283333	1	0.025250
39.300000	1	0.025000
39.316667	1	0.024875
39.333333	1	0.025125
39.350000	1	0.025125
39.366667	1	0.025125
39.383333	1	0.025375
39.400000	1	0.025750
39.416667	1	0.026375
39.433333	1	0.027250
39.450000	1	0.027750
39.466667	1	0.028500
39.483333	1	0.029000
39.500000	1	0.029750
39.516667	1	0.030000
39.533333	1	0.030625
39.550000	1	0.031125
39.566667	1	0.031875
39.583333	1	0.032750
39.600000	1	0.033000
39.616667	1	0.033375
39.633333	1	0.033625
39.650000	1	0.034625
39.666667	1	0.035125
39.683333	1	0.036125
39.700000	1	0.036625
39.716667	1	0.037000
39.733333	1	0.037375
39.750000	1	0.037750
39.766667	1	0.038125
39.783333	1	0.038500
39.800000	1	0.038625
39.816667	1	0.038875
39.833333	1	0.039375
39.850000	1	0.039625
39.866667	1	0.040125
39.883333	1	0.040000
39.900000	1	0.040750
39.916667	1	0.040875
39.933333	1	0.041125
39.950000	1	0.040750
39.966667	1	0.040750
39.983333	1	0.040625
40.000000	1	0.040875
