File Path	chrom://990-75db15j/XVault/Ultimate_3000/1256/20230531_CMO_stabTest _FP08_FP09.seq/849.smp/RI_1.channel/RI_1.chm
Channel	RI_1

Injection Information:
Data Vault	XVault
Injection	FP08_1_s2
Injection Number	25
Position	BD3
Comment	
Processing Method	
Instrument Method	run_25B_method
Type	Unknown
Status	Finished
Injection Date	02.06.2023
Injection Time	05:08:05
Injection Volume (µl)	20.000
Dilution Factor	1.0000
Weight	1.0000

Chromatogram Data Information:
Time Min. (min)	0.000000
Time Max. (min)	40.000000
Data Points	2401
Detector	RI
Generating Data System	Chromeleon 7.2.5.9507
Exporting Data System	Chromeleon 7.2.5.0
Operator	Instrument Controller
Signal Quantity	Refractive 
Signal Unit	µRIU
Signal Min.	-0.661250
Signal Max.	56.560500
Channel	RI_1
Driver Name	RID520Driver.dll
Channel Type	Evaluation
Min. Step (s)	1
Max. Step (s)	1
Average Step (s)	1

Signal Parameter Information:
Signal Info	

Chromatogram Data:
Time (min)	Step (s)	Value (µRIU)
0.000000	n.a.	-0.051000
0.016667	1	-0.052625
0.033333	1	-0.054125
0.050000	1	-0.055500
0.066667	1	-0.056375
0.083333	1	-0.057500
0.100000	1	-0.058125
0.116667	1	-0.058875
0.133333	1	-0.059875
0.150000	1	-0.061250
0.166667	1	-0.062125
0.183333	1	-0.063000
0.200000	1	-0.063500
0.216667	1	-0.063625
0.233333	1	-0.063875
0.250000	1	-0.064375
0.266667	1	-0.065125
0.283333	1	-0.066750
0.300000	1	-0.069500
0.316667	1	-0.073125
0.333333	1	-0.075875
0.350000	1	-0.076000
0.366667	1	-0.073000
0.383333	1	-0.069250
0.400000	1	-0.066250
0.416667	1	-0.062750
0.433333	1	-0.059625
0.450000	1	-0.057125
0.466667	1	-0.055750
0.483333	1	-0.055375
0.500000	1	-0.056750
0.516667	1	-0.059250
0.533333	1	-0.061125
0.550000	1	-0.063750
0.566667	1	-0.065000
0.583333	1	-0.066500
0.600000	1	-0.067000
0.616667	1	-0.067875
0.633333	1	-0.068750
0.650000	1	-0.069000
0.666667	1	-0.068625
0.683333	1	-0.069000
0.700000	1	-0.069125
0.716667	1	-0.069125
0.733333	1	-0.068875
0.750000	1	-0.069125
0.766667	1	-0.068000
0.783333	1	-0.067750
0.800000	1	-0.067000
0.816667	1	-0.066250
0.833333	1	-0.064875
0.850000	1	-0.063625
0.866667	1	-0.062625
0.883333	1	-0.061250
0.900000	1	-0.060250
0.916667	1	-0.059250
0.933333	1	-0.058375
0.950000	1	-0.057750
0.966667	1	-0.056625
0.983333	1	-0.056000
1.000000	1	-0.055500
1.016667	1	-0.054125
1.033333	1	-0.053000
1.050000	1	-0.052250
1.066667	1	-0.051375
1.083333	1	-0.050625
1.100000	1	-0.049875
1.116667	1	-0.049375
1.133333	1	-0.048750
1.150000	1	-0.048125
1.166667	1	-0.048250
1.183333	1	-0.048375
1.200000	1	-0.048500
1.216667	1	-0.048375
1.233333	1	-0.047750
1.250000	1	-0.047875
1.266667	1	-0.048375
1.283333	1	-0.048000
1.300000	1	-0.048625
1.316667	1	-0.048500
1.333333	1	-0.049250
1.350000	1	-0.050250
1.366667	1	-0.050625
1.383333	1	-0.050875
1.400000	1	-0.051375
1.416667	1	-0.052000
1.433333	1	-0.052250
1.450000	1	-0.053125
1.466667	1	-0.053500
1.483333	1	-0.053875
1.500000	1	-0.054750
1.516667	1	-0.055000
1.533333	1	-0.055125
1.550000	1	-0.056250
1.566667	1	-0.056875
1.583333	1	-0.057000
1.600000	1	-0.056750
1.616667	1	-0.057375
1.633333	1	-0.057750
1.650000	1	-0.058125
1.666667	1	-0.058625
1.683333	1	-0.058625
1.700000	1	-0.058875
1.716667	1	-0.059500
1.733333	1	-0.059375
1.750000	1	-0.060000
1.766667	1	-0.059625
1.783333	1	-0.059625
1.800000	1	-0.059625
1.816667	1	-0.059250
1.833333	1	-0.058875
1.850000	1	-0.058625
1.866667	1	-0.058250
1.883333	1	-0.057875
1.900000	1	-0.057625
1.916667	1	-0.057875
1.933333	1	-0.058375
1.950000	1	-0.058500
1.966667	1	-0.058375
1.983333	1	-0.058125
2.000000	1	-0.057375
2.016667	1	-0.057250
2.033333	1	-0.057500
2.050000	1	-0.057000
2.066667	1	-0.056875
2.083333	1	-0.056500
2.100000	1	-0.056000
2.116667	1	-0.055250
2.133333	1	-0.055500
2.150000	1	-0.055000
2.166667	1	-0.054500
2.183333	1	-0.053500
2.200000	1	-0.052875
2.216667	1	-0.053125
2.233333	1	-0.052250
2.250000	1	-0.051875
2.266667	1	-0.051750
2.283333	1	-0.051500
2.300000	1	-0.050500
2.316667	1	-0.050250
2.333333	1	-0.050250
2.350000	1	-0.049500
2.366667	1	-0.049250
2.383333	1	-0.049875
2.400000	1	-0.050000
2.416667	1	-0.049500
2.433333	1	-0.049000
2.450000	1	-0.048375
2.466667	1	-0.047875
2.483333	1	-0.048000
2.500000	1	-0.047750
2.516667	1	-0.047750
2.533333	1	-0.046750
2.550000	1	-0.046875
2.566667	1	-0.046750
2.583333	1	-0.045750
2.600000	1	-0.044875
2.616667	1	-0.044250
2.633333	1	-0.044250
2.650000	1	-0.043500
2.666667	1	-0.042875
2.683333	1	-0.042500
2.700000	1	-0.042375
2.716667	1	-0.042125
2.733333	1	-0.041750
2.750000	1	-0.041125
2.766667	1	-0.040250
2.783333	1	-0.039875
2.800000	1	-0.039375
2.816667	1	-0.038625
2.833333	1	-0.038000
2.850000	1	-0.037750
2.866667	1	-0.037125
2.883333	1	-0.036625
2.900000	1	-0.036500
2.916667	1	-0.036125
2.933333	1	-0.035875
2.950000	1	-0.034875
2.966667	1	-0.034625
2.983333	1	-0.034375
3.000000	1	-0.033625
3.016667	1	-0.032875
3.033333	1	-0.032625
3.050000	1	-0.031875
3.066667	1	-0.032000
3.083333	1	-0.031625
3.100000	1	-0.031375
3.116667	1	-0.031375
3.133333	1	-0.031125
3.150000	1	-0.030625
3.166667	1	-0.030250
3.183333	1	-0.029625
3.200000	1	-0.029500
3.216667	1	-0.028750
3.233333	1	-0.028500
3.250000	1	-0.028250
3.266667	1	-0.027875
3.283333	1	-0.027000
3.300000	1	-0.026250
3.316667	1	-0.026250
3.333333	1	-0.025625
3.350000	1	-0.025500
3.366667	1	-0.024750
3.383333	1	-0.024750
3.400000	1	-0.024375
3.416667	1	-0.024500
3.433333	1	-0.024250
3.450000	1	-0.024250
3.466667	1	-0.024125
3.483333	1	-0.024750
3.500000	1	-0.025750
3.516667	1	-0.026125
3.533333	1	-0.026375
3.550000	1	-0.026875
3.566667	1	-0.027375
3.583333	1	-0.028375
3.600000	1	-0.030000
3.616667	1	-0.030875
3.633333	1	-0.031750
3.650000	1	-0.032875
3.666667	1	-0.034375
3.683333	1	-0.035375
3.700000	1	-0.036125
3.716667	1	-0.037125
3.733333	1	-0.038625
3.750000	1	-0.039500
3.766667	1	-0.040250
3.783333	1	-0.041250
3.800000	1	-0.041875
3.816667	1	-0.042750
3.833333	1	-0.043625
3.850000	1	-0.044625
3.866667	1	-0.045375
3.883333	1	-0.046750
3.900000	1	-0.048125
3.916667	1	-0.048375
3.933333	1	-0.048750
3.950000	1	-0.049375
3.966667	1	-0.049875
3.983333	1	-0.049500
4.000000	1	-0.050125
4.016667	1	-0.050250
4.033333	1	-0.050750
4.050000	1	-0.050500
4.066667	1	-0.050625
4.083333	1	-0.051625
4.100000	1	-0.052000
4.116667	1	-0.051750
4.133333	1	-0.052000
4.150000	1	-0.051875
4.166667	1	-0.051625
4.183333	1	-0.051875
4.200000	1	-0.051625
4.216667	1	-0.051625
4.233333	1	-0.051250
4.250000	1	-0.051375
4.266667	1	-0.051750
4.283333	1	-0.051625
4.300000	1	-0.051875
4.316667	1	-0.051000
4.333333	1	-0.050875
4.350000	1	-0.050500
4.366667	1	-0.050875
4.383333	1	-0.050125
4.400000	1	-0.049500
4.416667	1	-0.049000
4.433333	1	-0.048500
4.450000	1	-0.047500
4.466667	1	-0.046500
4.483333	1	-0.046000
4.500000	1	-0.045875
4.516667	1	-0.044875
4.533333	1	-0.043875
4.550000	1	-0.042750
4.566667	1	-0.041875
4.583333	1	-0.040000
4.600000	1	-0.039375
4.616667	1	-0.038000
4.633333	1	-0.037000
4.650000	1	-0.035750
4.666667	1	-0.034625
4.683333	1	-0.033375
4.700000	1	-0.031375
4.716667	1	-0.029625
4.733333	1	-0.028250
4.750000	1	-0.026875
4.766667	1	-0.025250
4.783333	1	-0.023500
4.800000	1	-0.021750
4.816667	1	-0.019500
4.833333	1	-0.018375
4.850000	1	-0.016250
4.866667	1	-0.014750
4.883333	1	-0.013000
4.900000	1	-0.010500
4.916667	1	-0.008875
4.933333	1	-0.006750
4.950000	1	-0.004375
4.966667	1	-0.002500
4.983333	1	-0.000750
5.000000	1	0.001875
5.016667	1	0.003250
5.033333	1	0.005000
5.050000	1	0.006875
5.066667	1	0.009375
5.083333	1	0.011125
5.100000	1	0.013000
5.116667	1	0.014500
5.133333	1	0.016625
5.150000	1	0.018625
5.166667	1	0.021125
5.183333	1	0.022750
5.200000	1	0.024500
5.216667	1	0.026500
5.233333	1	0.028125
5.250000	1	0.030250
5.266667	1	0.032750
5.283333	1	0.034000
5.300000	1	0.035125
5.316667	1	0.037000
5.333333	1	0.039000
5.350000	1	0.040000
5.366667	1	0.041125
5.383333	1	0.042125
5.400000	1	0.042500
5.416667	1	0.043375
5.433333	1	0.044375
5.450000	1	0.044875
5.466667	1	0.045125
5.483333	1	0.045125
5.500000	1	0.044875
5.516667	1	0.044750
5.533333	1	0.044500
5.550000	1	0.043875
5.566667	1	0.042875
5.583333	1	0.041500
5.600000	1	0.040125
5.616667	1	0.039250
5.633333	1	0.038500
5.650000	1	0.036750
5.666667	1	0.035125
5.683333	1	0.034250
5.700000	1	0.032500
5.716667	1	0.030625
5.733333	1	0.028875
5.750000	1	0.026750
5.766667	1	0.026000
5.783333	1	0.024750
5.800000	1	0.023000
5.816667	1	0.022250
5.833333	1	0.021250
5.850000	1	0.020500
5.866667	1	0.019250
5.883333	1	0.018125
5.900000	1	0.017125
5.916667	1	0.016125
5.933333	1	0.015125
5.950000	1	0.014000
5.966667	1	0.013750
5.983333	1	0.013500
6.000000	1	0.013000
6.016667	1	0.012750
6.033333	1	0.012625
6.050000	1	0.012375
6.066667	1	0.011875
6.083333	1	0.011625
6.100000	1	0.011250
6.116667	1	0.011125
6.133333	1	0.011000
6.150000	1	0.011125
6.166667	1	0.011250
6.183333	1	0.011875
6.200000	1	0.011875
6.216667	1	0.012125
6.233333	1	0.012750
6.250000	1	0.013500
6.266667	1	0.014000
6.283333	1	0.013875
6.300000	1	0.014375
6.316667	1	0.015125
6.333333	1	0.016000
6.350000	1	0.016500
6.366667	1	0.017500
6.383333	1	0.018500
6.400000	1	0.020000
6.416667	1	0.020500
6.433333	1	0.021125
6.450000	1	0.022000
6.466667	1	0.022750
6.483333	1	0.024500
6.500000	1	0.025750
6.516667	1	0.027000
6.533333	1	0.027750
6.550000	1	0.029375
6.566667	1	0.031125
6.583333	1	0.032625
6.600000	1	0.034375
6.616667	1	0.036125
6.633333	1	0.037750
6.650000	1	0.039000
6.666667	1	0.039875
6.683333	1	0.040500
6.700000	1	0.042125
6.716667	1	0.043875
6.733333	1	0.045375
6.750000	1	0.046750
6.766667	1	0.047875
6.783333	1	0.048875
6.800000	1	0.049625
6.816667	1	0.051250
6.833333	1	0.051750
6.850000	1	0.052625
6.866667	1	0.053000
6.883333	1	0.053875
6.900000	1	0.054125
6.916667	1	0.054625
6.933333	1	0.054625
6.950000	1	0.055125
6.966667	1	0.054500
6.983333	1	0.053750
7.000000	1	0.053250
7.016667	1	0.052375
7.033333	1	0.051375
7.050000	1	0.050000
7.066667	1	0.049125
7.083333	1	0.047875
7.100000	1	0.046625
7.116667	1	0.044750
7.133333	1	0.042625
7.150000	1	0.040250
7.166667	1	0.037375
7.183333	1	0.035125
7.200000	1	0.032500
7.216667	1	0.029875
7.233333	1	0.027500
7.250000	1	0.024625
7.266667	1	0.022250
7.283333	1	0.019375
7.300000	1	0.016000
7.316667	1	0.013500
7.333333	1	0.010125
7.350000	1	0.006875
7.366667	1	0.003500
7.383333	1	0.000750
7.400000	1	-0.002500
7.416667	1	-0.005500
7.433333	1	-0.008625
7.450000	1	-0.012375
7.466667	1	-0.015625
7.483333	1	-0.017875
7.500000	1	-0.020750
7.516667	1	-0.023500
7.533333	1	-0.026375
7.550000	1	-0.029125
7.566667	1	-0.031750
7.583333	1	-0.034000
7.600000	1	-0.036250
7.616667	1	-0.038250
7.633333	1	-0.040375
7.650000	1	-0.042375
7.666667	1	-0.044250
7.683333	1	-0.045000
7.700000	1	-0.046250
7.716667	1	-0.047750
7.733333	1	-0.048500
7.750000	1	-0.049250
7.766667	1	-0.049125
7.783333	1	-0.049875
7.800000	1	-0.050250
7.816667	1	-0.050500
7.833333	1	-0.050625
7.850000	1	-0.051125
7.866667	1	-0.051375
7.883333	1	-0.050625
7.900000	1	-0.049875
7.916667	1	-0.049000
7.933333	1	-0.048000
7.950000	1	-0.046875
7.966667	1	-0.045875
7.983333	1	-0.045000
8.000000	1	-0.043125
8.016667	1	-0.042625
8.033333	1	-0.041500
8.050000	1	-0.040875
8.066667	1	-0.040125
8.083333	1	-0.038750
8.100000	1	-0.037875
8.116667	1	-0.037125
8.133333	1	-0.035500
8.150000	1	-0.034000
8.166667	1	-0.032375
8.183333	1	-0.030875
8.200000	1	-0.029750
8.216667	1	-0.029125
8.233333	1	-0.028125
8.250000	1	-0.026375
8.266667	1	-0.024750
8.283333	1	-0.023625
8.300000	1	-0.022500
8.316667	1	-0.020750
8.333333	1	-0.018875
8.350000	1	-0.018000
8.366667	1	-0.016500
8.383333	1	-0.014250
8.400000	1	-0.013000
8.416667	1	-0.012375
8.433333	1	-0.011125
8.450000	1	-0.009875
8.466667	1	-0.008250
8.483333	1	-0.007625
8.500000	1	-0.006375
8.516667	1	-0.005375
8.533333	1	-0.004625
8.550000	1	-0.003875
8.566667	1	-0.002875
8.583333	1	-0.002125
8.600000	1	-0.001625
8.616667	1	-0.000875
8.633333	1	-0.000875
8.650000	1	0.000000
8.666667	1	0.001125
8.683333	1	0.001750
8.700000	1	0.002500
8.716667	1	0.003375
8.733333	1	0.004875
8.750000	1	0.005750
8.766667	1	0.006125
8.783333	1	0.007125
8.800000	1	0.008125
8.816667	1	0.009375
8.833333	1	0.009375
8.850000	1	0.010500
8.866667	1	0.011375
8.883333	1	0.012500
8.900000	1	0.014000
8.916667	1	0.014625
8.933333	1	0.015625
8.950000	1	0.016750
8.966667	1	0.017750
8.983333	1	0.018875
9.000000	1	0.018875
9.016667	1	0.019875
9.033333	1	0.021125
9.050000	1	0.022625
9.066667	1	0.023250
9.083333	1	0.023750
9.100000	1	0.025250
9.116667	1	0.026500
9.133333	1	0.028125
9.150000	1	0.028750
9.166667	1	0.029625
9.183333	1	0.030750
9.200000	1	0.031625
9.216667	1	0.032625
9.233333	1	0.033375
9.250000	1	0.034000
9.266667	1	0.034750
9.283333	1	0.036375
9.300000	1	0.037750
9.316667	1	0.038625
9.333333	1	0.040250
9.350000	1	0.042125
9.366667	1	0.043250
9.383333	1	0.045125
9.400000	1	0.046750
9.416667	1	0.048750
9.433333	1	0.051875
9.450000	1	0.054875
9.466667	1	0.058375
9.483333	1	0.062500
9.500000	1	0.067000
9.516667	1	0.072500
9.533333	1	0.079125
9.550000	1	0.086625
9.566667	1	0.094875
9.583333	1	0.104500
9.600000	1	0.114750
9.616667	1	0.126875
9.633333	1	0.140625
9.650000	1	0.156500
9.666667	1	0.174375
9.683333	1	0.193750
9.700000	1	0.214750
9.716667	1	0.235875
9.733333	1	0.257625
9.750000	1	0.278875
9.766667	1	0.298125
9.783333	1	0.313125
9.800000	1	0.325625
9.816667	1	0.332625
9.833333	1	0.334125
9.850000	1	0.328375
9.866667	1	0.316250
9.883333	1	0.295875
9.900000	1	0.272625
9.916667	1	0.259625
9.933333	1	0.282625
9.950000	1	0.386875
9.966667	1	0.627375
9.983333	1	1.064875
10.000000	1	1.760125
10.016667	1	2.763500
10.033333	1	4.115250
10.050000	1	5.840375
10.066667	1	7.950875
10.083333	1	10.447500
10.100000	1	13.317000
10.116667	1	16.532750
10.133333	1	20.050750
10.150000	1	23.805250
10.166667	1	27.706125
10.183333	1	31.633000
10.200000	1	35.431625
10.216667	1	38.916500
10.233333	1	41.873000
10.250000	1	44.082500
10.266667	1	45.358625
10.283333	1	45.577125
10.300000	1	44.714250
10.316667	1	42.855125
10.333333	1	40.180875
10.350000	1	36.934750
10.366667	1	33.380125
10.383333	1	29.758625
10.400000	1	26.258250
10.416667	1	23.010500
10.433333	1	20.085875
10.450000	1	17.512000
10.466667	1	15.277750
10.483333	1	13.355875
10.500000	1	11.707375
10.516667	1	10.295625
10.533333	1	9.083000
10.550000	1	8.038500
10.566667	1	7.139000
10.583333	1	6.363375
10.600000	1	5.696625
10.616667	1	5.124000
10.633333	1	4.633750
10.650000	1	4.214750
10.666667	1	3.856250
10.683333	1	3.549250
10.700000	1	3.284500
10.716667	1	3.054875
10.733333	1	2.855500
10.750000	1	2.680625
10.766667	1	2.525500
10.783333	1	2.387250
10.800000	1	2.262750
10.816667	1	2.150250
10.833333	1	2.047750
10.850000	1	1.954875
10.866667	1	1.870125
10.883333	1	1.793125
10.900000	1	1.722250
10.916667	1	1.657625
10.933333	1	1.597375
10.950000	1	1.541750
10.966667	1	1.490375
10.983333	1	1.443125
11.000000	1	1.399125
11.016667	1	1.357625
11.033333	1	1.319375
11.050000	1	1.282875
11.066667	1	1.248875
11.083333	1	1.217625
11.100000	1	1.188250
11.116667	1	1.161625
11.133333	1	1.136375
11.150000	1	1.112000
11.166667	1	1.088625
11.183333	1	1.066875
11.200000	1	1.045750
11.216667	1	1.027125
11.233333	1	1.009250
11.250000	1	0.992125
11.266667	1	0.976625
11.283333	1	0.960875
11.300000	1	0.946625
11.316667	1	0.932875
11.333333	1	0.919750
11.350000	1	0.907000
11.366667	1	0.895625
11.383333	1	0.884125
11.400000	1	0.874500
11.416667	1	0.866125
11.433333	1	0.858125
11.450000	1	0.851000
11.466667	1	0.844500
11.483333	1	0.839625
11.500000	1	0.836000
11.516667	1	0.833875
11.533333	1	0.830375
11.550000	1	0.828750
11.566667	1	0.827250
11.583333	1	0.826125
11.600000	1	0.825750
11.616667	1	0.825500
11.633333	1	0.825500
11.650000	1	0.825875
11.666667	1	0.825875
11.683333	1	0.825875
11.700000	1	0.825875
11.716667	1	0.825250
11.733333	1	0.824750
11.750000	1	0.824500
11.766667	1	0.824000
11.783333	1	0.823750
11.800000	1	0.823625
11.816667	1	0.823750
11.833333	1	0.824875
11.850000	1	0.827125
11.866667	1	0.830125
11.883333	1	0.834875
11.900000	1	0.841875
11.916667	1	0.850625
11.933333	1	0.862375
11.950000	1	0.875375
11.966667	1	0.891250
11.983333	1	0.909750
12.000000	1	0.930875
12.016667	1	0.955625
12.033333	1	0.984875
12.050000	1	1.018000
12.066667	1	1.055750
12.083333	1	1.100750
12.100000	1	1.153625
12.116667	1	1.217000
12.133333	1	1.292625
12.150000	1	1.382250
12.166667	1	1.489625
12.183333	1	1.615375
12.200000	1	1.762750
12.216667	1	1.932875
12.233333	1	2.127000
12.250000	1	2.346625
12.266667	1	2.592875
12.283333	1	2.867125
12.300000	1	3.170250
12.316667	1	3.505625
12.333333	1	3.876375
12.350000	1	4.282875
12.366667	1	4.729250
12.383333	1	5.218500
12.400000	1	5.750375
12.416667	1	6.321750
12.433333	1	6.928875
12.450000	1	7.564375
12.466667	1	8.216125
12.483333	1	8.867250
12.500000	1	9.497875
12.516667	1	10.084000
12.533333	1	10.600750
12.550000	1	11.027250
12.566667	1	11.350500
12.583333	1	11.564000
12.600000	1	11.672500
12.616667	1	11.686375
12.633333	1	11.618750
12.650000	1	11.484000
12.666667	1	11.297250
12.683333	1	11.070000
12.700000	1	10.814625
12.716667	1	10.539125
12.733333	1	10.250250
12.750000	1	9.954875
12.766667	1	9.657000
12.783333	1	9.359500
12.800000	1	9.066625
12.816667	1	8.779250
12.833333	1	8.500375
12.850000	1	8.228875
12.866667	1	7.964500
12.883333	1	7.706125
12.900000	1	7.452750
12.916667	1	7.202750
12.933333	1	6.954000
12.950000	1	6.705625
12.966667	1	6.454375
12.983333	1	6.198875
13.000000	1	5.937000
13.016667	1	5.666625
13.033333	1	5.382750
13.050000	1	5.083875
13.066667	1	4.766000
13.083333	1	4.425500
13.100000	1	4.061125
13.116667	1	3.675500
13.133333	1	3.279000
13.150000	1	2.889250
13.166667	1	2.528375
13.183333	1	2.213250
13.200000	1	1.951750
13.216667	1	1.741750
13.233333	1	1.575750
13.250000	1	1.444125
13.266667	1	1.339375
13.283333	1	1.252750
13.300000	1	1.180750
13.316667	1	1.120125
13.333333	1	1.067375
13.350000	1	1.022875
13.366667	1	0.983125
13.383333	1	0.947500
13.400000	1	0.915500
13.416667	1	0.886625
13.433333	1	0.861500
13.450000	1	0.838875
13.466667	1	0.818250
13.483333	1	0.800750
13.500000	1	0.784875
13.516667	1	0.771375
13.533333	1	0.761500
13.550000	1	0.753125
13.566667	1	0.746875
13.583333	1	0.742750
13.600000	1	0.740000
13.616667	1	0.738125
13.633333	1	0.736750
13.650000	1	0.735625
13.666667	1	0.733750
13.683333	1	0.731000
13.700000	1	0.727250
13.716667	1	0.722250
13.733333	1	0.715500
13.750000	1	0.707375
13.766667	1	0.697375
13.783333	1	0.686875
13.800000	1	0.674500
13.816667	1	0.661750
13.833333	1	0.648500
13.850000	1	0.634250
13.866667	1	0.620000
13.883333	1	0.605750
13.900000	1	0.592375
13.916667	1	0.579375
13.933333	1	0.567000
13.950000	1	0.555125
13.966667	1	0.544125
13.983333	1	0.534250
14.000000	1	0.525500
14.016667	1	0.517625
14.033333	1	0.511000
14.050000	1	0.505750
14.066667	1	0.501875
14.083333	1	0.499000
14.100000	1	0.497125
14.116667	1	0.496375
14.133333	1	0.497875
14.150000	1	0.501625
14.166667	1	0.507000
14.183333	1	0.514375
14.200000	1	0.524500
14.216667	1	0.537375
14.233333	1	0.553875
14.250000	1	0.575750
14.266667	1	0.602000
14.283333	1	0.635000
14.300000	1	0.673875
14.316667	1	0.721250
14.333333	1	0.778250
14.350000	1	0.845875
14.366667	1	0.924500
14.383333	1	1.016750
14.400000	1	1.124125
14.416667	1	1.248250
14.433333	1	1.392000
14.450000	1	1.555625
14.466667	1	1.743125
14.483333	1	1.956250
14.500000	1	2.197750
14.516667	1	2.472875
14.533333	1	2.786375
14.550000	1	3.143875
14.566667	1	3.554250
14.583333	1	4.026875
14.600000	1	4.577625
14.616667	1	5.224375
14.633333	1	5.993125
14.650000	1	6.912500
14.666667	1	8.017875
14.683333	1	9.349875
14.700000	1	10.946750
14.716667	1	12.846500
14.733333	1	15.080250
14.750000	1	17.668125
14.766667	1	20.614250
14.783333	1	23.895375
14.800000	1	27.468875
14.816667	1	31.268375
14.833333	1	35.200125
14.850000	1	39.149000
14.866667	1	42.983875
14.883333	1	46.564750
14.900000	1	49.756875
14.916667	1	52.435875
14.933333	1	54.503250
14.950000	1	55.889875
14.966667	1	56.560500
14.983333	1	56.515375
15.000000	1	55.786500
15.016667	1	54.430875
15.033333	1	52.526750
15.050000	1	50.166875
15.066667	1	47.451750
15.083333	1	44.483125
15.100000	1	41.358125
15.116667	1	38.165750
15.133333	1	34.978625
15.150000	1	31.858250
15.166667	1	28.857750
15.183333	1	26.014250
15.200000	1	23.352500
15.216667	1	20.885500
15.233333	1	18.619250
15.250000	1	16.555250
15.266667	1	14.686750
15.283333	1	13.008625
15.300000	1	11.509375
15.316667	1	10.177500
15.333333	1	9.000375
15.350000	1	7.964750
15.366667	1	7.058250
15.383333	1	6.267875
15.400000	1	5.580875
15.416667	1	4.984375
15.433333	1	4.469875
15.450000	1	4.026000
15.466667	1	3.644750
15.483333	1	3.319500
15.500000	1	3.042875
15.516667	1	2.809000
15.533333	1	2.611125
15.550000	1	2.444375
15.566667	1	2.303750
15.583333	1	2.185750
15.600000	1	2.084875
15.616667	1	1.997500
15.633333	1	1.920250
15.650000	1	1.851125
15.666667	1	1.786500
15.683333	1	1.725625
15.700000	1	1.667375
15.716667	1	1.610375
15.733333	1	1.554875
15.750000	1	1.500125
15.766667	1	1.445750
15.783333	1	1.393750
15.800000	1	1.342250
15.816667	1	1.292375
15.833333	1	1.244750
15.850000	1	1.200250
15.866667	1	1.156875
15.883333	1	1.116125
15.900000	1	1.078125
15.916667	1	1.042250
15.933333	1	1.008875
15.950000	1	0.977750
15.966667	1	0.949000
15.983333	1	0.922750
16.000000	1	0.899375
16.016667	1	0.877375
16.033333	1	0.858125
16.050000	1	0.841625
16.066667	1	0.826375
16.083333	1	0.813750
16.100000	1	0.803250
16.116667	1	0.794625
16.133333	1	0.787250
16.150000	1	0.781375
16.166667	1	0.776000
16.183333	1	0.772000
16.200000	1	0.769250
16.216667	1	0.766625
16.233333	1	0.764375
16.250000	1	0.762125
16.266667	1	0.759625
16.283333	1	0.757250
16.300000	1	0.753625
16.316667	1	0.750625
16.333333	1	0.747500
16.350000	1	0.744875
16.366667	1	0.742000
16.383333	1	0.739750
16.400000	1	0.737750
16.416667	1	0.736250
16.433333	1	0.734750
16.450000	1	0.733875
16.466667	1	0.733250
16.483333	1	0.733250
16.500000	1	0.734125
16.516667	1	0.735250
16.533333	1	0.737250
16.550000	1	0.740000
16.566667	1	0.742750
16.583333	1	0.746000
16.600000	1	0.749875
16.616667	1	0.754375
16.633333	1	0.759750
16.650000	1	0.765000
16.666667	1	0.770625
16.683333	1	0.776250
16.700000	1	0.781750
16.716667	1	0.786875
16.733333	1	0.792375
16.750000	1	0.798000
16.766667	1	0.803250
16.783333	1	0.807000
16.800000	1	0.811250
16.816667	1	0.813500
16.833333	1	0.815250
16.850000	1	0.815625
16.866667	1	0.815250
16.883333	1	0.813875
16.900000	1	0.811875
16.916667	1	0.809625
16.933333	1	0.807250
16.950000	1	0.806125
16.966667	1	0.804500
16.983333	1	0.803500
17.000000	1	0.803500
17.016667	1	0.803875
17.033333	1	0.804375
17.050000	1	0.806000
17.066667	1	0.806875
17.083333	1	0.807500
17.100000	1	0.808750
17.116667	1	0.809125
17.133333	1	0.808375
17.150000	1	0.807000
17.166667	1	0.805000
17.183333	1	0.801625
17.200000	1	0.796750
17.216667	1	0.790875
17.233333	1	0.784000
17.250000	1	0.776250
17.266667	1	0.767875
17.283333	1	0.758625
17.300000	1	0.749500
17.316667	1	0.739875
17.333333	1	0.730125
17.350000	1	0.721000
17.366667	1	0.712125
17.383333	1	0.702750
17.400000	1	0.694000
17.416667	1	0.686000
17.433333	1	0.679250
17.450000	1	0.673250
17.466667	1	0.668375
17.483333	1	0.665000
17.500000	1	0.663250
17.516667	1	0.662375
17.533333	1	0.663500
17.550000	1	0.666000
17.566667	1	0.669750
17.583333	1	0.676250
17.600000	1	0.683000
17.616667	1	0.692000
17.633333	1	0.701750
17.650000	1	0.711750
17.666667	1	0.723750
17.683333	1	0.736125
17.700000	1	0.749875
17.716667	1	0.764500
17.733333	1	0.778750
17.750000	1	0.793625
17.766667	1	0.808000
17.783333	1	0.822750
17.800000	1	0.836375
17.816667	1	0.849125
17.833333	1	0.860875
17.850000	1	0.871125
17.866667	1	0.879750
17.883333	1	0.887125
17.900000	1	0.892250
17.916667	1	0.895000
17.933333	1	0.896375
17.950000	1	0.895625
17.966667	1	0.893500
17.983333	1	0.889875
18.000000	1	0.884125
18.016667	1	0.876875
18.033333	1	0.868625
18.050000	1	0.859250
18.066667	1	0.848750
18.083333	1	0.837875
18.100000	1	0.826375
18.116667	1	0.813875
18.133333	1	0.801125
18.150000	1	0.789375
18.166667	1	0.776750
18.183333	1	0.765125
18.200000	1	0.753500
18.216667	1	0.741750
18.233333	1	0.730500
18.250000	1	0.720000
18.266667	1	0.710125
18.283333	1	0.701500
18.300000	1	0.693125
18.316667	1	0.685375
18.333333	1	0.678500
18.350000	1	0.672875
18.366667	1	0.667500
18.383333	1	0.663625
18.400000	1	0.659375
18.416667	1	0.656375
18.433333	1	0.653750
18.450000	1	0.652500
18.466667	1	0.650375
18.483333	1	0.648625
18.500000	1	0.647375
18.516667	1	0.647125
18.533333	1	0.646875
18.550000	1	0.646875
18.566667	1	0.647250
18.583333	1	0.648000
18.600000	1	0.648875
18.616667	1	0.650500
18.633333	1	0.652375
18.650000	1	0.655000
18.666667	1	0.658125
18.683333	1	0.661875
18.700000	1	0.666000
18.716667	1	0.671000
18.733333	1	0.677250
18.750000	1	0.682750
18.766667	1	0.690000
18.783333	1	0.697375
18.800000	1	0.705250
18.816667	1	0.713500
18.833333	1	0.722875
18.850000	1	0.732375
18.866667	1	0.743125
18.883333	1	0.754125
18.900000	1	0.768000
18.916667	1	0.782000
18.933333	1	0.797250
18.950000	1	0.814625
18.966667	1	0.834875
18.983333	1	0.856750
19.000000	1	0.881500
19.016667	1	0.908875
19.033333	1	0.939250
19.050000	1	0.971500
19.066667	1	1.005625
19.083333	1	1.041875
19.100000	1	1.080125
19.116667	1	1.119250
19.133333	1	1.158125
19.150000	1	1.197750
19.166667	1	1.235250
19.183333	1	1.270625
19.200000	1	1.303500
19.216667	1	1.332500
19.233333	1	1.357000
19.250000	1	1.376375
19.266667	1	1.390250
19.283333	1	1.398500
19.300000	1	1.401000
19.316667	1	1.396750
19.333333	1	1.385750
19.350000	1	1.369125
19.366667	1	1.347250
19.383333	1	1.320625
19.400000	1	1.290000
19.416667	1	1.255500
19.433333	1	1.218125
19.450000	1	1.178250
19.466667	1	1.136625
19.483333	1	1.094375
19.500000	1	1.052125
19.516667	1	1.010625
19.533333	1	0.970125
19.550000	1	0.930250
19.566667	1	0.892000
19.583333	1	0.856125
19.600000	1	0.822875
19.616667	1	0.792125
19.633333	1	0.763625
19.650000	1	0.738375
19.666667	1	0.717250
19.683333	1	0.699375
19.700000	1	0.684625
19.716667	1	0.674375
19.733333	1	0.666750
19.750000	1	0.662375
19.766667	1	0.662500
19.783333	1	0.665250
19.800000	1	0.671875
19.816667	1	0.681250
19.833333	1	0.692250
19.850000	1	0.706125
19.866667	1	0.721750
19.883333	1	0.738750
19.900000	1	0.756500
19.916667	1	0.774750
19.933333	1	0.792875
19.950000	1	0.810500
19.966667	1	0.827250
19.983333	1	0.842500
20.000000	1	0.857000
20.016667	1	0.869750
20.033333	1	0.881000
20.050000	1	0.890750
20.066667	1	0.898875
20.083333	1	0.906125
20.100000	1	0.912375
20.116667	1	0.918375
20.133333	1	0.924750
20.150000	1	0.930375
20.166667	1	0.937500
20.183333	1	0.944125
20.200000	1	0.953500
20.216667	1	0.964250
20.233333	1	0.976750
20.250000	1	0.991625
20.266667	1	1.009750
20.283333	1	1.030250
20.300000	1	1.054000
20.316667	1	1.079500
20.333333	1	1.107500
20.350000	1	1.136875
20.366667	1	1.167250
20.383333	1	1.198750
20.400000	1	1.229000
20.416667	1	1.257625
20.433333	1	1.284625
20.450000	1	1.310375
20.466667	1	1.332625
20.483333	1	1.351875
20.500000	1	1.367375
20.516667	1	1.378875
20.533333	1	1.387375
20.550000	1	1.392625
20.566667	1	1.396250
20.583333	1	1.397500
20.600000	1	1.398500
20.616667	1	1.399125
20.633333	1	1.401250
20.650000	1	1.407875
20.666667	1	1.418500
20.683333	1	1.436375
20.700000	1	1.461375
20.716667	1	1.495000
20.733333	1	1.538750
20.750000	1	1.594125
20.766667	1	1.660750
20.783333	1	1.737625
20.800000	1	1.825250
20.816667	1	1.922125
20.833333	1	2.026750
20.850000	1	2.136125
20.866667	1	2.247875
20.883333	1	2.358125
20.900000	1	2.464375
20.916667	1	2.563000
20.933333	1	2.651375
20.950000	1	2.725500
20.966667	1	2.783875
20.983333	1	2.823500
21.000000	1	2.843625
21.016667	1	2.842750
21.033333	1	2.821750
21.050000	1	2.781500
21.066667	1	2.722375
21.083333	1	2.647375
21.100000	1	2.558875
21.116667	1	2.458375
21.133333	1	2.348750
21.150000	1	2.232375
21.166667	1	2.112625
21.183333	1	1.990500
21.200000	1	1.868750
21.216667	1	1.748625
21.233333	1	1.632375
21.250000	1	1.521125
21.266667	1	1.414875
21.283333	1	1.315625
21.300000	1	1.223375
21.316667	1	1.138125
21.333333	1	1.059500
21.350000	1	0.987625
21.366667	1	0.921875
21.383333	1	0.862500
21.400000	1	0.809375
21.416667	1	0.761750
21.433333	1	0.718625
21.450000	1	0.680625
21.466667	1	0.646750
21.483333	1	0.616750
21.500000	1	0.590500
21.516667	1	0.568000
21.533333	1	0.547250
21.550000	1	0.529250
21.566667	1	0.512875
21.583333	1	0.499000
21.600000	1	0.486625
21.616667	1	0.475375
21.633333	1	0.466125
21.650000	1	0.457000
21.666667	1	0.449000
21.683333	1	0.442625
21.700000	1	0.436375
21.716667	1	0.431750
21.733333	1	0.427500
21.750000	1	0.423750
21.766667	1	0.420625
21.783333	1	0.417375
21.800000	1	0.415250
21.816667	1	0.414000
21.833333	1	0.413000
21.850000	1	0.412750
21.866667	1	0.412875
21.883333	1	0.413500
21.900000	1	0.414750
21.916667	1	0.416125
21.933333	1	0.417875
21.950000	1	0.419375
21.966667	1	0.420875
21.983333	1	0.422000
22.000000	1	0.422500
22.016667	1	0.423625
22.033333	1	0.423875
22.050000	1	0.424250
22.066667	1	0.424000
22.083333	1	0.423250
22.100000	1	0.422125
22.116667	1	0.420500
22.133333	1	0.418250
22.150000	1	0.415625
22.166667	1	0.413375
22.183333	1	0.409750
22.200000	1	0.406750
22.216667	1	0.403750
22.233333	1	0.400875
22.250000	1	0.397875
22.266667	1	0.395625
22.283333	1	0.393625
22.300000	1	0.392250
22.316667	1	0.391250
22.333333	1	0.390625
22.350000	1	0.390500
22.366667	1	0.391125
22.383333	1	0.392625
22.400000	1	0.393875
22.416667	1	0.396625
22.433333	1	0.399125
22.450000	1	0.402125
22.466667	1	0.405500
22.483333	1	0.409625
22.500000	1	0.413000
22.516667	1	0.416750
22.533333	1	0.420375
22.550000	1	0.424125
22.566667	1	0.427500
22.583333	1	0.430875
22.600000	1	0.434375
22.616667	1	0.437750
22.633333	1	0.440750
22.650000	1	0.443250
22.666667	1	0.445625
22.683333	1	0.447875
22.700000	1	0.449625
22.716667	1	0.450125
22.733333	1	0.451375
22.750000	1	0.451125
22.766667	1	0.450500
22.783333	1	0.448375
22.800000	1	0.446000
22.816667	1	0.443625
22.833333	1	0.440250
22.850000	1	0.436500
22.866667	1	0.432500
22.883333	1	0.427875
22.900000	1	0.423750
22.916667	1	0.418250
22.933333	1	0.413750
22.950000	1	0.408375
22.966667	1	0.403875
22.983333	1	0.399625
23.000000	1	0.395375
23.016667	1	0.391875
23.033333	1	0.388750
23.050000	1	0.386375
23.066667	1	0.385250
23.083333	1	0.384125
23.100000	1	0.384000
23.116667	1	0.385375
23.133333	1	0.387125
23.150000	1	0.390750
23.166667	1	0.395250
23.183333	1	0.401125
23.200000	1	0.407750
23.216667	1	0.416625
23.233333	1	0.426375
23.250000	1	0.438375
23.266667	1	0.451000
23.283333	1	0.465750
23.300000	1	0.482750
23.316667	1	0.501000
23.333333	1	0.521625
23.350000	1	0.544375
23.366667	1	0.570000
23.383333	1	0.597500
23.400000	1	0.628125
23.416667	1	0.661250
23.433333	1	0.698000
23.450000	1	0.738500
23.466667	1	0.783625
23.483333	1	0.833250
23.500000	1	0.888500
23.516667	1	0.950500
23.533333	1	1.019875
23.550000	1	1.096875
23.566667	1	1.183000
23.583333	1	1.279125
23.600000	1	1.386375
23.616667	1	1.505375
23.633333	1	1.636125
23.650000	1	1.779875
23.666667	1	1.936500
23.683333	1	2.105500
23.700000	1	2.287125
23.716667	1	2.479125
23.733333	1	2.680000
23.750000	1	2.887500
23.766667	1	3.099375
23.783333	1	3.311375
23.800000	1	3.521250
23.816667	1	3.725500
23.833333	1	3.919625
23.850000	1	4.099000
23.866667	1	4.260750
23.883333	1	4.402500
23.900000	1	4.519000
23.916667	1	4.609750
23.933333	1	4.671625
23.950000	1	4.704125
23.966667	1	4.706750
23.983333	1	4.680125
24.000000	1	4.625375
24.016667	1	4.544375
24.033333	1	4.439000
24.050000	1	4.311500
24.066667	1	4.165500
24.083333	1	4.003375
24.100000	1	3.828875
24.116667	1	3.645500
24.133333	1	3.455500
24.150000	1	3.262750
24.166667	1	3.070125
24.183333	1	2.879250
24.200000	1	2.693000
24.216667	1	2.513125
24.233333	1	2.341000
24.250000	1	2.178125
24.266667	1	2.024875
24.283333	1	1.882000
24.300000	1	1.749750
24.316667	1	1.627375
24.333333	1	1.515250
24.350000	1	1.413625
24.366667	1	1.321875
24.383333	1	1.238500
24.400000	1	1.164375
24.416667	1	1.098250
24.433333	1	1.038875
24.450000	1	0.985875
24.466667	1	0.939500
24.483333	1	0.897625
24.500000	1	0.859500
24.516667	1	0.825875
24.533333	1	0.795625
24.550000	1	0.767500
24.566667	1	0.740875
24.583333	1	0.717125
24.600000	1	0.694875
24.616667	1	0.673500
24.633333	1	0.653125
24.650000	1	0.633250
24.666667	1	0.614250
24.683333	1	0.595875
24.700000	1	0.578250
24.716667	1	0.559500
24.733333	1	0.541125
24.750000	1	0.523500
24.766667	1	0.505750
24.783333	1	0.488250
24.800000	1	0.471625
24.816667	1	0.455000
24.833333	1	0.439125
24.850000	1	0.422750
24.866667	1	0.407250
24.883333	1	0.392750
24.900000	1	0.379000
24.916667	1	0.365250
24.933333	1	0.353000
24.950000	1	0.340375
24.966667	1	0.329500
24.983333	1	0.319875
25.000000	1	0.310250
25.016667	1	0.301625
25.033333	1	0.293750
25.050000	1	0.286750
25.066667	1	0.280375
25.083333	1	0.274875
25.100000	1	0.270375
25.116667	1	0.265625
25.133333	1	0.262125
25.150000	1	0.258625
25.166667	1	0.255875
25.183333	1	0.254125
25.200000	1	0.252500
25.216667	1	0.251500
25.233333	1	0.251000
25.250000	1	0.251000
25.266667	1	0.251750
25.283333	1	0.252500
25.300000	1	0.253375
25.316667	1	0.254500
25.333333	1	0.255375
25.350000	1	0.256625
25.366667	1	0.257625
25.383333	1	0.260000
25.400000	1	0.261250
25.416667	1	0.262875
25.433333	1	0.264500
25.450000	1	0.265625
25.466667	1	0.267000
25.483333	1	0.267875
25.500000	1	0.268625
25.516667	1	0.269000
25.533333	1	0.270375
25.550000	1	0.270000
25.566667	1	0.269875
25.583333	1	0.269250
25.600000	1	0.268750
25.616667	1	0.267750
25.633333	1	0.266750
25.650000	1	0.265375
25.666667	1	0.264250
25.683333	1	0.263500
25.700000	1	0.262125
25.716667	1	0.260250
25.733333	1	0.257875
25.750000	1	0.255000
25.766667	1	0.252625
25.783333	1	0.249625
25.800000	1	0.246875
25.816667	1	0.243625
25.833333	1	0.240750
25.850000	1	0.237750
25.866667	1	0.234000
25.883333	1	0.230125
25.900000	1	0.226250
25.916667	1	0.221000
25.933333	1	0.215625
25.950000	1	0.210250
25.966667	1	0.204250
25.983333	1	0.198500
26.000000	1	0.192250
26.016667	1	0.187000
26.033333	1	0.180750
26.050000	1	0.174625
26.066667	1	0.167625
26.083333	1	0.161125
26.100000	1	0.154500
26.116667	1	0.148250
26.133333	1	0.142500
26.150000	1	0.136500
26.166667	1	0.130875
26.183333	1	0.125500
26.200000	1	0.120875
26.216667	1	0.116875
26.233333	1	0.113625
26.250000	1	0.111125
26.266667	1	0.108625
26.283333	1	0.107000
26.300000	1	0.106500
26.316667	1	0.106500
26.333333	1	0.107875
26.350000	1	0.108750
26.366667	1	0.111375
26.383333	1	0.114000
26.400000	1	0.116875
26.416667	1	0.120625
26.433333	1	0.125375
26.450000	1	0.130000
26.466667	1	0.134500
26.483333	1	0.138750
26.500000	1	0.143250
26.516667	1	0.148375
26.533333	1	0.152750
26.550000	1	0.156875
26.566667	1	0.161000
26.583333	1	0.164375
26.600000	1	0.168500
26.616667	1	0.172250
26.633333	1	0.175250
26.650000	1	0.178500
26.666667	1	0.181625
26.683333	1	0.184125
26.700000	1	0.186000
26.716667	1	0.187875
26.733333	1	0.189375
26.750000	1	0.191000
26.766667	1	0.192500
26.783333	1	0.193250
26.800000	1	0.194250
26.816667	1	0.195250
26.833333	1	0.196875
26.850000	1	0.197750
26.866667	1	0.199750
26.883333	1	0.201250
26.900000	1	0.202750
26.916667	1	0.205000
26.933333	1	0.207250
26.950000	1	0.209500
26.966667	1	0.211750
26.983333	1	0.214500
27.000000	1	0.218250
27.016667	1	0.221750
27.033333	1	0.226500
27.050000	1	0.231000
27.066667	1	0.235625
27.083333	1	0.241125
27.100000	1	0.246750
27.116667	1	0.252875
27.133333	1	0.259625
27.150000	1	0.266750
27.166667	1	0.274750
27.183333	1	0.283375
27.200000	1	0.292500
27.216667	1	0.302000
27.233333	1	0.312125
27.250000	1	0.322750
27.266667	1	0.334250
27.283333	1	0.346625
27.300000	1	0.359750
27.316667	1	0.373125
27.333333	1	0.387500
27.350000	1	0.403250
27.366667	1	0.420125
27.383333	1	0.437750
27.400000	1	0.457125
27.416667	1	0.478250
27.433333	1	0.499875
27.450000	1	0.523875
27.466667	1	0.549500
27.483333	1	0.577875
27.500000	1	0.608250
27.516667	1	0.641750
27.533333	1	0.679625
27.550000	1	0.720750
27.566667	1	0.765000
27.583333	1	0.815000
27.600000	1	0.869250
27.616667	1	0.928750
27.633333	1	0.993875
27.650000	1	1.065000
27.666667	1	1.143000
27.683333	1	1.226000
27.700000	1	1.316125
27.716667	1	1.412875
27.733333	1	1.515500
27.750000	1	1.623875
27.766667	1	1.737625
27.783333	1	1.855375
27.800000	1	1.976500
27.816667	1	2.099500
27.833333	1	2.223625
27.850000	1	2.346500
27.866667	1	2.469000
27.883333	1	2.587000
27.900000	1	2.700500
27.916667	1	2.807125
27.933333	1	2.905250
27.950000	1	2.993750
27.966667	1	3.069750
27.983333	1	3.133875
28.000000	1	3.183625
28.016667	1	3.218750
28.033333	1	3.238000
28.050000	1	3.241375
28.066667	1	3.228375
28.083333	1	3.199625
28.100000	1	3.154875
28.116667	1	3.095125
28.133333	1	3.022625
28.150000	1	2.936500
28.166667	1	2.838375
28.183333	1	2.731125
28.200000	1	2.615000
28.216667	1	2.492250
28.233333	1	2.364125
28.250000	1	2.232750
28.266667	1	2.098375
28.283333	1	1.963875
28.300000	1	1.829375
28.316667	1	1.697375
28.333333	1	1.568000
28.350000	1	1.442750
28.366667	1	1.321875
28.383333	1	1.206250
28.400000	1	1.096500
28.416667	1	0.991500
28.433333	1	0.892375
28.450000	1	0.799000
28.466667	1	0.710875
28.483333	1	0.627500
28.500000	1	0.548625
28.516667	1	0.474625
28.533333	1	0.405125
28.550000	1	0.339000
28.566667	1	0.276625
28.583333	1	0.216875
28.600000	1	0.159625
28.616667	1	0.105250
28.633333	1	0.052750
28.650000	1	0.001875
28.666667	1	-0.048375
28.683333	1	-0.096125
28.700000	1	-0.143000
28.716667	1	-0.188875
28.733333	1	-0.233375
28.750000	1	-0.276625
28.766667	1	-0.317750
28.783333	1	-0.358125
28.800000	1	-0.397250
28.816667	1	-0.433375
28.833333	1	-0.468125
28.850000	1	-0.500000
28.866667	1	-0.530375
28.883333	1	-0.557750
28.900000	1	-0.582000
28.916667	1	-0.603375
28.933333	1	-0.621875
28.950000	1	-0.636750
28.966667	1	-0.648375
28.983333	1	-0.656250
29.000000	1	-0.660625
29.016667	1	-0.661250
29.033333	1	-0.658500
29.050000	1	-0.651875
29.066667	1	-0.642500
29.083333	1	-0.629375
29.100000	1	-0.612375
29.116667	1	-0.593875
29.133333	1	-0.572750
29.150000	1	-0.547875
29.166667	1	-0.520500
29.183333	1	-0.491500
29.200000	1	-0.460250
29.216667	1	-0.428250
29.233333	1	-0.395250
29.250000	1	-0.360000
29.266667	1	-0.324000
29.283333	1	-0.288000
29.300000	1	-0.251750
29.316667	1	-0.215000
29.333333	1	-0.178125
29.350000	1	-0.142125
29.366667	1	-0.106125
29.383333	1	-0.071000
29.400000	1	-0.037000
29.416667	1	-0.003750
29.433333	1	0.028750
29.450000	1	0.060250
29.466667	1	0.090125
29.483333	1	0.119875
29.500000	1	0.147500
29.516667	1	0.173750
29.533333	1	0.198250
29.550000	1	0.221875
29.566667	1	0.244250
29.583333	1	0.264250
29.600000	1	0.283125
29.616667	1	0.300625
29.633333	1	0.316125
29.650000	1	0.330500
29.666667	1	0.343625
29.683333	1	0.355500
29.700000	1	0.365750
29.716667	1	0.374375
29.733333	1	0.381875
29.750000	1	0.388250
29.766667	1	0.393750
29.783333	1	0.398750
29.800000	1	0.402125
29.816667	1	0.404125
29.833333	1	0.405875
29.850000	1	0.406500
29.866667	1	0.405750
29.883333	1	0.404625
29.900000	1	0.403500
29.916667	1	0.402375
29.933333	1	0.400375
29.950000	1	0.397625
29.966667	1	0.396000
29.983333	1	0.393375
30.000000	1	0.390375
30.016667	1	0.387375
30.033333	1	0.385125
30.050000	1	0.382125
30.066667	1	0.379375
30.083333	1	0.376625
30.100000	1	0.374125
30.116667	1	0.371750
30.133333	1	0.369625
30.150000	1	0.368125
30.166667	1	0.366500
30.183333	1	0.365625
30.200000	1	0.364750
30.216667	1	0.364000
30.233333	1	0.363875
30.250000	1	0.363000
30.266667	1	0.362125
30.283333	1	0.361875
30.300000	1	0.361750
30.316667	1	0.361625
30.333333	1	0.362000
30.350000	1	0.363375
30.366667	1	0.364375
30.383333	1	0.365875
30.400000	1	0.368125
30.416667	1	0.371375
30.433333	1	0.374500
30.450000	1	0.377500
30.466667	1	0.381000
30.483333	1	0.385125
30.500000	1	0.390375
30.516667	1	0.396625
30.533333	1	0.403250
30.550000	1	0.410125
30.566667	1	0.417875
30.583333	1	0.426750
30.600000	1	0.435875
30.616667	1	0.445625
30.633333	1	0.455500
30.650000	1	0.466750
30.666667	1	0.477500
30.683333	1	0.489125
30.700000	1	0.501125
30.716667	1	0.513000
30.733333	1	0.524500
30.750000	1	0.536000
30.766667	1	0.546250
30.783333	1	0.556625
30.800000	1	0.566125
30.816667	1	0.574750
30.833333	1	0.581375
30.850000	1	0.587250
30.866667	1	0.591375
30.883333	1	0.594750
30.900000	1	0.596875
30.916667	1	0.597250
30.933333	1	0.596000
30.950000	1	0.591875
30.966667	1	0.587000
30.983333	1	0.580750
31.000000	1	0.572625
31.016667	1	0.563500
31.033333	1	0.552500
31.050000	1	0.540500
31.066667	1	0.527375
31.083333	1	0.513250
31.100000	1	0.499000
31.116667	1	0.483875
31.133333	1	0.468375
31.150000	1	0.452375
31.166667	1	0.436750
31.183333	1	0.420375
31.200000	1	0.405125
31.216667	1	0.389000
31.233333	1	0.373500
31.250000	1	0.359125
31.266667	1	0.345125
31.283333	1	0.331500
31.300000	1	0.318375
31.316667	1	0.305750
31.333333	1	0.294125
31.350000	1	0.283500
31.366667	1	0.274125
31.383333	1	0.265125
31.400000	1	0.256625
31.416667	1	0.248750
31.433333	1	0.241625
31.450000	1	0.235000
31.466667	1	0.229625
31.483333	1	0.224500
31.500000	1	0.220375
31.516667	1	0.217000
31.533333	1	0.214000
31.550000	1	0.212000
31.566667	1	0.209625
31.583333	1	0.207000
31.600000	1	0.206000
31.616667	1	0.205625
31.633333	1	0.205000
31.650000	1	0.205125
31.666667	1	0.205375
31.683333	1	0.205375
31.700000	1	0.206875
31.716667	1	0.208125
31.733333	1	0.210125
31.750000	1	0.212250
31.766667	1	0.214625
31.783333	1	0.217000
31.800000	1	0.220000
31.816667	1	0.223875
31.833333	1	0.227625
31.850000	1	0.230625
31.866667	1	0.234375
31.883333	1	0.238125
31.900000	1	0.242250
31.916667	1	0.246000
31.933333	1	0.249875
31.950000	1	0.253375
31.966667	1	0.256875
31.983333	1	0.259875
32.000000	1	0.263625
32.016667	1	0.266500
32.033333	1	0.268625
32.050000	1	0.270250
32.066667	1	0.271500
32.083333	1	0.272500
32.100000	1	0.272625
32.116667	1	0.272875
32.133333	1	0.272750
32.150000	1	0.271375
32.166667	1	0.269875
32.183333	1	0.268000
32.200000	1	0.264375
32.216667	1	0.260500
32.233333	1	0.256875
32.250000	1	0.253000
32.266667	1	0.247625
32.283333	1	0.243250
32.300000	1	0.237250
32.316667	1	0.230625
32.333333	1	0.224000
32.350000	1	0.218125
32.366667	1	0.212000
32.383333	1	0.205500
32.400000	1	0.198250
32.416667	1	0.191250
32.433333	1	0.184250
32.450000	1	0.177375
32.466667	1	0.170250
32.483333	1	0.163500
32.500000	1	0.157125
32.516667	1	0.151000
32.533333	1	0.144875
32.550000	1	0.139125
32.566667	1	0.133750
32.583333	1	0.127750
32.600000	1	0.122375
32.616667	1	0.116500
32.633333	1	0.111875
32.650000	1	0.106625
32.666667	1	0.102000
32.683333	1	0.097375
32.700000	1	0.092500
32.716667	1	0.088000
32.733333	1	0.083750
32.750000	1	0.079250
32.766667	1	0.075250
32.783333	1	0.070500
32.800000	1	0.066125
32.816667	1	0.062500
32.833333	1	0.058625
32.850000	1	0.054750
32.866667	1	0.050875
32.883333	1	0.047125
32.900000	1	0.043750
32.916667	1	0.040625
32.933333	1	0.037375
32.950000	1	0.034500
32.966667	1	0.031500
32.983333	1	0.029000
33.000000	1	0.026125
33.016667	1	0.023625
33.033333	1	0.021500
33.050000	1	0.019125
33.066667	1	0.017375
33.083333	1	0.015625
33.100000	1	0.015000
33.116667	1	0.014625
33.133333	1	0.013875
33.150000	1	0.013625
33.166667	1	0.013375
33.183333	1	0.013125
33.200000	1	0.012875
33.216667	1	0.012750
33.233333	1	0.013125
33.250000	1	0.013625
33.266667	1	0.013875
33.283333	1	0.014750
33.300000	1	0.015375
33.316667	1	0.015625
33.333333	1	0.017125
33.350000	1	0.017875
33.366667	1	0.019125
33.383333	1	0.020250
33.400000	1	0.020625
33.416667	1	0.021250
33.433333	1	0.022375
33.450000	1	0.023375
33.466667	1	0.024875
33.483333	1	0.026000
33.500000	1	0.027375
33.516667	1	0.029250
33.533333	1	0.031250
33.550000	1	0.033125
33.566667	1	0.034250
33.583333	1	0.036375
33.600000	1	0.038250
33.616667	1	0.040250
33.633333	1	0.042875
33.650000	1	0.046500
33.666667	1	0.048875
33.683333	1	0.052500
33.700000	1	0.055625
33.716667	1	0.059500
33.733333	1	0.064000
33.750000	1	0.069250
33.766667	1	0.075375
33.783333	1	0.080625
33.800000	1	0.087000
33.816667	1	0.093750
33.833333	1	0.100625
33.850000	1	0.108000
33.866667	1	0.117500
33.883333	1	0.126375
33.900000	1	0.136250
33.916667	1	0.147000
33.933333	1	0.158750
33.950000	1	0.171625
33.966667	1	0.184875
33.983333	1	0.198625
34.000000	1	0.213875
34.016667	1	0.229125
34.033333	1	0.245875
34.050000	1	0.263500
34.066667	1	0.281625
34.083333	1	0.300625
34.100000	1	0.320000
34.116667	1	0.340375
34.133333	1	0.360375
34.150000	1	0.381000
34.166667	1	0.401125
34.183333	1	0.421750
34.200000	1	0.441125
34.216667	1	0.460375
34.233333	1	0.478500
34.250000	1	0.496625
34.266667	1	0.513250
34.283333	1	0.528625
34.300000	1	0.543250
34.316667	1	0.555750
34.333333	1	0.566500
34.350000	1	0.574750
34.366667	1	0.581125
34.383333	1	0.586375
34.400000	1	0.589625
34.416667	1	0.591000
34.433333	1	0.590125
34.450000	1	0.587125
34.466667	1	0.582250
34.483333	1	0.575500
34.500000	1	0.566500
34.516667	1	0.556125
34.533333	1	0.544500
34.550000	1	0.531250
34.566667	1	0.517500
34.583333	1	0.502000
34.600000	1	0.486375
34.616667	1	0.468875
34.633333	1	0.451000
34.650000	1	0.433375
34.666667	1	0.415125
34.683333	1	0.396750
34.700000	1	0.378750
34.716667	1	0.361125
34.733333	1	0.343750
34.750000	1	0.326375
34.766667	1	0.308875
34.783333	1	0.292500
34.800000	1	0.276250
34.816667	1	0.261250
34.833333	1	0.246375
34.850000	1	0.233000
34.866667	1	0.220000
34.883333	1	0.207875
34.900000	1	0.196750
34.916667	1	0.186125
34.933333	1	0.176750
34.950000	1	0.168625
34.966667	1	0.160250
34.983333	1	0.153250
35.000000	1	0.147125
35.016667	1	0.142000
35.033333	1	0.136875
35.050000	1	0.133250
35.066667	1	0.130000
35.083333	1	0.127500
35.100000	1	0.124500
35.116667	1	0.123000
35.133333	1	0.122125
35.150000	1	0.120875
35.166667	1	0.120750
35.183333	1	0.120500
35.200000	1	0.121250
35.216667	1	0.121875
35.233333	1	0.122500
35.250000	1	0.123375
35.266667	1	0.124625
35.283333	1	0.126500
35.300000	1	0.128375
35.316667	1	0.130500
35.333333	1	0.132625
35.350000	1	0.134000
35.366667	1	0.136625
35.383333	1	0.138750
35.400000	1	0.140250
35.416667	1	0.141750
35.433333	1	0.143250
35.450000	1	0.145250
35.466667	1	0.146875
35.483333	1	0.148625
35.500000	1	0.150000
35.516667	1	0.151750
35.533333	1	0.152625
35.550000	1	0.153375
35.566667	1	0.154500
35.583333	1	0.155250
35.600000	1	0.155125
35.616667	1	0.155375
35.633333	1	0.156375
35.650000	1	0.157000
35.666667	1	0.156875
35.683333	1	0.157250
35.700000	1	0.156875
35.716667	1	0.156125
35.733333	1	0.156750
35.750000	1	0.156500
35.766667	1	0.156125
35.783333	1	0.155500
35.800000	1	0.155375
35.816667	1	0.155375
35.833333	1	0.155250
35.850000	1	0.154500
35.866667	1	0.153875
35.883333	1	0.153000
35.900000	1	0.152375
35.916667	1	0.151875
35.933333	1	0.151375
35.950000	1	0.151375
35.966667	1	0.151625
35.983333	1	0.151250
36.000000	1	0.151125
36.016667	1	0.150500
36.033333	1	0.150750
36.050000	1	0.150500
36.066667	1	0.150125
36.083333	1	0.149875
36.100000	1	0.151500
36.116667	1	0.151375
36.133333	1	0.151250
36.150000	1	0.151000
36.166667	1	0.151250
36.183333	1	0.151125
36.200000	1	0.151500
36.216667	1	0.151125
36.233333	1	0.151250
36.250000	1	0.150750
36.266667	1	0.150375
36.283333	1	0.150500
36.300000	1	0.149750
36.316667	1	0.149500
36.333333	1	0.149625
36.350000	1	0.149500
36.366667	1	0.149000
36.383333	1	0.148125
36.400000	1	0.146750
36.416667	1	0.146000
36.433333	1	0.144500
36.450000	1	0.143375
36.466667	1	0.141500
36.483333	1	0.139750
36.500000	1	0.138125
36.516667	1	0.136875
36.533333	1	0.134250
36.550000	1	0.132000
36.566667	1	0.129625
36.583333	1	0.127750
36.600000	1	0.125375
36.616667	1	0.122375
36.633333	1	0.120375
36.650000	1	0.117500
36.666667	1	0.114750
36.683333	1	0.112750
36.700000	1	0.109125
36.716667	1	0.106750
36.733333	1	0.103250
36.750000	1	0.100625
36.766667	1	0.097750
36.783333	1	0.093750
36.800000	1	0.090375
36.816667	1	0.087250
36.833333	1	0.083875
36.850000	1	0.080375
36.866667	1	0.077500
36.883333	1	0.074375
36.900000	1	0.070875
36.916667	1	0.067625
36.933333	1	0.064750
36.950000	1	0.061125
36.966667	1	0.057625
36.983333	1	0.054375
37.000000	1	0.051625
37.016667	1	0.048750
37.033333	1	0.045375
37.050000	1	0.043000
37.066667	1	0.040875
37.083333	1	0.038750
37.100000	1	0.035875
37.116667	1	0.033250
37.133333	1	0.030250
37.150000	1	0.027875
37.166667	1	0.025125
37.183333	1	0.023500
37.200000	1	0.021875
37.216667	1	0.020750
37.233333	1	0.018375
37.250000	1	0.017500
37.266667	1	0.016250
37.283333	1	0.015250
37.300000	1	0.013750
37.316667	1	0.013000
37.333333	1	0.012250
37.350000	1	0.011500
37.366667	1	0.010625
37.383333	1	0.009750
37.400000	1	0.009875
37.416667	1	0.010375
37.433333	1	0.009500
37.450000	1	0.008875
37.466667	1	0.008875
37.483333	1	0.009125
37.500000	1	0.010375
37.516667	1	0.010250
37.533333	1	0.010500
37.550000	1	0.011250
37.566667	1	0.011875
37.583333	1	0.012125
37.600000	1	0.013125
37.616667	1	0.013875
37.633333	1	0.014250
37.650000	1	0.015000
37.666667	1	0.015625
37.683333	1	0.016875
37.700000	1	0.017625
37.716667	1	0.018625
37.733333	1	0.019375
37.750000	1	0.019750
37.766667	1	0.021125
37.783333	1	0.022125
37.800000	1	0.023000
37.816667	1	0.023750
37.833333	1	0.024375
37.850000	1	0.024875
37.866667	1	0.025625
37.883333	1	0.026875
37.900000	1	0.028000
37.916667	1	0.029250
37.933333	1	0.030500
37.950000	1	0.030875
37.966667	1	0.031000
37.983333	1	0.031375
38.000000	1	0.032625
38.016667	1	0.033500
38.033333	1	0.034250
38.050000	1	0.034500
38.066667	1	0.035250
38.083333	1	0.035375
38.100000	1	0.035125
38.116667	1	0.035625
38.133333	1	0.036125
38.150000	1	0.036125
38.166667	1	0.036500
38.183333	1	0.036375
38.200000	1	0.035750
38.216667	1	0.035000
38.233333	1	0.034500
38.250000	1	0.034750
38.266667	1	0.034375
38.283333	1	0.033125
38.300000	1	0.032500
38.316667	1	0.032000
38.333333	1	0.031625
38.350000	1	0.030500
38.366667	1	0.029500
38.383333	1	0.028250
38.400000	1	0.026750
38.416667	1	0.025625
38.433333	1	0.024250
38.450000	1	0.023125
38.466667	1	0.022250
38.483333	1	0.021375
38.500000	1	0.020375
38.516667	1	0.019000
38.533333	1	0.017375
38.550000	1	0.016125
38.566667	1	0.014375
38.583333	1	0.013250
38.600000	1	0.011625
38.616667	1	0.010375
38.633333	1	0.009000
38.650000	1	0.008250
38.666667	1	0.006750
38.683333	1	0.005875
38.700000	1	0.004500
38.716667	1	0.003250
38.733333	1	0.002250
38.750000	1	0.000500
38.766667	1	-0.001250
38.783333	1	-0.002125
38.800000	1	-0.003500
38.816667	1	-0.005250
38.833333	1	-0.007250
38.850000	1	-0.008625
38.866667	1	-0.009875
38.883333	1	-0.011500
38.900000	1	-0.012875
38.916667	1	-0.014375
38.933333	1	-0.016250
38.950000	1	-0.018000
38.966667	1	-0.019375
38.983333	1	-0.021000
39.000000	1	-0.022125
39.016667	1	-0.023500
39.033333	1	-0.024625
39.050000	1	-0.025500
39.066667	1	-0.026750
39.083333	1	-0.028125
39.100000	1	-0.029000
39.116667	1	-0.030250
39.133333	1	-0.030625
39.150000	1	-0.031250
39.166667	1	-0.032375
39.183333	1	-0.033250
39.200000	1	-0.033875
39.216667	1	-0.034750
39.233333	1	-0.035000
39.250000	1	-0.035625
39.266667	1	-0.036250
39.283333	1	-0.036125
39.300000	1	-0.036375
39.316667	1	-0.035875
39.333333	1	-0.036500
39.350000	1	-0.036750
39.366667	1	-0.037000
39.383333	1	-0.037250
39.400000	1	-0.037000
39.416667	1	-0.036125
39.433333	1	-0.035500
39.450000	1	-0.034875
39.466667	1	-0.033375
39.483333	1	-0.032750
39.500000	1	-0.031000
39.516667	1	-0.030125
39.533333	1	-0.028875
39.550000	1	-0.028125
39.566667	1	-0.027375
39.583333	1	-0.026250
39.600000	1	-0.025000
39.616667	1	-0.023125
39.633333	1	-0.021000
39.650000	1	-0.019250
39.666667	1	-0.017000
39.683333	1	-0.015000
39.700000	1	-0.013375
39.716667	1	-0.011625
39.733333	1	-0.009625
39.750000	1	-0.008250
39.766667	1	-0.006375
39.783333	1	-0.004500
39.800000	1	-0.002750
39.816667	1	-0.000875
39.833333	1	0.001250
39.850000	1	0.003000
39.866667	1	0.005250
39.883333	1	0.007750
39.900000	1	0.009250
39.916667	1	0.010875
39.933333	1	0.012375
39.950000	1	0.014000
39.966667	1	0.015500
39.983333	1	0.017250
40.000000	1	0.018750
