File Path	chrom://990-75db15j/XVault/Ultimate_3000/1256/20230531_CMO_stabTest _FP08_FP09.seq/668.smp/RI_1.channel/RI_1.chm
Channel	RI_1

Injection Information:
Data Vault	XVault
Injection	FP09_1_s5
Injection Number	59
Position	BB11
Comment	
Processing Method	
Instrument Method	run_25B_method
Type	Unknown
Status	Finished
Injection Date	03.06.2023
Injection Time	05:20:55
Injection Volume (µl)	20.000
Dilution Factor	1.0000
Weight	1.0000

Chromatogram Data Information:
Time Min. (min)	0.000000
Time Max. (min)	40.000000
Data Points	2401
Detector	RI
Generating Data System	Chromeleon 7.2.5.9507
Exporting Data System	Chromeleon 7.2.5.0
Operator	Instrument Controller
Signal Quantity	Refractive 
Signal Unit	µRIU
Signal Min.	-0.561375
Signal Max.	51.754750
Channel	RI_1
Driver Name	RID520Driver.dll
Channel Type	Evaluation
Min. Step (s)	1
Max. Step (s)	1
Average Step (s)	1

Signal Parameter Information:
Signal Info	

Chromatogram Data:
Time (min)	Step (s)	Value (µRIU)
0.000000	n.a.	-0.084250
0.016667	1	-0.084750
0.033333	1	-0.085250
0.050000	1	-0.085500
0.066667	1	-0.085375
0.083333	1	-0.085250
0.100000	1	-0.084500
0.116667	1	-0.084250
0.133333	1	-0.084375
0.150000	1	-0.084500
0.166667	1	-0.084750
0.183333	1	-0.085125
0.200000	1	-0.084250
0.216667	1	-0.084375
0.233333	1	-0.083750
0.250000	1	-0.083375
0.266667	1	-0.083375
0.283333	1	-0.084625
0.300000	1	-0.087500
0.316667	1	-0.090375
0.333333	1	-0.091625
0.350000	1	-0.089625
0.366667	1	-0.085250
0.383333	1	-0.080500
0.400000	1	-0.075875
0.416667	1	-0.072625
0.433333	1	-0.069125
0.450000	1	-0.066375
0.466667	1	-0.064375
0.483333	1	-0.064125
0.500000	1	-0.065000
0.516667	1	-0.066375
0.533333	1	-0.067625
0.550000	1	-0.068750
0.566667	1	-0.068875
0.583333	1	-0.069125
0.600000	1	-0.069625
0.616667	1	-0.070000
0.633333	1	-0.069875
0.650000	1	-0.069750
0.666667	1	-0.070250
0.683333	1	-0.069875
0.700000	1	-0.069750
0.716667	1	-0.070125
0.733333	1	-0.070250
0.750000	1	-0.070250
0.766667	1	-0.070250
0.783333	1	-0.070625
0.800000	1	-0.071625
0.816667	1	-0.071500
0.833333	1	-0.071625
0.850000	1	-0.072375
0.866667	1	-0.072000
0.883333	1	-0.072375
0.900000	1	-0.072750
0.916667	1	-0.073750
0.933333	1	-0.074375
0.950000	1	-0.074750
0.966667	1	-0.075625
0.983333	1	-0.075875
1.000000	1	-0.076250
1.016667	1	-0.076000
1.033333	1	-0.076125
1.050000	1	-0.077000
1.066667	1	-0.077500
1.083333	1	-0.077875
1.100000	1	-0.077125
1.116667	1	-0.077625
1.133333	1	-0.077875
1.150000	1	-0.078500
1.166667	1	-0.078625
1.183333	1	-0.078250
1.200000	1	-0.078000
1.216667	1	-0.078250
1.233333	1	-0.078375
1.250000	1	-0.077875
1.266667	1	-0.078625
1.283333	1	-0.078375
1.300000	1	-0.078625
1.316667	1	-0.079125
1.333333	1	-0.079500
1.350000	1	-0.079750
1.366667	1	-0.079750
1.383333	1	-0.079750
1.400000	1	-0.080000
1.416667	1	-0.080875
1.433333	1	-0.081625
1.450000	1	-0.081875
1.466667	1	-0.081625
1.483333	1	-0.081250
1.500000	1	-0.081500
1.516667	1	-0.082250
1.533333	1	-0.082750
1.550000	1	-0.083500
1.566667	1	-0.083875
1.583333	1	-0.084875
1.600000	1	-0.085875
1.616667	1	-0.085875
1.633333	1	-0.086000
1.650000	1	-0.085750
1.666667	1	-0.086625
1.683333	1	-0.087625
1.700000	1	-0.088125
1.716667	1	-0.089500
1.733333	1	-0.089875
1.750000	1	-0.090500
1.766667	1	-0.091625
1.783333	1	-0.092500
1.800000	1	-0.093000
1.816667	1	-0.093125
1.833333	1	-0.094000
1.850000	1	-0.095000
1.866667	1	-0.095750
1.883333	1	-0.096500
1.900000	1	-0.097500
1.916667	1	-0.098250
1.933333	1	-0.098625
1.950000	1	-0.098750
1.966667	1	-0.099875
1.983333	1	-0.100500
2.000000	1	-0.101125
2.016667	1	-0.101875
2.033333	1	-0.102500
2.050000	1	-0.102000
2.066667	1	-0.102875
2.083333	1	-0.103125
2.100000	1	-0.103250
2.116667	1	-0.103375
2.133333	1	-0.104000
2.150000	1	-0.104000
2.166667	1	-0.103625
2.183333	1	-0.103000
2.200000	1	-0.102500
2.216667	1	-0.102125
2.233333	1	-0.101250
2.250000	1	-0.100250
2.266667	1	-0.099375
2.283333	1	-0.098625
2.300000	1	-0.098250
2.316667	1	-0.097250
2.333333	1	-0.096500
2.350000	1	-0.095250
2.366667	1	-0.094250
2.383333	1	-0.093250
2.400000	1	-0.091375
2.416667	1	-0.090625
2.433333	1	-0.088875
2.450000	1	-0.087125
2.466667	1	-0.086625
2.483333	1	-0.085375
2.500000	1	-0.084125
2.516667	1	-0.083000
2.533333	1	-0.081250
2.550000	1	-0.080125
2.566667	1	-0.079125
2.583333	1	-0.077750
2.600000	1	-0.076625
2.616667	1	-0.075250
2.633333	1	-0.074375
2.650000	1	-0.073000
2.666667	1	-0.072250
2.683333	1	-0.071750
2.700000	1	-0.071500
2.716667	1	-0.070375
2.733333	1	-0.070000
2.750000	1	-0.070000
2.766667	1	-0.070000
2.783333	1	-0.069500
2.800000	1	-0.069000
2.816667	1	-0.068750
2.833333	1	-0.068500
2.850000	1	-0.068750
2.866667	1	-0.068500
2.883333	1	-0.068750
2.900000	1	-0.069125
2.916667	1	-0.068750
2.933333	1	-0.068375
2.950000	1	-0.068875
2.966667	1	-0.068250
2.983333	1	-0.068625
3.000000	1	-0.068625
3.016667	1	-0.068875
3.033333	1	-0.068750
3.050000	1	-0.068625
3.066667	1	-0.068875
3.083333	1	-0.069250
3.100000	1	-0.069125
3.116667	1	-0.069625
3.133333	1	-0.069625
3.150000	1	-0.069250
3.166667	1	-0.069500
3.183333	1	-0.069375
3.200000	1	-0.069250
3.216667	1	-0.069500
3.233333	1	-0.069625
3.250000	1	-0.069875
3.266667	1	-0.069875
3.283333	1	-0.069875
3.300000	1	-0.069750
3.316667	1	-0.069500
3.333333	1	-0.070375
3.350000	1	-0.070750
3.366667	1	-0.070875
3.383333	1	-0.070500
3.400000	1	-0.070750
3.416667	1	-0.070750
3.433333	1	-0.071000
3.450000	1	-0.071500
3.466667	1	-0.071875
3.483333	1	-0.072250
3.500000	1	-0.072625
3.516667	1	-0.072250
3.533333	1	-0.072750
3.550000	1	-0.073125
3.566667	1	-0.073375
3.583333	1	-0.073500
3.600000	1	-0.074375
3.616667	1	-0.074250
3.633333	1	-0.074250
3.650000	1	-0.074125
3.666667	1	-0.074000
3.683333	1	-0.074250
3.700000	1	-0.073625
3.716667	1	-0.073125
3.733333	1	-0.072625
3.750000	1	-0.072750
3.766667	1	-0.072375
3.783333	1	-0.072000
3.800000	1	-0.072000
3.816667	1	-0.071750
3.833333	1	-0.071625
3.850000	1	-0.070625
3.866667	1	-0.070125
3.883333	1	-0.069875
3.900000	1	-0.070000
3.916667	1	-0.069750
3.933333	1	-0.069125
3.950000	1	-0.068750
3.966667	1	-0.068500
3.983333	1	-0.067875
4.000000	1	-0.067625
4.016667	1	-0.067500
4.033333	1	-0.067000
4.050000	1	-0.066500
4.066667	1	-0.065875
4.083333	1	-0.066000
4.100000	1	-0.065750
4.116667	1	-0.065875
4.133333	1	-0.065250
4.150000	1	-0.065375
4.166667	1	-0.065500
4.183333	1	-0.065000
4.200000	1	-0.064750
4.216667	1	-0.064125
4.233333	1	-0.064000
4.250000	1	-0.063750
4.266667	1	-0.063625
4.283333	1	-0.063625
4.300000	1	-0.063125
4.316667	1	-0.063875
4.333333	1	-0.064000
4.350000	1	-0.064000
4.366667	1	-0.064000
4.383333	1	-0.063750
4.400000	1	-0.064000
4.416667	1	-0.063750
4.433333	1	-0.063500
4.450000	1	-0.063625
4.466667	1	-0.064000
4.483333	1	-0.063875
4.500000	1	-0.063250
4.516667	1	-0.062875
4.533333	1	-0.062500
4.550000	1	-0.062000
4.566667	1	-0.061625
4.583333	1	-0.061000
4.600000	1	-0.060750
4.616667	1	-0.060500
4.633333	1	-0.059500
4.650000	1	-0.058500
4.666667	1	-0.057250
4.683333	1	-0.056375
4.700000	1	-0.055000
4.716667	1	-0.053500
4.733333	1	-0.051750
4.750000	1	-0.050375
4.766667	1	-0.048875
4.783333	1	-0.046625
4.800000	1	-0.044750
4.816667	1	-0.042250
4.833333	1	-0.041125
4.850000	1	-0.038625
4.866667	1	-0.037000
4.883333	1	-0.034750
4.900000	1	-0.032625
4.916667	1	-0.030250
4.933333	1	-0.027750
4.950000	1	-0.025750
4.966667	1	-0.023750
4.983333	1	-0.021875
5.000000	1	-0.019875
5.016667	1	-0.018125
5.033333	1	-0.016125
5.050000	1	-0.015250
5.066667	1	-0.014250
5.083333	1	-0.013125
5.100000	1	-0.011500
5.116667	1	-0.010250
5.133333	1	-0.009250
5.150000	1	-0.008625
5.166667	1	-0.008125
5.183333	1	-0.007500
5.200000	1	-0.007000
5.216667	1	-0.006875
5.233333	1	-0.006625
5.250000	1	-0.006250
5.266667	1	-0.006625
5.283333	1	-0.006125
5.300000	1	-0.006250
5.316667	1	-0.006625
5.333333	1	-0.006875
5.350000	1	-0.007750
5.366667	1	-0.008250
5.383333	1	-0.008000
5.400000	1	-0.008625
5.416667	1	-0.008750
5.433333	1	-0.009625
5.450000	1	-0.009750
5.466667	1	-0.010750
5.483333	1	-0.011625
5.500000	1	-0.012375
5.516667	1	-0.012625
5.533333	1	-0.013500
5.550000	1	-0.014375
5.566667	1	-0.015250
5.583333	1	-0.016000
5.600000	1	-0.016750
5.616667	1	-0.018375
5.633333	1	-0.019875
5.650000	1	-0.021375
5.666667	1	-0.022875
5.683333	1	-0.024125
5.700000	1	-0.025750
5.716667	1	-0.026750
5.733333	1	-0.027500
5.750000	1	-0.028250
5.766667	1	-0.029250
5.783333	1	-0.030500
5.800000	1	-0.031125
5.816667	1	-0.032250
5.833333	1	-0.032625
5.850000	1	-0.033875
5.866667	1	-0.034250
5.883333	1	-0.035875
5.900000	1	-0.036125
5.916667	1	-0.036750
5.933333	1	-0.036375
5.950000	1	-0.036875
5.966667	1	-0.036750
5.983333	1	-0.036375
6.000000	1	-0.035375
6.016667	1	-0.034750
6.033333	1	-0.034125
6.050000	1	-0.034250
6.066667	1	-0.034125
6.083333	1	-0.033000
6.100000	1	-0.032125
6.116667	1	-0.031500
6.133333	1	-0.031375
6.150000	1	-0.029750
6.166667	1	-0.028250
6.183333	1	-0.026500
6.200000	1	-0.025125
6.216667	1	-0.023875
6.233333	1	-0.022750
6.250000	1	-0.021000
6.266667	1	-0.019250
6.283333	1	-0.017625
6.300000	1	-0.016125
6.316667	1	-0.014750
6.333333	1	-0.011750
6.350000	1	-0.009375
6.366667	1	-0.007500
6.383333	1	-0.005250
6.400000	1	-0.002750
6.416667	1	0.000000
6.433333	1	0.001875
6.450000	1	0.004125
6.466667	1	0.006750
6.483333	1	0.009125
6.500000	1	0.011625
6.516667	1	0.014000
6.533333	1	0.016750
6.550000	1	0.019125
6.566667	1	0.021750
6.583333	1	0.024000
6.600000	1	0.026625
6.616667	1	0.028625
6.633333	1	0.030375
6.650000	1	0.032250
6.666667	1	0.034375
6.683333	1	0.036875
6.700000	1	0.038000
6.716667	1	0.039500
6.733333	1	0.040500
6.750000	1	0.041500
6.766667	1	0.041750
6.783333	1	0.042500
6.800000	1	0.042500
6.816667	1	0.041875
6.833333	1	0.041250
6.850000	1	0.041125
6.866667	1	0.040250
6.883333	1	0.039250
6.900000	1	0.037750
6.916667	1	0.036625
6.933333	1	0.036000
6.950000	1	0.034375
6.966667	1	0.032625
6.983333	1	0.030250
7.000000	1	0.027625
7.016667	1	0.025250
7.033333	1	0.022000
7.050000	1	0.019125
7.066667	1	0.016625
7.083333	1	0.013875
7.100000	1	0.011000
7.116667	1	0.008125
7.133333	1	0.005250
7.150000	1	0.002250
7.166667	1	-0.000375
7.183333	1	-0.003125
7.200000	1	-0.006500
7.216667	1	-0.009750
7.233333	1	-0.012750
7.250000	1	-0.015125
7.266667	1	-0.018125
7.283333	1	-0.021000
7.300000	1	-0.024500
7.316667	1	-0.026875
7.333333	1	-0.028625
7.350000	1	-0.031125
7.366667	1	-0.033500
7.383333	1	-0.036000
7.400000	1	-0.038000
7.416667	1	-0.039625
7.433333	1	-0.041750
7.450000	1	-0.043250
7.466667	1	-0.044625
7.483333	1	-0.045500
7.500000	1	-0.046625
7.516667	1	-0.047875
7.533333	1	-0.048875
7.550000	1	-0.049750
7.566667	1	-0.050375
7.583333	1	-0.050750
7.600000	1	-0.051250
7.616667	1	-0.051125
7.633333	1	-0.051625
7.650000	1	-0.051500
7.666667	1	-0.051750
7.683333	1	-0.052125
7.700000	1	-0.052250
7.716667	1	-0.051875
7.733333	1	-0.051250
7.750000	1	-0.051000
7.766667	1	-0.051625
7.783333	1	-0.051375
7.800000	1	-0.050500
7.816667	1	-0.050125
7.833333	1	-0.049750
7.850000	1	-0.050125
7.866667	1	-0.049375
7.883333	1	-0.049000
7.900000	1	-0.049250
7.916667	1	-0.048375
7.933333	1	-0.047375
7.950000	1	-0.047000
7.966667	1	-0.045875
7.983333	1	-0.044500
8.000000	1	-0.043375
8.016667	1	-0.043000
8.033333	1	-0.042625
8.050000	1	-0.042000
8.066667	1	-0.041125
8.083333	1	-0.040000
8.100000	1	-0.038750
8.116667	1	-0.037250
8.133333	1	-0.035750
8.150000	1	-0.034125
8.166667	1	-0.032875
8.183333	1	-0.030875
8.200000	1	-0.029625
8.216667	1	-0.028000
8.233333	1	-0.026875
8.250000	1	-0.025000
8.266667	1	-0.022500
8.283333	1	-0.021000
8.300000	1	-0.019500
8.316667	1	-0.017875
8.333333	1	-0.017250
8.350000	1	-0.015625
8.366667	1	-0.013500
8.383333	1	-0.011625
8.400000	1	-0.010125
8.416667	1	-0.008125
8.433333	1	-0.006250
8.450000	1	-0.005000
8.466667	1	-0.003625
8.483333	1	-0.001625
8.500000	1	0.000375
8.516667	1	0.002125
8.533333	1	0.004000
8.550000	1	0.005500
8.566667	1	0.007000
8.583333	1	0.008125
8.600000	1	0.009875
8.616667	1	0.011750
8.633333	1	0.013125
8.650000	1	0.014625
8.666667	1	0.015625
8.683333	1	0.017000
8.700000	1	0.018375
8.716667	1	0.019375
8.733333	1	0.020500
8.750000	1	0.021750
8.766667	1	0.022500
8.783333	1	0.023375
8.800000	1	0.023875
8.816667	1	0.023875
8.833333	1	0.024125
8.850000	1	0.024250
8.866667	1	0.024750
8.883333	1	0.025250
8.900000	1	0.024875
8.916667	1	0.024875
8.933333	1	0.024250
8.950000	1	0.024125
8.966667	1	0.023000
8.983333	1	0.022000
9.000000	1	0.020875
9.016667	1	0.020625
9.033333	1	0.019250
9.050000	1	0.018000
9.066667	1	0.016375
9.083333	1	0.015375
9.100000	1	0.013625
9.116667	1	0.012875
9.133333	1	0.011625
9.150000	1	0.011000
9.166667	1	0.010125
9.183333	1	0.009125
9.200000	1	0.008000
9.216667	1	0.007375
9.233333	1	0.006750
9.250000	1	0.005750
9.266667	1	0.004750
9.283333	1	0.004250
9.300000	1	0.004375
9.316667	1	0.003875
9.333333	1	0.003875
9.350000	1	0.004000
9.366667	1	0.004125
9.383333	1	0.003875
9.400000	1	0.004250
9.416667	1	0.005125
9.433333	1	0.005500
9.450000	1	0.007125
9.466667	1	0.009125
9.483333	1	0.011625
9.500000	1	0.015125
9.516667	1	0.019875
9.533333	1	0.025375
9.550000	1	0.032625
9.566667	1	0.040750
9.583333	1	0.050000
9.600000	1	0.060375
9.616667	1	0.072375
9.633333	1	0.087250
9.650000	1	0.103625
9.666667	1	0.122250
9.683333	1	0.143500
9.700000	1	0.166625
9.716667	1	0.191750
9.733333	1	0.217500
9.750000	1	0.242250
9.766667	1	0.265375
9.783333	1	0.286500
9.800000	1	0.303625
9.816667	1	0.316250
9.833333	1	0.322750
9.850000	1	0.323125
9.866667	1	0.314125
9.883333	1	0.294625
9.900000	1	0.269875
9.916667	1	0.255625
9.933333	1	0.283625
9.950000	1	0.403125
9.966667	1	0.675250
9.983333	1	1.165000
10.000000	1	1.933125
10.016667	1	3.032625
10.033333	1	4.502500
10.050000	1	6.363125
10.066667	1	8.628250
10.083333	1	11.294125
10.100000	1	14.344625
10.116667	1	17.747875
10.133333	1	21.454875
10.150000	1	25.394625
10.166667	1	29.474250
10.183333	1	33.569375
10.200000	1	37.526500
10.216667	1	41.157750
10.233333	1	44.256000
10.250000	1	46.611000
10.266667	1	48.046500
10.283333	1	48.445500
10.300000	1	47.780875
10.316667	1	46.124625
10.333333	1	43.636500
10.350000	1	40.533000
10.366667	1	37.057125
10.383333	1	33.437375
10.400000	1	29.863500
10.416667	1	26.478000
10.433333	1	23.370625
10.450000	1	20.587125
10.466667	1	18.132250
10.483333	1	15.992250
10.500000	1	14.137375
10.516667	1	12.534625
10.533333	1	11.148125
10.550000	1	9.945750
10.566667	1	8.898625
10.583333	1	7.984000
10.600000	1	7.183250
10.616667	1	6.482125
10.633333	1	5.869000
10.650000	1	5.333125
10.666667	1	4.866375
10.683333	1	4.459625
10.700000	1	4.105750
10.716667	1	3.797375
10.733333	1	3.526625
10.750000	1	3.288750
10.766667	1	3.079375
10.783333	1	2.893625
10.800000	1	2.727750
10.816667	1	2.578625
10.833333	1	2.444250
10.850000	1	2.322125
10.866667	1	2.211375
10.883333	1	2.110375
10.900000	1	2.017375
10.916667	1	1.932625
10.933333	1	1.854500
10.950000	1	1.783125
10.966667	1	1.716625
10.983333	1	1.655875
11.000000	1	1.599875
11.016667	1	1.548375
11.033333	1	1.500125
11.050000	1	1.455125
11.066667	1	1.413125
11.083333	1	1.374750
11.100000	1	1.338750
11.116667	1	1.305125
11.133333	1	1.273875
11.150000	1	1.244875
11.166667	1	1.217500
11.183333	1	1.191625
11.200000	1	1.168125
11.216667	1	1.145000
11.233333	1	1.123250
11.250000	1	1.103250
11.266667	1	1.083875
11.283333	1	1.066125
11.300000	1	1.049000
11.316667	1	1.032875
11.333333	1	1.017375
11.350000	1	1.002375
11.366667	1	0.989375
11.383333	1	0.976250
11.400000	1	0.964375
11.416667	1	0.954250
11.433333	1	0.945375
11.450000	1	0.937000
11.466667	1	0.930625
11.483333	1	0.925125
11.500000	1	0.920250
11.516667	1	0.916625
11.533333	1	0.914125
11.550000	1	0.912250
11.566667	1	0.911000
11.583333	1	0.910875
11.600000	1	0.911750
11.616667	1	0.912375
11.633333	1	0.914125
11.650000	1	0.915500
11.666667	1	0.916875
11.683333	1	0.917375
11.700000	1	0.918375
11.716667	1	0.919125
11.733333	1	0.919375
11.750000	1	0.919875
11.766667	1	0.920125
11.783333	1	0.920625
11.800000	1	0.921625
11.816667	1	0.922625
11.833333	1	0.924625
11.850000	1	0.926875
11.866667	1	0.931375
11.883333	1	0.937375
11.900000	1	0.944875
11.916667	1	0.953375
11.933333	1	0.963500
11.950000	1	0.975750
11.966667	1	0.990750
11.983333	1	1.008125
12.000000	1	1.028875
12.016667	1	1.051875
12.033333	1	1.079750
12.050000	1	1.110875
12.066667	1	1.147625
12.083333	1	1.191375
12.100000	1	1.242625
12.116667	1	1.304625
12.133333	1	1.378750
12.150000	1	1.467750
12.166667	1	1.574625
12.183333	1	1.701000
12.200000	1	1.849375
12.216667	1	2.021000
12.233333	1	2.217375
12.250000	1	2.440625
12.266667	1	2.691625
12.283333	1	2.972500
12.300000	1	3.284750
12.316667	1	3.631625
12.333333	1	4.014625
12.350000	1	4.437750
12.366667	1	4.903750
12.383333	1	5.415500
12.400000	1	5.970375
12.416667	1	6.567000
12.433333	1	7.200625
12.450000	1	7.861500
12.466667	1	8.535250
12.483333	1	9.203875
12.500000	1	9.846250
12.516667	1	10.437000
12.533333	1	10.952625
12.550000	1	11.375125
12.566667	1	11.692375
12.583333	1	11.901375
12.600000	1	12.007250
12.616667	1	12.021125
12.633333	1	11.956750
12.650000	1	11.828375
12.666667	1	11.650250
12.683333	1	11.434000
12.700000	1	11.191875
12.716667	1	10.931125
12.733333	1	10.660375
12.750000	1	10.385750
12.766667	1	10.110500
12.783333	1	9.838250
12.800000	1	9.570625
12.816667	1	9.310500
12.833333	1	9.058875
12.850000	1	8.815125
12.866667	1	8.579750
12.883333	1	8.350875
12.900000	1	8.128500
12.916667	1	7.910000
12.933333	1	7.695125
12.950000	1	7.481625
12.966667	1	7.269125
12.983333	1	7.055375
13.000000	1	6.839750
13.016667	1	6.619375
13.033333	1	6.393125
13.050000	1	6.159125
13.066667	1	5.914375
13.083333	1	5.657500
13.100000	1	5.384625
13.116667	1	5.093750
13.133333	1	4.781875
13.150000	1	4.447625
13.166667	1	4.089750
13.183333	1	3.711625
13.200000	1	3.321500
13.216667	1	2.936500
13.233333	1	2.576250
13.250000	1	2.258750
13.266667	1	1.992625
13.283333	1	1.777375
13.300000	1	1.606125
13.316667	1	1.470500
13.333333	1	1.361750
13.350000	1	1.273500
13.366667	1	1.200750
13.383333	1	1.139875
13.400000	1	1.088250
13.416667	1	1.044125
13.433333	1	1.006375
13.450000	1	0.974250
13.466667	1	0.945750
13.483333	1	0.920250
13.500000	1	0.900125
13.516667	1	0.882250
13.533333	1	0.866875
13.550000	1	0.854625
13.566667	1	0.844625
13.583333	1	0.838000
13.600000	1	0.833500
13.616667	1	0.830500
13.633333	1	0.828500
13.650000	1	0.827500
13.666667	1	0.826250
13.683333	1	0.825750
13.700000	1	0.823750
13.716667	1	0.820750
13.733333	1	0.815875
13.750000	1	0.810625
13.766667	1	0.803125
13.783333	1	0.794250
13.800000	1	0.784000
13.816667	1	0.773000
13.833333	1	0.760750
13.850000	1	0.747750
13.866667	1	0.733875
13.883333	1	0.719375
13.900000	1	0.704750
13.916667	1	0.690375
13.933333	1	0.675375
13.950000	1	0.661875
13.966667	1	0.648750
13.983333	1	0.636625
14.000000	1	0.624750
14.016667	1	0.614375
14.033333	1	0.604375
14.050000	1	0.596125
14.066667	1	0.588250
14.083333	1	0.581375
14.100000	1	0.576000
14.116667	1	0.571500
14.133333	1	0.568750
14.150000	1	0.567250
14.166667	1	0.568375
14.183333	1	0.570750
14.200000	1	0.575250
14.216667	1	0.583625
14.233333	1	0.594750
14.250000	1	0.609000
14.266667	1	0.627875
14.283333	1	0.651750
14.300000	1	0.681500
14.316667	1	0.719250
14.333333	1	0.765500
14.350000	1	0.821000
14.366667	1	0.886625
14.383333	1	0.965125
14.400000	1	1.056250
14.416667	1	1.163125
14.433333	1	1.287750
14.450000	1	1.431375
14.466667	1	1.597000
14.483333	1	1.785750
14.500000	1	2.001750
14.516667	1	2.247625
14.533333	1	2.530000
14.550000	1	2.853500
14.566667	1	3.225875
14.583333	1	3.657750
14.600000	1	4.162875
14.616667	1	4.759250
14.633333	1	5.468375
14.650000	1	6.319500
14.666667	1	7.344125
14.683333	1	8.577125
14.700000	1	10.054750
14.716667	1	11.809125
14.733333	1	13.869750
14.750000	1	16.253500
14.766667	1	18.962000
14.783333	1	21.973500
14.800000	1	25.249500
14.816667	1	28.727000
14.833333	1	32.319625
14.850000	1	35.921625
14.866667	1	39.414750
14.883333	1	42.672500
14.900000	1	45.572750
14.916667	1	48.004875
14.933333	1	49.880750
14.950000	1	51.140375
14.966667	1	51.754750
14.983333	1	51.725000
15.000000	1	51.081500
15.016667	1	49.876875
15.033333	1	48.180125
15.050000	1	46.072000
15.066667	1	43.644125
15.083333	1	40.987125
15.100000	1	38.189375
15.116667	1	35.329250
15.133333	1	32.472625
15.150000	1	29.675500
15.166667	1	26.981250
15.183333	1	24.423500
15.200000	1	22.022125
15.216667	1	19.789250
15.233333	1	17.730250
15.250000	1	15.846750
15.266667	1	14.135250
15.283333	1	12.589250
15.300000	1	11.200375
15.316667	1	9.959875
15.333333	1	8.856125
15.350000	1	7.877375
15.366667	1	7.014750
15.383333	1	6.257750
15.400000	1	5.594000
15.416667	1	5.014375
15.433333	1	4.510000
15.450000	1	4.072500
15.466667	1	3.694625
15.483333	1	3.369750
15.500000	1	3.092250
15.516667	1	2.856125
15.533333	1	2.656125
15.550000	1	2.488250
15.566667	1	2.346750
15.583333	1	2.227625
15.600000	1	2.126000
15.616667	1	2.039250
15.633333	1	1.963625
15.650000	1	1.896625
15.666667	1	1.834625
15.683333	1	1.776875
15.700000	1	1.720875
15.716667	1	1.666375
15.733333	1	1.612625
15.750000	1	1.559000
15.766667	1	1.506250
15.783333	1	1.453875
15.800000	1	1.404125
15.816667	1	1.354875
15.833333	1	1.307875
15.850000	1	1.262625
15.866667	1	1.219375
15.883333	1	1.178250
15.900000	1	1.140250
15.916667	1	1.104750
15.933333	1	1.071125
15.950000	1	1.040875
15.966667	1	1.012375
15.983333	1	0.986500
16.000000	1	0.962500
16.016667	1	0.940125
16.033333	1	0.920500
16.050000	1	0.903250
16.066667	1	0.887375
16.083333	1	0.873875
16.100000	1	0.862500
16.116667	1	0.853250
16.133333	1	0.845625
16.150000	1	0.840125
16.166667	1	0.835250
16.183333	1	0.831625
16.200000	1	0.828375
16.216667	1	0.826000
16.233333	1	0.824000
16.250000	1	0.821750
16.266667	1	0.819625
16.283333	1	0.817000
16.300000	1	0.813875
16.316667	1	0.810125
16.333333	1	0.806375
16.350000	1	0.803000
16.366667	1	0.798750
16.383333	1	0.794500
16.400000	1	0.790750
16.416667	1	0.786875
16.433333	1	0.783000
16.450000	1	0.779875
16.466667	1	0.777250
16.483333	1	0.775500
16.500000	1	0.774000
16.516667	1	0.773625
16.533333	1	0.774125
16.550000	1	0.774625
16.566667	1	0.774875
16.583333	1	0.777375
16.600000	1	0.780000
16.616667	1	0.783250
16.633333	1	0.788000
16.650000	1	0.792875
16.666667	1	0.797875
16.683333	1	0.802625
16.700000	1	0.808750
16.716667	1	0.815000
16.733333	1	0.820125
16.750000	1	0.826000
16.766667	1	0.831625
16.783333	1	0.835750
16.800000	1	0.840125
16.816667	1	0.843375
16.833333	1	0.845500
16.850000	1	0.846875
16.866667	1	0.847625
16.883333	1	0.847250
16.900000	1	0.846000
16.916667	1	0.844625
16.933333	1	0.843625
16.950000	1	0.842375
16.966667	1	0.841250
16.983333	1	0.841625
17.000000	1	0.841750
17.016667	1	0.842500
17.033333	1	0.843500
17.050000	1	0.844250
17.066667	1	0.845625
17.083333	1	0.846500
17.100000	1	0.846500
17.116667	1	0.845625
17.133333	1	0.845000
17.150000	1	0.843250
17.166667	1	0.840875
17.183333	1	0.836750
17.200000	1	0.831500
17.216667	1	0.825250
17.233333	1	0.817750
17.250000	1	0.809500
17.266667	1	0.800625
17.283333	1	0.790875
17.300000	1	0.780250
17.316667	1	0.769875
17.333333	1	0.759750
17.350000	1	0.749250
17.366667	1	0.740125
17.383333	1	0.731125
17.400000	1	0.723250
17.416667	1	0.715875
17.433333	1	0.709875
17.450000	1	0.705125
17.466667	1	0.701750
17.483333	1	0.698875
17.500000	1	0.697750
17.516667	1	0.698500
17.533333	1	0.701250
17.550000	1	0.705375
17.566667	1	0.711750
17.583333	1	0.720000
17.600000	1	0.729375
17.616667	1	0.739125
17.633333	1	0.751125
17.650000	1	0.764000
17.666667	1	0.777875
17.683333	1	0.792625
17.700000	1	0.808375
17.716667	1	0.824750
17.733333	1	0.840500
17.750000	1	0.856875
17.766667	1	0.872500
17.783333	1	0.888000
17.800000	1	0.902500
17.816667	1	0.915875
17.833333	1	0.927625
17.850000	1	0.938000
17.866667	1	0.946125
17.883333	1	0.952625
17.900000	1	0.957000
17.916667	1	0.958875
17.933333	1	0.958000
17.950000	1	0.955500
17.966667	1	0.950500
17.983333	1	0.943750
18.000000	1	0.935000
18.016667	1	0.924875
18.033333	1	0.913125
18.050000	1	0.900000
18.066667	1	0.887000
18.083333	1	0.872875
18.100000	1	0.858250
18.116667	1	0.843250
18.133333	1	0.828500
18.150000	1	0.813875
18.166667	1	0.800000
18.183333	1	0.785500
18.200000	1	0.771625
18.216667	1	0.758750
18.233333	1	0.746875
18.250000	1	0.734500
18.266667	1	0.723875
18.283333	1	0.714250
18.300000	1	0.706000
18.316667	1	0.698625
18.333333	1	0.692750
18.350000	1	0.687500
18.366667	1	0.683125
18.383333	1	0.680500
18.400000	1	0.677625
18.416667	1	0.675500
18.433333	1	0.674625
18.450000	1	0.673625
18.466667	1	0.673250
18.483333	1	0.673750
18.500000	1	0.674625
18.516667	1	0.675750
18.533333	1	0.677125
18.550000	1	0.678625
18.566667	1	0.681000
18.583333	1	0.683125
18.600000	1	0.686000
18.616667	1	0.689750
18.633333	1	0.693375
18.650000	1	0.696625
18.666667	1	0.701625
18.683333	1	0.707500
18.700000	1	0.713375
18.716667	1	0.719125
18.733333	1	0.726375
18.750000	1	0.733625
18.766667	1	0.742375
18.783333	1	0.750875
18.800000	1	0.760375
18.816667	1	0.770625
18.833333	1	0.781375
18.850000	1	0.792750
18.866667	1	0.805875
18.883333	1	0.819375
18.900000	1	0.834750
18.916667	1	0.851750
18.933333	1	0.871625
18.950000	1	0.893250
18.966667	1	0.917625
18.983333	1	0.944750
19.000000	1	0.975000
19.016667	1	1.007125
19.033333	1	1.042375
19.050000	1	1.079875
19.066667	1	1.119625
19.083333	1	1.161625
19.100000	1	1.204875
19.116667	1	1.249000
19.133333	1	1.292500
19.150000	1	1.335000
19.166667	1	1.375500
19.183333	1	1.412875
19.200000	1	1.445375
19.216667	1	1.474000
19.233333	1	1.496250
19.250000	1	1.512375
19.266667	1	1.521875
19.283333	1	1.525625
19.300000	1	1.521500
19.316667	1	1.510750
19.333333	1	1.493250
19.350000	1	1.470125
19.366667	1	1.441625
19.383333	1	1.408625
19.400000	1	1.370375
19.416667	1	1.328500
19.433333	1	1.284000
19.450000	1	1.237125
19.466667	1	1.189625
19.483333	1	1.141625
19.500000	1	1.093875
19.516667	1	1.047000
19.533333	1	1.001750
19.550000	1	0.957625
19.566667	1	0.915375
19.583333	1	0.875625
19.600000	1	0.839250
19.616667	1	0.805500
19.633333	1	0.775125
19.650000	1	0.747875
19.666667	1	0.723125
19.683333	1	0.703125
19.700000	1	0.687625
19.716667	1	0.675125
19.733333	1	0.666750
19.750000	1	0.661625
19.766667	1	0.660125
19.783333	1	0.662625
19.800000	1	0.669125
19.816667	1	0.678750
19.833333	1	0.690625
19.850000	1	0.705875
19.866667	1	0.722750
19.883333	1	0.741750
19.900000	1	0.761750
19.916667	1	0.783000
19.933333	1	0.803875
19.950000	1	0.825750
19.966667	1	0.846750
19.983333	1	0.866250
20.000000	1	0.883625
20.016667	1	0.900000
20.033333	1	0.915250
20.050000	1	0.928125
20.066667	1	0.939500
20.083333	1	0.948875
20.100000	1	0.957375
20.116667	1	0.964875
20.133333	1	0.971750
20.150000	1	0.978750
20.166667	1	0.985625
20.183333	1	0.994000
20.200000	1	1.003750
20.216667	1	1.014625
20.233333	1	1.028250
20.250000	1	1.044750
20.266667	1	1.064250
20.283333	1	1.086500
20.300000	1	1.112500
20.316667	1	1.141625
20.333333	1	1.173000
20.350000	1	1.206750
20.366667	1	1.242250
20.383333	1	1.278750
20.400000	1	1.315000
20.416667	1	1.349875
20.433333	1	1.383250
20.450000	1	1.414375
20.466667	1	1.441875
20.483333	1	1.464875
20.500000	1	1.483375
20.516667	1	1.497000
20.533333	1	1.505250
20.550000	1	1.509500
20.566667	1	1.508250
20.583333	1	1.503250
20.600000	1	1.495500
20.616667	1	1.485250
20.633333	1	1.475125
20.650000	1	1.465750
20.666667	1	1.457625
20.683333	1	1.452875
20.700000	1	1.452500
20.716667	1	1.457375
20.733333	1	1.467625
20.750000	1	1.485125
20.766667	1	1.508250
20.783333	1	1.538250
20.800000	1	1.573000
20.816667	1	1.612750
20.833333	1	1.656000
20.850000	1	1.700250
20.866667	1	1.744125
20.883333	1	1.784750
20.900000	1	1.821750
20.916667	1	1.852500
20.933333	1	1.874750
20.950000	1	1.888375
20.966667	1	1.892000
20.983333	1	1.884875
21.000000	1	1.866750
21.016667	1	1.837750
21.033333	1	1.799125
21.050000	1	1.751500
21.066667	1	1.695875
21.083333	1	1.633625
21.100000	1	1.566500
21.116667	1	1.495000
21.133333	1	1.422250
21.150000	1	1.348500
21.166667	1	1.273875
21.183333	1	1.200875
21.200000	1	1.129625
21.216667	1	1.060750
21.233333	1	0.995625
21.250000	1	0.934500
21.266667	1	0.877625
21.283333	1	0.825125
21.300000	1	0.775375
21.316667	1	0.730625
21.333333	1	0.690125
21.350000	1	0.653375
21.366667	1	0.620625
21.383333	1	0.590375
21.400000	1	0.563250
21.416667	1	0.540000
21.433333	1	0.519125
21.450000	1	0.501250
21.466667	1	0.485250
21.483333	1	0.471500
21.500000	1	0.460000
21.516667	1	0.450375
21.533333	1	0.442500
21.550000	1	0.435375
21.566667	1	0.429625
21.583333	1	0.425250
21.600000	1	0.421125
21.616667	1	0.418750
21.633333	1	0.416750
21.650000	1	0.416375
21.666667	1	0.416875
21.683333	1	0.418000
21.700000	1	0.420250
21.716667	1	0.423125
21.733333	1	0.427625
21.750000	1	0.432500
21.766667	1	0.439500
21.783333	1	0.447250
21.800000	1	0.456125
21.816667	1	0.466000
21.833333	1	0.476750
21.850000	1	0.489000
21.866667	1	0.501875
21.883333	1	0.514500
21.900000	1	0.528125
21.916667	1	0.541875
21.933333	1	0.555625
21.950000	1	0.568875
21.966667	1	0.581375
21.983333	1	0.592875
22.000000	1	0.603000
22.016667	1	0.611375
22.033333	1	0.618250
22.050000	1	0.624000
22.066667	1	0.626625
22.083333	1	0.628125
22.100000	1	0.627750
22.116667	1	0.626000
22.133333	1	0.622625
22.150000	1	0.618000
22.166667	1	0.611375
22.183333	1	0.603875
22.200000	1	0.595375
22.216667	1	0.586250
22.233333	1	0.577500
22.250000	1	0.569000
22.266667	1	0.560250
22.283333	1	0.551250
22.300000	1	0.544125
22.316667	1	0.536250
22.333333	1	0.529000
22.350000	1	0.522500
22.366667	1	0.517250
22.383333	1	0.512250
22.400000	1	0.508500
22.416667	1	0.505750
22.433333	1	0.503875
22.450000	1	0.502250
22.466667	1	0.501250
22.483333	1	0.501250
22.500000	1	0.501000
22.516667	1	0.501500
22.533333	1	0.501500
22.550000	1	0.502250
22.566667	1	0.502750
22.583333	1	0.503875
22.600000	1	0.505625
22.616667	1	0.506625
22.633333	1	0.506750
22.650000	1	0.507250
22.666667	1	0.508125
22.683333	1	0.508375
22.700000	1	0.508250
22.716667	1	0.507375
22.733333	1	0.506000
22.750000	1	0.504125
22.766667	1	0.501500
22.783333	1	0.498125
22.800000	1	0.494000
22.816667	1	0.490625
22.833333	1	0.485875
22.850000	1	0.480000
22.866667	1	0.474750
22.883333	1	0.468625
22.900000	1	0.462625
22.916667	1	0.456875
22.933333	1	0.450375
22.950000	1	0.444250
22.966667	1	0.437750
22.983333	1	0.431750
23.000000	1	0.425500
23.016667	1	0.419250
23.033333	1	0.414875
23.050000	1	0.410625
23.066667	1	0.407375
23.083333	1	0.405000
23.100000	1	0.404250
23.116667	1	0.404500
23.133333	1	0.405250
23.150000	1	0.407500
23.166667	1	0.411375
23.183333	1	0.417000
23.200000	1	0.424500
23.216667	1	0.433000
23.233333	1	0.442875
23.250000	1	0.455250
23.266667	1	0.469875
23.283333	1	0.486500
23.300000	1	0.505000
23.316667	1	0.526375
23.333333	1	0.549750
23.350000	1	0.576750
23.366667	1	0.605750
23.383333	1	0.637750
23.400000	1	0.674000
23.416667	1	0.713875
23.433333	1	0.758625
23.450000	1	0.808125
23.466667	1	0.863250
23.483333	1	0.923625
23.500000	1	0.991750
23.516667	1	1.068375
23.533333	1	1.154750
23.550000	1	1.250500
23.566667	1	1.357000
23.583333	1	1.476625
23.600000	1	1.610000
23.616667	1	1.757500
23.633333	1	1.919500
23.650000	1	2.096875
23.666667	1	2.288875
23.683333	1	2.494625
23.700000	1	2.714750
23.716667	1	2.946000
23.733333	1	3.186750
23.750000	1	3.433750
23.766667	1	3.683125
23.783333	1	3.931625
23.800000	1	4.175250
23.816667	1	4.409125
23.833333	1	4.627750
23.850000	1	4.828000
23.866667	1	5.005750
23.883333	1	5.157375
23.900000	1	5.278750
23.916667	1	5.368625
23.933333	1	5.424250
23.950000	1	5.446000
23.966667	1	5.433500
23.983333	1	5.387625
24.000000	1	5.310000
24.016667	1	5.203750
24.033333	1	5.070750
24.050000	1	4.915250
24.066667	1	4.739500
24.083333	1	4.548000
24.100000	1	4.343250
24.116667	1	4.130250
24.133333	1	3.911500
24.150000	1	3.691500
24.166667	1	3.472625
24.183333	1	3.257125
24.200000	1	3.047625
24.216667	1	2.846375
24.233333	1	2.655125
24.250000	1	2.473750
24.266667	1	2.304000
24.283333	1	2.146375
24.300000	1	2.000250
24.316667	1	1.865875
24.333333	1	1.743375
24.350000	1	1.631625
24.366667	1	1.529875
24.383333	1	1.437750
24.400000	1	1.355250
24.416667	1	1.280500
24.433333	1	1.213250
24.450000	1	1.152875
24.466667	1	1.099000
24.483333	1	1.049375
24.500000	1	1.005000
24.516667	1	0.964250
24.533333	1	0.926375
24.550000	1	0.891125
24.566667	1	0.859000
24.583333	1	0.828500
24.600000	1	0.799625
24.616667	1	0.771750
24.633333	1	0.745125
24.650000	1	0.719500
24.666667	1	0.694875
24.683333	1	0.670375
24.700000	1	0.646625
24.716667	1	0.623375
24.733333	1	0.600250
24.750000	1	0.578625
24.766667	1	0.557250
24.783333	1	0.536875
24.800000	1	0.517000
24.816667	1	0.497625
24.833333	1	0.479000
24.850000	1	0.461375
24.866667	1	0.444625
24.883333	1	0.429375
24.900000	1	0.415375
24.916667	1	0.401125
24.933333	1	0.388375
24.950000	1	0.376250
24.966667	1	0.365000
24.983333	1	0.354500
25.000000	1	0.345500
25.016667	1	0.336750
25.033333	1	0.329625
25.050000	1	0.323000
25.066667	1	0.317750
25.083333	1	0.312500
25.100000	1	0.308500
25.116667	1	0.305125
25.133333	1	0.302375
25.150000	1	0.300250
25.166667	1	0.299375
25.183333	1	0.297500
25.200000	1	0.297875
25.216667	1	0.298250
25.233333	1	0.298750
25.250000	1	0.300125
25.266667	1	0.302000
25.283333	1	0.303875
25.300000	1	0.306250
25.316667	1	0.308875
25.333333	1	0.311125
25.350000	1	0.312875
25.366667	1	0.314750
25.383333	1	0.316875
25.400000	1	0.318375
25.416667	1	0.320500
25.433333	1	0.322500
25.450000	1	0.325000
25.466667	1	0.326750
25.483333	1	0.327375
25.500000	1	0.329000
25.516667	1	0.329750
25.533333	1	0.330250
25.550000	1	0.330625
25.566667	1	0.330875
25.583333	1	0.330375
25.600000	1	0.329500
25.616667	1	0.327875
25.633333	1	0.326125
25.650000	1	0.324375
25.666667	1	0.321875
25.683333	1	0.319875
25.700000	1	0.317250
25.716667	1	0.314000
25.733333	1	0.310625
25.750000	1	0.307250
25.766667	1	0.303500
25.783333	1	0.299375
25.800000	1	0.295250
25.816667	1	0.289750
25.833333	1	0.285250
25.850000	1	0.280250
25.866667	1	0.275000
25.883333	1	0.269125
25.900000	1	0.262750
25.916667	1	0.256125
25.933333	1	0.250125
25.950000	1	0.242625
25.966667	1	0.236000
25.983333	1	0.228625
26.000000	1	0.220625
26.016667	1	0.213750
26.033333	1	0.206750
26.050000	1	0.200625
26.066667	1	0.193875
26.083333	1	0.187500
26.100000	1	0.181625
26.116667	1	0.175875
26.133333	1	0.170000
26.150000	1	0.165750
26.166667	1	0.161250
26.183333	1	0.157750
26.200000	1	0.154750
26.216667	1	0.151750
26.233333	1	0.150500
26.250000	1	0.149250
26.266667	1	0.149375
26.283333	1	0.149500
26.300000	1	0.149750
26.316667	1	0.151125
26.333333	1	0.152125
26.350000	1	0.154250
26.366667	1	0.156750
26.383333	1	0.159250
26.400000	1	0.161625
26.416667	1	0.163875
26.433333	1	0.166250
26.450000	1	0.168750
26.466667	1	0.171500
26.483333	1	0.173750
26.500000	1	0.175875
26.516667	1	0.176875
26.533333	1	0.178375
26.550000	1	0.178625
26.566667	1	0.179000
26.583333	1	0.180125
26.600000	1	0.180500
26.616667	1	0.180625
26.633333	1	0.181375
26.650000	1	0.181875
26.666667	1	0.181625
26.683333	1	0.182125
26.700000	1	0.182125
26.716667	1	0.182625
26.733333	1	0.182625
26.750000	1	0.183250
26.766667	1	0.183250
26.783333	1	0.183750
26.800000	1	0.185250
26.816667	1	0.186875
26.833333	1	0.188250
26.850000	1	0.190750
26.866667	1	0.193500
26.883333	1	0.195500
26.900000	1	0.197875
26.916667	1	0.201250
26.933333	1	0.204250
26.950000	1	0.207875
26.966667	1	0.211750
26.983333	1	0.215625
27.000000	1	0.220125
27.016667	1	0.225750
27.033333	1	0.231500
27.050000	1	0.237625
27.066667	1	0.244500
27.083333	1	0.251750
27.100000	1	0.259875
27.116667	1	0.268500
27.133333	1	0.278000
27.150000	1	0.287750
27.166667	1	0.298000
27.183333	1	0.309000
27.200000	1	0.322000
27.216667	1	0.335500
27.233333	1	0.349375
27.250000	1	0.364375
27.266667	1	0.380000
27.283333	1	0.397000
27.300000	1	0.415250
27.316667	1	0.434250
27.333333	1	0.454625
27.350000	1	0.477125
27.366667	1	0.500125
27.383333	1	0.525500
27.400000	1	0.551625
27.416667	1	0.579875
27.433333	1	0.611250
27.450000	1	0.645125
27.466667	1	0.681875
27.483333	1	0.722250
27.500000	1	0.766125
27.516667	1	0.814625
27.533333	1	0.868250
27.550000	1	0.926875
27.566667	1	0.991625
27.583333	1	1.062500
27.600000	1	1.139750
27.616667	1	1.224000
27.633333	1	1.316250
27.650000	1	1.416125
27.666667	1	1.524375
27.683333	1	1.640000
27.700000	1	1.763500
27.716667	1	1.894500
27.733333	1	2.031625
27.750000	1	2.174500
27.766667	1	2.322625
27.783333	1	2.474250
27.800000	1	2.628125
27.816667	1	2.782250
27.833333	1	2.936125
27.850000	1	3.086875
27.866667	1	3.232625
27.883333	1	3.371000
27.900000	1	3.501375
27.916667	1	3.620500
27.933333	1	3.725875
27.950000	1	3.817500
27.966667	1	3.892000
27.983333	1	3.949500
28.000000	1	3.988000
28.016667	1	4.007000
28.033333	1	4.005875
28.050000	1	3.985500
28.066667	1	3.945000
28.083333	1	3.885125
28.100000	1	3.806500
28.116667	1	3.710875
28.133333	1	3.600375
28.150000	1	3.475500
28.166667	1	3.339125
28.183333	1	3.193000
28.200000	1	3.039000
28.216667	1	2.879750
28.233333	1	2.716750
28.250000	1	2.550375
28.266667	1	2.383750
28.283333	1	2.218125
28.300000	1	2.055125
28.316667	1	1.896875
28.333333	1	1.743500
28.350000	1	1.595500
28.366667	1	1.454750
28.383333	1	1.320625
28.400000	1	1.192875
28.416667	1	1.072750
28.433333	1	0.959750
28.450000	1	0.853500
28.466667	1	0.753750
28.483333	1	0.660750
28.500000	1	0.572000
28.516667	1	0.489000
28.533333	1	0.411375
28.550000	1	0.337750
28.566667	1	0.268375
28.583333	1	0.203000
28.600000	1	0.140375
28.616667	1	0.080625
28.633333	1	0.023875
28.650000	1	-0.030250
28.666667	1	-0.082000
28.683333	1	-0.132375
28.700000	1	-0.179875
28.716667	1	-0.225375
28.733333	1	-0.268250
28.750000	1	-0.309125
28.766667	1	-0.346625
28.783333	1	-0.381750
28.800000	1	-0.414625
28.816667	1	-0.444375
28.833333	1	-0.470625
28.850000	1	-0.493750
28.866667	1	-0.514125
28.883333	1	-0.531250
28.900000	1	-0.544625
28.916667	1	-0.553750
28.933333	1	-0.559250
28.950000	1	-0.561375
28.966667	1	-0.560000
28.983333	1	-0.555625
29.000000	1	-0.546500
29.016667	1	-0.534625
29.033333	1	-0.519625
29.050000	1	-0.501875
29.066667	1	-0.480375
29.083333	1	-0.457375
29.100000	1	-0.432375
29.116667	1	-0.404750
29.133333	1	-0.374750
29.150000	1	-0.344000
29.166667	1	-0.311625
29.183333	1	-0.277625
29.200000	1	-0.243000
29.216667	1	-0.208000
29.233333	1	-0.172750
29.250000	1	-0.137625
29.266667	1	-0.102125
29.283333	1	-0.067125
29.300000	1	-0.032500
29.316667	1	0.001000
29.333333	1	0.034250
29.350000	1	0.066375
29.366667	1	0.097500
29.383333	1	0.127875
29.400000	1	0.157375
29.416667	1	0.185250
29.433333	1	0.212000
29.450000	1	0.236625
29.466667	1	0.260375
29.483333	1	0.282875
29.500000	1	0.303125
29.516667	1	0.322750
29.533333	1	0.340500
29.550000	1	0.356750
29.566667	1	0.371375
29.583333	1	0.384875
29.600000	1	0.396750
29.616667	1	0.407125
29.633333	1	0.415500
29.650000	1	0.423000
29.666667	1	0.429500
29.683333	1	0.434750
29.700000	1	0.438750
29.716667	1	0.441125
29.733333	1	0.442625
29.750000	1	0.443500
29.766667	1	0.442000
29.783333	1	0.441000
29.800000	1	0.439375
29.816667	1	0.437250
29.833333	1	0.434250
29.850000	1	0.430250
29.866667	1	0.425625
29.883333	1	0.421375
29.900000	1	0.417500
29.916667	1	0.412125
29.933333	1	0.407500
29.950000	1	0.403500
29.966667	1	0.399000
29.983333	1	0.394000
30.000000	1	0.389125
30.016667	1	0.384500
30.033333	1	0.381000
30.050000	1	0.377500
30.066667	1	0.374125
30.083333	1	0.371000
30.100000	1	0.368375
30.116667	1	0.365375
30.133333	1	0.363125
30.150000	1	0.361125
30.166667	1	0.359000
30.183333	1	0.357250
30.200000	1	0.354875
30.216667	1	0.354125
30.233333	1	0.352750
30.250000	1	0.351750
30.266667	1	0.351375
30.283333	1	0.350750
30.300000	1	0.350500
30.316667	1	0.350250
30.333333	1	0.350000
30.350000	1	0.350000
30.366667	1	0.350375
30.383333	1	0.351250
30.400000	1	0.352875
30.416667	1	0.354375
30.433333	1	0.356750
30.450000	1	0.358500
30.466667	1	0.361500
30.483333	1	0.364625
30.500000	1	0.367875
30.516667	1	0.371500
30.533333	1	0.375875
30.550000	1	0.380000
30.566667	1	0.384875
30.583333	1	0.389500
30.600000	1	0.395125
30.616667	1	0.400625
30.633333	1	0.405500
30.650000	1	0.410500
30.666667	1	0.415500
30.683333	1	0.420250
30.700000	1	0.424750
30.716667	1	0.428750
30.733333	1	0.431750
30.750000	1	0.434875
30.766667	1	0.436750
30.783333	1	0.437625
30.800000	1	0.437875
30.816667	1	0.436875
30.833333	1	0.434500
30.850000	1	0.431500
30.866667	1	0.427875
30.883333	1	0.422375
30.900000	1	0.417125
30.916667	1	0.410750
30.933333	1	0.403750
30.950000	1	0.395875
30.966667	1	0.387500
30.983333	1	0.378625
31.000000	1	0.368750
31.016667	1	0.358750
31.033333	1	0.348250
31.050000	1	0.337250
31.066667	1	0.327500
31.083333	1	0.317125
31.100000	1	0.306000
31.116667	1	0.295375
31.133333	1	0.285625
31.150000	1	0.275125
31.166667	1	0.265875
31.183333	1	0.256875
31.200000	1	0.248250
31.216667	1	0.239750
31.233333	1	0.231500
31.250000	1	0.224000
31.266667	1	0.217000
31.283333	1	0.210500
31.300000	1	0.204000
31.316667	1	0.198625
31.333333	1	0.193625
31.350000	1	0.189625
31.366667	1	0.186000
31.383333	1	0.182125
31.400000	1	0.179000
31.416667	1	0.175875
31.433333	1	0.173500
31.450000	1	0.172125
31.466667	1	0.170750
31.483333	1	0.170375
31.500000	1	0.169375
31.516667	1	0.169375
31.533333	1	0.169250
31.550000	1	0.169625
31.566667	1	0.170000
31.583333	1	0.170625
31.600000	1	0.172500
31.616667	1	0.174375
31.633333	1	0.176375
31.650000	1	0.178375
31.666667	1	0.180375
31.683333	1	0.182875
31.700000	1	0.185750
31.716667	1	0.189250
31.733333	1	0.193000
31.750000	1	0.196125
31.766667	1	0.200375
31.783333	1	0.204375
31.800000	1	0.208000
31.816667	1	0.211875
31.833333	1	0.215500
31.850000	1	0.219625
31.866667	1	0.223750
31.883333	1	0.228250
31.900000	1	0.232625
31.916667	1	0.236375
31.933333	1	0.239625
31.950000	1	0.243125
31.966667	1	0.245750
31.983333	1	0.247875
32.000000	1	0.249750
32.016667	1	0.251625
32.033333	1	0.252250
32.050000	1	0.252250
32.066667	1	0.252000
32.083333	1	0.250875
32.100000	1	0.248750
32.116667	1	0.245375
32.133333	1	0.242500
32.150000	1	0.238500
32.166667	1	0.234250
32.183333	1	0.229375
32.200000	1	0.223625
32.216667	1	0.217250
32.233333	1	0.210250
32.250000	1	0.202625
32.266667	1	0.195000
32.283333	1	0.187375
32.300000	1	0.179250
32.316667	1	0.171000
32.333333	1	0.162125
32.350000	1	0.154250
32.366667	1	0.146125
32.383333	1	0.138125
32.400000	1	0.130250
32.416667	1	0.121875
32.433333	1	0.114500
32.450000	1	0.106625
32.466667	1	0.099000
32.483333	1	0.091375
32.500000	1	0.084625
32.516667	1	0.078125
32.533333	1	0.071750
32.550000	1	0.065875
32.566667	1	0.060875
32.583333	1	0.056000
32.600000	1	0.051250
32.616667	1	0.046750
32.633333	1	0.042625
32.650000	1	0.038375
32.666667	1	0.035375
32.683333	1	0.031375
32.700000	1	0.027625
32.716667	1	0.024625
32.733333	1	0.021750
32.750000	1	0.019500
32.766667	1	0.017250
32.783333	1	0.015000
32.800000	1	0.013125
32.816667	1	0.011750
32.833333	1	0.010000
32.850000	1	0.008125
32.866667	1	0.006750
32.883333	1	0.005000
32.900000	1	0.004000
32.916667	1	0.002875
32.933333	1	0.002000
32.950000	1	0.001375
32.966667	1	0.000750
32.983333	1	0.000000
33.000000	1	-0.000625
33.016667	1	-0.001250
33.033333	1	-0.001250
33.050000	1	-0.001125
33.066667	1	-0.001250
33.083333	1	-0.001125
33.100000	1	-0.000750
33.116667	1	0.000125
33.133333	1	0.001000
33.150000	1	0.002500
33.166667	1	0.003250
33.183333	1	0.005250
33.200000	1	0.006750
33.216667	1	0.008375
33.233333	1	0.010625
33.250000	1	0.013250
33.266667	1	0.016125
33.283333	1	0.019625
33.300000	1	0.022625
33.316667	1	0.026500
33.333333	1	0.030625
33.350000	1	0.035000
33.366667	1	0.038875
33.383333	1	0.044125
33.400000	1	0.049750
33.416667	1	0.055375
33.433333	1	0.061625
33.450000	1	0.068750
33.466667	1	0.076375
33.483333	1	0.083750
33.500000	1	0.092375
33.516667	1	0.101125
33.533333	1	0.110750
33.550000	1	0.120750
33.566667	1	0.131250
33.583333	1	0.142125
33.600000	1	0.154500
33.616667	1	0.166250
33.633333	1	0.179625
33.650000	1	0.194375
33.666667	1	0.209375
33.683333	1	0.224750
33.700000	1	0.241500
33.716667	1	0.259250
33.733333	1	0.277750
33.750000	1	0.298500
33.766667	1	0.320875
33.783333	1	0.344750
33.800000	1	0.369750
33.816667	1	0.397250
33.833333	1	0.426125
33.850000	1	0.457000
33.866667	1	0.490625
33.883333	1	0.526500
33.900000	1	0.564625
33.916667	1	0.605000
33.933333	1	0.648500
33.950000	1	0.694250
33.966667	1	0.742375
33.983333	1	0.793125
34.000000	1	0.847000
34.016667	1	0.901750
34.033333	1	0.958875
34.050000	1	1.018250
34.066667	1	1.078375
34.083333	1	1.138875
34.100000	1	1.200750
34.116667	1	1.262375
34.133333	1	1.324000
34.150000	1	1.384375
34.166667	1	1.443000
34.183333	1	1.500000
34.200000	1	1.554375
34.216667	1	1.606000
34.233333	1	1.653375
34.250000	1	1.696125
34.266667	1	1.734500
34.283333	1	1.767875
34.300000	1	1.795875
34.316667	1	1.817500
34.333333	1	1.832750
34.350000	1	1.842125
34.366667	1	1.845000
34.383333	1	1.841875
34.400000	1	1.832250
34.416667	1	1.816750
34.433333	1	1.795125
34.450000	1	1.768750
34.466667	1	1.736625
34.483333	1	1.699750
34.500000	1	1.657750
34.516667	1	1.612875
34.533333	1	1.564500
34.550000	1	1.512875
34.566667	1	1.459625
34.583333	1	1.403500
34.600000	1	1.345000
34.616667	1	1.285875
34.633333	1	1.226750
34.650000	1	1.167500
34.666667	1	1.108625
34.683333	1	1.050375
34.700000	1	0.993000
34.716667	1	0.937875
34.733333	1	0.883625
34.750000	1	0.831750
34.766667	1	0.781375
34.783333	1	0.733500
34.800000	1	0.687625
34.816667	1	0.644000
34.833333	1	0.603500
34.850000	1	0.564625
34.866667	1	0.529000
34.883333	1	0.495750
34.900000	1	0.465125
34.916667	1	0.436250
34.933333	1	0.410125
34.950000	1	0.385875
34.966667	1	0.363500
34.983333	1	0.343375
35.000000	1	0.324500
35.016667	1	0.307750
35.033333	1	0.292500
35.050000	1	0.278250
35.066667	1	0.265750
35.083333	1	0.255125
35.100000	1	0.245750
35.116667	1	0.237000
35.133333	1	0.228875
35.150000	1	0.222375
35.166667	1	0.215250
35.183333	1	0.209250
35.200000	1	0.204250
35.216667	1	0.200125
35.233333	1	0.195875
35.250000	1	0.192250
35.266667	1	0.189375
35.283333	1	0.186625
35.300000	1	0.184125
35.316667	1	0.181750
35.333333	1	0.180125
35.350000	1	0.178500
35.366667	1	0.176500
35.383333	1	0.174625
35.400000	1	0.173125
35.416667	1	0.171625
35.433333	1	0.169875
35.450000	1	0.168500
35.466667	1	0.167250
35.483333	1	0.165500
35.500000	1	0.164500
35.516667	1	0.162875
35.533333	1	0.161875
35.550000	1	0.159750
35.566667	1	0.157875
35.583333	1	0.156125
35.600000	1	0.154875
35.616667	1	0.153375
35.633333	1	0.152000
35.650000	1	0.149500
35.666667	1	0.147750
35.683333	1	0.146250
35.700000	1	0.144250
35.716667	1	0.142875
35.733333	1	0.141000
35.750000	1	0.139875
35.766667	1	0.138375
35.783333	1	0.135875
35.800000	1	0.134625
35.816667	1	0.132625
35.833333	1	0.130500
35.850000	1	0.129250
35.866667	1	0.127250
35.883333	1	0.126000
35.900000	1	0.124750
35.916667	1	0.123000
35.933333	1	0.121375
35.950000	1	0.119250
35.966667	1	0.117750
35.983333	1	0.115750
36.000000	1	0.114500
36.016667	1	0.112750
36.033333	1	0.110625
36.050000	1	0.108875
36.066667	1	0.107250
36.083333	1	0.105000
36.100000	1	0.104000
36.116667	1	0.102375
36.133333	1	0.100750
36.150000	1	0.099000
36.166667	1	0.096875
36.183333	1	0.094500
36.200000	1	0.092250
36.216667	1	0.090125
36.233333	1	0.088000
36.250000	1	0.086125
36.266667	1	0.084375
36.283333	1	0.082375
36.300000	1	0.080625
36.316667	1	0.078625
36.333333	1	0.077125
36.350000	1	0.075375
36.366667	1	0.073250
36.383333	1	0.071375
36.400000	1	0.069625
36.416667	1	0.068625
36.433333	1	0.067500
36.450000	1	0.066250
36.466667	1	0.065375
36.483333	1	0.064625
36.500000	1	0.063500
36.516667	1	0.062500
36.533333	1	0.061500
36.550000	1	0.060375
36.566667	1	0.058750
36.583333	1	0.057625
36.600000	1	0.056375
36.616667	1	0.055250
36.633333	1	0.054375
36.650000	1	0.053375
36.666667	1	0.052125
36.683333	1	0.050625
36.700000	1	0.049500
36.716667	1	0.048750
36.733333	1	0.047375
36.750000	1	0.045625
36.766667	1	0.043500
36.783333	1	0.042000
36.800000	1	0.040500
36.816667	1	0.038625
36.833333	1	0.036500
36.850000	1	0.033875
36.866667	1	0.031250
36.883333	1	0.028875
36.900000	1	0.026375
36.916667	1	0.024250
36.933333	1	0.021750
36.950000	1	0.018250
36.966667	1	0.015375
36.983333	1	0.013125
37.000000	1	0.010500
37.016667	1	0.007750
37.033333	1	0.005375
37.050000	1	0.002625
37.066667	1	0.000375
37.083333	1	-0.001750
37.100000	1	-0.003625
37.116667	1	-0.005750
37.133333	1	-0.007875
37.150000	1	-0.009875
37.166667	1	-0.011875
37.183333	1	-0.013500
37.200000	1	-0.015375
37.216667	1	-0.016875
37.233333	1	-0.018375
37.250000	1	-0.020125
37.266667	1	-0.021500
37.283333	1	-0.023000
37.300000	1	-0.024500
37.316667	1	-0.025750
37.333333	1	-0.027625
37.350000	1	-0.028875
37.366667	1	-0.030125
37.383333	1	-0.031750
37.400000	1	-0.033250
37.416667	1	-0.034250
37.433333	1	-0.035375
37.450000	1	-0.037125
37.466667	1	-0.038375
37.483333	1	-0.039375
37.500000	1	-0.041375
37.516667	1	-0.042750
37.533333	1	-0.043625
37.550000	1	-0.044625
37.566667	1	-0.046500
37.583333	1	-0.048000
37.600000	1	-0.049500
37.616667	1	-0.050625
37.633333	1	-0.051500
37.650000	1	-0.053000
37.666667	1	-0.054125
37.683333	1	-0.055375
37.700000	1	-0.056500
37.716667	1	-0.056625
37.733333	1	-0.058000
37.750000	1	-0.058500
37.766667	1	-0.059000
37.783333	1	-0.059875
37.800000	1	-0.060375
37.816667	1	-0.061000
37.833333	1	-0.061375
37.850000	1	-0.061375
37.866667	1	-0.061000
37.883333	1	-0.060750
37.900000	1	-0.060750
37.916667	1	-0.060500
37.933333	1	-0.059750
37.950000	1	-0.059375
37.966667	1	-0.058375
37.983333	1	-0.057000
38.000000	1	-0.057250
38.016667	1	-0.055625
38.033333	1	-0.054375
38.050000	1	-0.053625
38.066667	1	-0.052375
38.083333	1	-0.051250
38.100000	1	-0.049875
38.116667	1	-0.048125
38.133333	1	-0.046500
38.150000	1	-0.045250
38.166667	1	-0.043875
38.183333	1	-0.042875
38.200000	1	-0.041875
38.216667	1	-0.040625
38.233333	1	-0.039125
38.250000	1	-0.038000
38.266667	1	-0.036500
38.283333	1	-0.034875
38.300000	1	-0.033875
38.316667	1	-0.032750
38.333333	1	-0.031500
38.350000	1	-0.031000
38.366667	1	-0.029750
38.383333	1	-0.028875
38.400000	1	-0.028250
38.416667	1	-0.026750
38.433333	1	-0.025375
38.450000	1	-0.024625
38.466667	1	-0.024250
38.483333	1	-0.023625
38.500000	1	-0.023000
38.516667	1	-0.022625
38.533333	1	-0.021125
38.550000	1	-0.020625
38.566667	1	-0.020125
38.583333	1	-0.020000
38.600000	1	-0.019375
38.616667	1	-0.018625
38.633333	1	-0.018375
38.650000	1	-0.018875
38.666667	1	-0.018000
38.683333	1	-0.017625
38.700000	1	-0.017625
38.716667	1	-0.017250
38.733333	1	-0.017875
38.750000	1	-0.018125
38.766667	1	-0.018375
38.783333	1	-0.018625
38.800000	1	-0.019125
38.816667	1	-0.018875
38.833333	1	-0.019000
38.850000	1	-0.018750
38.866667	1	-0.018750
38.883333	1	-0.019375
38.900000	1	-0.019875
38.916667	1	-0.019625
38.933333	1	-0.020375
38.950000	1	-0.020875
38.966667	1	-0.022125
38.983333	1	-0.022625
39.000000	1	-0.023625
39.016667	1	-0.024000
39.033333	1	-0.024750
39.050000	1	-0.025875
39.066667	1	-0.026875
39.083333	1	-0.027500
39.100000	1	-0.027875
39.116667	1	-0.029125
39.133333	1	-0.029750
39.150000	1	-0.030250
39.166667	1	-0.031000
39.183333	1	-0.032250
39.200000	1	-0.032500
39.216667	1	-0.033500
39.233333	1	-0.035000
39.250000	1	-0.034875
39.266667	1	-0.034875
39.283333	1	-0.036125
39.300000	1	-0.037000
39.316667	1	-0.037500
39.333333	1	-0.037875
39.350000	1	-0.038625
39.366667	1	-0.039750
39.383333	1	-0.040250
39.400000	1	-0.040500
39.416667	1	-0.041250
39.433333	1	-0.041000
39.450000	1	-0.041125
39.466667	1	-0.041250
39.483333	1	-0.041875
39.500000	1	-0.042375
39.516667	1	-0.042750
39.533333	1	-0.042375
39.550000	1	-0.042500
39.566667	1	-0.043000
39.583333	1	-0.042625
39.600000	1	-0.043250
39.616667	1	-0.043000
39.633333	1	-0.043000
39.650000	1	-0.043625
39.666667	1	-0.043500
39.683333	1	-0.043625
39.700000	1	-0.044000
39.716667	1	-0.043875
39.733333	1	-0.043750
39.750000	1	-0.044500
39.766667	1	-0.044500
39.783333	1	-0.043875
39.800000	1	-0.043250
39.816667	1	-0.043625
39.833333	1	-0.043750
39.850000	1	-0.043000
39.866667	1	-0.042625
39.883333	1	-0.042000
39.900000	1	-0.042125
39.916667	1	-0.042250
39.933333	1	-0.041875
39.950000	1	-0.041875
39.966667	1	-0.042125
39.983333	1	-0.042000
40.000000	1	-0.041500
