File Path	chrom://marshall/Chromeleon7/HPLC_Ultimate_3000/Users/markusar/20221226.seq/304.smp/RI_1.channel/RI_1.chm
Channel	RI_1

Injection Information:
Data Vault	Chromeleon7
Injection	fp2.2
Injection Number	11
Position	RB3
Comment	
Processing Method	
Instrument Method	std_method
Type	Unknown
Status	Finished
Injection Date	26.12.2022
Injection Time	23:00:15
Injection Volume (µl)	20.000
Dilution Factor	1.0000
Weight	1.0000

Chromatogram Data Information:
Time Min. (min)	0.000000
Time Max. (min)	40.000000
Data Points	2401
Detector	RI
Generating Data System	Chromeleon 7.2.5.9507
Exporting Data System	Chromeleon 7.2.5.0
Operator	Instrument Controller
Signal Quantity	Refractive 
Signal Unit	µRIU
Signal Min.	-0.134625
Signal Max.	96.967125
Channel	RI_1
Driver Name	RID520Driver.dll
Channel Type	Evaluation
Min. Step (s)	1
Max. Step (s)	1
Average Step (s)	1

Signal Parameter Information:
Signal Info	

Chromatogram Data:
Time (min)	Step (s)	Value (µRIU)
0.000000	n.a.	0.073625
0.016667	1	0.072750
0.033333	1	0.071500
0.050000	1	0.070875
0.066667	1	0.070250
0.083333	1	0.069500
0.100000	1	0.068375
0.116667	1	0.066875
0.133333	1	0.066000
0.150000	1	0.064625
0.166667	1	0.063250
0.183333	1	0.062000
0.200000	1	0.060250
0.216667	1	0.058500
0.233333	1	0.057250
0.250000	1	0.055625
0.266667	1	0.053500
0.283333	1	0.050125
0.300000	1	0.045625
0.316667	1	0.041125
0.333333	1	0.038875
0.350000	1	0.040500
0.366667	1	0.044375
0.383333	1	0.047000
0.400000	1	0.047125
0.416667	1	0.047375
0.433333	1	0.047875
0.450000	1	0.046875
0.466667	1	0.044125
0.483333	1	0.040125
0.500000	1	0.035125
0.516667	1	0.029375
0.533333	1	0.024250
0.550000	1	0.021000
0.566667	1	0.018125
0.583333	1	0.016375
0.600000	1	0.013250
0.616667	1	0.010625
0.633333	1	0.008500
0.650000	1	0.006375
0.666667	1	0.004000
0.683333	1	0.001750
0.700000	1	0.000000
0.716667	1	-0.001375
0.733333	1	-0.003500
0.750000	1	-0.005750
0.766667	1	-0.007500
0.783333	1	-0.009625
0.800000	1	-0.011875
0.816667	1	-0.013750
0.833333	1	-0.015125
0.850000	1	-0.016625
0.866667	1	-0.018125
0.883333	1	-0.019500
0.900000	1	-0.021250
0.916667	1	-0.022750
0.933333	1	-0.023625
0.950000	1	-0.024875
0.966667	1	-0.025750
0.983333	1	-0.027000
1.000000	1	-0.027750
1.016667	1	-0.028375
1.033333	1	-0.029125
1.050000	1	-0.030375
1.066667	1	-0.030875
1.083333	1	-0.031375
1.100000	1	-0.032500
1.116667	1	-0.033125
1.133333	1	-0.033875
1.150000	1	-0.034625
1.166667	1	-0.035250
1.183333	1	-0.036125
1.200000	1	-0.036750
1.216667	1	-0.037375
1.233333	1	-0.037875
1.250000	1	-0.038125
1.266667	1	-0.038750
1.283333	1	-0.039250
1.300000	1	-0.040375
1.316667	1	-0.041500
1.333333	1	-0.042750
1.350000	1	-0.043750
1.366667	1	-0.044375
1.383333	1	-0.046000
1.400000	1	-0.046625
1.416667	1	-0.048000
1.433333	1	-0.048750
1.450000	1	-0.049750
1.466667	1	-0.051625
1.483333	1	-0.053000
1.500000	1	-0.053375
1.516667	1	-0.054250
1.533333	1	-0.055375
1.550000	1	-0.056125
1.566667	1	-0.057875
1.583333	1	-0.058750
1.600000	1	-0.059125
1.616667	1	-0.060375
1.633333	1	-0.061625
1.650000	1	-0.062875
1.666667	1	-0.063625
1.683333	1	-0.064250
1.700000	1	-0.065500
1.716667	1	-0.066750
1.733333	1	-0.068000
1.750000	1	-0.069125
1.766667	1	-0.069750
1.783333	1	-0.070500
1.800000	1	-0.071375
1.816667	1	-0.071875
1.833333	1	-0.072500
1.850000	1	-0.073875
1.866667	1	-0.074875
1.883333	1	-0.076125
1.900000	1	-0.077750
1.916667	1	-0.078750
1.933333	1	-0.079375
1.950000	1	-0.080625
1.966667	1	-0.082125
1.983333	1	-0.082875
2.000000	1	-0.084500
2.016667	1	-0.084875
2.033333	1	-0.086750
2.050000	1	-0.088000
2.066667	1	-0.089250
2.083333	1	-0.091125
2.100000	1	-0.092500
2.116667	1	-0.094375
2.133333	1	-0.096000
2.150000	1	-0.097875
2.166667	1	-0.099625
2.183333	1	-0.101375
2.200000	1	-0.102875
2.216667	1	-0.104125
2.233333	1	-0.105125
2.250000	1	-0.107125
2.266667	1	-0.109250
2.283333	1	-0.110625
2.300000	1	-0.111750
2.316667	1	-0.113750
2.333333	1	-0.115375
2.350000	1	-0.116875
2.366667	1	-0.118500
2.383333	1	-0.119375
2.400000	1	-0.120625
2.416667	1	-0.121875
2.433333	1	-0.122625
2.450000	1	-0.123625
2.466667	1	-0.125500
2.483333	1	-0.126875
2.500000	1	-0.128125
2.516667	1	-0.128500
2.533333	1	-0.129375
2.550000	1	-0.130250
2.566667	1	-0.131375
2.583333	1	-0.131750
2.600000	1	-0.132875
2.616667	1	-0.133000
2.633333	1	-0.133625
2.650000	1	-0.134000
2.666667	1	-0.134250
2.683333	1	-0.134625
2.700000	1	-0.134250
2.716667	1	-0.134625
2.733333	1	-0.134125
2.750000	1	-0.133625
2.766667	1	-0.133375
2.783333	1	-0.133250
2.800000	1	-0.133000
2.816667	1	-0.132125
2.833333	1	-0.131500
2.850000	1	-0.130750
2.866667	1	-0.130750
2.883333	1	-0.130000
2.900000	1	-0.128750
2.916667	1	-0.127375
2.933333	1	-0.126250
2.950000	1	-0.124750
2.966667	1	-0.123250
2.983333	1	-0.121125
3.000000	1	-0.120375
3.016667	1	-0.119000
3.033333	1	-0.117500
3.050000	1	-0.116250
3.066667	1	-0.114875
3.083333	1	-0.113250
3.100000	1	-0.111625
3.116667	1	-0.110250
3.133333	1	-0.108625
3.150000	1	-0.106625
3.166667	1	-0.105250
3.183333	1	-0.104000
3.200000	1	-0.102250
3.216667	1	-0.101250
3.233333	1	-0.100125
3.250000	1	-0.098875
3.266667	1	-0.097250
3.283333	1	-0.095625
3.300000	1	-0.094375
3.316667	1	-0.093500
3.333333	1	-0.092125
3.350000	1	-0.090750
3.366667	1	-0.089250
3.383333	1	-0.088375
3.400000	1	-0.087625
3.416667	1	-0.086500
3.433333	1	-0.084875
3.450000	1	-0.083250
3.466667	1	-0.081875
3.483333	1	-0.080750
3.500000	1	-0.078875
3.516667	1	-0.077750
3.533333	1	-0.076375
3.550000	1	-0.075125
3.566667	1	-0.073750
3.583333	1	-0.072500
3.600000	1	-0.072000
3.616667	1	-0.071375
3.633333	1	-0.070125
3.650000	1	-0.069375
3.666667	1	-0.068500
3.683333	1	-0.067500
3.700000	1	-0.066000
3.716667	1	-0.065250
3.733333	1	-0.064750
3.750000	1	-0.063625
3.766667	1	-0.063250
3.783333	1	-0.061875
3.800000	1	-0.061375
3.816667	1	-0.061500
3.833333	1	-0.061250
3.850000	1	-0.060750
3.866667	1	-0.061000
3.883333	1	-0.060875
3.900000	1	-0.060500
3.916667	1	-0.060125
3.933333	1	-0.060750
3.950000	1	-0.061250
3.966667	1	-0.061375
3.983333	1	-0.062000
4.000000	1	-0.062375
4.016667	1	-0.062375
4.033333	1	-0.062875
4.050000	1	-0.063000
4.066667	1	-0.063625
4.083333	1	-0.063625
4.100000	1	-0.064250
4.116667	1	-0.064875
4.133333	1	-0.065750
4.150000	1	-0.067125
4.166667	1	-0.067375
4.183333	1	-0.067875
4.200000	1	-0.068375
4.216667	1	-0.068875
4.233333	1	-0.069125
4.250000	1	-0.070125
4.266667	1	-0.070500
4.283333	1	-0.070375
4.300000	1	-0.070375
4.316667	1	-0.071875
4.333333	1	-0.072875
4.350000	1	-0.073125
4.366667	1	-0.073375
4.383333	1	-0.073125
4.400000	1	-0.073500
4.416667	1	-0.073875
4.433333	1	-0.074125
4.450000	1	-0.074875
4.466667	1	-0.074875
4.483333	1	-0.075750
4.500000	1	-0.075250
4.516667	1	-0.075625
4.533333	1	-0.075875
4.550000	1	-0.076000
4.566667	1	-0.075625
4.583333	1	-0.075250
4.600000	1	-0.075750
4.616667	1	-0.076375
4.633333	1	-0.076750
4.650000	1	-0.076750
4.666667	1	-0.076625
4.683333	1	-0.076750
4.700000	1	-0.076625
4.716667	1	-0.076250
4.733333	1	-0.076125
4.750000	1	-0.075875
4.766667	1	-0.075875
4.783333	1	-0.075000
4.800000	1	-0.074500
4.816667	1	-0.074375
4.833333	1	-0.074000
4.850000	1	-0.074000
4.866667	1	-0.074375
4.883333	1	-0.073625
4.900000	1	-0.073750
4.916667	1	-0.073250
4.933333	1	-0.072875
4.950000	1	-0.072000
4.966667	1	-0.072000
4.983333	1	-0.071625
5.000000	1	-0.071375
5.016667	1	-0.070750
5.033333	1	-0.070250
5.050000	1	-0.070125
5.066667	1	-0.069875
5.083333	1	-0.069750
5.100000	1	-0.068500
5.116667	1	-0.068250
5.133333	1	-0.067125
5.150000	1	-0.066750
5.166667	1	-0.065250
5.183333	1	-0.064625
5.200000	1	-0.064375
5.216667	1	-0.063125
5.233333	1	-0.062500
5.250000	1	-0.061125
5.266667	1	-0.059500
5.283333	1	-0.058250
5.300000	1	-0.057125
5.316667	1	-0.056250
5.333333	1	-0.055000
5.350000	1	-0.053500
5.366667	1	-0.051375
5.383333	1	-0.049500
5.400000	1	-0.048375
5.416667	1	-0.047125
5.433333	1	-0.045125
5.450000	1	-0.042750
5.466667	1	-0.041875
5.483333	1	-0.039250
5.500000	1	-0.037375
5.516667	1	-0.034875
5.533333	1	-0.032500
5.550000	1	-0.030125
5.566667	1	-0.028000
5.583333	1	-0.025375
5.600000	1	-0.023500
5.616667	1	-0.020875
5.633333	1	-0.019000
5.650000	1	-0.016375
5.666667	1	-0.013875
5.683333	1	-0.011125
5.700000	1	-0.008625
5.716667	1	-0.006375
5.733333	1	-0.003750
5.750000	1	-0.001250
5.766667	1	0.001250
5.783333	1	0.003875
5.800000	1	0.006500
5.816667	1	0.008750
5.833333	1	0.010750
5.850000	1	0.012375
5.866667	1	0.015125
5.883333	1	0.017750
5.900000	1	0.019875
5.916667	1	0.022875
5.933333	1	0.024375
5.950000	1	0.026000
5.966667	1	0.027750
5.983333	1	0.029000
6.000000	1	0.030875
6.016667	1	0.032875
6.033333	1	0.034500
6.050000	1	0.036000
6.066667	1	0.037375
6.083333	1	0.039000
6.100000	1	0.040375
6.116667	1	0.041750
6.133333	1	0.042750
6.150000	1	0.043500
6.166667	1	0.044500
6.183333	1	0.045500
6.200000	1	0.046000
6.216667	1	0.046750
6.233333	1	0.046875
6.250000	1	0.047375
6.266667	1	0.047625
6.283333	1	0.048250
6.300000	1	0.048375
6.316667	1	0.048375
6.333333	1	0.047875
6.350000	1	0.047625
6.366667	1	0.046875
6.383333	1	0.046500
6.400000	1	0.046500
6.416667	1	0.045625
6.433333	1	0.044625
6.450000	1	0.043625
6.466667	1	0.043125
6.483333	1	0.042375
6.500000	1	0.041375
6.516667	1	0.039875
6.533333	1	0.038875
6.550000	1	0.037875
6.566667	1	0.037375
6.583333	1	0.036250
6.600000	1	0.035500
6.616667	1	0.034250
6.633333	1	0.032625
6.650000	1	0.030625
6.666667	1	0.029500
6.683333	1	0.028250
6.700000	1	0.027000
6.716667	1	0.026125
6.733333	1	0.024750
6.750000	1	0.023875
6.766667	1	0.022625
6.783333	1	0.021500
6.800000	1	0.020375
6.816667	1	0.020000
6.833333	1	0.019250
6.850000	1	0.018625
6.866667	1	0.017625
6.883333	1	0.016625
6.900000	1	0.016500
6.916667	1	0.016000
6.933333	1	0.015500
6.950000	1	0.016500
6.966667	1	0.016500
6.983333	1	0.016375
7.000000	1	0.016375
7.016667	1	0.016625
7.033333	1	0.016625
7.050000	1	0.017000
7.066667	1	0.017875
7.083333	1	0.018875
7.100000	1	0.019875
7.116667	1	0.020625
7.133333	1	0.021750
7.150000	1	0.023250
7.166667	1	0.024625
7.183333	1	0.026375
7.200000	1	0.027375
7.216667	1	0.029375
7.233333	1	0.030625
7.250000	1	0.031750
7.266667	1	0.032875
7.283333	1	0.034000
7.300000	1	0.035750
7.316667	1	0.037375
7.333333	1	0.038750
7.350000	1	0.040750
7.366667	1	0.042500
7.383333	1	0.043375
7.400000	1	0.044375
7.416667	1	0.046125
7.433333	1	0.047000
7.450000	1	0.047875
7.466667	1	0.049125
7.483333	1	0.050000
7.500000	1	0.050500
7.516667	1	0.050875
7.533333	1	0.050750
7.550000	1	0.051625
7.566667	1	0.052125
7.583333	1	0.052500
7.600000	1	0.052500
7.616667	1	0.051875
7.633333	1	0.051875
7.650000	1	0.051625
7.666667	1	0.051250
7.683333	1	0.050875
7.700000	1	0.050750
7.716667	1	0.050375
7.733333	1	0.049625
7.750000	1	0.049125
7.766667	1	0.048750
7.783333	1	0.048000
7.800000	1	0.047375
7.816667	1	0.046375
7.833333	1	0.045250
7.850000	1	0.045250
7.866667	1	0.044750
7.883333	1	0.044000
7.900000	1	0.043000
7.916667	1	0.041625
7.933333	1	0.040750
7.950000	1	0.039500
7.966667	1	0.038750
7.983333	1	0.037250
8.000000	1	0.035875
8.016667	1	0.034500
8.033333	1	0.033750
8.050000	1	0.032750
8.066667	1	0.031125
8.083333	1	0.030000
8.100000	1	0.028875
8.116667	1	0.027500
8.133333	1	0.025875
8.150000	1	0.024250
8.166667	1	0.022500
8.183333	1	0.021625
8.200000	1	0.020875
8.216667	1	0.019500
8.233333	1	0.018125
8.250000	1	0.017000
8.266667	1	0.015500
8.283333	1	0.014875
8.300000	1	0.013250
8.316667	1	0.012625
8.333333	1	0.011000
8.350000	1	0.010250
8.366667	1	0.008625
8.383333	1	0.007000
8.400000	1	0.006750
8.416667	1	0.005875
8.433333	1	0.005500
8.450000	1	0.004750
8.466667	1	0.003625
8.483333	1	0.002875
8.500000	1	0.002500
8.516667	1	0.002000
8.533333	1	0.001500
8.550000	1	0.001875
8.566667	1	0.002250
8.583333	1	0.001875
8.600000	1	0.001875
8.616667	1	0.001625
8.633333	1	0.001750
8.650000	1	0.001750
8.666667	1	0.002875
8.683333	1	0.002750
8.700000	1	0.003250
8.716667	1	0.003875
8.733333	1	0.004500
8.750000	1	0.005250
8.766667	1	0.005875
8.783333	1	0.007250
8.800000	1	0.008375
8.816667	1	0.009250
8.833333	1	0.010000
8.850000	1	0.010875
8.866667	1	0.012000
8.883333	1	0.013000
8.900000	1	0.013625
8.916667	1	0.014500
8.933333	1	0.016000
8.950000	1	0.017125
8.966667	1	0.018250
8.983333	1	0.019375
9.000000	1	0.020625
9.016667	1	0.021500
9.033333	1	0.023000
9.050000	1	0.024125
9.066667	1	0.025625
9.083333	1	0.027125
9.100000	1	0.028500
9.116667	1	0.029875
9.133333	1	0.031375
9.150000	1	0.032625
9.166667	1	0.034000
9.183333	1	0.035250
9.200000	1	0.037000
9.216667	1	0.039250
9.233333	1	0.040875
9.250000	1	0.043250
9.266667	1	0.045625
9.283333	1	0.047250
9.300000	1	0.049500
9.316667	1	0.052375
9.333333	1	0.055500
9.350000	1	0.058125
9.366667	1	0.061375
9.383333	1	0.065875
9.400000	1	0.070375
9.416667	1	0.075500
9.433333	1	0.081250
9.450000	1	0.086875
9.466667	1	0.093750
9.483333	1	0.101625
9.500000	1	0.110000
9.516667	1	0.119875
9.533333	1	0.131000
9.550000	1	0.143875
9.566667	1	0.157750
9.583333	1	0.174375
9.600000	1	0.193750
9.616667	1	0.215000
9.633333	1	0.239000
9.650000	1	0.266125
9.666667	1	0.294875
9.683333	1	0.327000
9.700000	1	0.361625
9.716667	1	0.400375
9.733333	1	0.444125
9.750000	1	0.492250
9.766667	1	0.545625
9.783333	1	0.602125
9.800000	1	0.655125
9.816667	1	0.693500
9.833333	1	0.703125
9.850000	1	0.673000
9.866667	1	0.605625
9.883333	1	0.522500
9.900000	1	0.466000
9.916667	1	0.491875
9.933333	1	0.659875
9.950000	1	1.027875
9.966667	1	1.645375
9.983333	1	2.553750
10.000000	1	3.785750
10.016667	1	5.369875
10.033333	1	7.328625
10.050000	1	9.675625
10.066667	1	12.421625
10.083333	1	15.571625
10.100000	1	19.121750
10.116667	1	23.056750
10.133333	1	27.349250
10.150000	1	31.962250
10.166667	1	36.853000
10.183333	1	41.967125
10.200000	1	47.248000
10.216667	1	52.635750
10.233333	1	58.069500
10.250000	1	63.482750
10.266667	1	68.812625
10.283333	1	73.986750
10.300000	1	78.916250
10.316667	1	83.495125
10.333333	1	87.603875
10.350000	1	91.116125
10.366667	1	93.907750
10.383333	1	95.865625
10.400000	1	96.905750
10.416667	1	96.967125
10.433333	1	96.019875
10.450000	1	94.064625
10.466667	1	91.121500
10.483333	1	87.235500
10.500000	1	82.477250
10.516667	1	76.944000
10.533333	1	70.755250
10.550000	1	64.065875
10.566667	1	57.085000
10.583333	1	50.072875
10.600000	1	43.326375
10.616667	1	37.129625
10.633333	1	31.688875
10.650000	1	27.092625
10.666667	1	23.318125
10.683333	1	20.279750
10.700000	1	17.864375
10.716667	1	15.956125
10.733333	1	14.452625
10.750000	1	13.266625
10.766667	1	12.328250
10.783333	1	11.582500
10.800000	1	10.987625
10.816667	1	10.509000
10.833333	1	10.119000
10.850000	1	9.794250
10.866667	1	9.515250
10.883333	1	9.264375
10.900000	1	9.029750
10.916667	1	8.798125
10.933333	1	8.561750
10.950000	1	8.312625
10.966667	1	8.046375
10.983333	1	7.759500
11.000000	1	7.452750
11.016667	1	7.128625
11.033333	1	6.790625
11.050000	1	6.445000
11.066667	1	6.099375
11.083333	1	5.762000
11.100000	1	5.439625
11.116667	1	5.138750
11.133333	1	4.862500
11.150000	1	4.614375
11.166667	1	4.394375
11.183333	1	4.202250
11.200000	1	4.036000
11.216667	1	3.894250
11.233333	1	3.773625
11.250000	1	3.672000
11.266667	1	3.587250
11.283333	1	3.518125
11.300000	1	3.461875
11.316667	1	3.418125
11.333333	1	3.385375
11.350000	1	3.361750
11.366667	1	3.345625
11.383333	1	3.336000
11.400000	1	3.330750
11.416667	1	3.328000
11.433333	1	3.325500
11.450000	1	3.320875
11.466667	1	3.312125
11.483333	1	3.297375
11.500000	1	3.276125
11.516667	1	3.246750
11.533333	1	3.209625
11.550000	1	3.165625
11.566667	1	3.114375
11.583333	1	3.058375
11.600000	1	2.998000
11.616667	1	2.934375
11.633333	1	2.868875
11.650000	1	2.802375
11.666667	1	2.736625
11.683333	1	2.671125
11.700000	1	2.607250
11.716667	1	2.546000
11.733333	1	2.487625
11.750000	1	2.433125
11.766667	1	2.381875
11.783333	1	2.333625
11.800000	1	2.289125
11.816667	1	2.248625
11.833333	1	2.211250
11.850000	1	2.177250
11.866667	1	2.145375
11.883333	1	2.115500
11.900000	1	2.087500
11.916667	1	2.061375
11.933333	1	2.037000
11.950000	1	2.013375
11.966667	1	1.990750
11.983333	1	1.969000
12.000000	1	1.948750
12.016667	1	1.930375
12.033333	1	1.913250
12.050000	1	1.900250
12.066667	1	1.888750
12.083333	1	1.882250
12.100000	1	1.881875
12.116667	1	1.889125
12.133333	1	1.904500
12.150000	1	1.929750
12.166667	1	1.967250
12.183333	1	2.017875
12.200000	1	2.084875
12.216667	1	2.169250
12.233333	1	2.274250
12.250000	1	2.402250
12.266667	1	2.556750
12.283333	1	2.740000
12.300000	1	2.955875
12.316667	1	3.206375
12.333333	1	3.493250
12.350000	1	3.817375
12.366667	1	4.175750
12.383333	1	4.569500
12.400000	1	4.996125
12.416667	1	5.453875
12.433333	1	5.939375
12.450000	1	6.453250
12.466667	1	6.992500
12.483333	1	7.556125
12.500000	1	8.142375
12.516667	1	8.748875
12.533333	1	9.373125
12.550000	1	10.010375
12.566667	1	10.656750
12.583333	1	11.306750
12.600000	1	11.953625
12.616667	1	12.589750
12.633333	1	13.208625
12.650000	1	13.802375
12.666667	1	14.365125
12.683333	1	14.889375
12.700000	1	15.369875
12.716667	1	15.800500
12.733333	1	16.177625
12.750000	1	16.497625
12.766667	1	16.760375
12.783333	1	16.964750
12.800000	1	17.109875
12.816667	1	17.199625
12.833333	1	17.237000
12.850000	1	17.225250
12.866667	1	17.169500
12.883333	1	17.074250
12.900000	1	16.946625
12.916667	1	16.792375
12.933333	1	16.615625
12.950000	1	16.421125
12.966667	1	16.210875
12.983333	1	15.987875
13.000000	1	15.752500
13.016667	1	15.505875
13.033333	1	15.248250
13.050000	1	14.981500
13.066667	1	14.707875
13.083333	1	14.429000
13.100000	1	14.146250
13.116667	1	13.861750
13.133333	1	13.577000
13.150000	1	13.295250
13.166667	1	13.018000
13.183333	1	12.747000
13.200000	1	12.483500
13.216667	1	12.227000
13.233333	1	11.977625
13.250000	1	11.734750
13.266667	1	11.499500
13.283333	1	11.269875
13.300000	1	11.046000
13.316667	1	10.827500
13.333333	1	10.613250
13.350000	1	10.402875
13.366667	1	10.196750
13.383333	1	9.993500
13.400000	1	9.792125
13.416667	1	9.591500
13.433333	1	9.391750
13.450000	1	9.191000
13.466667	1	8.987875
13.483333	1	8.779000
13.500000	1	8.562500
13.516667	1	8.334750
13.533333	1	8.092125
13.550000	1	7.833500
13.566667	1	7.556000
13.583333	1	7.261250
13.600000	1	6.946625
13.616667	1	6.614625
13.633333	1	6.266625
13.650000	1	5.907375
13.666667	1	5.547375
13.683333	1	5.201500
13.700000	1	4.888625
13.716667	1	4.620625
13.733333	1	4.402125
13.750000	1	4.229000
13.766667	1	4.092875
13.783333	1	3.985500
13.800000	1	3.899750
13.816667	1	3.830375
13.833333	1	3.773875
13.850000	1	3.726875
13.866667	1	3.687125
13.883333	1	3.653000
13.900000	1	3.621750
13.916667	1	3.593875
13.933333	1	3.565875
13.950000	1	3.537625
13.966667	1	3.507875
13.983333	1	3.475750
14.000000	1	3.440875
14.016667	1	3.402000
14.033333	1	3.360375
14.050000	1	3.316375
14.066667	1	3.269750
14.083333	1	3.222375
14.100000	1	3.174625
14.116667	1	3.128625
14.133333	1	3.086125
14.150000	1	3.048500
14.166667	1	3.018000
14.183333	1	2.995000
14.200000	1	2.980250
14.216667	1	2.976625
14.233333	1	2.983625
14.250000	1	3.001125
14.266667	1	3.029625
14.283333	1	3.067125
14.300000	1	3.113250
14.316667	1	3.166750
14.333333	1	3.224125
14.350000	1	3.283875
14.366667	1	3.342750
14.383333	1	3.399250
14.400000	1	3.451250
14.416667	1	3.497750
14.433333	1	3.539625
14.450000	1	3.577500
14.466667	1	3.614250
14.483333	1	3.651875
14.500000	1	3.694625
14.516667	1	3.746750
14.533333	1	3.814250
14.550000	1	3.902875
14.566667	1	4.020125
14.583333	1	4.174000
14.600000	1	4.370250
14.616667	1	4.617625
14.633333	1	4.921875
14.650000	1	5.286625
14.666667	1	5.712375
14.683333	1	6.196750
14.700000	1	6.735625
14.716667	1	7.321125
14.733333	1	7.945750
14.750000	1	8.600500
14.766667	1	9.279375
14.783333	1	9.976125
14.800000	1	10.689250
14.816667	1	11.418125
14.833333	1	12.163500
14.850000	1	12.926000
14.866667	1	13.704250
14.883333	1	14.496125
14.900000	1	15.294375
14.916667	1	16.089500
14.933333	1	16.868500
14.950000	1	17.617375
14.966667	1	18.318000
14.983333	1	18.952125
15.000000	1	19.504250
15.016667	1	19.961000
15.033333	1	20.307625
15.050000	1	20.536000
15.066667	1	20.639875
15.083333	1	20.617750
15.100000	1	20.470750
15.116667	1	20.203375
15.133333	1	19.819750
15.150000	1	19.325125
15.166667	1	18.726000
15.183333	1	18.030875
15.200000	1	17.251875
15.216667	1	16.402750
15.233333	1	15.500000
15.250000	1	14.561000
15.266667	1	13.603125
15.283333	1	12.643500
15.300000	1	11.700125
15.316667	1	10.787500
15.333333	1	9.916500
15.350000	1	9.096000
15.366667	1	8.331875
15.383333	1	7.629625
15.400000	1	6.991125
15.416667	1	6.415625
15.433333	1	5.901375
15.450000	1	5.444250
15.466667	1	5.042750
15.483333	1	4.690875
15.500000	1	4.384500
15.516667	1	4.120750
15.533333	1	3.895000
15.550000	1	3.703750
15.566667	1	3.544375
15.583333	1	3.413875
15.600000	1	3.309750
15.616667	1	3.228875
15.633333	1	3.169625
15.650000	1	3.129625
15.666667	1	3.106000
15.683333	1	3.095750
15.700000	1	3.098625
15.716667	1	3.111250
15.733333	1	3.131625
15.750000	1	3.158000
15.766667	1	3.190000
15.783333	1	3.226625
15.800000	1	3.266750
15.816667	1	3.310875
15.833333	1	3.360000
15.850000	1	3.415375
15.866667	1	3.478125
15.883333	1	3.550125
15.900000	1	3.633000
15.916667	1	3.726500
15.933333	1	3.832250
15.950000	1	3.949000
15.966667	1	4.075250
15.983333	1	4.209375
16.000000	1	4.349625
16.016667	1	4.492125
16.033333	1	4.636125
16.050000	1	4.778000
16.066667	1	4.916000
16.083333	1	5.049875
16.100000	1	5.179250
16.116667	1	5.304750
16.133333	1	5.427000
16.150000	1	5.546125
16.166667	1	5.663000
16.183333	1	5.776500
16.200000	1	5.887875
16.216667	1	5.994875
16.233333	1	6.096500
16.250000	1	6.189875
16.266667	1	6.273750
16.283333	1	6.345000
16.300000	1	6.402875
16.316667	1	6.443750
16.333333	1	6.467250
16.350000	1	6.471375
16.366667	1	6.454500
16.383333	1	6.416250
16.400000	1	6.355500
16.416667	1	6.272000
16.433333	1	6.164750
16.450000	1	6.034000
16.466667	1	5.881125
16.483333	1	5.707250
16.500000	1	5.513500
16.516667	1	5.303625
16.533333	1	5.079750
16.550000	1	4.846250
16.566667	1	4.607125
16.583333	1	4.366625
16.600000	1	4.128000
16.616667	1	3.895125
16.633333	1	3.670875
16.650000	1	3.457500
16.666667	1	3.257000
16.683333	1	3.071375
16.700000	1	2.900750
16.716667	1	2.745875
16.733333	1	2.606500
16.750000	1	2.481375
16.766667	1	2.371250
16.783333	1	2.274125
16.800000	1	2.188750
16.816667	1	2.113625
16.833333	1	2.048500
16.850000	1	1.990375
16.866667	1	1.940000
16.883333	1	1.895375
16.900000	1	1.855625
16.916667	1	1.820250
16.933333	1	1.788375
16.950000	1	1.758875
16.966667	1	1.730750
16.983333	1	1.704500
17.000000	1	1.679625
17.016667	1	1.655875
17.033333	1	1.633500
17.050000	1	1.612750
17.066667	1	1.592875
17.083333	1	1.574250
17.100000	1	1.555375
17.116667	1	1.537500
17.133333	1	1.521375
17.150000	1	1.505875
17.166667	1	1.490875
17.183333	1	1.477500
17.200000	1	1.464250
17.216667	1	1.452000
17.233333	1	1.440875
17.250000	1	1.430625
17.266667	1	1.420875
17.283333	1	1.411750
17.300000	1	1.403875
17.316667	1	1.395625
17.333333	1	1.387875
17.350000	1	1.381000
17.366667	1	1.374500
17.383333	1	1.368750
17.400000	1	1.363250
17.416667	1	1.358375
17.433333	1	1.354000
17.450000	1	1.350750
17.466667	1	1.348250
17.483333	1	1.346250
17.500000	1	1.346250
17.516667	1	1.346750
17.533333	1	1.349000
17.550000	1	1.352500
17.566667	1	1.357125
17.583333	1	1.363375
17.600000	1	1.370750
17.616667	1	1.380625
17.633333	1	1.391875
17.650000	1	1.404750
17.666667	1	1.419000
17.683333	1	1.434500
17.700000	1	1.450875
17.716667	1	1.469000
17.733333	1	1.488250
17.750000	1	1.507500
17.766667	1	1.527625
17.783333	1	1.549625
17.800000	1	1.572000
17.816667	1	1.593375
17.833333	1	1.616500
17.850000	1	1.640375
17.866667	1	1.664375
17.883333	1	1.687875
17.900000	1	1.710500
17.916667	1	1.733125
17.933333	1	1.755125
17.950000	1	1.775625
17.966667	1	1.795250
17.983333	1	1.812750
18.000000	1	1.829375
18.016667	1	1.844375
18.033333	1	1.857875
18.050000	1	1.869500
18.066667	1	1.878250
18.083333	1	1.885500
18.100000	1	1.890750
18.116667	1	1.893750
18.133333	1	1.894625
18.150000	1	1.893250
18.166667	1	1.889125
18.183333	1	1.883125
18.200000	1	1.875750
18.216667	1	1.865500
18.233333	1	1.854000
18.250000	1	1.841500
18.266667	1	1.826000
18.283333	1	1.809875
18.300000	1	1.791625
18.316667	1	1.772875
18.333333	1	1.752625
18.350000	1	1.732125
18.366667	1	1.710500
18.383333	1	1.688250
18.400000	1	1.666375
18.416667	1	1.643250
18.433333	1	1.621125
18.450000	1	1.598375
18.466667	1	1.576250
18.483333	1	1.554125
18.500000	1	1.532000
18.516667	1	1.511000
18.533333	1	1.489875
18.550000	1	1.469000
18.566667	1	1.449125
18.583333	1	1.429250
18.600000	1	1.410125
18.616667	1	1.391625
18.633333	1	1.373750
18.650000	1	1.356500
18.666667	1	1.340000
18.683333	1	1.323625
18.700000	1	1.308000
18.716667	1	1.292875
18.733333	1	1.278000
18.750000	1	1.265250
18.766667	1	1.252250
18.783333	1	1.240250
18.800000	1	1.229625
18.816667	1	1.219875
18.833333	1	1.210750
18.850000	1	1.203625
18.866667	1	1.197750
18.883333	1	1.193625
18.900000	1	1.191750
18.916667	1	1.192250
18.933333	1	1.194125
18.950000	1	1.198250
18.966667	1	1.203750
18.983333	1	1.212000
19.000000	1	1.221125
19.016667	1	1.233250
19.033333	1	1.246875
19.050000	1	1.261750
19.066667	1	1.278000
19.083333	1	1.296250
19.100000	1	1.314875
19.116667	1	1.334750
19.133333	1	1.356250
19.150000	1	1.378500
19.166667	1	1.402000
19.183333	1	1.426500
19.200000	1	1.452250
19.216667	1	1.478375
19.233333	1	1.505375
19.250000	1	1.532500
19.266667	1	1.560250
19.283333	1	1.588125
19.300000	1	1.615250
19.316667	1	1.642875
19.333333	1	1.669125
19.350000	1	1.693875
19.366667	1	1.718000
19.383333	1	1.741000
19.400000	1	1.762625
19.416667	1	1.781250
19.433333	1	1.798000
19.450000	1	1.812750
19.466667	1	1.825250
19.483333	1	1.833750
19.500000	1	1.839125
19.516667	1	1.841500
19.533333	1	1.840625
19.550000	1	1.836000
19.566667	1	1.828250
19.583333	1	1.817375
19.600000	1	1.803375
19.616667	1	1.786250
19.633333	1	1.765750
19.650000	1	1.743375
19.666667	1	1.718250
19.683333	1	1.691750
19.700000	1	1.663750
19.716667	1	1.634375
19.733333	1	1.604125
19.750000	1	1.573750
19.766667	1	1.543125
19.783333	1	1.512500
19.800000	1	1.482500
19.816667	1	1.454000
19.833333	1	1.426625
19.850000	1	1.402250
19.866667	1	1.379125
19.883333	1	1.359250
19.900000	1	1.341375
19.916667	1	1.326750
19.933333	1	1.315000
19.950000	1	1.307500
19.966667	1	1.303125
19.983333	1	1.303000
20.000000	1	1.307375
20.016667	1	1.316375
20.033333	1	1.330375
20.050000	1	1.349250
20.066667	1	1.372375
20.083333	1	1.402500
20.100000	1	1.437875
20.116667	1	1.479625
20.133333	1	1.527500
20.150000	1	1.581625
20.166667	1	1.641750
20.183333	1	1.707625
20.200000	1	1.777250
20.216667	1	1.851250
20.233333	1	1.928250
20.250000	1	2.007250
20.266667	1	2.087250
20.283333	1	2.167250
20.300000	1	2.246625
20.316667	1	2.325875
20.333333	1	2.404000
20.350000	1	2.481750
20.366667	1	2.558500
20.383333	1	2.637000
20.400000	1	2.716375
20.416667	1	2.798375
20.433333	1	2.883375
20.450000	1	2.972125
20.466667	1	3.063750
20.483333	1	3.158875
20.500000	1	3.256125
20.516667	1	3.355500
20.533333	1	3.455750
20.550000	1	3.556125
20.566667	1	3.656000
20.583333	1	3.753250
20.600000	1	3.847125
20.616667	1	3.936375
20.633333	1	4.019625
20.650000	1	4.095000
20.666667	1	4.161875
20.683333	1	4.218500
20.700000	1	4.263750
20.716667	1	4.296125
20.733333	1	4.314375
20.750000	1	4.317625
20.766667	1	4.305125
20.783333	1	4.276000
20.800000	1	4.229875
20.816667	1	4.167250
20.833333	1	4.088875
20.850000	1	3.996000
20.866667	1	3.889625
20.883333	1	3.771875
20.900000	1	3.644875
20.916667	1	3.510125
20.933333	1	3.370500
20.950000	1	3.228375
20.966667	1	3.086125
20.983333	1	2.944875
21.000000	1	2.807875
21.016667	1	2.676500
21.033333	1	2.550375
21.050000	1	2.432750
21.066667	1	2.321750
21.083333	1	2.219125
21.100000	1	2.124750
21.116667	1	2.037750
21.133333	1	1.958250
21.150000	1	1.885375
21.166667	1	1.818875
21.183333	1	1.757500
21.200000	1	1.699750
21.216667	1	1.646375
21.233333	1	1.595625
21.250000	1	1.547125
21.266667	1	1.500125
21.283333	1	1.454750
21.300000	1	1.409875
21.316667	1	1.364875
21.333333	1	1.320500
21.350000	1	1.276750
21.366667	1	1.233000
21.383333	1	1.189750
21.400000	1	1.147250
21.416667	1	1.104750
21.433333	1	1.064125
21.450000	1	1.024875
21.466667	1	0.987500
21.483333	1	0.951125
21.500000	1	0.916000
21.516667	1	0.884375
21.533333	1	0.854875
21.550000	1	0.827375
21.566667	1	0.802250
21.583333	1	0.779375
21.600000	1	0.759500
21.616667	1	0.740625
21.633333	1	0.725250
21.650000	1	0.711500
21.666667	1	0.700500
21.683333	1	0.691000
21.700000	1	0.682750
21.716667	1	0.676125
21.733333	1	0.671750
21.750000	1	0.668250
21.766667	1	0.665750
21.783333	1	0.664500
21.800000	1	0.664500
21.816667	1	0.665500
21.833333	1	0.666125
21.850000	1	0.668500
21.866667	1	0.671250
21.883333	1	0.674625
21.900000	1	0.678750
21.916667	1	0.683250
21.933333	1	0.687875
21.950000	1	0.693875
21.966667	1	0.700500
21.983333	1	0.707625
22.000000	1	0.714500
22.016667	1	0.721250
22.033333	1	0.728625
22.050000	1	0.736375
22.066667	1	0.744125
22.083333	1	0.751375
22.100000	1	0.758250
22.116667	1	0.765750
22.133333	1	0.773125
22.150000	1	0.778875
22.166667	1	0.784875
22.183333	1	0.790125
22.200000	1	0.795000
22.216667	1	0.799875
22.233333	1	0.802750
22.250000	1	0.804875
22.266667	1	0.805625
22.283333	1	0.805250
22.300000	1	0.803125
22.316667	1	0.800875
22.333333	1	0.797250
22.350000	1	0.792500
22.366667	1	0.786500
22.383333	1	0.780000
22.400000	1	0.772375
22.416667	1	0.764125
22.433333	1	0.756375
22.450000	1	0.747875
22.466667	1	0.738500
22.483333	1	0.729750
22.500000	1	0.720875
22.516667	1	0.712625
22.533333	1	0.704750
22.550000	1	0.697750
22.566667	1	0.690625
22.583333	1	0.685750
22.600000	1	0.681000
22.616667	1	0.677500
22.633333	1	0.674250
22.650000	1	0.672375
22.666667	1	0.670750
22.683333	1	0.670125
22.700000	1	0.670375
22.716667	1	0.671125
22.733333	1	0.671750
22.750000	1	0.672875
22.766667	1	0.674250
22.783333	1	0.676250
22.800000	1	0.678250
22.816667	1	0.680375
22.833333	1	0.682750
22.850000	1	0.684875
22.866667	1	0.686000
22.883333	1	0.686875
22.900000	1	0.688000
22.916667	1	0.689125
22.933333	1	0.689250
22.950000	1	0.689500
22.966667	1	0.687875
22.983333	1	0.686000
23.000000	1	0.684500
23.016667	1	0.682625
23.033333	1	0.679750
23.050000	1	0.676625
23.066667	1	0.672000
23.083333	1	0.667625
23.100000	1	0.662375
23.116667	1	0.656625
23.133333	1	0.649750
23.150000	1	0.642875
23.166667	1	0.634875
23.183333	1	0.628250
23.200000	1	0.620125
23.216667	1	0.611500
23.233333	1	0.602750
23.250000	1	0.594125
23.266667	1	0.586125
23.283333	1	0.577375
23.300000	1	0.568875
23.316667	1	0.560375
23.333333	1	0.553000
23.350000	1	0.545500
23.366667	1	0.539375
23.383333	1	0.533875
23.400000	1	0.529125
23.416667	1	0.525375
23.433333	1	0.523375
23.450000	1	0.522375
23.466667	1	0.523500
23.483333	1	0.526375
23.500000	1	0.531875
23.516667	1	0.538875
23.533333	1	0.548250
23.550000	1	0.560375
23.566667	1	0.575000
23.583333	1	0.591500
23.600000	1	0.611125
23.616667	1	0.632875
23.633333	1	0.656500
23.650000	1	0.682500
23.666667	1	0.710000
23.683333	1	0.738750
23.700000	1	0.769375
23.716667	1	0.801625
23.733333	1	0.834500
23.750000	1	0.868500
23.766667	1	0.903500
23.783333	1	0.939625
23.800000	1	0.977375
23.816667	1	1.016125
23.833333	1	1.055750
23.850000	1	1.097125
23.866667	1	1.139875
23.883333	1	1.184875
23.900000	1	1.230000
23.916667	1	1.275875
23.933333	1	1.323000
23.950000	1	1.370875
23.966667	1	1.419875
23.983333	1	1.468875
24.000000	1	1.516750
24.016667	1	1.564500
24.033333	1	1.611250
24.050000	1	1.654250
24.066667	1	1.696000
24.083333	1	1.734625
24.100000	1	1.771000
24.116667	1	1.803125
24.133333	1	1.831375
24.150000	1	1.854250
24.166667	1	1.873125
24.183333	1	1.886625
24.200000	1	1.894125
24.216667	1	1.895875
24.233333	1	1.891625
24.250000	1	1.880125
24.266667	1	1.863625
24.283333	1	1.840375
24.300000	1	1.811625
24.316667	1	1.777000
24.333333	1	1.738250
24.350000	1	1.694500
24.366667	1	1.647125
24.383333	1	1.597250
24.400000	1	1.544125
24.416667	1	1.489875
24.433333	1	1.435500
24.450000	1	1.380625
24.466667	1	1.326500
24.483333	1	1.274000
24.500000	1	1.223875
24.516667	1	1.175875
24.533333	1	1.129750
24.550000	1	1.087500
24.566667	1	1.048500
24.583333	1	1.013125
24.600000	1	0.980750
24.616667	1	0.952875
24.633333	1	0.928125
24.650000	1	0.906250
24.666667	1	0.887500
24.683333	1	0.871750
24.700000	1	0.858375
24.716667	1	0.846875
24.733333	1	0.837750
24.750000	1	0.830375
24.766667	1	0.823875
24.783333	1	0.817750
24.800000	1	0.812250
24.816667	1	0.806625
24.833333	1	0.801625
24.850000	1	0.797125
24.866667	1	0.792250
24.883333	1	0.787000
24.900000	1	0.779875
24.916667	1	0.772000
24.933333	1	0.763250
24.950000	1	0.754000
24.966667	1	0.744125
24.983333	1	0.733125
25.000000	1	0.721125
25.016667	1	0.706875
25.033333	1	0.692250
25.050000	1	0.677500
25.066667	1	0.661500
25.083333	1	0.644625
25.100000	1	0.627500
25.116667	1	0.609875
25.133333	1	0.591250
25.150000	1	0.572250
25.166667	1	0.554500
25.183333	1	0.536875
25.200000	1	0.519125
25.216667	1	0.501750
25.233333	1	0.485250
25.250000	1	0.468875
25.266667	1	0.453375
25.283333	1	0.438875
25.300000	1	0.424250
25.316667	1	0.411375
25.333333	1	0.399875
25.350000	1	0.388625
25.366667	1	0.378500
25.383333	1	0.369875
25.400000	1	0.361500
25.416667	1	0.354000
25.433333	1	0.347875
25.450000	1	0.342250
25.466667	1	0.337250
25.483333	1	0.333375
25.500000	1	0.330000
25.516667	1	0.328125
25.533333	1	0.326000
25.550000	1	0.323875
25.566667	1	0.322750
25.583333	1	0.322000
25.600000	1	0.322125
25.616667	1	0.322500
25.633333	1	0.323375
25.650000	1	0.324250
25.666667	1	0.324875
25.683333	1	0.326125
25.700000	1	0.327500
25.716667	1	0.329250
25.733333	1	0.331625
25.750000	1	0.333875
25.766667	1	0.336250
25.783333	1	0.338500
25.800000	1	0.340750
25.816667	1	0.343000
25.833333	1	0.345000
25.850000	1	0.347625
25.866667	1	0.350125
25.883333	1	0.352625
25.900000	1	0.355500
25.916667	1	0.358375
25.933333	1	0.361125
25.950000	1	0.364500
25.966667	1	0.367625
25.983333	1	0.370500
26.000000	1	0.373875
26.016667	1	0.377000
26.033333	1	0.380125
26.050000	1	0.383375
26.066667	1	0.386750
26.083333	1	0.389625
26.100000	1	0.393125
26.116667	1	0.396625
26.133333	1	0.400000
26.150000	1	0.404125
26.166667	1	0.409375
26.183333	1	0.413500
26.200000	1	0.417750
26.216667	1	0.422000
26.233333	1	0.427125
26.250000	1	0.431000
26.266667	1	0.435875
26.283333	1	0.440250
26.300000	1	0.445000
26.316667	1	0.449375
26.333333	1	0.453500
26.350000	1	0.457875
26.366667	1	0.462625
26.383333	1	0.467375
26.400000	1	0.471250
26.416667	1	0.475125
26.433333	1	0.478625
26.450000	1	0.482125
26.466667	1	0.485625
26.483333	1	0.488750
26.500000	1	0.491125
26.516667	1	0.493500
26.533333	1	0.495625
26.550000	1	0.497375
26.566667	1	0.499500
26.583333	1	0.500750
26.600000	1	0.501750
26.616667	1	0.502000
26.633333	1	0.501625
26.650000	1	0.501500
26.666667	1	0.500875
26.683333	1	0.499500
26.700000	1	0.497750
26.716667	1	0.495250
26.733333	1	0.492875
26.750000	1	0.490250
26.766667	1	0.486500
26.783333	1	0.482500
26.800000	1	0.478500
26.816667	1	0.474000
26.833333	1	0.468875
26.850000	1	0.463000
26.866667	1	0.457000
26.883333	1	0.449625
26.900000	1	0.442625
26.916667	1	0.435125
26.933333	1	0.427250
26.950000	1	0.419500
26.966667	1	0.411125
26.983333	1	0.402750
27.000000	1	0.394250
27.016667	1	0.385750
27.033333	1	0.376500
27.050000	1	0.367625
27.066667	1	0.358250
27.083333	1	0.349250
27.100000	1	0.340125
27.116667	1	0.332125
27.133333	1	0.322875
27.150000	1	0.314375
27.166667	1	0.306625
27.183333	1	0.298625
27.200000	1	0.291750
27.216667	1	0.284750
27.233333	1	0.278375
27.250000	1	0.272750
27.266667	1	0.267875
27.283333	1	0.263625
27.300000	1	0.260500
27.316667	1	0.257000
27.333333	1	0.254875
27.350000	1	0.253875
27.366667	1	0.253625
27.383333	1	0.255000
27.400000	1	0.257000
27.416667	1	0.261000
27.433333	1	0.266625
27.450000	1	0.274125
27.466667	1	0.283500
27.483333	1	0.295125
27.500000	1	0.309375
27.516667	1	0.325875
27.533333	1	0.345125
27.550000	1	0.367000
27.566667	1	0.392000
27.583333	1	0.419750
27.600000	1	0.450500
27.616667	1	0.484875
27.633333	1	0.522375
27.650000	1	0.562875
27.666667	1	0.605875
27.683333	1	0.652250
27.700000	1	0.700750
27.716667	1	0.752000
27.733333	1	0.805750
27.750000	1	0.861375
27.766667	1	0.918750
27.783333	1	0.978125
27.800000	1	1.038125
27.816667	1	1.099500
27.833333	1	1.162000
27.850000	1	1.225250
27.866667	1	1.289625
27.883333	1	1.355875
27.900000	1	1.423000
27.916667	1	1.490625
27.933333	1	1.559625
27.950000	1	1.630375
27.966667	1	1.701500
27.983333	1	1.773625
28.000000	1	1.847500
28.016667	1	1.921000
28.033333	1	1.995250
28.050000	1	2.068500
28.066667	1	2.142875
28.083333	1	2.217875
28.100000	1	2.291875
28.116667	1	2.365000
28.133333	1	2.436750
28.150000	1	2.506875
28.166667	1	2.574750
28.183333	1	2.640500
28.200000	1	2.701875
28.216667	1	2.760375
28.233333	1	2.815375
28.250000	1	2.866125
28.266667	1	2.911875
28.283333	1	2.953375
28.300000	1	2.989750
28.316667	1	3.020125
28.333333	1	3.044625
28.350000	1	3.062000
28.366667	1	3.073000
28.383333	1	3.077000
28.400000	1	3.073750
28.416667	1	3.062000
28.433333	1	3.043375
28.450000	1	3.015625
28.466667	1	2.979500
28.483333	1	2.934750
28.500000	1	2.882375
28.516667	1	2.821500
28.533333	1	2.751875
28.550000	1	2.674875
28.566667	1	2.590000
28.583333	1	2.498875
28.600000	1	2.402125
28.616667	1	2.299875
28.633333	1	2.193000
28.650000	1	2.082500
28.666667	1	1.969500
28.683333	1	1.855250
28.700000	1	1.740125
28.716667	1	1.626000
28.733333	1	1.512875
28.750000	1	1.402625
28.766667	1	1.295250
28.783333	1	1.192500
28.800000	1	1.094375
28.816667	1	1.000375
28.833333	1	0.912375
28.850000	1	0.829750
28.866667	1	0.753000
28.883333	1	0.682500
28.900000	1	0.617875
28.916667	1	0.557625
28.933333	1	0.503500
28.950000	1	0.454875
28.966667	1	0.410750
28.983333	1	0.371875
29.000000	1	0.337000
29.016667	1	0.306375
29.033333	1	0.279625
29.050000	1	0.255500
29.066667	1	0.234375
29.083333	1	0.216000
29.100000	1	0.201000
29.116667	1	0.186750
29.133333	1	0.175375
29.150000	1	0.166000
29.166667	1	0.158750
29.183333	1	0.152625
29.200000	1	0.147625
29.216667	1	0.144375
29.233333	1	0.141875
29.250000	1	0.141125
29.266667	1	0.140500
29.283333	1	0.141625
29.300000	1	0.143375
29.316667	1	0.145625
29.333333	1	0.149750
29.350000	1	0.154125
29.366667	1	0.159250
29.383333	1	0.165500
29.400000	1	0.172625
29.416667	1	0.179625
29.433333	1	0.188000
29.450000	1	0.196250
29.466667	1	0.205125
29.483333	1	0.214875
29.500000	1	0.224500
29.516667	1	0.235125
29.533333	1	0.245625
29.550000	1	0.256250
29.566667	1	0.267375
29.583333	1	0.278125
29.600000	1	0.288750
29.616667	1	0.300125
29.633333	1	0.311625
29.650000	1	0.323000
29.666667	1	0.334000
29.683333	1	0.344500
29.700000	1	0.355500
29.716667	1	0.366750
29.733333	1	0.376625
29.750000	1	0.387375
29.766667	1	0.396750
29.783333	1	0.406375
29.800000	1	0.416125
29.816667	1	0.425875
29.833333	1	0.435500
29.850000	1	0.443625
29.866667	1	0.452125
29.883333	1	0.459375
29.900000	1	0.466250
29.916667	1	0.473000
29.933333	1	0.480000
29.950000	1	0.486250
29.966667	1	0.491750
29.983333	1	0.497000
30.000000	1	0.502250
30.016667	1	0.506375
30.033333	1	0.510625
30.050000	1	0.513750
30.066667	1	0.516500
30.083333	1	0.518750
30.100000	1	0.519625
30.116667	1	0.521250
30.133333	1	0.522250
30.150000	1	0.522375
30.166667	1	0.522750
30.183333	1	0.523250
30.200000	1	0.523125
30.216667	1	0.521875
30.233333	1	0.520625
30.250000	1	0.518500
30.266667	1	0.516875
30.283333	1	0.514625
30.300000	1	0.512875
30.316667	1	0.510500
30.333333	1	0.507250
30.350000	1	0.504125
30.366667	1	0.501625
30.383333	1	0.498625
30.400000	1	0.495000
30.416667	1	0.491500
30.433333	1	0.487375
30.450000	1	0.484625
30.466667	1	0.481625
30.483333	1	0.479000
30.500000	1	0.475000
30.516667	1	0.471875
30.533333	1	0.469125
30.550000	1	0.466250
30.566667	1	0.464000
30.583333	1	0.461375
30.600000	1	0.459375
30.616667	1	0.458125
30.633333	1	0.456375
30.650000	1	0.454625
30.666667	1	0.453125
30.683333	1	0.452000
30.700000	1	0.451000
30.716667	1	0.450500
30.733333	1	0.449625
30.750000	1	0.448875
30.766667	1	0.448625
30.783333	1	0.448500
30.800000	1	0.448750
30.816667	1	0.448875
30.833333	1	0.448500
30.850000	1	0.449500
30.866667	1	0.449625
30.883333	1	0.449750
30.900000	1	0.451250
30.916667	1	0.452500
30.933333	1	0.453750
30.950000	1	0.455125
30.966667	1	0.456375
30.983333	1	0.458250
31.000000	1	0.460125
31.016667	1	0.462375
31.033333	1	0.463875
31.050000	1	0.465625
31.066667	1	0.466750
31.083333	1	0.468750
31.100000	1	0.470375
31.116667	1	0.472375
31.133333	1	0.474875
31.150000	1	0.476875
31.166667	1	0.478875
31.183333	1	0.480375
31.200000	1	0.482125
31.216667	1	0.483375
31.233333	1	0.484625
31.250000	1	0.485375
31.266667	1	0.486125
31.283333	1	0.486875
31.300000	1	0.487125
31.316667	1	0.486875
31.333333	1	0.486250
31.350000	1	0.485750
31.366667	1	0.485000
31.383333	1	0.483375
31.400000	1	0.481875
31.416667	1	0.479875
31.433333	1	0.477625
31.450000	1	0.475625
31.466667	1	0.473125
31.483333	1	0.470250
31.500000	1	0.467375
31.516667	1	0.464125
31.533333	1	0.461500
31.550000	1	0.458500
31.566667	1	0.455000
31.583333	1	0.451625
31.600000	1	0.448875
31.616667	1	0.445875
31.633333	1	0.443125
31.650000	1	0.440625
31.666667	1	0.438625
31.683333	1	0.437250
31.700000	1	0.435875
31.716667	1	0.435375
31.733333	1	0.434500
31.750000	1	0.434625
31.766667	1	0.434250
31.783333	1	0.435375
31.800000	1	0.436250
31.816667	1	0.437000
31.833333	1	0.438750
31.850000	1	0.440875
31.866667	1	0.443625
31.883333	1	0.445875
31.900000	1	0.449000
31.916667	1	0.452000
31.933333	1	0.454875
31.950000	1	0.458750
31.966667	1	0.463000
31.983333	1	0.467375
32.000000	1	0.471375
32.016667	1	0.475750
32.033333	1	0.480375
32.050000	1	0.484875
32.066667	1	0.489375
32.083333	1	0.495250
32.100000	1	0.500250
32.116667	1	0.505250
32.133333	1	0.510875
32.150000	1	0.516375
32.166667	1	0.521875
32.183333	1	0.527000
32.200000	1	0.531625
32.216667	1	0.537250
32.233333	1	0.542000
32.250000	1	0.546375
32.266667	1	0.551375
32.283333	1	0.556750
32.300000	1	0.561250
32.316667	1	0.564750
32.333333	1	0.568500
32.350000	1	0.572500
32.366667	1	0.575750
32.383333	1	0.578750
32.400000	1	0.581250
32.416667	1	0.583625
32.433333	1	0.585625
32.450000	1	0.587500
32.466667	1	0.588500
32.483333	1	0.589500
32.500000	1	0.588875
32.516667	1	0.588250
32.533333	1	0.587500
32.550000	1	0.585125
32.566667	1	0.582750
32.583333	1	0.579375
32.600000	1	0.575500
32.616667	1	0.571375
32.633333	1	0.566500
32.650000	1	0.560875
32.666667	1	0.554875
32.683333	1	0.548000
32.700000	1	0.540375
32.716667	1	0.532375
32.733333	1	0.523250
32.750000	1	0.513875
32.766667	1	0.504250
32.783333	1	0.494250
32.800000	1	0.483500
32.816667	1	0.472125
32.833333	1	0.460625
32.850000	1	0.448750
32.866667	1	0.435875
32.883333	1	0.424000
32.900000	1	0.410625
32.916667	1	0.397750
32.933333	1	0.384625
32.950000	1	0.371750
32.966667	1	0.358375
32.983333	1	0.345250
33.000000	1	0.331750
33.016667	1	0.318625
33.033333	1	0.305625
33.050000	1	0.293250
33.066667	1	0.280125
33.083333	1	0.267125
33.100000	1	0.254750
33.116667	1	0.242875
33.133333	1	0.231000
33.150000	1	0.219125
33.166667	1	0.207875
33.183333	1	0.196750
33.200000	1	0.186250
33.216667	1	0.175625
33.233333	1	0.165875
33.250000	1	0.156750
33.266667	1	0.147500
33.283333	1	0.138750
33.300000	1	0.130500
33.316667	1	0.122375
33.333333	1	0.114875
33.350000	1	0.107500
33.366667	1	0.100125
33.383333	1	0.092750
33.400000	1	0.086500
33.416667	1	0.080750
33.433333	1	0.074500
33.450000	1	0.069375
33.466667	1	0.063875
33.483333	1	0.058875
33.500000	1	0.054250
33.516667	1	0.049750
33.533333	1	0.045750
33.550000	1	0.041375
33.566667	1	0.037375
33.583333	1	0.033375
33.600000	1	0.029625
33.616667	1	0.026625
33.633333	1	0.023875
33.650000	1	0.020875
33.666667	1	0.018250
33.683333	1	0.016125
33.700000	1	0.014250
33.716667	1	0.012750
33.733333	1	0.010875
33.750000	1	0.009375
33.766667	1	0.008250
33.783333	1	0.008000
33.800000	1	0.006625
33.816667	1	0.006375
33.833333	1	0.006000
33.850000	1	0.006875
33.866667	1	0.007500
33.883333	1	0.008250
33.900000	1	0.009250
33.916667	1	0.010250
33.933333	1	0.011875
33.950000	1	0.014000
33.966667	1	0.015625
33.983333	1	0.017375
34.000000	1	0.020250
34.016667	1	0.023000
34.033333	1	0.025000
34.050000	1	0.027250
34.066667	1	0.030375
34.083333	1	0.034625
34.100000	1	0.038500
34.116667	1	0.042000
34.133333	1	0.046250
34.150000	1	0.050375
34.166667	1	0.054250
34.183333	1	0.058625
34.200000	1	0.063375
34.216667	1	0.068625
34.233333	1	0.074000
34.250000	1	0.078875
34.266667	1	0.083625
34.283333	1	0.089375
34.300000	1	0.095250
34.316667	1	0.101250
34.333333	1	0.107125
34.350000	1	0.113000
34.366667	1	0.119375
34.383333	1	0.126000
34.400000	1	0.132625
34.416667	1	0.139375
34.433333	1	0.145625
34.450000	1	0.152500
34.466667	1	0.159750
34.483333	1	0.166125
34.500000	1	0.173125
34.516667	1	0.179375
34.533333	1	0.186000
34.550000	1	0.192250
34.566667	1	0.198375
34.583333	1	0.204125
34.600000	1	0.210250
34.616667	1	0.216375
34.633333	1	0.221625
34.650000	1	0.226000
34.666667	1	0.231250
34.683333	1	0.235500
34.700000	1	0.239750
34.716667	1	0.243375
34.733333	1	0.246125
34.750000	1	0.248250
34.766667	1	0.250250
34.783333	1	0.251625
34.800000	1	0.252625
34.816667	1	0.253375
34.833333	1	0.253750
34.850000	1	0.252750
34.866667	1	0.250750
34.883333	1	0.248750
34.900000	1	0.247000
34.916667	1	0.243625
34.933333	1	0.240125
34.950000	1	0.236375
34.966667	1	0.231750
34.983333	1	0.226500
35.000000	1	0.220875
35.016667	1	0.214750
35.033333	1	0.208625
35.050000	1	0.202250
35.066667	1	0.196125
35.083333	1	0.189750
35.100000	1	0.182375
35.116667	1	0.175250
35.133333	1	0.168000
35.150000	1	0.160875
35.166667	1	0.153125
35.183333	1	0.145875
35.200000	1	0.138750
35.216667	1	0.132125
35.233333	1	0.125750
35.250000	1	0.120000
35.266667	1	0.113500
35.283333	1	0.107500
35.300000	1	0.102125
35.316667	1	0.096250
35.333333	1	0.090625
35.350000	1	0.085875
35.366667	1	0.082000
35.383333	1	0.078250
35.400000	1	0.075250
35.416667	1	0.071375
35.433333	1	0.068625
35.450000	1	0.066125
35.466667	1	0.064125
35.483333	1	0.062625
35.500000	1	0.060875
35.516667	1	0.059750
35.533333	1	0.059125
35.550000	1	0.059125
35.566667	1	0.059000
35.583333	1	0.059625
35.600000	1	0.060375
35.616667	1	0.061375
35.633333	1	0.061875
35.650000	1	0.062750
35.666667	1	0.064500
35.683333	1	0.066500
35.700000	1	0.068500
35.716667	1	0.070625
35.733333	1	0.072125
35.750000	1	0.074250
35.766667	1	0.077125
35.783333	1	0.080000
35.800000	1	0.082875
35.816667	1	0.085500
35.833333	1	0.088000
35.850000	1	0.091000
35.866667	1	0.094750
35.883333	1	0.097875
35.900000	1	0.101375
35.916667	1	0.104625
35.933333	1	0.107875
35.950000	1	0.112000
35.966667	1	0.115250
35.983333	1	0.118875
36.000000	1	0.122250
36.016667	1	0.126125
36.033333	1	0.129250
36.050000	1	0.133625
36.066667	1	0.137125
36.083333	1	0.140750
36.100000	1	0.144750
36.116667	1	0.148500
36.133333	1	0.152500
36.150000	1	0.156125
36.166667	1	0.160250
36.183333	1	0.163375
36.200000	1	0.167125
36.216667	1	0.171000
36.233333	1	0.174500
36.250000	1	0.178625
36.266667	1	0.182250
36.283333	1	0.186500
36.300000	1	0.190750
36.316667	1	0.193875
36.333333	1	0.196500
36.350000	1	0.200125
36.366667	1	0.203625
36.383333	1	0.206500
36.400000	1	0.210750
36.416667	1	0.214250
36.433333	1	0.217875
36.450000	1	0.220875
36.466667	1	0.223625
36.483333	1	0.226875
36.500000	1	0.229875
36.516667	1	0.232375
36.533333	1	0.235125
36.550000	1	0.237375
36.566667	1	0.239000
36.583333	1	0.241375
36.600000	1	0.243500
36.616667	1	0.245250
36.633333	1	0.247375
36.650000	1	0.249125
36.666667	1	0.250750
36.683333	1	0.252125
36.700000	1	0.253000
36.716667	1	0.253250
36.733333	1	0.253875
36.750000	1	0.254250
36.766667	1	0.254625
36.783333	1	0.254625
36.800000	1	0.254375
36.816667	1	0.254000
36.833333	1	0.253750
36.850000	1	0.252500
36.866667	1	0.251375
36.883333	1	0.250125
36.900000	1	0.248500
36.916667	1	0.246375
36.933333	1	0.245000
36.950000	1	0.242875
36.966667	1	0.240375
36.983333	1	0.238375
37.000000	1	0.235000
37.016667	1	0.231625
37.033333	1	0.228750
37.050000	1	0.225250
37.066667	1	0.221625
37.083333	1	0.218000
37.100000	1	0.214375
37.116667	1	0.210250
37.133333	1	0.205750
37.150000	1	0.201125
37.166667	1	0.196875
37.183333	1	0.192500
37.200000	1	0.188125
37.216667	1	0.183125
37.233333	1	0.178125
37.250000	1	0.172500
37.266667	1	0.167500
37.283333	1	0.163250
37.300000	1	0.158250
37.316667	1	0.152750
37.333333	1	0.147500
37.350000	1	0.142875
37.366667	1	0.136875
37.383333	1	0.132000
37.400000	1	0.126750
37.416667	1	0.121500
37.433333	1	0.115875
37.450000	1	0.110750
37.466667	1	0.105750
37.483333	1	0.100125
37.500000	1	0.094750
37.516667	1	0.089625
37.533333	1	0.084500
37.550000	1	0.079125
37.566667	1	0.073875
37.583333	1	0.068250
37.600000	1	0.063250
37.616667	1	0.059000
37.633333	1	0.054000
37.650000	1	0.048875
37.666667	1	0.044250
37.683333	1	0.039500
37.700000	1	0.035125
37.716667	1	0.031000
37.733333	1	0.026375
37.750000	1	0.022750
37.766667	1	0.019125
37.783333	1	0.016000
37.800000	1	0.013500
37.816667	1	0.009750
37.833333	1	0.007125
37.850000	1	0.004875
37.866667	1	0.002875
37.883333	1	0.000375
37.900000	1	-0.000625
37.916667	1	-0.002375
37.933333	1	-0.004875
37.950000	1	-0.006500
37.966667	1	-0.008500
37.983333	1	-0.009875
38.000000	1	-0.011250
38.016667	1	-0.012000
38.033333	1	-0.013250
38.050000	1	-0.013625
38.066667	1	-0.013875
38.083333	1	-0.014625
38.100000	1	-0.015000
38.116667	1	-0.015375
38.133333	1	-0.015125
38.150000	1	-0.015125
38.166667	1	-0.015500
38.183333	1	-0.015000
38.200000	1	-0.015125
38.216667	1	-0.014625
38.233333	1	-0.015000
38.250000	1	-0.014750
38.266667	1	-0.014625
38.283333	1	-0.014625
38.300000	1	-0.013625
38.316667	1	-0.013000
38.333333	1	-0.012750
38.350000	1	-0.013000
38.366667	1	-0.012375
38.383333	1	-0.012125
38.400000	1	-0.011500
38.416667	1	-0.010750
38.433333	1	-0.010125
38.450000	1	-0.009625
38.466667	1	-0.009250
38.483333	1	-0.008625
38.500000	1	-0.007125
38.516667	1	-0.006250
38.533333	1	-0.005625
38.550000	1	-0.004750
38.566667	1	-0.003875
38.583333	1	-0.003375
38.600000	1	-0.002125
38.616667	1	-0.000625
38.633333	1	0.000125
38.650000	1	0.001000
38.666667	1	0.002500
38.683333	1	0.004375
38.700000	1	0.004875
38.716667	1	0.006125
38.733333	1	0.007500
38.750000	1	0.008500
38.766667	1	0.009500
38.783333	1	0.010875
38.800000	1	0.011375
38.816667	1	0.013250
38.833333	1	0.014125
38.850000	1	0.015125
38.866667	1	0.016000
38.883333	1	0.016750
38.900000	1	0.017750
38.916667	1	0.018625
38.933333	1	0.020000
38.950000	1	0.020125
38.966667	1	0.021625
38.983333	1	0.022500
39.000000	1	0.023375
39.016667	1	0.024375
39.033333	1	0.024250
39.050000	1	0.024875
39.066667	1	0.025125
39.083333	1	0.025250
39.100000	1	0.026000
39.116667	1	0.026750
39.133333	1	0.027250
39.150000	1	0.027875
39.166667	1	0.028125
39.183333	1	0.028750
39.200000	1	0.028875
39.216667	1	0.029000
39.233333	1	0.028625
39.250000	1	0.028750
39.266667	1	0.028750
39.283333	1	0.029750
39.300000	1	0.029625
39.316667	1	0.029625
39.333333	1	0.029875
39.350000	1	0.029750
39.366667	1	0.030125
39.383333	1	0.030250
39.400000	1	0.030250
39.416667	1	0.030250
39.433333	1	0.029875
39.450000	1	0.030125
39.466667	1	0.030250
39.483333	1	0.029625
39.500000	1	0.029125
39.516667	1	0.029500
39.533333	1	0.029750
39.550000	1	0.029750
39.566667	1	0.029625
39.583333	1	0.029500
39.600000	1	0.029000
39.616667	1	0.028875
39.633333	1	0.029250
39.650000	1	0.029625
39.666667	1	0.029125
39.683333	1	0.029125
39.700000	1	0.029500
39.716667	1	0.029750
39.733333	1	0.030375
39.750000	1	0.031125
39.766667	1	0.031000
39.783333	1	0.030500
39.800000	1	0.030625
39.816667	1	0.031125
39.833333	1	0.031875
39.850000	1	0.032000
39.866667	1	0.032625
39.883333	1	0.033125
39.900000	1	0.033500
39.916667	1	0.034250
39.933333	1	0.035375
39.950000	1	0.036625
39.966667	1	0.038000
39.983333	1	0.039250
40.000000	1	0.041000
