URL	chrom://7040-86g6c92/XVault/Ultimate_3000/20/20240517_CMO_FP23_FP25_MarkusDeplate.seq/637.smp/RI_1.channel/RI_1.chm
Channel	RI_1

Injection Information:
Data Vault	XVault
Sequence	20240517_CMO_FP23_FP25_MarkusDeplate
Name	FP23_19_s4
Number	17
Position	BB5
Comment	
Processing Method	
Instrument Method	run_25B_method
Type	Unknown
Status	Finished
Inject Time	28.05.2024 04:57:47 +02:00
Volume (µl)	20.0000
Dilution Factor	1.0000
Weight	1.0000

Chromatogram Data Information:
Time Min. (min)	0.000000
Time Max. (min)	40.000000
Data Points	2401
Detector	RI
Generating Data System	Chromeleon 7.3.2.11814
Exporting Data System	Chromeleon 7.3.2.0
Operator	Instrument Controller
Signal Quantity	Refractive 
Signal Unit	µRIU
Signal Min.	-0.968000
Signal Max.	63.405125
Channel	RI_1
Driver Name	RID520Driver.dll
Channel Type	Evaluation
Min. Step (s)	1
Max. Step (s)	1
Average Step (s)	1

Signal Parameter Information:
Signal Info	

Chromatogram Data:
Time (min)	Step (s)	Value (µRIU)
0.000000	n.a.	-0.014625
0.016667	1	-0.014250
0.033333	1	-0.013375
0.050000	1	-0.013125
0.066667	1	-0.012750
0.083333	1	-0.012750
0.100000	1	-0.011250
0.116667	1	-0.011250
0.133333	1	-0.011500
0.150000	1	-0.011250
0.166667	1	-0.011125
0.183333	1	-0.011250
0.200000	1	-0.011000
0.216667	1	-0.011375
0.233333	1	-0.010875
0.250000	1	-0.010875
0.266667	1	-0.010875
0.283333	1	-0.011000
0.300000	1	-0.010125
0.316667	1	-0.009875
0.333333	1	-0.009750
0.350000	1	-0.010250
0.366667	1	-0.011250
0.383333	1	-0.012250
0.400000	1	-0.012250
0.416667	1	-0.011250
0.433333	1	-0.010125
0.450000	1	-0.008000
0.466667	1	-0.005875
0.483333	1	-0.003750
0.500000	1	-0.002000
0.516667	1	-0.001375
0.533333	1	-0.001125
0.550000	1	-0.001000
0.566667	1	-0.002000
0.583333	1	-0.003625
0.600000	1	-0.005875
0.616667	1	-0.007875
0.633333	1	-0.009375
0.650000	1	-0.011000
0.666667	1	-0.011125
0.683333	1	-0.011500
0.700000	1	-0.011625
0.716667	1	-0.011375
0.733333	1	-0.011500
0.750000	1	-0.011500
0.766667	1	-0.012000
0.783333	1	-0.012750
0.800000	1	-0.013250
0.816667	1	-0.013875
0.833333	1	-0.013625
0.850000	1	-0.013875
0.866667	1	-0.013875
0.883333	1	-0.014125
0.900000	1	-0.014625
0.916667	1	-0.015125
0.933333	1	-0.015875
0.950000	1	-0.016750
0.966667	1	-0.017000
0.983333	1	-0.017875
1.000000	1	-0.018500
1.016667	1	-0.019000
1.033333	1	-0.019250
1.050000	1	-0.019250
1.066667	1	-0.020625
1.083333	1	-0.021375
1.100000	1	-0.022000
1.116667	1	-0.022625
1.133333	1	-0.023875
1.150000	1	-0.025375
1.166667	1	-0.027125
1.183333	1	-0.028125
1.200000	1	-0.029875
1.216667	1	-0.031500
1.233333	1	-0.032750
1.250000	1	-0.033750
1.266667	1	-0.034750
1.283333	1	-0.035750
1.300000	1	-0.037000
1.316667	1	-0.037875
1.333333	1	-0.039000
1.350000	1	-0.039500
1.366667	1	-0.040125
1.383333	1	-0.040375
1.400000	1	-0.040625
1.416667	1	-0.040625
1.433333	1	-0.041000
1.450000	1	-0.041500
1.466667	1	-0.040875
1.483333	1	-0.040375
1.500000	1	-0.040000
1.516667	1	-0.039000
1.533333	1	-0.038500
1.550000	1	-0.038000
1.566667	1	-0.037250
1.583333	1	-0.036625
1.600000	1	-0.036125
1.616667	1	-0.034875
1.633333	1	-0.034000
1.650000	1	-0.033500
1.666667	1	-0.032375
1.683333	1	-0.031875
1.700000	1	-0.030375
1.716667	1	-0.030250
1.733333	1	-0.029625
1.750000	1	-0.028625
1.766667	1	-0.027500
1.783333	1	-0.026375
1.800000	1	-0.024875
1.816667	1	-0.023875
1.833333	1	-0.022875
1.850000	1	-0.021625
1.866667	1	-0.020375
1.883333	1	-0.019250
1.900000	1	-0.018500
1.916667	1	-0.017125
1.933333	1	-0.016250
1.950000	1	-0.014875
1.966667	1	-0.013750
1.983333	1	-0.012875
2.000000	1	-0.011625
2.016667	1	-0.010250
2.033333	1	-0.008500
2.050000	1	-0.007375
2.066667	1	-0.006750
2.083333	1	-0.006500
2.100000	1	-0.005250
2.116667	1	-0.004000
2.133333	1	-0.003375
2.150000	1	-0.003250
2.166667	1	-0.002500
2.183333	1	-0.002375
2.200000	1	-0.002125
2.216667	1	-0.001250
2.233333	1	-0.001125
2.250000	1	-0.000875
2.266667	1	-0.001250
2.283333	1	-0.001250
2.300000	1	-0.000875
2.316667	1	-0.000625
2.333333	1	-0.000875
2.350000	1	-0.001125
2.366667	1	-0.001750
2.383333	1	-0.001875
2.400000	1	-0.001375
2.416667	1	-0.001375
2.433333	1	-0.001875
2.450000	1	-0.002125
2.466667	1	-0.002500
2.483333	1	-0.002500
2.500000	1	-0.003000
2.516667	1	-0.003500
2.533333	1	-0.004375
2.550000	1	-0.005000
2.566667	1	-0.006500
2.583333	1	-0.007000
2.600000	1	-0.007750
2.616667	1	-0.008625
2.633333	1	-0.008875
2.650000	1	-0.010125
2.666667	1	-0.011000
2.683333	1	-0.012750
2.700000	1	-0.014250
2.716667	1	-0.016250
2.733333	1	-0.018125
2.750000	1	-0.020125
2.766667	1	-0.022625
2.783333	1	-0.024250
2.800000	1	-0.026625
2.816667	1	-0.029250
2.833333	1	-0.031125
2.850000	1	-0.034500
2.866667	1	-0.036875
2.883333	1	-0.039625
2.900000	1	-0.042625
2.916667	1	-0.045250
2.933333	1	-0.047125
2.950000	1	-0.050000
2.966667	1	-0.052250
2.983333	1	-0.054375
3.000000	1	-0.056875
3.016667	1	-0.058375
3.033333	1	-0.059125
3.050000	1	-0.060500
3.066667	1	-0.061625
3.083333	1	-0.062250
3.100000	1	-0.063250
3.116667	1	-0.063625
3.133333	1	-0.064125
3.150000	1	-0.063750
3.166667	1	-0.063000
3.183333	1	-0.062125
3.200000	1	-0.060375
3.216667	1	-0.058375
3.233333	1	-0.056125
3.250000	1	-0.053875
3.266667	1	-0.052250
3.283333	1	-0.049250
3.300000	1	-0.046875
3.316667	1	-0.044500
3.333333	1	-0.041625
3.350000	1	-0.038375
3.366667	1	-0.034875
3.383333	1	-0.031500
3.400000	1	-0.027875
3.416667	1	-0.024250
3.433333	1	-0.022000
3.450000	1	-0.018750
3.466667	1	-0.015500
3.483333	1	-0.012500
3.500000	1	-0.009250
3.516667	1	-0.006500
3.533333	1	-0.004125
3.550000	1	-0.002125
3.566667	1	0.000375
3.583333	1	0.002625
3.600000	1	0.005125
3.616667	1	0.006875
3.633333	1	0.008500
3.650000	1	0.010125
3.666667	1	0.011875
3.683333	1	0.013250
3.700000	1	0.014875
3.716667	1	0.015625
3.733333	1	0.016875
3.750000	1	0.017625
3.766667	1	0.018250
3.783333	1	0.018875
3.800000	1	0.018875
3.816667	1	0.018625
3.833333	1	0.019125
3.850000	1	0.020250
3.866667	1	0.020375
3.883333	1	0.020875
3.900000	1	0.021000
3.916667	1	0.020750
3.933333	1	0.020500
3.950000	1	0.020500
3.966667	1	0.020375
3.983333	1	0.020625
4.000000	1	0.020000
4.016667	1	0.019875
4.033333	1	0.019250
4.050000	1	0.019250
4.066667	1	0.019000
4.083333	1	0.018500
4.100000	1	0.018500
4.116667	1	0.017750
4.133333	1	0.017375
4.150000	1	0.016625
4.166667	1	0.016750
4.183333	1	0.016750
4.200000	1	0.016000
4.216667	1	0.015500
4.233333	1	0.014875
4.250000	1	0.014375
4.266667	1	0.013750
4.283333	1	0.013000
4.300000	1	0.012625
4.316667	1	0.012000
4.333333	1	0.011750
4.350000	1	0.011250
4.366667	1	0.011250
4.383333	1	0.010750
4.400000	1	0.010625
4.416667	1	0.009875
4.433333	1	0.010375
4.450000	1	0.009875
4.466667	1	0.009625
4.483333	1	0.010000
4.500000	1	0.009875
4.516667	1	0.010125
4.533333	1	0.010625
4.550000	1	0.010750
4.566667	1	0.011250
4.583333	1	0.011500
4.600000	1	0.012500
4.616667	1	0.012750
4.633333	1	0.012875
4.650000	1	0.013750
4.666667	1	0.014500
4.683333	1	0.014625
4.700000	1	0.015625
4.716667	1	0.016500
4.733333	1	0.017500
4.750000	1	0.018125
4.766667	1	0.020000
4.783333	1	0.021125
4.800000	1	0.022500
4.816667	1	0.023250
4.833333	1	0.024500
4.850000	1	0.025625
4.866667	1	0.026750
4.883333	1	0.028375
4.900000	1	0.030000
4.916667	1	0.031000
4.933333	1	0.032375
4.950000	1	0.033625
4.966667	1	0.035875
4.983333	1	0.037500
5.000000	1	0.038750
5.016667	1	0.040750
5.033333	1	0.043000
5.050000	1	0.044875
5.066667	1	0.047000
5.083333	1	0.049500
5.100000	1	0.051875
5.116667	1	0.054625
5.133333	1	0.057125
5.150000	1	0.059625
5.166667	1	0.062375
5.183333	1	0.065000
5.200000	1	0.068375
5.216667	1	0.071250
5.233333	1	0.074500
5.250000	1	0.077500
5.266667	1	0.080000
5.283333	1	0.083250
5.300000	1	0.085875
5.316667	1	0.088625
5.333333	1	0.091125
5.350000	1	0.095000
5.366667	1	0.098875
5.383333	1	0.102250
5.400000	1	0.105750
5.416667	1	0.109625
5.433333	1	0.113250
5.450000	1	0.116500
5.466667	1	0.119625
5.483333	1	0.123250
5.500000	1	0.126875
5.516667	1	0.130875
5.533333	1	0.134750
5.550000	1	0.139125
5.566667	1	0.143625
5.583333	1	0.147625
5.600000	1	0.151875
5.616667	1	0.156250
5.633333	1	0.161125
5.650000	1	0.165750
5.666667	1	0.169375
5.683333	1	0.172500
5.700000	1	0.176500
5.716667	1	0.180625
5.733333	1	0.184500
5.750000	1	0.188625
5.766667	1	0.192250
5.783333	1	0.196375
5.800000	1	0.199875
5.816667	1	0.203250
5.833333	1	0.206125
5.850000	1	0.208625
5.866667	1	0.211125
5.883333	1	0.213125
5.900000	1	0.214875
5.916667	1	0.216625
5.933333	1	0.218125
5.950000	1	0.219750
5.966667	1	0.221375
5.983333	1	0.222625
6.000000	1	0.224250
6.016667	1	0.224500
6.033333	1	0.225125
6.050000	1	0.225375
6.066667	1	0.225500
6.083333	1	0.225250
6.100000	1	0.224500
6.116667	1	0.224375
6.133333	1	0.224000
6.150000	1	0.222875
6.166667	1	0.222000
6.183333	1	0.221000
6.200000	1	0.219750
6.216667	1	0.218250
6.233333	1	0.215875
6.250000	1	0.214000
6.266667	1	0.211750
6.283333	1	0.209500
6.300000	1	0.207000
6.316667	1	0.204250
6.333333	1	0.202625
6.350000	1	0.199625
6.366667	1	0.196750
6.383333	1	0.194125
6.400000	1	0.190750
6.416667	1	0.187625
6.433333	1	0.184375
6.450000	1	0.181500
6.466667	1	0.179125
6.483333	1	0.175500
6.500000	1	0.172250
6.516667	1	0.168500
6.533333	1	0.165250
6.550000	1	0.161750
6.566667	1	0.158500
6.583333	1	0.154875
6.600000	1	0.151250
6.616667	1	0.148000
6.633333	1	0.144125
6.650000	1	0.140625
6.666667	1	0.137250
6.683333	1	0.133000
6.700000	1	0.129375
6.716667	1	0.126375
6.733333	1	0.122875
6.750000	1	0.119625
6.766667	1	0.115875
6.783333	1	0.112750
6.800000	1	0.109500
6.816667	1	0.106750
6.833333	1	0.103250
6.850000	1	0.099875
6.866667	1	0.097500
6.883333	1	0.094750
6.900000	1	0.091750
6.916667	1	0.088875
6.933333	1	0.086875
6.950000	1	0.084875
6.966667	1	0.082875
6.983333	1	0.081125
7.000000	1	0.079500
7.016667	1	0.078625
7.033333	1	0.077500
7.050000	1	0.076625
7.066667	1	0.075750
7.083333	1	0.074625
7.100000	1	0.073875
7.116667	1	0.072875
7.133333	1	0.072625
7.150000	1	0.072375
7.166667	1	0.072000
7.183333	1	0.072375
7.200000	1	0.072625
7.216667	1	0.072875
7.233333	1	0.073125
7.250000	1	0.073250
7.266667	1	0.073500
7.283333	1	0.074125
7.300000	1	0.074375
7.316667	1	0.074875
7.333333	1	0.075750
7.350000	1	0.076375
7.366667	1	0.076500
7.383333	1	0.077250
7.400000	1	0.078125
7.416667	1	0.079500
7.433333	1	0.080750
7.450000	1	0.082375
7.466667	1	0.083750
7.483333	1	0.084875
7.500000	1	0.086625
7.516667	1	0.088250
7.533333	1	0.090375
7.550000	1	0.092125
7.566667	1	0.094500
7.583333	1	0.096625
7.600000	1	0.098625
7.616667	1	0.101375
7.633333	1	0.102875
7.650000	1	0.105500
7.666667	1	0.107625
7.683333	1	0.109875
7.700000	1	0.112125
7.716667	1	0.113875
7.733333	1	0.115750
7.750000	1	0.117750
7.766667	1	0.119125
7.783333	1	0.120250
7.800000	1	0.121250
7.816667	1	0.121375
7.833333	1	0.122000
7.850000	1	0.121875
7.866667	1	0.122375
7.883333	1	0.120875
7.900000	1	0.120000
7.916667	1	0.118625
7.933333	1	0.117000
7.950000	1	0.114500
7.966667	1	0.112250
7.983333	1	0.109000
8.000000	1	0.105625
8.016667	1	0.102500
8.033333	1	0.098375
8.050000	1	0.094250
8.066667	1	0.089875
8.083333	1	0.084875
8.100000	1	0.080875
8.116667	1	0.075625
8.133333	1	0.070875
8.150000	1	0.066250
8.166667	1	0.061375
8.183333	1	0.056750
8.200000	1	0.052000
8.216667	1	0.048125
8.233333	1	0.043875
8.250000	1	0.040625
8.266667	1	0.036500
8.283333	1	0.032750
8.300000	1	0.029000
8.316667	1	0.026125
8.333333	1	0.023750
8.350000	1	0.021625
8.366667	1	0.019375
8.383333	1	0.017125
8.400000	1	0.016000
8.416667	1	0.014875
8.433333	1	0.013500
8.450000	1	0.013125
8.466667	1	0.012375
8.483333	1	0.011625
8.500000	1	0.012000
8.516667	1	0.011250
8.533333	1	0.011500
8.550000	1	0.012125
8.566667	1	0.012625
8.583333	1	0.012625
8.600000	1	0.012875
8.616667	1	0.012500
8.633333	1	0.012250
8.650000	1	0.013375
8.666667	1	0.014000
8.683333	1	0.014375
8.700000	1	0.014500
8.716667	1	0.014375
8.733333	1	0.014750
8.750000	1	0.015000
8.766667	1	0.015875
8.783333	1	0.016250
8.800000	1	0.015750
8.816667	1	0.015625
8.833333	1	0.015625
8.850000	1	0.016500
8.866667	1	0.016000
8.883333	1	0.015625
8.900000	1	0.015625
8.916667	1	0.015625
8.933333	1	0.016000
8.950000	1	0.016125
8.966667	1	0.015625
8.983333	1	0.015375
9.000000	1	0.014875
9.016667	1	0.015125
9.033333	1	0.014875
9.050000	1	0.014625
9.066667	1	0.013875
9.083333	1	0.013750
9.100000	1	0.014500
9.116667	1	0.015125
9.133333	1	0.015250
9.150000	1	0.015125
9.166667	1	0.015500
9.183333	1	0.016250
9.200000	1	0.016375
9.216667	1	0.015875
9.233333	1	0.016125
9.250000	1	0.015625
9.266667	1	0.015875
9.283333	1	0.016250
9.300000	1	0.016875
9.316667	1	0.017250
9.333333	1	0.017500
9.350000	1	0.017500
9.366667	1	0.018125
9.383333	1	0.018625
9.400000	1	0.019375
9.416667	1	0.019750
9.433333	1	0.019250
9.450000	1	0.019375
9.466667	1	0.020125
9.483333	1	0.020125
9.500000	1	0.020125
9.516667	1	0.020375
9.533333	1	0.021125
9.550000	1	0.021250
9.566667	1	0.021875
9.583333	1	0.021750
9.600000	1	0.020625
9.616667	1	0.020625
9.633333	1	0.019875
9.650000	1	0.020375
9.666667	1	0.020000
9.683333	1	0.019250
9.700000	1	0.017750
9.716667	1	0.016750
9.733333	1	0.015000
9.750000	1	0.013500
9.766667	1	0.012250
9.783333	1	0.010250
9.800000	1	0.007625
9.816667	1	0.005500
9.833333	1	0.002875
9.850000	1	0.000750
9.866667	1	-0.000875
9.883333	1	-0.003750
9.900000	1	-0.006000
9.916667	1	-0.008750
9.933333	1	-0.010875
9.950000	1	-0.012750
9.966667	1	-0.013750
9.983333	1	-0.015250
10.000000	1	-0.015500
10.016667	1	-0.015250
10.033333	1	-0.015000
10.050000	1	-0.013375
10.066667	1	-0.010750
10.083333	1	-0.008375
10.100000	1	-0.004375
10.116667	1	-0.000125
10.133333	1	0.005375
10.150000	1	0.011375
10.166667	1	0.019125
10.183333	1	0.028250
10.200000	1	0.037500
10.216667	1	0.049375
10.233333	1	0.062750
10.250000	1	0.077750
10.266667	1	0.096000
10.283333	1	0.115875
10.300000	1	0.138750
10.316667	1	0.165125
10.333333	1	0.194625
10.350000	1	0.228000
10.366667	1	0.266000
10.383333	1	0.309500
10.400000	1	0.357750
10.416667	1	0.407500
10.433333	1	0.450750
10.450000	1	0.476875
10.466667	1	0.471375
10.483333	1	0.425625
10.500000	1	0.347000
10.516667	1	0.267625
10.533333	1	0.248250
10.550000	1	0.374625
10.566667	1	0.751125
10.583333	1	1.481500
10.600000	1	2.658750
10.616667	1	4.356750
10.633333	1	6.627500
10.650000	1	9.495875
10.666667	1	12.972250
10.683333	1	17.040875
10.700000	1	21.656750
10.716667	1	26.732375
10.733333	1	32.128500
10.750000	1	37.633625
10.766667	1	42.944000
10.783333	1	47.662125
10.800000	1	51.326375
10.816667	1	53.488750
10.833333	1	53.841750
10.850000	1	52.331375
10.866667	1	49.184875
10.883333	1	44.843250
10.900000	1	39.836500
10.916667	1	34.647500
10.933333	1	29.637625
10.950000	1	25.035000
10.966667	1	20.958250
10.983333	1	17.439875
11.000000	1	14.466750
11.016667	1	11.998250
11.033333	1	9.978750
11.050000	1	8.344125
11.066667	1	7.029000
11.083333	1	5.974875
11.100000	1	5.128875
11.116667	1	4.449250
11.133333	1	3.900875
11.150000	1	3.455000
11.166667	1	3.090000
11.183333	1	2.789000
11.200000	1	2.537250
11.216667	1	2.325875
11.233333	1	2.146500
11.250000	1	1.994125
11.266667	1	1.863875
11.283333	1	1.751125
11.300000	1	1.653250
11.316667	1	1.568375
11.333333	1	1.494375
11.350000	1	1.429125
11.366667	1	1.372875
11.383333	1	1.322750
11.400000	1	1.278500
11.416667	1	1.238875
11.433333	1	1.204750
11.450000	1	1.173125
11.466667	1	1.145250
11.483333	1	1.121125
11.500000	1	1.098750
11.516667	1	1.078500
11.533333	1	1.060625
11.550000	1	1.044125
11.566667	1	1.029125
11.583333	1	1.016500
11.600000	1	1.004750
11.616667	1	0.994625
11.633333	1	0.986125
11.650000	1	0.979875
11.666667	1	0.974000
11.683333	1	0.970750
11.700000	1	0.968875
11.716667	1	0.969250
11.733333	1	0.971125
11.750000	1	0.974625
11.766667	1	0.979000
11.783333	1	0.984500
11.800000	1	0.989500
11.816667	1	0.995750
11.833333	1	1.001250
11.850000	1	1.007250
11.866667	1	1.013000
11.883333	1	1.017875
11.900000	1	1.022375
11.916667	1	1.026750
11.933333	1	1.030875
11.950000	1	1.035500
11.966667	1	1.040500
11.983333	1	1.045125
12.000000	1	1.050500
12.016667	1	1.056875
12.033333	1	1.063875
12.050000	1	1.071125
12.066667	1	1.079875
12.083333	1	1.088750
12.100000	1	1.099000
12.116667	1	1.109875
12.133333	1	1.122000
12.150000	1	1.135875
12.166667	1	1.151375
12.183333	1	1.170000
12.200000	1	1.191375
12.216667	1	1.216500
12.233333	1	1.244125
12.250000	1	1.275625
12.266667	1	1.310625
12.283333	1	1.349000
12.300000	1	1.391250
12.316667	1	1.438125
12.333333	1	1.490000
12.350000	1	1.547625
12.366667	1	1.613750
12.383333	1	1.692000
12.400000	1	1.787125
12.416667	1	1.905875
12.433333	1	2.054875
12.450000	1	2.242750
12.466667	1	2.477500
12.483333	1	2.767875
12.500000	1	3.117250
12.516667	1	3.529375
12.533333	1	4.002625
12.550000	1	4.531500
12.566667	1	5.108000
12.583333	1	5.718375
12.600000	1	6.347250
12.616667	1	6.978500
12.633333	1	7.598625
12.650000	1	8.196250
12.666667	1	8.765250
12.683333	1	9.300250
12.700000	1	9.803250
12.716667	1	10.277500
12.733333	1	10.731875
12.750000	1	11.175250
12.766667	1	11.616875
12.783333	1	12.066625
12.800000	1	12.531125
12.816667	1	13.016000
12.833333	1	13.524375
12.850000	1	14.050250
12.866667	1	14.572750
12.883333	1	15.034250
12.900000	1	15.333125
12.916667	1	15.342750
12.933333	1	14.958375
12.950000	1	14.154250
12.966667	1	12.995250
12.983333	1	11.614875
13.000000	1	10.162000
13.016667	1	8.758000
13.033333	1	7.478500
13.050000	1	6.356750
13.066667	1	5.399250
13.083333	1	4.597250
13.100000	1	3.934750
13.116667	1	3.394875
13.133333	1	2.960125
13.150000	1	2.611000
13.166667	1	2.332250
13.183333	1	2.110625
13.200000	1	1.933750
13.216667	1	1.791375
13.233333	1	1.676000
13.250000	1	1.581125
13.266667	1	1.502250
13.283333	1	1.435625
13.300000	1	1.378000
13.316667	1	1.327625
13.333333	1	1.283375
13.350000	1	1.243125
13.366667	1	1.206625
13.383333	1	1.174625
13.400000	1	1.146000
13.416667	1	1.120750
13.433333	1	1.098875
13.450000	1	1.079250
13.466667	1	1.063250
13.483333	1	1.049375
13.500000	1	1.038500
13.516667	1	1.030250
13.533333	1	1.023375
13.550000	1	1.017750
13.566667	1	1.012875
13.583333	1	1.007375
13.600000	1	1.000875
13.616667	1	0.993625
13.633333	1	0.984625
13.650000	1	0.973375
13.666667	1	0.960500
13.683333	1	0.944875
13.700000	1	0.927625
13.716667	1	0.909000
13.733333	1	0.889875
13.750000	1	0.871000
13.766667	1	0.851125
13.783333	1	0.832125
13.800000	1	0.812875
13.816667	1	0.795000
13.833333	1	0.777625
13.850000	1	0.761625
13.866667	1	0.746625
13.883333	1	0.731625
13.900000	1	0.717625
13.916667	1	0.704625
13.933333	1	0.692500
13.950000	1	0.681000
13.966667	1	0.670000
13.983333	1	0.659250
14.000000	1	0.649875
14.016667	1	0.640875
14.033333	1	0.632500
14.050000	1	0.625000
14.066667	1	0.617500
14.083333	1	0.610125
14.100000	1	0.603875
14.116667	1	0.597875
14.133333	1	0.592875
14.150000	1	0.587750
14.166667	1	0.583000
14.183333	1	0.579500
14.200000	1	0.577000
14.216667	1	0.575125
14.233333	1	0.574625
14.250000	1	0.574625
14.266667	1	0.576375
14.283333	1	0.579000
14.300000	1	0.583250
14.316667	1	0.588625
14.333333	1	0.594375
14.350000	1	0.603250
14.366667	1	0.614000
14.383333	1	0.626250
14.400000	1	0.640250
14.416667	1	0.657500
14.433333	1	0.678750
14.450000	1	0.709250
14.466667	1	0.751875
14.483333	1	0.817875
14.500000	1	0.920625
14.516667	1	1.082125
14.533333	1	1.330750
14.550000	1	1.706875
14.566667	1	2.263875
14.583333	1	3.061625
14.600000	1	4.172750
14.616667	1	5.678625
14.633333	1	7.662875
14.650000	1	10.200250
14.666667	1	13.345125
14.683333	1	17.121250
14.700000	1	21.508500
14.716667	1	26.433625
14.733333	1	31.772625
14.750000	1	37.346375
14.766667	1	42.930625
14.783333	1	48.269500
14.800000	1	53.112500
14.816667	1	57.219500
14.833333	1	60.390250
14.850000	1	62.476750
14.866667	1	63.405125
14.883333	1	63.174000
14.900000	1	61.857875
14.916667	1	59.591250
14.933333	1	56.551125
14.950000	1	52.935625
14.966667	1	48.946125
14.983333	1	44.772250
15.000000	1	40.569875
15.016667	1	36.467500
15.033333	1	32.557750
15.050000	1	28.905000
15.066667	1	25.545125
15.083333	1	22.494500
15.100000	1	19.753125
15.116667	1	17.307875
15.133333	1	15.138375
15.150000	1	13.221750
15.166667	1	11.535375
15.183333	1	10.056625
15.200000	1	8.761500
15.216667	1	7.630000
15.233333	1	6.644500
15.250000	1	5.790625
15.266667	1	5.054625
15.283333	1	4.423750
15.300000	1	3.888250
15.316667	1	3.437625
15.333333	1	3.063750
15.350000	1	2.756500
15.366667	1	2.507625
15.383333	1	2.309250
15.400000	1	2.152875
15.416667	1	2.030500
15.433333	1	1.935875
15.450000	1	1.860625
15.466667	1	1.800125
15.483333	1	1.747625
15.500000	1	1.700250
15.516667	1	1.655375
15.533333	1	1.610500
15.550000	1	1.563750
15.566667	1	1.516000
15.583333	1	1.467500
15.600000	1	1.419375
15.616667	1	1.371750
15.633333	1	1.326375
15.650000	1	1.282500
15.666667	1	1.241500
15.683333	1	1.203750
15.700000	1	1.168500
15.716667	1	1.135875
15.733333	1	1.104625
15.750000	1	1.076875
15.766667	1	1.050625
15.783333	1	1.025500
15.800000	1	1.002375
15.816667	1	0.981250
15.833333	1	0.962375
15.850000	1	0.946000
15.866667	1	0.931250
15.883333	1	0.919625
15.900000	1	0.911375
15.916667	1	0.905750
15.933333	1	0.903750
15.950000	1	0.905375
15.966667	1	0.910500
15.983333	1	0.917750
16.000000	1	0.927125
16.016667	1	0.937750
16.033333	1	0.949500
16.050000	1	0.961250
16.066667	1	0.971375
16.083333	1	0.980500
16.100000	1	0.988125
16.116667	1	0.993625
16.133333	1	0.996500
16.150000	1	0.997625
16.166667	1	0.995625
16.183333	1	0.992625
16.200000	1	0.987875
16.216667	1	0.980625
16.233333	1	0.971750
16.250000	1	0.962750
16.266667	1	0.952625
16.283333	1	0.943375
16.300000	1	0.932375
16.316667	1	0.923000
16.333333	1	0.915000
16.350000	1	0.908000
16.366667	1	0.901750
16.383333	1	0.898000
16.400000	1	0.895750
16.416667	1	0.895250
16.433333	1	0.896500
16.450000	1	0.899375
16.466667	1	0.903250
16.483333	1	0.907375
16.500000	1	0.910750
16.516667	1	0.914250
16.533333	1	0.917250
16.550000	1	0.918500
16.566667	1	0.918000
16.583333	1	0.915125
16.600000	1	0.911375
16.616667	1	0.906625
16.633333	1	0.901125
16.650000	1	0.894750
16.666667	1	0.889000
16.683333	1	0.883875
16.700000	1	0.880125
16.716667	1	0.877125
16.733333	1	0.877125
16.750000	1	0.879500
16.766667	1	0.884000
16.783333	1	0.889500
16.800000	1	0.897375
16.816667	1	0.905375
16.833333	1	0.913500
16.850000	1	0.921125
16.866667	1	0.928250
16.883333	1	0.933875
16.900000	1	0.938375
16.916667	1	0.941750
16.933333	1	0.942375
16.950000	1	0.942000
16.966667	1	0.940500
16.983333	1	0.938250
17.000000	1	0.935250
17.016667	1	0.932375
17.033333	1	0.929250
17.050000	1	0.926375
17.066667	1	0.924625
17.083333	1	0.924250
17.100000	1	0.924625
17.116667	1	0.926000
17.133333	1	0.927875
17.150000	1	0.930750
17.166667	1	0.933750
17.183333	1	0.937375
17.200000	1	0.941125
17.216667	1	0.945000
17.233333	1	0.948125
17.250000	1	0.952125
17.266667	1	0.955500
17.283333	1	0.958375
17.300000	1	0.961375
17.316667	1	0.965125
17.333333	1	0.969125
17.350000	1	0.973500
17.366667	1	0.976625
17.383333	1	0.980500
17.400000	1	0.985125
17.416667	1	0.988500
17.433333	1	0.991000
17.450000	1	0.992625
17.466667	1	0.992125
17.483333	1	0.991000
17.500000	1	0.988125
17.516667	1	0.984000
17.533333	1	0.978750
17.550000	1	0.971500
17.566667	1	0.963125
17.583333	1	0.953125
17.600000	1	0.942750
17.616667	1	0.930750
17.633333	1	0.918625
17.650000	1	0.905625
17.666667	1	0.891875
17.683333	1	0.877625
17.700000	1	0.862625
17.716667	1	0.848125
17.733333	1	0.833500
17.750000	1	0.819500
17.766667	1	0.805750
17.783333	1	0.793125
17.800000	1	0.781375
17.816667	1	0.770125
17.833333	1	0.758750
17.850000	1	0.748750
17.866667	1	0.739500
17.883333	1	0.730750
17.900000	1	0.722250
17.916667	1	0.714875
17.933333	1	0.707250
17.950000	1	0.699875
17.966667	1	0.692750
17.983333	1	0.685750
18.000000	1	0.679750
18.016667	1	0.672750
18.033333	1	0.665625
18.050000	1	0.659125
18.066667	1	0.653375
18.083333	1	0.647625
18.100000	1	0.643125
18.116667	1	0.638875
18.133333	1	0.635625
18.150000	1	0.633000
18.166667	1	0.631000
18.183333	1	0.629375
18.200000	1	0.629125
18.216667	1	0.628500
18.233333	1	0.629375
18.250000	1	0.629500
18.266667	1	0.629875
18.283333	1	0.630875
18.300000	1	0.631750
18.316667	1	0.633375
18.333333	1	0.634375
18.350000	1	0.635375
18.366667	1	0.638000
18.383333	1	0.641375
18.400000	1	0.645250
18.416667	1	0.650375
18.433333	1	0.657875
18.450000	1	0.666750
18.466667	1	0.677250
18.483333	1	0.690125
18.500000	1	0.704500
18.516667	1	0.721375
18.533333	1	0.739625
18.550000	1	0.761375
18.566667	1	0.784625
18.583333	1	0.810625
18.600000	1	0.838250
18.616667	1	0.867375
18.633333	1	0.898250
18.650000	1	0.931625
18.666667	1	0.965375
18.683333	1	1.001125
18.700000	1	1.037625
18.716667	1	1.075750
18.733333	1	1.113750
18.750000	1	1.151750
18.766667	1	1.190125
18.783333	1	1.228500
18.800000	1	1.264500
18.816667	1	1.298125
18.833333	1	1.328875
18.850000	1	1.355250
18.866667	1	1.377375
18.883333	1	1.393875
18.900000	1	1.404750
18.916667	1	1.408625
18.933333	1	1.405750
18.950000	1	1.395750
18.966667	1	1.379000
18.983333	1	1.354875
19.000000	1	1.325625
19.016667	1	1.290250
19.033333	1	1.249875
19.050000	1	1.206000
19.066667	1	1.159875
19.083333	1	1.112125
19.100000	1	1.062750
19.116667	1	1.014000
19.133333	1	0.967125
19.150000	1	0.922375
19.166667	1	0.880250
19.183333	1	0.841250
19.200000	1	0.806125
19.216667	1	0.775500
19.233333	1	0.750250
19.250000	1	0.731000
19.266667	1	0.716750
19.283333	1	0.708125
19.300000	1	0.705625
19.316667	1	0.709125
19.333333	1	0.719000
19.350000	1	0.734125
19.366667	1	0.754000
19.383333	1	0.777125
19.400000	1	0.804000
19.416667	1	0.833000
19.433333	1	0.862500
19.450000	1	0.891625
19.466667	1	0.919625
19.483333	1	0.944375
19.500000	1	0.966375
19.516667	1	0.984125
19.533333	1	0.997000
19.550000	1	1.004375
19.566667	1	1.006375
19.583333	1	1.003375
19.600000	1	0.995125
19.616667	1	0.981125
19.633333	1	0.964000
19.650000	1	0.943125
19.666667	1	0.918750
19.683333	1	0.891750
19.700000	1	0.863750
19.716667	1	0.834250
19.733333	1	0.804000
19.750000	1	0.775000
19.766667	1	0.745125
19.783333	1	0.716375
19.800000	1	0.688500
19.816667	1	0.660625
19.833333	1	0.634750
19.850000	1	0.610875
19.866667	1	0.587750
19.883333	1	0.566625
19.900000	1	0.546625
19.916667	1	0.528250
19.933333	1	0.511750
19.950000	1	0.497750
19.966667	1	0.485250
19.983333	1	0.475500
20.000000	1	0.467750
20.016667	1	0.461750
20.033333	1	0.458875
20.050000	1	0.458125
20.066667	1	0.459250
20.083333	1	0.463875
20.100000	1	0.471375
20.116667	1	0.481875
20.133333	1	0.494750
20.150000	1	0.509000
20.166667	1	0.525125
20.183333	1	0.542000
20.200000	1	0.559625
20.216667	1	0.576500
20.233333	1	0.592625
20.250000	1	0.606375
20.266667	1	0.618500
20.283333	1	0.626375
20.300000	1	0.632000
20.316667	1	0.633750
20.333333	1	0.632000
20.350000	1	0.625750
20.366667	1	0.616000
20.383333	1	0.603125
20.400000	1	0.587750
20.416667	1	0.571000
20.433333	1	0.553250
20.450000	1	0.534125
20.466667	1	0.516125
20.483333	1	0.498875
20.500000	1	0.482875
20.516667	1	0.470000
20.533333	1	0.461000
20.550000	1	0.455625
20.566667	1	0.455375
20.583333	1	0.461375
20.600000	1	0.473750
20.616667	1	0.493375
20.633333	1	0.521875
20.650000	1	0.558625
20.666667	1	0.604375
20.683333	1	0.658750
20.700000	1	0.722250
20.716667	1	0.792625
20.733333	1	0.869625
20.750000	1	0.951375
20.766667	1	1.036000
20.783333	1	1.121375
20.800000	1	1.204375
20.816667	1	1.282750
20.833333	1	1.353250
20.850000	1	1.413750
20.866667	1	1.462875
20.883333	1	1.499125
20.900000	1	1.521125
20.916667	1	1.528625
20.933333	1	1.522750
20.950000	1	1.503000
20.966667	1	1.472375
20.983333	1	1.431000
21.000000	1	1.380625
21.016667	1	1.324000
21.033333	1	1.263250
21.050000	1	1.200125
21.066667	1	1.136500
21.083333	1	1.073125
21.100000	1	1.012125
21.116667	1	0.953000
21.133333	1	0.896875
21.150000	1	0.844625
21.166667	1	0.796000
21.183333	1	0.751250
21.200000	1	0.710750
21.216667	1	0.674125
21.233333	1	0.640750
21.250000	1	0.610375
21.266667	1	0.583625
21.283333	1	0.559500
21.300000	1	0.538000
21.316667	1	0.518500
21.333333	1	0.501625
21.350000	1	0.486375
21.366667	1	0.471875
21.383333	1	0.459375
21.400000	1	0.448375
21.416667	1	0.438625
21.433333	1	0.429625
21.450000	1	0.420750
21.466667	1	0.414750
21.483333	1	0.409125
21.500000	1	0.404250
21.516667	1	0.400750
21.533333	1	0.398250
21.550000	1	0.398625
21.566667	1	0.401250
21.583333	1	0.405625
21.600000	1	0.413000
21.616667	1	0.423625
21.633333	1	0.437375
21.650000	1	0.455125
21.666667	1	0.477125
21.683333	1	0.503000
21.700000	1	0.534375
21.716667	1	0.570750
21.733333	1	0.610875
21.750000	1	0.655750
21.766667	1	0.704500
21.783333	1	0.755625
21.800000	1	0.809125
21.816667	1	0.863875
21.833333	1	0.918000
21.850000	1	0.971000
21.866667	1	1.021625
21.883333	1	1.068125
21.900000	1	1.110500
21.916667	1	1.146750
21.933333	1	1.176250
21.950000	1	1.199125
21.966667	1	1.214125
21.983333	1	1.221750
22.000000	1	1.221250
22.016667	1	1.214125
22.033333	1	1.200750
22.050000	1	1.181875
22.066667	1	1.158000
22.083333	1	1.130375
22.100000	1	1.099375
22.116667	1	1.066000
22.133333	1	1.031125
22.150000	1	0.994625
22.166667	1	0.959000
22.183333	1	0.922500
22.200000	1	0.885750
22.216667	1	0.849375
22.233333	1	0.814500
22.250000	1	0.779375
22.266667	1	0.744625
22.283333	1	0.711500
22.300000	1	0.680250
22.316667	1	0.649000
22.333333	1	0.619125
22.350000	1	0.590000
22.366667	1	0.562000
22.383333	1	0.535625
22.400000	1	0.511000
22.416667	1	0.487250
22.433333	1	0.465125
22.450000	1	0.444375
22.466667	1	0.425500
22.483333	1	0.407625
22.500000	1	0.391750
22.516667	1	0.376875
22.533333	1	0.363250
22.550000	1	0.351375
22.566667	1	0.339875
22.583333	1	0.329375
22.600000	1	0.319625
22.616667	1	0.311375
22.633333	1	0.302750
22.650000	1	0.295875
22.666667	1	0.288875
22.683333	1	0.282625
22.700000	1	0.276875
22.716667	1	0.272250
22.733333	1	0.267500
22.750000	1	0.264375
22.766667	1	0.259500
22.783333	1	0.255750
22.800000	1	0.252125
22.816667	1	0.248875
22.833333	1	0.245750
22.850000	1	0.242750
22.866667	1	0.240250
22.883333	1	0.237750
22.900000	1	0.235000
22.916667	1	0.233000
22.933333	1	0.232000
22.950000	1	0.230750
22.966667	1	0.229750
22.983333	1	0.229000
23.000000	1	0.228500
23.016667	1	0.228250
23.033333	1	0.228500
23.050000	1	0.228625
23.066667	1	0.229125
23.083333	1	0.229625
23.100000	1	0.230375
23.116667	1	0.231125
23.133333	1	0.232625
23.150000	1	0.234125
23.166667	1	0.236250
23.183333	1	0.237250
23.200000	1	0.238250
23.216667	1	0.239375
23.233333	1	0.240250
23.250000	1	0.241000
23.266667	1	0.242875
23.283333	1	0.245500
23.300000	1	0.249250
23.316667	1	0.253250
23.333333	1	0.259250
23.350000	1	0.268125
23.366667	1	0.280000
23.383333	1	0.296750
23.400000	1	0.319375
23.416667	1	0.349625
23.433333	1	0.389750
23.450000	1	0.440500
23.466667	1	0.504750
23.483333	1	0.585125
23.500000	1	0.684875
23.516667	1	0.805875
23.533333	1	0.951250
23.550000	1	1.123250
23.566667	1	1.322375
23.583333	1	1.550375
23.600000	1	1.808250
23.616667	1	2.092750
23.633333	1	2.403875
23.650000	1	2.736125
23.666667	1	3.086250
23.683333	1	3.448250
23.700000	1	3.817375
23.716667	1	4.184750
23.733333	1	4.543125
23.750000	1	4.883625
23.766667	1	5.198250
23.783333	1	5.479250
23.800000	1	5.719750
23.816667	1	5.915500
23.833333	1	6.062000
23.850000	1	6.156750
23.866667	1	6.199125
23.883333	1	6.190500
23.900000	1	6.132875
23.916667	1	6.030125
23.933333	1	5.885000
23.950000	1	5.704125
23.966667	1	5.493500
23.983333	1	5.258750
24.000000	1	5.006375
24.016667	1	4.742125
24.033333	1	4.471500
24.050000	1	4.199000
24.066667	1	3.928875
24.083333	1	3.664500
24.100000	1	3.407500
24.116667	1	3.160500
24.133333	1	2.924625
24.150000	1	2.701000
24.166667	1	2.490375
24.183333	1	2.293375
24.200000	1	2.109750
24.216667	1	1.939375
24.233333	1	1.781625
24.250000	1	1.635750
24.266667	1	1.501000
24.283333	1	1.376875
24.300000	1	1.263125
24.316667	1	1.159250
24.333333	1	1.064250
24.350000	1	0.977750
24.366667	1	0.900125
24.383333	1	0.830375
24.400000	1	0.768875
24.416667	1	0.713375
24.433333	1	0.664500
24.450000	1	0.621125
24.466667	1	0.583000
24.483333	1	0.549625
24.500000	1	0.520625
24.516667	1	0.495000
24.533333	1	0.472625
24.550000	1	0.453500
24.566667	1	0.436750
24.583333	1	0.422625
24.600000	1	0.409750
24.616667	1	0.398250
24.633333	1	0.386750
24.650000	1	0.377500
24.666667	1	0.368250
24.683333	1	0.359500
24.700000	1	0.351125
24.716667	1	0.344000
24.733333	1	0.335875
24.750000	1	0.328625
24.766667	1	0.321375
24.783333	1	0.314375
24.800000	1	0.307750
24.816667	1	0.301750
24.833333	1	0.296250
24.850000	1	0.290375
24.866667	1	0.285500
24.883333	1	0.281500
24.900000	1	0.277500
24.916667	1	0.274125
24.933333	1	0.271125
24.950000	1	0.268250
24.966667	1	0.266750
24.983333	1	0.265125
25.000000	1	0.263875
25.016667	1	0.263375
25.033333	1	0.262875
25.050000	1	0.262625
25.066667	1	0.262875
25.083333	1	0.263375
25.100000	1	0.264625
25.116667	1	0.265250
25.133333	1	0.266625
25.150000	1	0.266750
25.166667	1	0.267250
25.183333	1	0.267375
25.200000	1	0.267875
25.216667	1	0.267625
25.233333	1	0.267625
25.250000	1	0.267500
25.266667	1	0.267250
25.283333	1	0.267375
25.300000	1	0.266750
25.316667	1	0.266250
25.333333	1	0.265125
25.350000	1	0.264125
25.366667	1	0.262250
25.383333	1	0.260875
25.400000	1	0.259625
25.416667	1	0.259125
25.433333	1	0.258000
25.450000	1	0.256750
25.466667	1	0.255375
25.483333	1	0.254000
25.500000	1	0.253125
25.516667	1	0.252500
25.533333	1	0.251250
25.550000	1	0.249500
25.566667	1	0.248000
25.583333	1	0.246875
25.600000	1	0.245125
25.616667	1	0.243500
25.633333	1	0.242375
25.650000	1	0.241500
25.666667	1	0.240000
25.683333	1	0.238875
25.700000	1	0.238125
25.716667	1	0.236500
25.733333	1	0.234750
25.750000	1	0.233625
25.766667	1	0.231750
25.783333	1	0.230375
25.800000	1	0.229375
25.816667	1	0.227500
25.833333	1	0.226250
25.850000	1	0.225000
25.866667	1	0.223750
25.883333	1	0.223500
25.900000	1	0.223250
25.916667	1	0.223750
25.933333	1	0.224625
25.950000	1	0.225625
25.966667	1	0.226875
25.983333	1	0.229125
26.000000	1	0.231125
26.016667	1	0.234500
26.033333	1	0.237625
26.050000	1	0.242125
26.066667	1	0.245750
26.083333	1	0.250500
26.100000	1	0.256250
26.116667	1	0.261875
26.133333	1	0.267375
26.150000	1	0.274125
26.166667	1	0.280375
26.183333	1	0.286875
26.200000	1	0.293875
26.216667	1	0.300875
26.233333	1	0.307125
26.250000	1	0.313000
26.266667	1	0.319250
26.283333	1	0.325500
26.300000	1	0.331375
26.316667	1	0.336250
26.333333	1	0.339625
26.350000	1	0.343375
26.366667	1	0.346875
26.383333	1	0.349750
26.400000	1	0.351375
26.416667	1	0.352125
26.433333	1	0.352000
26.450000	1	0.351875
26.466667	1	0.349750
26.483333	1	0.347125
26.500000	1	0.344875
26.516667	1	0.341625
26.533333	1	0.338500
26.550000	1	0.334000
26.566667	1	0.329250
26.583333	1	0.324500
26.600000	1	0.319000
26.616667	1	0.313625
26.633333	1	0.308250
26.650000	1	0.303125
26.666667	1	0.297500
26.683333	1	0.293000
26.700000	1	0.287875
26.716667	1	0.282750
26.733333	1	0.277875
26.750000	1	0.273000
26.766667	1	0.269250
26.783333	1	0.265750
26.800000	1	0.262250
26.816667	1	0.258875
26.833333	1	0.255500
26.850000	1	0.253000
26.866667	1	0.250875
26.883333	1	0.248750
26.900000	1	0.246250
26.916667	1	0.245125
26.933333	1	0.243375
26.950000	1	0.241750
26.966667	1	0.240500
26.983333	1	0.239125
27.000000	1	0.238750
27.016667	1	0.238250
27.033333	1	0.237500
27.050000	1	0.237500
27.066667	1	0.236500
27.083333	1	0.235875
27.100000	1	0.235375
27.116667	1	0.235625
27.133333	1	0.235750
27.150000	1	0.235625
27.166667	1	0.236625
27.183333	1	0.237875
27.200000	1	0.239750
27.216667	1	0.242250
27.233333	1	0.246250
27.250000	1	0.251125
27.266667	1	0.257625
27.283333	1	0.266125
27.300000	1	0.277500
27.316667	1	0.291500
27.333333	1	0.309375
27.350000	1	0.330125
27.366667	1	0.356500
27.383333	1	0.388875
27.400000	1	0.427250
27.416667	1	0.472625
27.433333	1	0.526875
27.450000	1	0.589875
27.466667	1	0.663000
27.483333	1	0.746875
27.500000	1	0.843000
27.516667	1	0.951375
27.533333	1	1.072375
27.550000	1	1.206000
27.566667	1	1.352750
27.583333	1	1.511500
27.600000	1	1.681500
27.616667	1	1.863500
27.633333	1	2.054625
27.650000	1	2.254125
27.666667	1	2.459625
27.683333	1	2.668750
27.700000	1	2.878500
27.716667	1	3.085875
27.733333	1	3.288125
27.750000	1	3.481625
27.766667	1	3.663625
27.783333	1	3.829875
27.800000	1	3.978750
27.816667	1	4.107125
27.833333	1	4.213000
27.850000	1	4.293500
27.866667	1	4.348625
27.883333	1	4.376500
27.900000	1	4.377625
27.916667	1	4.351500
27.933333	1	4.299500
27.950000	1	4.223125
27.966667	1	4.124375
27.983333	1	4.006000
28.000000	1	3.870375
28.016667	1	3.720375
28.033333	1	3.558500
28.050000	1	3.388500
28.066667	1	3.212625
28.083333	1	3.033625
28.100000	1	2.853250
28.116667	1	2.674875
28.133333	1	2.500875
28.150000	1	2.331250
28.166667	1	2.168375
28.183333	1	2.012875
28.200000	1	1.865250
28.216667	1	1.726000
28.233333	1	1.595500
28.250000	1	1.473500
28.266667	1	1.360125
28.283333	1	1.255000
28.300000	1	1.158875
28.316667	1	1.070250
28.333333	1	0.989750
28.350000	1	0.915875
28.366667	1	0.848625
28.383333	1	0.788750
28.400000	1	0.734875
28.416667	1	0.686000
28.433333	1	0.642250
28.450000	1	0.604000
28.466667	1	0.570250
28.483333	1	0.540625
28.500000	1	0.515375
28.516667	1	0.494125
28.533333	1	0.476750
28.550000	1	0.462500
28.566667	1	0.451125
28.583333	1	0.442750
28.600000	1	0.437625
28.616667	1	0.434750
28.633333	1	0.434125
28.650000	1	0.434375
28.666667	1	0.437500
28.683333	1	0.441625
28.700000	1	0.447500
28.716667	1	0.454000
28.733333	1	0.461625
28.750000	1	0.469875
28.766667	1	0.478250
28.783333	1	0.487250
28.800000	1	0.496500
28.816667	1	0.505375
28.833333	1	0.514500
28.850000	1	0.523375
28.866667	1	0.530875
28.883333	1	0.538750
28.900000	1	0.546125
28.916667	1	0.551500
28.933333	1	0.556125
28.950000	1	0.559875
28.966667	1	0.562875
28.983333	1	0.563750
29.000000	1	0.563625
29.016667	1	0.561875
29.033333	1	0.558750
29.050000	1	0.554000
29.066667	1	0.547375
29.083333	1	0.539375
29.100000	1	0.529750
29.116667	1	0.518000
29.133333	1	0.504000
29.150000	1	0.488000
29.166667	1	0.469625
29.183333	1	0.448625
29.200000	1	0.425500
29.216667	1	0.400125
29.233333	1	0.372125
29.250000	1	0.341750
29.266667	1	0.309750
29.283333	1	0.274125
29.300000	1	0.236000
29.316667	1	0.195375
29.333333	1	0.152250
29.350000	1	0.106375
29.366667	1	0.058750
29.383333	1	0.008500
29.400000	1	-0.044000
29.416667	1	-0.098125
29.433333	1	-0.153375
29.450000	1	-0.210625
29.466667	1	-0.269125
29.483333	1	-0.327500
29.500000	1	-0.385625
29.516667	1	-0.443375
29.533333	1	-0.500875
29.550000	1	-0.556375
29.566667	1	-0.611375
29.583333	1	-0.662875
29.600000	1	-0.712000
29.616667	1	-0.757625
29.633333	1	-0.799375
29.650000	1	-0.836750
29.666667	1	-0.871000
29.683333	1	-0.899875
29.700000	1	-0.923750
29.716667	1	-0.942750
29.733333	1	-0.956250
29.750000	1	-0.964000
29.766667	1	-0.968000
29.783333	1	-0.966500
29.800000	1	-0.960000
29.816667	1	-0.949000
29.833333	1	-0.932875
29.850000	1	-0.913125
29.866667	1	-0.890500
29.883333	1	-0.863875
29.900000	1	-0.834625
29.916667	1	-0.802750
29.933333	1	-0.768875
29.950000	1	-0.733500
29.966667	1	-0.696375
29.983333	1	-0.658250
30.000000	1	-0.619625
30.016667	1	-0.580625
30.033333	1	-0.542000
30.050000	1	-0.503375
30.066667	1	-0.465500
30.083333	1	-0.429250
30.100000	1	-0.393375
30.116667	1	-0.359250
30.133333	1	-0.325875
30.150000	1	-0.294500
30.166667	1	-0.263875
30.183333	1	-0.235375
30.200000	1	-0.207750
30.216667	1	-0.181500
30.233333	1	-0.157750
30.250000	1	-0.135250
30.266667	1	-0.114500
30.283333	1	-0.095750
30.300000	1	-0.078000
30.316667	1	-0.061875
30.333333	1	-0.046000
30.350000	1	-0.032000
30.366667	1	-0.020250
30.383333	1	-0.009000
30.400000	1	0.001375
30.416667	1	0.011000
30.433333	1	0.020125
30.450000	1	0.028625
30.466667	1	0.035750
30.483333	1	0.042500
30.500000	1	0.049250
30.516667	1	0.055875
30.533333	1	0.061250
30.550000	1	0.066875
30.566667	1	0.072500
30.583333	1	0.078000
30.600000	1	0.083500
30.616667	1	0.088625
30.633333	1	0.094500
30.650000	1	0.100875
30.666667	1	0.106875
30.683333	1	0.113250
30.700000	1	0.119875
30.716667	1	0.126375
30.733333	1	0.132750
30.750000	1	0.140375
30.766667	1	0.148125
30.783333	1	0.156500
30.800000	1	0.164500
30.816667	1	0.173000
30.833333	1	0.181625
30.850000	1	0.191375
30.866667	1	0.201000
30.883333	1	0.212125
30.900000	1	0.222750
30.916667	1	0.235500
30.933333	1	0.248875
30.950000	1	0.264375
30.966667	1	0.281375
30.983333	1	0.301500
31.000000	1	0.324125
31.016667	1	0.350500
31.033333	1	0.380500
31.050000	1	0.415750
31.066667	1	0.457125
31.083333	1	0.505625
31.100000	1	0.561375
31.116667	1	0.626125
31.133333	1	0.701000
31.150000	1	0.786125
31.166667	1	0.883375
31.183333	1	0.994125
31.200000	1	1.118750
31.216667	1	1.258125
31.233333	1	1.413250
31.250000	1	1.584250
31.266667	1	1.771375
31.283333	1	1.973250
31.300000	1	2.191125
31.316667	1	2.423125
31.333333	1	2.668125
31.350000	1	2.923500
31.366667	1	3.189750
31.383333	1	3.463250
31.400000	1	3.741500
31.416667	1	4.021500
31.433333	1	4.300125
31.450000	1	4.574375
31.466667	1	4.839750
31.483333	1	5.093500
31.500000	1	5.331875
31.516667	1	5.551125
31.533333	1	5.749250
31.550000	1	5.923875
31.566667	1	6.073375
31.583333	1	6.194250
31.600000	1	6.286500
31.616667	1	6.349500
31.633333	1	6.381875
31.650000	1	6.385000
31.666667	1	6.358875
31.683333	1	6.305375
31.700000	1	6.225375
31.716667	1	6.121000
31.733333	1	5.994375
31.750000	1	5.847750
31.766667	1	5.683000
31.783333	1	5.503625
31.800000	1	5.311250
31.816667	1	5.109000
31.833333	1	4.899500
31.850000	1	4.684125
31.866667	1	4.466375
31.883333	1	4.247625
31.900000	1	4.030125
31.916667	1	3.814625
31.933333	1	3.604125
31.950000	1	3.398375
31.966667	1	3.198750
31.983333	1	3.005000
32.000000	1	2.818750
32.016667	1	2.640000
32.033333	1	2.469500
32.050000	1	2.306875
32.066667	1	2.152750
32.083333	1	2.006250
32.100000	1	1.868375
32.116667	1	1.737875
32.133333	1	1.614500
32.150000	1	1.498250
32.166667	1	1.389625
32.183333	1	1.287125
32.200000	1	1.190375
32.216667	1	1.099750
32.233333	1	1.014875
32.250000	1	0.935500
32.266667	1	0.860750
32.283333	1	0.791125
32.300000	1	0.725875
32.316667	1	0.665875
32.333333	1	0.608875
32.350000	1	0.556500
32.366667	1	0.507625
32.383333	1	0.462500
32.400000	1	0.420875
32.416667	1	0.382500
32.433333	1	0.346125
32.450000	1	0.312875
32.466667	1	0.281875
32.483333	1	0.253375
32.500000	1	0.227250
32.516667	1	0.203375
32.533333	1	0.180625
32.550000	1	0.160750
32.566667	1	0.142750
32.583333	1	0.126625
32.600000	1	0.112250
32.616667	1	0.098250
32.633333	1	0.086375
32.650000	1	0.075625
32.666667	1	0.065500
32.683333	1	0.056625
32.700000	1	0.048875
32.716667	1	0.042125
32.733333	1	0.036875
32.750000	1	0.032375
32.766667	1	0.028125
32.783333	1	0.024000
32.800000	1	0.021375
32.816667	1	0.019500
32.833333	1	0.018000
32.850000	1	0.016500
32.866667	1	0.016125
32.883333	1	0.016500
32.900000	1	0.015875
32.916667	1	0.016250
32.933333	1	0.016375
32.950000	1	0.017000
32.966667	1	0.017750
32.983333	1	0.019250
33.000000	1	0.020000
33.016667	1	0.021250
33.033333	1	0.022250
33.050000	1	0.024000
33.066667	1	0.025750
33.083333	1	0.027125
33.100000	1	0.028875
33.116667	1	0.030125
33.133333	1	0.031250
33.150000	1	0.032375
33.166667	1	0.033250
33.183333	1	0.034125
33.200000	1	0.034875
33.216667	1	0.035000
33.233333	1	0.035250
33.250000	1	0.035125
33.266667	1	0.035375
33.283333	1	0.034625
33.300000	1	0.033375
33.316667	1	0.031875
33.333333	1	0.030375
33.350000	1	0.029125
33.366667	1	0.028000
33.383333	1	0.026875
33.400000	1	0.026375
33.416667	1	0.025250
33.433333	1	0.023875
33.450000	1	0.023125
33.466667	1	0.022125
33.483333	1	0.021625
33.500000	1	0.020250
33.516667	1	0.020375
33.533333	1	0.020500
33.550000	1	0.020500
33.566667	1	0.022125
33.583333	1	0.023125
33.600000	1	0.024250
33.616667	1	0.025500
33.633333	1	0.027375
33.650000	1	0.029000
33.666667	1	0.031500
33.683333	1	0.034375
33.700000	1	0.037125
33.716667	1	0.040000
33.733333	1	0.043125
33.750000	1	0.046500
33.766667	1	0.050375
33.783333	1	0.055000
33.800000	1	0.059000
33.816667	1	0.063000
33.833333	1	0.067000
33.850000	1	0.071125
33.866667	1	0.074875
33.883333	1	0.078875
33.900000	1	0.083000
33.916667	1	0.087250
33.933333	1	0.091625
33.950000	1	0.095125
33.966667	1	0.098875
33.983333	1	0.101500
34.000000	1	0.105000
34.016667	1	0.106875
34.033333	1	0.109125
34.050000	1	0.111000
34.066667	1	0.112500
34.083333	1	0.113250
34.100000	1	0.115500
34.116667	1	0.116000
34.133333	1	0.116500
34.150000	1	0.116625
34.166667	1	0.115375
34.183333	1	0.114875
34.200000	1	0.113625
34.216667	1	0.112375
34.233333	1	0.110875
34.250000	1	0.108750
34.266667	1	0.105625
34.283333	1	0.102875
34.300000	1	0.100500
34.316667	1	0.098500
34.333333	1	0.095750
34.350000	1	0.093750
34.366667	1	0.091500
34.383333	1	0.088750
34.400000	1	0.086375
34.416667	1	0.084125
34.433333	1	0.082500
34.450000	1	0.080875
34.466667	1	0.079250
34.483333	1	0.078625
34.500000	1	0.078250
34.516667	1	0.078125
34.533333	1	0.078375
34.550000	1	0.079125
34.566667	1	0.079750
34.583333	1	0.081000
34.600000	1	0.082500
34.616667	1	0.084875
34.633333	1	0.086750
34.650000	1	0.089125
34.666667	1	0.091125
34.683333	1	0.093500
34.700000	1	0.096375
34.716667	1	0.098875
34.733333	1	0.101750
34.750000	1	0.104625
34.766667	1	0.107500
34.783333	1	0.109750
34.800000	1	0.112250
34.816667	1	0.113750
34.833333	1	0.115875
34.850000	1	0.118125
34.866667	1	0.119250
34.883333	1	0.120750
34.900000	1	0.121625
34.916667	1	0.122625
34.933333	1	0.123875
34.950000	1	0.123875
34.966667	1	0.123875
34.983333	1	0.124000
35.000000	1	0.123750
35.016667	1	0.122625
35.033333	1	0.121500
35.050000	1	0.120875
35.066667	1	0.119750
35.083333	1	0.118750
35.100000	1	0.117125
35.116667	1	0.115750
35.133333	1	0.113875
35.150000	1	0.112500
35.166667	1	0.110625
35.183333	1	0.108625
35.200000	1	0.106875
35.216667	1	0.105125
35.233333	1	0.103125
35.250000	1	0.101625
35.266667	1	0.100125
35.283333	1	0.098875
35.300000	1	0.097250
35.316667	1	0.097000
35.333333	1	0.096125
35.350000	1	0.095875
35.366667	1	0.095500
35.383333	1	0.094875
35.400000	1	0.094500
35.416667	1	0.094250
35.433333	1	0.094500
35.450000	1	0.094375
35.466667	1	0.094375
35.483333	1	0.094750
35.500000	1	0.095750
35.516667	1	0.096250
35.533333	1	0.097500
35.550000	1	0.098250
35.566667	1	0.099625
35.583333	1	0.100375
35.600000	1	0.101625
35.616667	1	0.102500
35.633333	1	0.103750
35.650000	1	0.104500
35.666667	1	0.105625
35.683333	1	0.107000
35.700000	1	0.108500
35.716667	1	0.109875
35.733333	1	0.110500
35.750000	1	0.111625
35.766667	1	0.112625
35.783333	1	0.113625
35.800000	1	0.114875
35.816667	1	0.115625
35.833333	1	0.115875
35.850000	1	0.116625
35.866667	1	0.117625
35.883333	1	0.118875
35.900000	1	0.119750
35.916667	1	0.120500
35.933333	1	0.121250
35.950000	1	0.122000
35.966667	1	0.122375
35.983333	1	0.122250
36.000000	1	0.122125
36.016667	1	0.122125
36.033333	1	0.122750
36.050000	1	0.122875
36.066667	1	0.123375
36.083333	1	0.123375
36.100000	1	0.124125
36.116667	1	0.123875
36.133333	1	0.123500
36.150000	1	0.124000
36.166667	1	0.124375
36.183333	1	0.124125
36.200000	1	0.124125
36.216667	1	0.124000
36.233333	1	0.123750
36.250000	1	0.123250
36.266667	1	0.124125
36.283333	1	0.124250
36.300000	1	0.124500
36.316667	1	0.124250
36.333333	1	0.124625
36.350000	1	0.125000
36.366667	1	0.125625
36.383333	1	0.126500
36.400000	1	0.126875
36.416667	1	0.126875
36.433333	1	0.127000
36.450000	1	0.127750
36.466667	1	0.128125
36.483333	1	0.128500
36.500000	1	0.128875
36.516667	1	0.129500
36.533333	1	0.130125
36.550000	1	0.130125
36.566667	1	0.129750
36.583333	1	0.129625
36.600000	1	0.130125
36.616667	1	0.129875
36.633333	1	0.130000
36.650000	1	0.129750
36.666667	1	0.129000
36.683333	1	0.128125
36.700000	1	0.127375
36.716667	1	0.127000
36.733333	1	0.126125
36.750000	1	0.124500
36.766667	1	0.122750
36.783333	1	0.121500
36.800000	1	0.119625
36.816667	1	0.118750
36.833333	1	0.116750
36.850000	1	0.114875
36.866667	1	0.113250
36.883333	1	0.111625
36.900000	1	0.109750
36.916667	1	0.107625
36.933333	1	0.105125
36.950000	1	0.102250
36.966667	1	0.099625
36.983333	1	0.097625
37.000000	1	0.095500
37.016667	1	0.093500
37.033333	1	0.090625
37.050000	1	0.088500
37.066667	1	0.086125
37.083333	1	0.083750
37.100000	1	0.082500
37.116667	1	0.081125
37.133333	1	0.078500
37.150000	1	0.076250
37.166667	1	0.074625
37.183333	1	0.072750
37.200000	1	0.071000
37.216667	1	0.069875
37.233333	1	0.068000
37.250000	1	0.067000
37.266667	1	0.065625
37.283333	1	0.064500
37.300000	1	0.062500
37.316667	1	0.061375
37.333333	1	0.060375
37.350000	1	0.060000
37.366667	1	0.058875
37.383333	1	0.058375
37.400000	1	0.057750
37.416667	1	0.056625
37.433333	1	0.055750
37.450000	1	0.055625
37.466667	1	0.055500
37.483333	1	0.055250
37.500000	1	0.055250
37.516667	1	0.055000
37.533333	1	0.054625
37.550000	1	0.054500
37.566667	1	0.055500
37.583333	1	0.055625
37.600000	1	0.055375
37.616667	1	0.055250
37.633333	1	0.055500
37.650000	1	0.055250
37.666667	1	0.055375
37.683333	1	0.055125
37.700000	1	0.055875
37.716667	1	0.055750
37.733333	1	0.055375
37.750000	1	0.054875
37.766667	1	0.054250
37.783333	1	0.053875
37.800000	1	0.053875
37.816667	1	0.052625
37.833333	1	0.052625
37.850000	1	0.052000
37.866667	1	0.051375
37.883333	1	0.051000
37.900000	1	0.050500
37.916667	1	0.049875
37.933333	1	0.049250
37.950000	1	0.048375
37.966667	1	0.047750
37.983333	1	0.046500
38.000000	1	0.045375
38.016667	1	0.044500
38.033333	1	0.044000
38.050000	1	0.043750
38.066667	1	0.043125
38.083333	1	0.043000
38.100000	1	0.042500
38.116667	1	0.042000
38.133333	1	0.041000
38.150000	1	0.040625
38.166667	1	0.039375
38.183333	1	0.039000
38.200000	1	0.038750
38.216667	1	0.039000
38.233333	1	0.038500
38.250000	1	0.038125
38.266667	1	0.039000
38.283333	1	0.038000
38.300000	1	0.038375
38.316667	1	0.038500
38.333333	1	0.039625
38.350000	1	0.039875
38.366667	1	0.040500
38.383333	1	0.041125
38.400000	1	0.041125
38.416667	1	0.041375
38.433333	1	0.042125
38.450000	1	0.043000
38.466667	1	0.043375
38.483333	1	0.044000
38.500000	1	0.045000
38.516667	1	0.045625
38.533333	1	0.047000
38.550000	1	0.048250
38.566667	1	0.048875
38.583333	1	0.049875
38.600000	1	0.050125
38.616667	1	0.050875
38.633333	1	0.051125
38.650000	1	0.052000
38.666667	1	0.052125
38.683333	1	0.053500
38.700000	1	0.053375
38.716667	1	0.054000
38.733333	1	0.054250
38.750000	1	0.053625
38.766667	1	0.053500
38.783333	1	0.053250
38.800000	1	0.053125
38.816667	1	0.052625
38.833333	1	0.052750
38.850000	1	0.052250
38.866667	1	0.051375
38.883333	1	0.051500
38.900000	1	0.051000
38.916667	1	0.050250
38.933333	1	0.049250
38.950000	1	0.047750
38.966667	1	0.046375
38.983333	1	0.045875
39.000000	1	0.045500
39.016667	1	0.044500
39.033333	1	0.043750
39.050000	1	0.041875
39.066667	1	0.041125
39.083333	1	0.040250
39.100000	1	0.039875
39.116667	1	0.038625
39.133333	1	0.037750
39.150000	1	0.036875
39.166667	1	0.036250
39.183333	1	0.034250
39.200000	1	0.033375
39.216667	1	0.032125
39.233333	1	0.031750
39.250000	1	0.030625
39.266667	1	0.029875
39.283333	1	0.029125
39.300000	1	0.028250
39.316667	1	0.026750
39.333333	1	0.025875
39.350000	1	0.025750
39.366667	1	0.023750
39.383333	1	0.022125
39.400000	1	0.021000
39.416667	1	0.019750
39.433333	1	0.018500
39.450000	1	0.016875
39.466667	1	0.015375
39.483333	1	0.014750
39.500000	1	0.013250
39.516667	1	0.012125
39.533333	1	0.010250
39.550000	1	0.009125
39.566667	1	0.007125
39.583333	1	0.005250
39.600000	1	0.003625
39.616667	1	0.002250
39.633333	1	0.000875
39.650000	1	-0.000500
39.666667	1	-0.002000
39.683333	1	-0.002750
39.700000	1	-0.004125
39.716667	1	-0.005875
39.733333	1	-0.007375
39.750000	1	-0.009000
39.766667	1	-0.010000
39.783333	1	-0.011000
39.800000	1	-0.011500
39.816667	1	-0.012500
39.833333	1	-0.013625
39.850000	1	-0.014000
39.866667	1	-0.014750
39.883333	1	-0.015750
39.900000	1	-0.016375
39.916667	1	-0.017625
39.933333	1	-0.018375
39.950000	1	-0.018875
39.966667	1	-0.019750
39.983333	1	-0.020750
40.000000	1	-0.022500
