URL	chrom://7040-86g6c92/XVault/Ultimate_3000/20/20240517_CMO_FP23_FP25_MarkusDeplate.seq/552.smp/RI_1.channel/RI_1.chm
Channel	RI_1

Injection Information:
Data Vault	XVault
Sequence	20240517_CMO_FP23_FP25_MarkusDeplate
Name	FP23_19.3_s3
Number	39
Position	BD3
Comment	
Processing Method	
Instrument Method	run_25B_method
Type	Unknown
Status	Finished
Inject Time	28.05.2024 19:59:15 +02:00
Volume (µl)	20.0000
Dilution Factor	1.0000
Weight	1.0000

Chromatogram Data Information:
Time Min. (min)	0.000000
Time Max. (min)	40.000000
Data Points	2401
Detector	RI
Generating Data System	Chromeleon 7.3.2.11814
Exporting Data System	Chromeleon 7.3.2.0
Operator	Instrument Controller
Signal Quantity	Refractive 
Signal Unit	µRIU
Signal Min.	-1.129750
Signal Max.	64.749500
Channel	RI_1
Driver Name	RID520Driver.dll
Channel Type	Evaluation
Min. Step (s)	1
Max. Step (s)	1
Average Step (s)	1

Signal Parameter Information:
Signal Info	

Chromatogram Data:
Time (min)	Step (s)	Value (µRIU)
0.000000	n.a.	-0.007125
0.016667	1	-0.006375
0.033333	1	-0.005500
0.050000	1	-0.004500
0.066667	1	-0.003250
0.083333	1	-0.001750
0.100000	1	-0.001000
0.116667	1	0.000500
0.133333	1	0.001625
0.150000	1	0.003375
0.166667	1	0.004375
0.183333	1	0.005750
0.200000	1	0.007125
0.216667	1	0.008750
0.233333	1	0.010250
0.250000	1	0.012000
0.266667	1	0.013625
0.283333	1	0.015500
0.300000	1	0.018375
0.316667	1	0.019625
0.333333	1	0.021250
0.350000	1	0.022375
0.366667	1	0.022625
0.383333	1	0.022750
0.400000	1	0.023250
0.416667	1	0.025125
0.433333	1	0.028000
0.450000	1	0.030750
0.466667	1	0.033125
0.483333	1	0.035750
0.500000	1	0.037500
0.516667	1	0.038750
0.533333	1	0.039375
0.550000	1	0.039000
0.566667	1	0.039125
0.583333	1	0.037500
0.600000	1	0.035125
0.616667	1	0.032250
0.633333	1	0.030000
0.650000	1	0.028750
0.666667	1	0.027625
0.683333	1	0.026875
0.700000	1	0.026125
0.716667	1	0.026125
0.733333	1	0.025125
0.750000	1	0.024500
0.766667	1	0.024000
0.783333	1	0.023125
0.800000	1	0.022750
0.816667	1	0.022000
0.833333	1	0.020875
0.850000	1	0.020375
0.866667	1	0.020000
0.883333	1	0.019625
0.900000	1	0.018500
0.916667	1	0.017500
0.933333	1	0.016500
0.950000	1	0.016500
0.966667	1	0.015250
0.983333	1	0.014125
1.000000	1	0.012750
1.016667	1	0.011750
1.033333	1	0.010875
1.050000	1	0.010000
1.066667	1	0.009750
1.083333	1	0.008500
1.100000	1	0.007375
1.116667	1	0.006000
1.133333	1	0.005000
1.150000	1	0.003750
1.166667	1	0.003125
1.183333	1	0.002000
1.200000	1	0.001375
1.216667	1	0.000625
1.233333	1	-0.000250
1.250000	1	-0.001125
1.266667	1	-0.001750
1.283333	1	-0.002375
1.300000	1	-0.003000
1.316667	1	-0.003000
1.333333	1	-0.003625
1.350000	1	-0.004125
1.366667	1	-0.003750
1.383333	1	-0.003875
1.400000	1	-0.004125
1.416667	1	-0.004125
1.433333	1	-0.003875
1.450000	1	-0.003000
1.466667	1	-0.002500
1.483333	1	-0.001875
1.500000	1	-0.001000
1.516667	1	-0.000125
1.533333	1	0.000625
1.550000	1	0.001500
1.566667	1	0.002750
1.583333	1	0.003250
1.600000	1	0.004250
1.616667	1	0.004750
1.633333	1	0.005500
1.650000	1	0.007000
1.666667	1	0.008375
1.683333	1	0.009125
1.700000	1	0.009000
1.716667	1	0.009250
1.733333	1	0.009500
1.750000	1	0.009875
1.766667	1	0.010625
1.783333	1	0.010875
1.800000	1	0.011375
1.816667	1	0.012125
1.833333	1	0.012750
1.850000	1	0.012000
1.866667	1	0.012375
1.883333	1	0.012375
1.900000	1	0.012250
1.916667	1	0.011375
1.933333	1	0.011125
1.950000	1	0.010375
1.966667	1	0.009500
1.983333	1	0.009250
2.000000	1	0.009000
2.016667	1	0.008375
2.033333	1	0.008500
2.050000	1	0.007750
2.066667	1	0.007375
2.083333	1	0.006875
2.100000	1	0.006250
2.116667	1	0.005750
2.133333	1	0.005750
2.150000	1	0.005875
2.166667	1	0.005875
2.183333	1	0.005875
2.200000	1	0.005750
2.216667	1	0.005250
2.233333	1	0.005500
2.250000	1	0.006125
2.266667	1	0.006125
2.283333	1	0.006000
2.300000	1	0.005750
2.316667	1	0.005875
2.333333	1	0.006250
2.350000	1	0.006250
2.366667	1	0.005875
2.383333	1	0.005875
2.400000	1	0.005875
2.416667	1	0.006375
2.433333	1	0.006125
2.450000	1	0.006000
2.466667	1	0.005625
2.483333	1	0.005250
2.500000	1	0.004500
2.516667	1	0.004375
2.533333	1	0.004250
2.550000	1	0.003250
2.566667	1	0.002500
2.583333	1	0.001500
2.600000	1	0.001125
2.616667	1	0.000375
2.633333	1	-0.000250
2.650000	1	-0.001375
2.666667	1	-0.001625
2.683333	1	-0.002625
2.700000	1	-0.003250
2.716667	1	-0.004875
2.733333	1	-0.005500
2.750000	1	-0.006125
2.766667	1	-0.007000
2.783333	1	-0.007875
2.800000	1	-0.008750
2.816667	1	-0.009875
2.833333	1	-0.010375
2.850000	1	-0.010250
2.866667	1	-0.010500
2.883333	1	-0.010250
2.900000	1	-0.010250
2.916667	1	-0.009750
2.933333	1	-0.009375
2.950000	1	-0.008500
2.966667	1	-0.007750
2.983333	1	-0.007000
3.000000	1	-0.006500
3.016667	1	-0.004875
3.033333	1	-0.003875
3.050000	1	-0.002500
3.066667	1	-0.001250
3.083333	1	0.000000
3.100000	1	0.001375
3.116667	1	0.002750
3.133333	1	0.004375
3.150000	1	0.005750
3.166667	1	0.007500
3.183333	1	0.009625
3.200000	1	0.011750
3.216667	1	0.013125
3.233333	1	0.014625
3.250000	1	0.015625
3.266667	1	0.017000
3.283333	1	0.018000
3.300000	1	0.019500
3.316667	1	0.020625
3.333333	1	0.022250
3.350000	1	0.023125
3.366667	1	0.024125
3.383333	1	0.025125
3.400000	1	0.025000
3.416667	1	0.025125
3.433333	1	0.025625
3.450000	1	0.025875
3.466667	1	0.026125
3.483333	1	0.025625
3.500000	1	0.025500
3.516667	1	0.026000
3.533333	1	0.026500
3.550000	1	0.026000
3.566667	1	0.025875
3.583333	1	0.025750
3.600000	1	0.025875
3.616667	1	0.026375
3.633333	1	0.026500
3.650000	1	0.027125
3.666667	1	0.027375
3.683333	1	0.027250
3.700000	1	0.027375
3.716667	1	0.027375
3.733333	1	0.028000
3.750000	1	0.028375
3.766667	1	0.028875
3.783333	1	0.030500
3.800000	1	0.031875
3.816667	1	0.033125
3.833333	1	0.034875
3.850000	1	0.036500
3.866667	1	0.038250
3.883333	1	0.039875
3.900000	1	0.042000
3.916667	1	0.044125
3.933333	1	0.046875
3.950000	1	0.048625
3.966667	1	0.050625
3.983333	1	0.052750
4.000000	1	0.054375
4.016667	1	0.056875
4.033333	1	0.059375
4.050000	1	0.060500
4.066667	1	0.062125
4.083333	1	0.063500
4.100000	1	0.064750
4.116667	1	0.065625
4.133333	1	0.067000
4.150000	1	0.067125
4.166667	1	0.067750
4.183333	1	0.068000
4.200000	1	0.068875
4.216667	1	0.069250
4.233333	1	0.069625
4.250000	1	0.069625
4.266667	1	0.069000
4.283333	1	0.068375
4.300000	1	0.068625
4.316667	1	0.068000
4.333333	1	0.067125
4.350000	1	0.066500
4.366667	1	0.066250
4.383333	1	0.065500
4.400000	1	0.064875
4.416667	1	0.064500
4.433333	1	0.064000
4.450000	1	0.063000
4.466667	1	0.062250
4.483333	1	0.061375
4.500000	1	0.060875
4.516667	1	0.060750
4.533333	1	0.060500
4.550000	1	0.061125
4.566667	1	0.061125
4.583333	1	0.061750
4.600000	1	0.062000
4.616667	1	0.062250
4.633333	1	0.062375
4.650000	1	0.062125
4.666667	1	0.061625
4.683333	1	0.061750
4.700000	1	0.061875
4.716667	1	0.061875
4.733333	1	0.062625
4.750000	1	0.062875
4.766667	1	0.063250
4.783333	1	0.063375
4.800000	1	0.063750
4.816667	1	0.064625
4.833333	1	0.065000
4.850000	1	0.065250
4.866667	1	0.065250
4.883333	1	0.065750
4.900000	1	0.066375
4.916667	1	0.066875
4.933333	1	0.067000
4.950000	1	0.068000
4.966667	1	0.069375
4.983333	1	0.070750
5.000000	1	0.072375
5.016667	1	0.073625
5.033333	1	0.075125
5.050000	1	0.076375
5.066667	1	0.077875
5.083333	1	0.079625
5.100000	1	0.081250
5.116667	1	0.083125
5.133333	1	0.085250
5.150000	1	0.087375
5.166667	1	0.089875
5.183333	1	0.092125
5.200000	1	0.095125
5.216667	1	0.098375
5.233333	1	0.101125
5.250000	1	0.103500
5.266667	1	0.106625
5.283333	1	0.110250
5.300000	1	0.113750
5.316667	1	0.117625
5.333333	1	0.121625
5.350000	1	0.125875
5.366667	1	0.130000
5.383333	1	0.134625
5.400000	1	0.139000
5.416667	1	0.143750
5.433333	1	0.148375
5.450000	1	0.152500
5.466667	1	0.157000
5.483333	1	0.161875
5.500000	1	0.166750
5.516667	1	0.171500
5.533333	1	0.176250
5.550000	1	0.181375
5.566667	1	0.186625
5.583333	1	0.191125
5.600000	1	0.196500
5.616667	1	0.200500
5.633333	1	0.205375
5.650000	1	0.209625
5.666667	1	0.213875
5.683333	1	0.217000
5.700000	1	0.220750
5.716667	1	0.223500
5.733333	1	0.226875
5.750000	1	0.230250
5.766667	1	0.233750
5.783333	1	0.236250
5.800000	1	0.238625
5.816667	1	0.240875
5.833333	1	0.241500
5.850000	1	0.242750
5.866667	1	0.243500
5.883333	1	0.244500
5.900000	1	0.244500
5.916667	1	0.244500
5.933333	1	0.243500
5.950000	1	0.243500
5.966667	1	0.243000
5.983333	1	0.242000
6.000000	1	0.241125
6.016667	1	0.240500
6.033333	1	0.238750
6.050000	1	0.237500
6.066667	1	0.235375
6.083333	1	0.233875
6.100000	1	0.231125
6.116667	1	0.229875
6.133333	1	0.228375
6.150000	1	0.226625
6.166667	1	0.224500
6.183333	1	0.222750
6.200000	1	0.220625
6.216667	1	0.219250
6.233333	1	0.217250
6.250000	1	0.215250
6.266667	1	0.213500
6.283333	1	0.211250
6.300000	1	0.209500
6.316667	1	0.208000
6.333333	1	0.206000
6.350000	1	0.204625
6.366667	1	0.203375
6.383333	1	0.202125
6.400000	1	0.201125
6.416667	1	0.199625
6.433333	1	0.198375
6.450000	1	0.197250
6.466667	1	0.195625
6.483333	1	0.194000
6.500000	1	0.193125
6.516667	1	0.192125
6.533333	1	0.191000
6.550000	1	0.189875
6.566667	1	0.189375
6.583333	1	0.188250
6.600000	1	0.186750
6.616667	1	0.185750
6.633333	1	0.183625
6.650000	1	0.181875
6.666667	1	0.180625
6.683333	1	0.179375
6.700000	1	0.177375
6.716667	1	0.175875
6.733333	1	0.175250
6.750000	1	0.172750
6.766667	1	0.171000
6.783333	1	0.168750
6.800000	1	0.166875
6.816667	1	0.164625
6.833333	1	0.162000
6.850000	1	0.159500
6.866667	1	0.157125
6.883333	1	0.154500
6.900000	1	0.152625
6.916667	1	0.150375
6.933333	1	0.147625
6.950000	1	0.145500
6.966667	1	0.143125
6.983333	1	0.140625
7.000000	1	0.138625
7.016667	1	0.136125
7.033333	1	0.134000
7.050000	1	0.131875
7.066667	1	0.129750
7.083333	1	0.127500
7.100000	1	0.125625
7.116667	1	0.124125
7.133333	1	0.123000
7.150000	1	0.122000
7.166667	1	0.121125
7.183333	1	0.120500
7.200000	1	0.120125
7.216667	1	0.120500
7.233333	1	0.120125
7.250000	1	0.120375
7.266667	1	0.121625
7.283333	1	0.122875
7.300000	1	0.123750
7.316667	1	0.125375
7.333333	1	0.127250
7.350000	1	0.129500
7.366667	1	0.131875
7.383333	1	0.134000
7.400000	1	0.137000
7.416667	1	0.140500
7.433333	1	0.143750
7.450000	1	0.146875
7.466667	1	0.150250
7.483333	1	0.154250
7.500000	1	0.158000
7.516667	1	0.161625
7.533333	1	0.165625
7.550000	1	0.169250
7.566667	1	0.172375
7.583333	1	0.175375
7.600000	1	0.178750
7.616667	1	0.181875
7.633333	1	0.184875
7.650000	1	0.187500
7.666667	1	0.189625
7.683333	1	0.191250
7.700000	1	0.193125
7.716667	1	0.194875
7.733333	1	0.195875
7.750000	1	0.196500
7.766667	1	0.197750
7.783333	1	0.197500
7.800000	1	0.197375
7.816667	1	0.196750
7.833333	1	0.195625
7.850000	1	0.194000
7.866667	1	0.191375
7.883333	1	0.190125
7.900000	1	0.187750
7.916667	1	0.186000
7.933333	1	0.183125
7.950000	1	0.180375
7.966667	1	0.177250
7.983333	1	0.174000
8.000000	1	0.170500
8.016667	1	0.166875
8.033333	1	0.163750
8.050000	1	0.160000
8.066667	1	0.155500
8.083333	1	0.151875
8.100000	1	0.147875
8.116667	1	0.143875
8.133333	1	0.140250
8.150000	1	0.137000
8.166667	1	0.133000
8.183333	1	0.129875
8.200000	1	0.126500
8.216667	1	0.123500
8.233333	1	0.120875
8.250000	1	0.117375
8.266667	1	0.114625
8.283333	1	0.111750
8.300000	1	0.109250
8.316667	1	0.106875
8.333333	1	0.104500
8.350000	1	0.101625
8.366667	1	0.100250
8.383333	1	0.098625
8.400000	1	0.096750
8.416667	1	0.095000
8.433333	1	0.093750
8.450000	1	0.091875
8.466667	1	0.091125
8.483333	1	0.089375
8.500000	1	0.088125
8.516667	1	0.087625
8.533333	1	0.087375
8.550000	1	0.087750
8.566667	1	0.087000
8.583333	1	0.086000
8.600000	1	0.085625
8.616667	1	0.085500
8.633333	1	0.085500
8.650000	1	0.085750
8.666667	1	0.085875
8.683333	1	0.086000
8.700000	1	0.086250
8.716667	1	0.087000
8.733333	1	0.086875
8.750000	1	0.087625
8.766667	1	0.087750
8.783333	1	0.088250
8.800000	1	0.088375
8.816667	1	0.087875
8.833333	1	0.087500
8.850000	1	0.087625
8.866667	1	0.087250
8.883333	1	0.086875
8.900000	1	0.086875
8.916667	1	0.087000
8.933333	1	0.086875
8.950000	1	0.086000
8.966667	1	0.085250
8.983333	1	0.084125
9.000000	1	0.083875
9.016667	1	0.082875
9.033333	1	0.082000
9.050000	1	0.081625
9.066667	1	0.081125
9.083333	1	0.080000
9.100000	1	0.079375
9.116667	1	0.079250
9.133333	1	0.078750
9.150000	1	0.078250
9.166667	1	0.078250
9.183333	1	0.078125
9.200000	1	0.077625
9.216667	1	0.078125
9.233333	1	0.078000
9.250000	1	0.078625
9.266667	1	0.078750
9.283333	1	0.079125
9.300000	1	0.079625
9.316667	1	0.081000
9.333333	1	0.082125
9.350000	1	0.083625
9.366667	1	0.084625
9.383333	1	0.085750
9.400000	1	0.086875
9.416667	1	0.087875
9.433333	1	0.088875
9.450000	1	0.089750
9.466667	1	0.091625
9.483333	1	0.092875
9.500000	1	0.093500
9.516667	1	0.094375
9.533333	1	0.095125
9.550000	1	0.096375
9.566667	1	0.097250
9.583333	1	0.097625
9.600000	1	0.098000
9.616667	1	0.098000
9.633333	1	0.097500
9.650000	1	0.096875
9.666667	1	0.096250
9.683333	1	0.095000
9.700000	1	0.093875
9.716667	1	0.091875
9.733333	1	0.090500
9.750000	1	0.088625
9.766667	1	0.086875
9.783333	1	0.084750
9.800000	1	0.082125
9.816667	1	0.080125
9.833333	1	0.078625
9.850000	1	0.075750
9.866667	1	0.073750
9.883333	1	0.071625
9.900000	1	0.069125
9.916667	1	0.067750
9.933333	1	0.065625
9.950000	1	0.063000
9.966667	1	0.061500
9.983333	1	0.059500
10.000000	1	0.058000
10.016667	1	0.056750
10.033333	1	0.055375
10.050000	1	0.055125
10.066667	1	0.054875
10.083333	1	0.055250
10.100000	1	0.056875
10.116667	1	0.059375
10.133333	1	0.063125
10.150000	1	0.067375
10.166667	1	0.073625
10.183333	1	0.080625
10.200000	1	0.089500
10.216667	1	0.099625
10.233333	1	0.111750
10.250000	1	0.126875
10.266667	1	0.143875
10.283333	1	0.163375
10.300000	1	0.185875
10.316667	1	0.210750
10.333333	1	0.238625
10.350000	1	0.270500
10.366667	1	0.305875
10.383333	1	0.343875
10.400000	1	0.385000
10.416667	1	0.425125
10.433333	1	0.458000
10.450000	1	0.471750
10.466667	1	0.455375
10.483333	1	0.402500
10.500000	1	0.320250
10.516667	1	0.240000
10.533333	1	0.217875
10.550000	1	0.337875
10.566667	1	0.696250
10.583333	1	1.392875
10.600000	1	2.518750
10.616667	1	4.149125
10.633333	1	6.334250
10.650000	1	9.101625
10.666667	1	12.463375
10.683333	1	16.403625
10.700000	1	20.878125
10.716667	1	25.802375
10.733333	1	31.039000
10.750000	1	36.381750
10.766667	1	41.533500
10.783333	1	46.111625
10.800000	1	49.670125
10.816667	1	51.779500
10.833333	1	52.144125
10.850000	1	50.709250
10.866667	1	47.687125
10.883333	1	43.499750
10.900000	1	38.654125
10.916667	1	33.618250
10.933333	1	28.747500
10.950000	1	24.268125
10.966667	1	20.295625
10.983333	1	16.871000
11.000000	1	13.982250
11.016667	1	11.588625
11.033333	1	9.633750
11.050000	1	8.053250
11.066667	1	6.784375
11.083333	1	5.769125
11.100000	1	4.956625
11.116667	1	4.304125
11.133333	1	3.778875
11.150000	1	3.352500
11.166667	1	3.003875
11.183333	1	2.716125
11.200000	1	2.476625
11.216667	1	2.275625
11.233333	1	2.105625
11.250000	1	1.960125
11.266667	1	1.835875
11.283333	1	1.727625
11.300000	1	1.634625
11.316667	1	1.553000
11.333333	1	1.482500
11.350000	1	1.421375
11.366667	1	1.367625
11.383333	1	1.320750
11.400000	1	1.279875
11.416667	1	1.243500
11.433333	1	1.211125
11.450000	1	1.183000
11.466667	1	1.158000
11.483333	1	1.136250
11.500000	1	1.116000
11.516667	1	1.099375
11.533333	1	1.084500
11.550000	1	1.072125
11.566667	1	1.060750
11.583333	1	1.051250
11.600000	1	1.043375
11.616667	1	1.036625
11.633333	1	1.031250
11.650000	1	1.027000
11.666667	1	1.024500
11.683333	1	1.023875
11.700000	1	1.023875
11.716667	1	1.025625
11.733333	1	1.029000
11.750000	1	1.033625
11.766667	1	1.039750
11.783333	1	1.046250
11.800000	1	1.053625
11.816667	1	1.060750
11.833333	1	1.067625
11.850000	1	1.073625
11.866667	1	1.079750
11.883333	1	1.085625
11.900000	1	1.090750
11.916667	1	1.095500
11.933333	1	1.099625
11.950000	1	1.103500
11.966667	1	1.108000
11.983333	1	1.112625
12.000000	1	1.117625
12.016667	1	1.122875
12.033333	1	1.129250
12.050000	1	1.135375
12.066667	1	1.142000
12.083333	1	1.150000
12.100000	1	1.159125
12.116667	1	1.168375
12.133333	1	1.179250
12.150000	1	1.191875
12.166667	1	1.205625
12.183333	1	1.222250
12.200000	1	1.240875
12.216667	1	1.263375
12.233333	1	1.288750
12.250000	1	1.317500
12.266667	1	1.349625
12.283333	1	1.384875
12.300000	1	1.423250
12.316667	1	1.464625
12.333333	1	1.509750
12.350000	1	1.559125
12.366667	1	1.616750
12.383333	1	1.683750
12.400000	1	1.766125
12.416667	1	1.870375
12.433333	1	2.003375
12.450000	1	2.173500
12.466667	1	2.389625
12.483333	1	2.659125
12.500000	1	2.989000
12.516667	1	3.381875
12.533333	1	3.836625
12.550000	1	4.348250
12.566667	1	4.908375
12.583333	1	5.505875
12.600000	1	6.125625
12.616667	1	6.751750
12.633333	1	7.369875
12.650000	1	7.969375
12.666667	1	8.541250
12.683333	1	9.080750
12.700000	1	9.588125
12.716667	1	10.067875
12.733333	1	10.525250
12.750000	1	10.970750
12.766667	1	11.413250
12.783333	1	11.861750
12.800000	1	12.321875
12.816667	1	12.798000
12.833333	1	13.285500
12.850000	1	13.762125
12.866667	1	14.172500
12.883333	1	14.426750
12.900000	1	14.412250
12.916667	1	14.040250
12.933333	1	13.285500
12.950000	1	12.205250
12.966667	1	10.919750
12.983333	1	9.565500
13.000000	1	8.256875
13.016667	1	7.066125
13.033333	1	6.025750
13.050000	1	5.140625
13.066667	1	4.402250
13.083333	1	3.795875
13.100000	1	3.304125
13.116667	1	2.910625
13.133333	1	2.596875
13.150000	1	2.347125
13.166667	1	2.149500
13.183333	1	1.992500
13.200000	1	1.867125
13.216667	1	1.766250
13.233333	1	1.683875
13.250000	1	1.615125
13.266667	1	1.557125
13.283333	1	1.506625
13.300000	1	1.462500
13.316667	1	1.422625
13.333333	1	1.387250
13.350000	1	1.354250
13.366667	1	1.324875
13.383333	1	1.298375
13.400000	1	1.274500
13.416667	1	1.253750
13.433333	1	1.235000
13.450000	1	1.218750
13.466667	1	1.205000
13.483333	1	1.194625
13.500000	1	1.185625
13.516667	1	1.179250
13.533333	1	1.174875
13.550000	1	1.170625
13.566667	1	1.166500
13.583333	1	1.162625
13.600000	1	1.157375
13.616667	1	1.151375
13.633333	1	1.143125
13.650000	1	1.132000
13.666667	1	1.119125
13.683333	1	1.104375
13.700000	1	1.088125
13.716667	1	1.070750
13.733333	1	1.051500
13.750000	1	1.032625
13.766667	1	1.013375
13.783333	1	0.993750
13.800000	1	0.975000
13.816667	1	0.957250
13.833333	1	0.939750
13.850000	1	0.923375
13.866667	1	0.907750
13.883333	1	0.892625
13.900000	1	0.878500
13.916667	1	0.865000
13.933333	1	0.852625
13.950000	1	0.840000
13.966667	1	0.829125
13.983333	1	0.818625
14.000000	1	0.808875
14.016667	1	0.799250
14.033333	1	0.790625
14.050000	1	0.782750
14.066667	1	0.774875
14.083333	1	0.767375
14.100000	1	0.761125
14.116667	1	0.754875
14.133333	1	0.749250
14.150000	1	0.744000
14.166667	1	0.739250
14.183333	1	0.735125
14.200000	1	0.732500
14.216667	1	0.730375
14.233333	1	0.729250
14.250000	1	0.729250
14.266667	1	0.729875
14.283333	1	0.731750
14.300000	1	0.734375
14.316667	1	0.738500
14.333333	1	0.743375
14.350000	1	0.750000
14.366667	1	0.758000
14.383333	1	0.767875
14.400000	1	0.780375
14.416667	1	0.796375
14.433333	1	0.817375
14.450000	1	0.847250
14.466667	1	0.891375
14.483333	1	0.958875
14.500000	1	1.064625
14.516667	1	1.228875
14.533333	1	1.481000
14.550000	1	1.860000
14.566667	1	2.418250
14.583333	1	3.217375
14.600000	1	4.329250
14.616667	1	5.836000
14.633333	1	7.821750
14.650000	1	10.362375
14.666667	1	13.515000
14.683333	1	17.306500
14.700000	1	21.719000
14.716667	1	26.682500
14.733333	1	32.076750
14.750000	1	37.725875
14.766667	1	43.409875
14.783333	1	48.874000
14.800000	1	53.861000
14.816667	1	58.123750
14.833333	1	61.452250
14.850000	1	63.689875
14.866667	1	64.749500
14.883333	1	64.622750
14.900000	1	63.375625
14.916667	1	61.138750
14.933333	1	58.088750
14.950000	1	54.428250
14.966667	1	50.362875
14.983333	1	46.089500
15.000000	1	41.770125
15.016667	1	37.539625
15.033333	1	33.496500
15.050000	1	29.711750
15.066667	1	26.227750
15.083333	1	23.064250
15.100000	1	20.223750
15.116667	1	17.693250
15.133333	1	15.454125
15.150000	1	13.481250
15.166667	1	11.749875
15.183333	1	10.234375
15.200000	1	8.911250
15.216667	1	7.758000
15.233333	1	6.757000
15.250000	1	5.890750
15.266667	1	5.144500
15.283333	1	4.505500
15.300000	1	3.963500
15.316667	1	3.508250
15.333333	1	3.129625
15.350000	1	2.818000
15.366667	1	2.564875
15.383333	1	2.362125
15.400000	1	2.202125
15.416667	1	2.075875
15.433333	1	1.976750
15.450000	1	1.899000
15.466667	1	1.835500
15.483333	1	1.781625
15.500000	1	1.732750
15.516667	1	1.686875
15.533333	1	1.640375
15.550000	1	1.594000
15.566667	1	1.547125
15.583333	1	1.499500
15.600000	1	1.452000
15.616667	1	1.404875
15.633333	1	1.359625
15.650000	1	1.316750
15.666667	1	1.276375
15.683333	1	1.238500
15.700000	1	1.204500
15.716667	1	1.172500
15.733333	1	1.142875
15.750000	1	1.115625
15.766667	1	1.091000
15.783333	1	1.067500
15.800000	1	1.046125
15.816667	1	1.026125
15.833333	1	1.008000
15.850000	1	0.992375
15.866667	1	0.979000
15.883333	1	0.967875
15.900000	1	0.959375
15.916667	1	0.953875
15.933333	1	0.951750
15.950000	1	0.953500
15.966667	1	0.957500
15.983333	1	0.964375
16.000000	1	0.973500
16.016667	1	0.984000
16.033333	1	0.994375
16.050000	1	1.004500
16.066667	1	1.014125
16.083333	1	1.021750
16.100000	1	1.027750
16.116667	1	1.031750
16.133333	1	1.033375
16.150000	1	1.033125
16.166667	1	1.030500
16.183333	1	1.025500
16.200000	1	1.018875
16.216667	1	1.010375
16.233333	1	1.000875
16.250000	1	0.990250
16.266667	1	0.979250
16.283333	1	0.968125
16.300000	1	0.957000
16.316667	1	0.946750
16.333333	1	0.938000
16.350000	1	0.930500
16.366667	1	0.924500
16.383333	1	0.919875
16.400000	1	0.918125
16.416667	1	0.917250
16.433333	1	0.918125
16.450000	1	0.920625
16.466667	1	0.924500
16.483333	1	0.929000
16.500000	1	0.933125
16.516667	1	0.936625
16.533333	1	0.939625
16.550000	1	0.940625
16.566667	1	0.941000
16.583333	1	0.939500
16.600000	1	0.936500
16.616667	1	0.931625
16.633333	1	0.926250
16.650000	1	0.920500
16.666667	1	0.915750
16.683333	1	0.911375
16.700000	1	0.907750
16.716667	1	0.905750
16.733333	1	0.905500
16.750000	1	0.907375
16.766667	1	0.911875
16.783333	1	0.917500
16.800000	1	0.923875
16.816667	1	0.931750
16.833333	1	0.939875
16.850000	1	0.947500
16.866667	1	0.954250
16.883333	1	0.960000
16.900000	1	0.963750
16.916667	1	0.966125
16.933333	1	0.966875
16.950000	1	0.966250
16.966667	1	0.964125
16.983333	1	0.960875
17.000000	1	0.957000
17.016667	1	0.953500
17.033333	1	0.948875
17.050000	1	0.944875
17.066667	1	0.942000
17.083333	1	0.940000
17.100000	1	0.939000
17.116667	1	0.938250
17.133333	1	0.939250
17.150000	1	0.940750
17.166667	1	0.942500
17.183333	1	0.944750
17.200000	1	0.947125
17.216667	1	0.949500
17.233333	1	0.952500
17.250000	1	0.956625
17.266667	1	0.960375
17.283333	1	0.965000
17.300000	1	0.969625
17.316667	1	0.974625
17.333333	1	0.979875
17.350000	1	0.985625
17.366667	1	0.991000
17.383333	1	0.996625
17.400000	1	1.001375
17.416667	1	1.006125
17.433333	1	1.010000
17.450000	1	1.012750
17.466667	1	1.015250
17.483333	1	1.015125
17.500000	1	1.014500
17.516667	1	1.012000
17.533333	1	1.008250
17.550000	1	1.002000
17.566667	1	0.995250
17.583333	1	0.986875
17.600000	1	0.977500
17.616667	1	0.967500
17.633333	1	0.956750
17.650000	1	0.945500
17.666667	1	0.933375
17.683333	1	0.920375
17.700000	1	0.907750
17.716667	1	0.895125
17.733333	1	0.883000
17.750000	1	0.871000
17.766667	1	0.858750
17.783333	1	0.848750
17.800000	1	0.838625
17.816667	1	0.829500
17.833333	1	0.821875
17.850000	1	0.814375
17.866667	1	0.807125
17.883333	1	0.800375
17.900000	1	0.795000
17.916667	1	0.788875
17.933333	1	0.783750
17.950000	1	0.778125
17.966667	1	0.773500
17.983333	1	0.767625
18.000000	1	0.761750
18.016667	1	0.756000
18.033333	1	0.750250
18.050000	1	0.744375
18.066667	1	0.738750
18.083333	1	0.733500
18.100000	1	0.729500
18.116667	1	0.725500
18.133333	1	0.721250
18.150000	1	0.718875
18.166667	1	0.716625
18.183333	1	0.714500
18.200000	1	0.713500
18.216667	1	0.712875
18.233333	1	0.711750
18.250000	1	0.711750
18.266667	1	0.711625
18.283333	1	0.711625
18.300000	1	0.710750
18.316667	1	0.710875
18.333333	1	0.711625
18.350000	1	0.712375
18.366667	1	0.713875
18.383333	1	0.716375
18.400000	1	0.719375
18.416667	1	0.723875
18.433333	1	0.729875
18.450000	1	0.737250
18.466667	1	0.746125
18.483333	1	0.757750
18.500000	1	0.771625
18.516667	1	0.787750
18.533333	1	0.805500
18.550000	1	0.825250
18.566667	1	0.847625
18.583333	1	0.870875
18.600000	1	0.896875
18.616667	1	0.924375
18.633333	1	0.953625
18.650000	1	0.984000
18.666667	1	1.016250
18.683333	1	1.050125
18.700000	1	1.084875
18.716667	1	1.119750
18.733333	1	1.155625
18.750000	1	1.191250
18.766667	1	1.226875
18.783333	1	1.261875
18.800000	1	1.295625
18.816667	1	1.326625
18.833333	1	1.355250
18.850000	1	1.379875
18.866667	1	1.399000
18.883333	1	1.413750
18.900000	1	1.423000
18.916667	1	1.426250
18.933333	1	1.422250
18.950000	1	1.411875
18.966667	1	1.395125
18.983333	1	1.371875
19.000000	1	1.343375
19.016667	1	1.308750
19.033333	1	1.270125
19.050000	1	1.227125
19.066667	1	1.182875
19.083333	1	1.136750
19.100000	1	1.090000
19.116667	1	1.043875
19.133333	1	0.999000
19.150000	1	0.956500
19.166667	1	0.916000
19.183333	1	0.879375
19.200000	1	0.847250
19.216667	1	0.819000
19.233333	1	0.795875
19.250000	1	0.777625
19.266667	1	0.765000
19.283333	1	0.757375
19.300000	1	0.756125
19.316667	1	0.760875
19.333333	1	0.770875
19.350000	1	0.786375
19.366667	1	0.805875
19.383333	1	0.829125
19.400000	1	0.855750
19.416667	1	0.883750
19.433333	1	0.912250
19.450000	1	0.940500
19.466667	1	0.967125
19.483333	1	0.991250
19.500000	1	1.011625
19.516667	1	1.028000
19.533333	1	1.040250
19.550000	1	1.046750
19.566667	1	1.048375
19.583333	1	1.044875
19.600000	1	1.035375
19.616667	1	1.022375
19.633333	1	1.004125
19.650000	1	0.982875
19.666667	1	0.958250
19.683333	1	0.932000
19.700000	1	0.903875
19.716667	1	0.874500
19.733333	1	0.844750
19.750000	1	0.814625
19.766667	1	0.785750
19.783333	1	0.756500
19.800000	1	0.728500
19.816667	1	0.701875
19.833333	1	0.676250
19.850000	1	0.651875
19.866667	1	0.628375
19.883333	1	0.607000
19.900000	1	0.587625
19.916667	1	0.569625
19.933333	1	0.554125
19.950000	1	0.539875
19.966667	1	0.528250
19.983333	1	0.517500
20.000000	1	0.509250
20.016667	1	0.503125
20.033333	1	0.499375
20.050000	1	0.497750
20.066667	1	0.499625
20.083333	1	0.503750
20.100000	1	0.511000
20.116667	1	0.520625
20.133333	1	0.533375
20.150000	1	0.547625
20.166667	1	0.563875
20.183333	1	0.580750
20.200000	1	0.598125
20.216667	1	0.614625
20.233333	1	0.630500
20.250000	1	0.643875
20.266667	1	0.655125
20.283333	1	0.663500
20.300000	1	0.669250
20.316667	1	0.671500
20.333333	1	0.670000
20.350000	1	0.664625
20.366667	1	0.655125
20.383333	1	0.643625
20.400000	1	0.629375
20.416667	1	0.613625
20.433333	1	0.595625
20.450000	1	0.578125
20.466667	1	0.561125
20.483333	1	0.544375
20.500000	1	0.529500
20.516667	1	0.516500
20.533333	1	0.507375
20.550000	1	0.501750
20.566667	1	0.501125
20.583333	1	0.506375
20.600000	1	0.518375
20.616667	1	0.536250
20.633333	1	0.562750
20.650000	1	0.596500
20.666667	1	0.638875
20.683333	1	0.689625
20.700000	1	0.746500
20.716667	1	0.812125
20.733333	1	0.884750
20.750000	1	0.961125
20.766667	1	1.039875
20.783333	1	1.119000
20.800000	1	1.196500
20.816667	1	1.269875
20.833333	1	1.335750
20.850000	1	1.393375
20.866667	1	1.440000
20.883333	1	1.473500
20.900000	1	1.494875
20.916667	1	1.503250
20.933333	1	1.498125
20.950000	1	1.480375
20.966667	1	1.451500
20.983333	1	1.413000
21.000000	1	1.366500
21.016667	1	1.313375
21.033333	1	1.255500
21.050000	1	1.196000
21.066667	1	1.135125
21.083333	1	1.074250
21.100000	1	1.015625
21.116667	1	0.958500
21.133333	1	0.905000
21.150000	1	0.854375
21.166667	1	0.807375
21.183333	1	0.763750
21.200000	1	0.724625
21.216667	1	0.688250
21.233333	1	0.655625
21.250000	1	0.626000
21.266667	1	0.600000
21.283333	1	0.576250
21.300000	1	0.555375
21.316667	1	0.536000
21.333333	1	0.518750
21.350000	1	0.503625
21.366667	1	0.489625
21.383333	1	0.477000
21.400000	1	0.466375
21.416667	1	0.456250
21.433333	1	0.447375
21.450000	1	0.439250
21.466667	1	0.432125
21.483333	1	0.426500
21.500000	1	0.422125
21.516667	1	0.418875
21.533333	1	0.416500
21.550000	1	0.415250
21.566667	1	0.415875
21.583333	1	0.418000
21.600000	1	0.422250
21.616667	1	0.428750
21.633333	1	0.437875
21.650000	1	0.449375
21.666667	1	0.463625
21.683333	1	0.481125
21.700000	1	0.501125
21.716667	1	0.525000
21.733333	1	0.551375
21.750000	1	0.581125
21.766667	1	0.611750
21.783333	1	0.645250
21.800000	1	0.679750
21.816667	1	0.714875
21.833333	1	0.749625
21.850000	1	0.784500
21.866667	1	0.817250
21.883333	1	0.847875
21.900000	1	0.875750
21.916667	1	0.899250
21.933333	1	0.919125
21.950000	1	0.934625
21.966667	1	0.946875
21.983333	1	0.954875
22.000000	1	0.958250
22.016667	1	0.957125
22.033333	1	0.951375
22.050000	1	0.943125
22.066667	1	0.931750
22.083333	1	0.918250
22.100000	1	0.902250
22.116667	1	0.884500
22.133333	1	0.866500
22.150000	1	0.846875
22.166667	1	0.826750
22.183333	1	0.805500
22.200000	1	0.784875
22.216667	1	0.763375
22.233333	1	0.741125
22.250000	1	0.719000
22.266667	1	0.697125
22.283333	1	0.675375
22.300000	1	0.653000
22.316667	1	0.631875
22.333333	1	0.610375
22.350000	1	0.589625
22.366667	1	0.569375
22.383333	1	0.549500
22.400000	1	0.529875
22.416667	1	0.512000
22.433333	1	0.494125
22.450000	1	0.477375
22.466667	1	0.461625
22.483333	1	0.447250
22.500000	1	0.433250
22.516667	1	0.421125
22.533333	1	0.409000
22.550000	1	0.398375
22.566667	1	0.387500
22.583333	1	0.377625
22.600000	1	0.368750
22.616667	1	0.360000
22.633333	1	0.351750
22.650000	1	0.344125
22.666667	1	0.336500
22.683333	1	0.329875
22.700000	1	0.323250
22.716667	1	0.317125
22.733333	1	0.310500
22.750000	1	0.304750
22.766667	1	0.298750
22.783333	1	0.293000
22.800000	1	0.287500
22.816667	1	0.282250
22.833333	1	0.277125
22.850000	1	0.272250
22.866667	1	0.267875
22.883333	1	0.264125
22.900000	1	0.260875
22.916667	1	0.257750
22.933333	1	0.255375
22.950000	1	0.252875
22.966667	1	0.250250
22.983333	1	0.248000
23.000000	1	0.246750
23.016667	1	0.245625
23.033333	1	0.244750
23.050000	1	0.244250
23.066667	1	0.243500
23.083333	1	0.243375
23.100000	1	0.244125
23.116667	1	0.244750
23.133333	1	0.245625
23.150000	1	0.246750
23.166667	1	0.247000
23.183333	1	0.248875
23.200000	1	0.249625
23.216667	1	0.250750
23.233333	1	0.251375
23.250000	1	0.252875
23.266667	1	0.254625
23.283333	1	0.257250
23.300000	1	0.260250
23.316667	1	0.264750
23.333333	1	0.271250
23.350000	1	0.279625
23.366667	1	0.291500
23.383333	1	0.307750
23.400000	1	0.329125
23.416667	1	0.357625
23.433333	1	0.394375
23.450000	1	0.441750
23.466667	1	0.501500
23.483333	1	0.576625
23.500000	1	0.668625
23.516667	1	0.780375
23.533333	1	0.912750
23.550000	1	1.069750
23.566667	1	1.251625
23.583333	1	1.459500
23.600000	1	1.692875
23.616667	1	1.951750
23.633333	1	2.233875
23.650000	1	2.535375
23.666667	1	2.853500
23.683333	1	3.183000
23.700000	1	3.518250
23.716667	1	3.852375
23.733333	1	4.178375
23.750000	1	4.489000
23.766667	1	4.776625
23.783333	1	5.034000
23.800000	1	5.255375
23.816667	1	5.437125
23.833333	1	5.573875
23.850000	1	5.664500
23.866667	1	5.707375
23.883333	1	5.704250
23.900000	1	5.656125
23.916667	1	5.565875
23.933333	1	5.438125
23.950000	1	5.276875
23.966667	1	5.087125
23.983333	1	4.875500
24.000000	1	4.647375
24.016667	1	4.408000
24.033333	1	4.161250
24.050000	1	3.913375
24.066667	1	3.667125
24.083333	1	3.425500
24.100000	1	3.190500
24.116667	1	2.963625
24.133333	1	2.747250
24.150000	1	2.541875
24.166667	1	2.348875
24.183333	1	2.168375
24.200000	1	1.999500
24.216667	1	1.843375
24.233333	1	1.697750
24.250000	1	1.564000
24.266667	1	1.441125
24.283333	1	1.327125
24.300000	1	1.223875
24.316667	1	1.129000
24.333333	1	1.043000
24.350000	1	0.965000
24.366667	1	0.894375
24.383333	1	0.830875
24.400000	1	0.774750
24.416667	1	0.724375
24.433333	1	0.679875
24.450000	1	0.641500
24.466667	1	0.607750
24.483333	1	0.578375
24.500000	1	0.552750
24.516667	1	0.530500
24.533333	1	0.511625
24.550000	1	0.495000
24.566667	1	0.480500
24.583333	1	0.468500
24.600000	1	0.457750
24.616667	1	0.447375
24.633333	1	0.438250
24.650000	1	0.430625
24.666667	1	0.422625
24.683333	1	0.415750
24.700000	1	0.408875
24.716667	1	0.401500
24.733333	1	0.395125
24.750000	1	0.388750
24.766667	1	0.382250
24.783333	1	0.375625
24.800000	1	0.369625
24.816667	1	0.363125
24.833333	1	0.357375
24.850000	1	0.351750
24.866667	1	0.346125
24.883333	1	0.340625
24.900000	1	0.335750
24.916667	1	0.330250
24.933333	1	0.326000
24.950000	1	0.321625
24.966667	1	0.318375
24.983333	1	0.314375
25.000000	1	0.310500
25.016667	1	0.307750
25.033333	1	0.305000
25.050000	1	0.301875
25.066667	1	0.299500
25.083333	1	0.297000
25.100000	1	0.295125
25.116667	1	0.292250
25.133333	1	0.290125
25.150000	1	0.287625
25.166667	1	0.284625
25.183333	1	0.282125
25.200000	1	0.279125
25.216667	1	0.276750
25.233333	1	0.273875
25.250000	1	0.271250
25.266667	1	0.268750
25.283333	1	0.265875
25.300000	1	0.263125
25.316667	1	0.260000
25.333333	1	0.256500
25.350000	1	0.253375
25.366667	1	0.249750
25.383333	1	0.247125
25.400000	1	0.243750
25.416667	1	0.241500
25.433333	1	0.238625
25.450000	1	0.235750
25.466667	1	0.234000
25.483333	1	0.232750
25.500000	1	0.231125
25.516667	1	0.229125
25.533333	1	0.227875
25.550000	1	0.226375
25.566667	1	0.225500
25.583333	1	0.224625
25.600000	1	0.224125
25.616667	1	0.223500
25.633333	1	0.223375
25.650000	1	0.223375
25.666667	1	0.224250
25.683333	1	0.224625
25.700000	1	0.224250
25.716667	1	0.225125
25.733333	1	0.225750
25.750000	1	0.226250
25.766667	1	0.227750
25.783333	1	0.228500
25.800000	1	0.230250
25.816667	1	0.232125
25.833333	1	0.234250
25.850000	1	0.235500
25.866667	1	0.238000
25.883333	1	0.241375
25.900000	1	0.244500
25.916667	1	0.247875
25.933333	1	0.252250
25.950000	1	0.257375
25.966667	1	0.261750
25.983333	1	0.266500
26.000000	1	0.272750
26.016667	1	0.278375
26.033333	1	0.284375
26.050000	1	0.291375
26.066667	1	0.298750
26.083333	1	0.306375
26.100000	1	0.313250
26.116667	1	0.322125
26.133333	1	0.330000
26.150000	1	0.337750
26.166667	1	0.346000
26.183333	1	0.353750
26.200000	1	0.362000
26.216667	1	0.369375
26.233333	1	0.377250
26.250000	1	0.383625
26.266667	1	0.390375
26.283333	1	0.395750
26.300000	1	0.401250
26.316667	1	0.405750
26.333333	1	0.410375
26.350000	1	0.414000
26.366667	1	0.416750
26.383333	1	0.418250
26.400000	1	0.419125
26.416667	1	0.419000
26.433333	1	0.417875
26.450000	1	0.416625
26.466667	1	0.414375
26.483333	1	0.411250
26.500000	1	0.407250
26.516667	1	0.402125
26.533333	1	0.397250
26.550000	1	0.391375
26.566667	1	0.385250
26.583333	1	0.378375
26.600000	1	0.371250
26.616667	1	0.365000
26.633333	1	0.358250
26.650000	1	0.351375
26.666667	1	0.343500
26.683333	1	0.336500
26.700000	1	0.329125
26.716667	1	0.322250
26.733333	1	0.315125
26.750000	1	0.308750
26.766667	1	0.302625
26.783333	1	0.296625
26.800000	1	0.290625
26.816667	1	0.285625
26.833333	1	0.281500
26.850000	1	0.278125
26.866667	1	0.274000
26.883333	1	0.271125
26.900000	1	0.268500
26.916667	1	0.265750
26.933333	1	0.263000
26.950000	1	0.261000
26.966667	1	0.259875
26.983333	1	0.258875
27.000000	1	0.258000
27.016667	1	0.257500
27.033333	1	0.256750
27.050000	1	0.257000
27.066667	1	0.257875
27.083333	1	0.258375
27.100000	1	0.259000
27.116667	1	0.260750
27.133333	1	0.263375
27.150000	1	0.266500
27.166667	1	0.269000
27.183333	1	0.272625
27.200000	1	0.278125
27.216667	1	0.283750
27.233333	1	0.290500
27.250000	1	0.298875
27.266667	1	0.308625
27.283333	1	0.320500
27.300000	1	0.335375
27.316667	1	0.353125
27.333333	1	0.373875
27.350000	1	0.398625
27.366667	1	0.428125
27.383333	1	0.463750
27.400000	1	0.505750
27.416667	1	0.555250
27.433333	1	0.612500
27.450000	1	0.679375
27.466667	1	0.756375
27.483333	1	0.843625
27.500000	1	0.942500
27.516667	1	1.052750
27.533333	1	1.175000
27.550000	1	1.309500
27.566667	1	1.456250
27.583333	1	1.615000
27.600000	1	1.785500
27.616667	1	1.964875
27.633333	1	2.153750
27.650000	1	2.349500
27.666667	1	2.550500
27.683333	1	2.752875
27.700000	1	2.956000
27.716667	1	3.154500
27.733333	1	3.347000
27.750000	1	3.529125
27.766667	1	3.699625
27.783333	1	3.854375
27.800000	1	3.991500
27.816667	1	4.107125
27.833333	1	4.200125
27.850000	1	4.268875
27.866667	1	4.311750
27.883333	1	4.328625
27.900000	1	4.319500
27.916667	1	4.284625
27.933333	1	4.225125
27.950000	1	4.142875
27.966667	1	4.039625
27.983333	1	3.917500
28.000000	1	3.779625
28.016667	1	3.629500
28.033333	1	3.468500
28.050000	1	3.299750
28.066667	1	3.125375
28.083333	1	2.949625
28.100000	1	2.773500
28.116667	1	2.599000
28.133333	1	2.428625
28.150000	1	2.263625
28.166667	1	2.105250
28.183333	1	1.953625
28.200000	1	1.810500
28.216667	1	1.675250
28.233333	1	1.548000
28.250000	1	1.429375
28.266667	1	1.319750
28.283333	1	1.218000
28.300000	1	1.123750
28.316667	1	1.037375
28.333333	1	0.958875
28.350000	1	0.887125
28.366667	1	0.821875
28.383333	1	0.763250
28.400000	1	0.710750
28.416667	1	0.663250
28.433333	1	0.621250
28.450000	1	0.583875
28.466667	1	0.551500
28.483333	1	0.522500
28.500000	1	0.497875
28.516667	1	0.476875
28.533333	1	0.460250
28.550000	1	0.445875
28.566667	1	0.434875
28.583333	1	0.426625
28.600000	1	0.422000
28.616667	1	0.418875
28.633333	1	0.418375
28.650000	1	0.419500
28.666667	1	0.422125
28.683333	1	0.426500
28.700000	1	0.432000
28.716667	1	0.439125
28.733333	1	0.446750
28.750000	1	0.454750
28.766667	1	0.463500
28.783333	1	0.472500
28.800000	1	0.481875
28.816667	1	0.491250
28.833333	1	0.500250
28.850000	1	0.509875
28.866667	1	0.518000
28.883333	1	0.526375
28.900000	1	0.533625
28.916667	1	0.540125
28.933333	1	0.545375
28.950000	1	0.549625
28.966667	1	0.553125
28.983333	1	0.555500
29.000000	1	0.556125
29.016667	1	0.555250
29.033333	1	0.553375
29.050000	1	0.550000
29.066667	1	0.544375
29.083333	1	0.537000
29.100000	1	0.528375
29.116667	1	0.516875
29.133333	1	0.503625
29.150000	1	0.488375
29.166667	1	0.470375
29.183333	1	0.450250
29.200000	1	0.427500
29.216667	1	0.402000
29.233333	1	0.374625
29.250000	1	0.343750
29.266667	1	0.309875
29.283333	1	0.273250
29.300000	1	0.233750
29.316667	1	0.191500
29.333333	1	0.145875
29.350000	1	0.097750
29.366667	1	0.047000
29.383333	1	-0.007125
29.400000	1	-0.063500
29.416667	1	-0.121875
29.433333	1	-0.182750
29.450000	1	-0.245250
29.466667	1	-0.308875
29.483333	1	-0.373625
29.500000	1	-0.439250
29.516667	1	-0.504250
29.533333	1	-0.568750
29.550000	1	-0.632250
29.566667	1	-0.694125
29.583333	1	-0.753750
29.600000	1	-0.810500
29.616667	1	-0.864000
29.633333	1	-0.912625
29.650000	1	-0.957750
29.666667	1	-0.999000
29.683333	1	-1.034750
29.700000	1	-1.064625
29.716667	1	-1.089250
29.733333	1	-1.107625
29.750000	1	-1.120750
29.766667	1	-1.128125
29.783333	1	-1.129750
29.800000	1	-1.125750
29.816667	1	-1.116125
29.833333	1	-1.101625
29.850000	1	-1.082125
29.866667	1	-1.059000
29.883333	1	-1.031625
29.900000	1	-1.000125
29.916667	1	-0.966000
29.933333	1	-0.928875
29.950000	1	-0.889125
29.966667	1	-0.847875
29.983333	1	-0.805250
30.000000	1	-0.761000
30.016667	1	-0.716625
30.033333	1	-0.672625
30.050000	1	-0.627875
30.066667	1	-0.583625
30.083333	1	-0.540375
30.100000	1	-0.497625
30.116667	1	-0.456375
30.133333	1	-0.416125
30.150000	1	-0.376500
30.166667	1	-0.339375
30.183333	1	-0.304000
30.200000	1	-0.270000
30.216667	1	-0.237625
30.233333	1	-0.207500
30.250000	1	-0.178250
30.266667	1	-0.151375
30.283333	1	-0.125500
30.300000	1	-0.101625
30.316667	1	-0.079000
30.333333	1	-0.058375
30.350000	1	-0.039375
30.366667	1	-0.020875
30.383333	1	-0.004750
30.400000	1	0.011125
30.416667	1	0.026000
30.433333	1	0.039750
30.450000	1	0.052375
30.466667	1	0.064875
30.483333	1	0.076375
30.500000	1	0.087125
30.516667	1	0.097375
30.533333	1	0.107000
30.550000	1	0.115875
30.566667	1	0.125375
30.583333	1	0.133250
30.600000	1	0.141500
30.616667	1	0.150375
30.633333	1	0.159500
30.650000	1	0.168125
30.666667	1	0.177250
30.683333	1	0.185500
30.700000	1	0.193875
30.716667	1	0.202875
30.733333	1	0.211750
30.750000	1	0.220875
30.766667	1	0.230000
30.783333	1	0.239625
30.800000	1	0.249125
30.816667	1	0.258625
30.833333	1	0.269000
30.850000	1	0.279500
30.866667	1	0.290875
30.883333	1	0.303125
30.900000	1	0.315375
30.916667	1	0.328750
30.933333	1	0.343500
30.950000	1	0.359875
30.966667	1	0.378000
30.983333	1	0.398750
31.000000	1	0.422500
31.016667	1	0.449625
31.033333	1	0.480375
31.050000	1	0.516625
31.066667	1	0.559125
31.083333	1	0.608000
31.100000	1	0.665000
31.116667	1	0.729875
31.133333	1	0.804875
31.150000	1	0.890375
31.166667	1	0.987875
31.183333	1	1.099000
31.200000	1	1.224250
31.216667	1	1.364375
31.233333	1	1.519750
31.250000	1	1.690375
31.266667	1	1.877125
31.283333	1	2.080375
31.300000	1	2.299250
31.316667	1	2.533125
31.333333	1	2.779375
31.350000	1	3.037625
31.366667	1	3.305750
31.383333	1	3.582125
31.400000	1	3.864000
31.416667	1	4.148625
31.433333	1	4.432000
31.450000	1	4.712125
31.466667	1	4.983375
31.483333	1	5.243875
31.500000	1	5.489250
31.516667	1	5.716125
31.533333	1	5.922125
31.550000	1	6.104500
31.566667	1	6.261625
31.583333	1	6.391250
31.600000	1	6.491375
31.616667	1	6.561375
31.633333	1	6.601625
31.650000	1	6.611250
31.666667	1	6.590875
31.683333	1	6.542125
31.700000	1	6.465625
31.716667	1	6.364375
31.733333	1	6.240875
31.750000	1	6.095250
31.766667	1	5.931750
31.783333	1	5.751875
31.800000	1	5.558875
31.816667	1	5.353500
31.833333	1	5.141500
31.850000	1	4.922750
31.866667	1	4.700375
31.883333	1	4.476375
31.900000	1	4.253000
31.916667	1	4.031625
31.933333	1	3.814000
31.950000	1	3.602000
31.966667	1	3.394625
31.983333	1	3.193875
32.000000	1	3.000000
32.016667	1	2.813625
32.033333	1	2.635250
32.050000	1	2.464875
32.066667	1	2.302375
32.083333	1	2.148375
32.100000	1	2.001875
32.116667	1	1.864375
32.133333	1	1.734125
32.150000	1	1.611125
32.166667	1	1.494875
32.183333	1	1.385500
32.200000	1	1.282250
32.216667	1	1.185500
32.233333	1	1.095000
32.250000	1	1.009875
32.266667	1	0.930625
32.283333	1	0.856500
32.300000	1	0.787000
32.316667	1	0.723125
32.333333	1	0.663375
32.350000	1	0.608375
32.366667	1	0.557250
32.383333	1	0.509000
32.400000	1	0.464625
32.416667	1	0.424125
32.433333	1	0.387125
32.450000	1	0.352875
32.466667	1	0.321500
32.483333	1	0.293000
32.500000	1	0.266875
32.516667	1	0.242625
32.533333	1	0.221125
32.550000	1	0.201875
32.566667	1	0.183875
32.583333	1	0.167375
32.600000	1	0.152500
32.616667	1	0.139125
32.633333	1	0.127000
32.650000	1	0.116000
32.666667	1	0.106125
32.683333	1	0.097625
32.700000	1	0.090125
32.716667	1	0.083125
32.733333	1	0.077000
32.750000	1	0.072500
32.766667	1	0.067625
32.783333	1	0.063875
32.800000	1	0.060000
32.816667	1	0.057375
32.833333	1	0.055125
32.850000	1	0.053375
32.866667	1	0.052000
32.883333	1	0.050875
32.900000	1	0.049750
32.916667	1	0.049125
32.933333	1	0.049500
32.950000	1	0.049875
32.966667	1	0.050125
32.983333	1	0.050125
33.000000	1	0.050750
33.016667	1	0.051750
33.033333	1	0.052125
33.050000	1	0.052375
33.066667	1	0.053875
33.083333	1	0.054375
33.100000	1	0.055750
33.116667	1	0.056875
33.133333	1	0.058000
33.150000	1	0.059250
33.166667	1	0.060250
33.183333	1	0.062000
33.200000	1	0.063250
33.216667	1	0.063875
33.233333	1	0.064250
33.250000	1	0.065875
33.266667	1	0.066875
33.283333	1	0.067875
33.300000	1	0.068875
33.316667	1	0.069750
33.333333	1	0.069625
33.350000	1	0.070375
33.366667	1	0.071000
33.383333	1	0.071125
33.400000	1	0.071750
33.416667	1	0.072250
33.433333	1	0.071625
33.450000	1	0.071750
33.466667	1	0.072125
33.483333	1	0.071750
33.500000	1	0.071750
33.516667	1	0.071625
33.533333	1	0.071625
33.550000	1	0.072625
33.566667	1	0.073250
33.583333	1	0.074125
33.600000	1	0.074625
33.616667	1	0.075625
33.633333	1	0.076375
33.650000	1	0.077625
33.666667	1	0.078500
33.683333	1	0.080375
33.700000	1	0.081750
33.716667	1	0.083750
33.733333	1	0.086250
33.750000	1	0.087250
33.766667	1	0.089875
33.783333	1	0.091875
33.800000	1	0.094625
33.816667	1	0.097125
33.833333	1	0.099625
33.850000	1	0.102625
33.866667	1	0.105375
33.883333	1	0.107750
33.900000	1	0.110625
33.916667	1	0.113250
33.933333	1	0.115625
33.950000	1	0.118875
33.966667	1	0.121500
33.983333	1	0.123500
34.000000	1	0.125875
34.016667	1	0.128250
34.033333	1	0.130125
34.050000	1	0.132125
34.066667	1	0.133000
34.083333	1	0.134625
34.100000	1	0.135625
34.116667	1	0.137125
34.133333	1	0.137125
34.150000	1	0.138250
34.166667	1	0.138750
34.183333	1	0.138875
34.200000	1	0.139250
34.216667	1	0.139375
34.233333	1	0.139875
34.250000	1	0.139250
34.266667	1	0.138500
34.283333	1	0.138500
34.300000	1	0.138750
34.316667	1	0.138500
34.333333	1	0.138625
34.350000	1	0.139000
34.366667	1	0.139625
34.383333	1	0.140375
34.400000	1	0.141000
34.416667	1	0.141000
34.433333	1	0.141500
34.450000	1	0.142125
34.466667	1	0.143250
34.483333	1	0.144250
34.500000	1	0.146500
34.516667	1	0.147625
34.533333	1	0.149375
34.550000	1	0.151000
34.566667	1	0.152875
34.583333	1	0.154125
34.600000	1	0.156500
34.616667	1	0.158500
34.633333	1	0.159625
34.650000	1	0.160875
34.666667	1	0.162375
34.683333	1	0.164250
34.700000	1	0.166000
34.716667	1	0.166625
34.733333	1	0.168375
34.750000	1	0.169500
34.766667	1	0.170750
34.783333	1	0.170625
34.800000	1	0.170500
34.816667	1	0.170375
34.833333	1	0.169375
34.850000	1	0.169250
34.866667	1	0.167625
34.883333	1	0.166000
34.900000	1	0.164625
34.916667	1	0.164000
34.933333	1	0.162375
34.950000	1	0.160625
34.966667	1	0.158625
34.983333	1	0.156875
35.000000	1	0.154750
35.016667	1	0.152000
35.033333	1	0.149500
35.050000	1	0.146875
35.066667	1	0.144875
35.083333	1	0.142625
35.100000	1	0.140375
35.116667	1	0.137750
35.133333	1	0.136125
35.150000	1	0.134000
35.166667	1	0.132250
35.183333	1	0.130625
35.200000	1	0.129375
35.216667	1	0.128125
35.233333	1	0.127750
35.250000	1	0.127250
35.266667	1	0.126000
35.283333	1	0.125375
35.300000	1	0.125625
35.316667	1	0.125125
35.333333	1	0.125250
35.350000	1	0.125875
35.366667	1	0.126375
35.383333	1	0.126000
35.400000	1	0.127000
35.416667	1	0.128000
35.433333	1	0.129250
35.450000	1	0.130375
35.466667	1	0.130875
35.483333	1	0.132000
35.500000	1	0.132125
35.516667	1	0.133250
35.533333	1	0.133750
35.550000	1	0.134875
35.566667	1	0.135375
35.583333	1	0.136375
35.600000	1	0.137375
35.616667	1	0.138500
35.633333	1	0.139000
35.650000	1	0.139750
35.666667	1	0.140250
35.683333	1	0.141250
35.700000	1	0.142375
35.716667	1	0.144625
35.733333	1	0.145625
35.750000	1	0.147375
35.766667	1	0.148750
35.783333	1	0.150000
35.800000	1	0.151500
35.816667	1	0.152000
35.833333	1	0.152750
35.850000	1	0.153375
35.866667	1	0.153875
35.883333	1	0.155250
35.900000	1	0.156375
35.916667	1	0.156500
35.933333	1	0.157375
35.950000	1	0.158250
35.966667	1	0.159125
35.983333	1	0.159500
36.000000	1	0.160000
36.016667	1	0.159875
36.033333	1	0.160500
36.050000	1	0.160125
36.066667	1	0.160000
36.083333	1	0.160000
36.100000	1	0.159625
36.116667	1	0.159625
36.133333	1	0.159000
36.150000	1	0.158375
36.166667	1	0.157875
36.183333	1	0.157250
36.200000	1	0.156625
36.216667	1	0.156000
36.233333	1	0.155375
36.250000	1	0.154500
36.266667	1	0.153625
36.283333	1	0.152750
36.300000	1	0.152125
36.316667	1	0.152125
36.333333	1	0.151250
36.350000	1	0.150500
36.366667	1	0.149125
36.383333	1	0.149375
36.400000	1	0.148250
36.416667	1	0.147375
36.433333	1	0.146000
36.450000	1	0.145625
36.466667	1	0.145625
36.483333	1	0.144750
36.500000	1	0.144125
36.516667	1	0.144125
36.533333	1	0.143375
36.550000	1	0.142750
36.566667	1	0.141625
36.583333	1	0.141000
36.600000	1	0.140375
36.616667	1	0.139375
36.633333	1	0.138000
36.650000	1	0.137000
36.666667	1	0.136250
36.683333	1	0.134625
36.700000	1	0.134000
36.716667	1	0.133250
36.733333	1	0.131500
36.750000	1	0.129750
36.766667	1	0.128375
36.783333	1	0.126500
36.800000	1	0.125125
36.816667	1	0.123250
36.833333	1	0.121625
36.850000	1	0.119375
36.866667	1	0.116750
36.883333	1	0.114875
36.900000	1	0.112750
36.916667	1	0.111000
36.933333	1	0.108875
36.950000	1	0.107625
36.966667	1	0.105750
36.983333	1	0.103375
37.000000	1	0.100875
37.016667	1	0.099000
37.033333	1	0.096750
37.050000	1	0.094875
37.066667	1	0.092500
37.083333	1	0.091125
37.100000	1	0.089875
37.116667	1	0.088250
37.133333	1	0.086500
37.150000	1	0.084750
37.166667	1	0.084000
37.183333	1	0.083000
37.200000	1	0.082250
37.216667	1	0.081750
37.233333	1	0.080875
37.250000	1	0.080125
37.266667	1	0.079875
37.283333	1	0.079375
37.300000	1	0.078750
37.316667	1	0.079000
37.333333	1	0.078625
37.350000	1	0.078500
37.366667	1	0.078375
37.383333	1	0.078125
37.400000	1	0.077625
37.416667	1	0.077125
37.433333	1	0.077875
37.450000	1	0.077125
37.466667	1	0.077000
37.483333	1	0.077625
37.500000	1	0.077875
37.516667	1	0.077625
37.533333	1	0.077750
37.550000	1	0.077500
37.566667	1	0.077250
37.583333	1	0.077500
37.600000	1	0.077500
37.616667	1	0.077625
37.633333	1	0.078000
37.650000	1	0.077875
37.666667	1	0.077625
37.683333	1	0.077875
37.700000	1	0.077250
37.716667	1	0.076875
37.733333	1	0.076500
37.750000	1	0.077375
37.766667	1	0.076875
37.783333	1	0.076625
37.800000	1	0.075750
37.816667	1	0.075375
37.833333	1	0.074250
37.850000	1	0.074000
37.866667	1	0.072375
37.883333	1	0.071250
37.900000	1	0.070750
37.916667	1	0.070375
37.933333	1	0.068750
37.950000	1	0.067500
37.966667	1	0.066000
37.983333	1	0.064125
38.000000	1	0.063500
38.016667	1	0.062500
38.033333	1	0.061750
38.050000	1	0.061000
38.066667	1	0.060500
38.083333	1	0.059875
38.100000	1	0.058750
38.116667	1	0.057625
38.133333	1	0.057250
38.150000	1	0.056750
38.166667	1	0.056250
38.183333	1	0.055500
38.200000	1	0.055125
38.216667	1	0.053875
38.233333	1	0.053500
38.250000	1	0.052875
38.266667	1	0.053125
38.283333	1	0.053250
38.300000	1	0.053000
38.316667	1	0.053125
38.333333	1	0.053625
38.350000	1	0.053875
38.366667	1	0.054125
38.383333	1	0.053875
38.400000	1	0.054000
38.416667	1	0.054625
38.433333	1	0.055125
38.450000	1	0.056625
38.466667	1	0.056375
38.483333	1	0.056875
38.500000	1	0.057375
38.516667	1	0.058000
38.533333	1	0.058375
38.550000	1	0.058250
38.566667	1	0.058500
38.583333	1	0.058750
38.600000	1	0.059125
38.616667	1	0.059500
38.633333	1	0.059750
38.650000	1	0.059500
38.666667	1	0.059875
38.683333	1	0.060000
38.700000	1	0.060000
38.716667	1	0.060000
38.733333	1	0.060125
38.750000	1	0.060250
38.766667	1	0.060250
38.783333	1	0.060500
38.800000	1	0.061250
38.816667	1	0.061125
38.833333	1	0.061750
38.850000	1	0.061875
38.866667	1	0.062000
38.883333	1	0.061750
38.900000	1	0.062500
38.916667	1	0.062625
38.933333	1	0.063500
38.950000	1	0.063875
38.966667	1	0.064000
38.983333	1	0.064500
39.000000	1	0.064250
39.016667	1	0.064750
39.033333	1	0.064750
39.050000	1	0.065375
39.066667	1	0.066375
39.083333	1	0.066750
39.100000	1	0.067000
39.116667	1	0.067875
39.133333	1	0.068625
39.150000	1	0.069500
39.166667	1	0.070375
39.183333	1	0.070750
39.200000	1	0.071750
39.216667	1	0.072875
39.233333	1	0.072625
39.250000	1	0.073500
39.266667	1	0.073750
39.283333	1	0.074000
39.300000	1	0.075000
39.316667	1	0.075250
39.333333	1	0.075875
39.350000	1	0.076500
39.366667	1	0.076625
39.383333	1	0.076750
39.400000	1	0.076500
39.416667	1	0.076500
39.433333	1	0.076000
39.450000	1	0.075250
39.466667	1	0.075000
39.483333	1	0.074125
39.500000	1	0.073625
39.516667	1	0.072375
39.533333	1	0.072250
39.550000	1	0.071250
39.566667	1	0.070000
39.583333	1	0.068250
39.600000	1	0.066750
39.616667	1	0.065000
39.633333	1	0.063625
39.650000	1	0.062375
39.666667	1	0.061500
39.683333	1	0.059875
39.700000	1	0.058125
39.716667	1	0.056250
39.733333	1	0.054875
39.750000	1	0.053375
39.766667	1	0.052000
39.783333	1	0.051000
39.800000	1	0.050125
39.816667	1	0.048625
39.833333	1	0.047375
39.850000	1	0.046875
39.866667	1	0.045500
39.883333	1	0.045125
39.900000	1	0.043875
39.916667	1	0.042750
39.933333	1	0.041500
39.950000	1	0.041125
39.966667	1	0.039750
39.983333	1	0.039000
40.000000	1	0.038250
