URL	chrom://7040-86g6c92/XVault/Ultimate_3000/20/20240517_CMO_FP23_FP25_MarkusDeplate.seq/849.smp/RI_1.channel/RI_1.chm
Channel	RI_1

Injection Information:
Data Vault	XVault
Sequence	20240517_CMO_FP23_FP25_MarkusDeplate
Name	FP23_19_s1
Number	14
Position	BB2
Comment	
Processing Method	
Instrument Method	run_25B_method
Type	Unknown
Status	Finished
Inject Time	28.05.2024 02:54:52 +02:00
Volume (µl)	20.0000
Dilution Factor	1.0000
Weight	1.0000

Chromatogram Data Information:
Time Min. (min)	0.000000
Time Max. (min)	40.000000
Data Points	2401
Detector	RI
Generating Data System	Chromeleon 7.3.2.11814
Exporting Data System	Chromeleon 7.3.2.0
Operator	Instrument Controller
Signal Quantity	Refractive 
Signal Unit	µRIU
Signal Min.	-1.197125
Signal Max.	71.306625
Channel	RI_1
Driver Name	RID520Driver.dll
Channel Type	Evaluation
Min. Step (s)	1
Max. Step (s)	1
Average Step (s)	1

Signal Parameter Information:
Signal Info	

Chromatogram Data:
Time (min)	Step (s)	Value (µRIU)
0.000000	n.a.	-0.023750
0.016667	1	-0.023500
0.033333	1	-0.023625
0.050000	1	-0.022875
0.066667	1	-0.022250
0.083333	1	-0.021250
0.100000	1	-0.020750
0.116667	1	-0.020125
0.133333	1	-0.019625
0.150000	1	-0.019375
0.166667	1	-0.018625
0.183333	1	-0.018000
0.200000	1	-0.017375
0.216667	1	-0.015875
0.233333	1	-0.016375
0.250000	1	-0.016375
0.266667	1	-0.015875
0.283333	1	-0.015875
0.300000	1	-0.015375
0.316667	1	-0.015000
0.333333	1	-0.015500
0.350000	1	-0.016125
0.366667	1	-0.017125
0.383333	1	-0.019500
0.400000	1	-0.020500
0.416667	1	-0.020500
0.433333	1	-0.019750
0.450000	1	-0.018250
0.466667	1	-0.016875
0.483333	1	-0.016250
0.500000	1	-0.016250
0.516667	1	-0.016250
0.533333	1	-0.016875
0.550000	1	-0.017750
0.566667	1	-0.019125
0.583333	1	-0.021250
0.600000	1	-0.023375
0.616667	1	-0.026000
0.633333	1	-0.027250
0.650000	1	-0.028500
0.666667	1	-0.029375
0.683333	1	-0.029375
0.700000	1	-0.029375
0.716667	1	-0.028875
0.733333	1	-0.028125
0.750000	1	-0.027250
0.766667	1	-0.026125
0.783333	1	-0.025000
0.800000	1	-0.024000
0.816667	1	-0.022875
0.833333	1	-0.022125
0.850000	1	-0.020750
0.866667	1	-0.019250
0.883333	1	-0.018375
0.900000	1	-0.018500
0.916667	1	-0.018250
0.933333	1	-0.017875
0.950000	1	-0.018375
0.966667	1	-0.018375
0.983333	1	-0.019000
1.000000	1	-0.019500
1.016667	1	-0.020500
1.033333	1	-0.021250
1.050000	1	-0.022500
1.066667	1	-0.023875
1.083333	1	-0.025000
1.100000	1	-0.026125
1.116667	1	-0.028000
1.133333	1	-0.029250
1.150000	1	-0.031000
1.166667	1	-0.032250
1.183333	1	-0.033250
1.200000	1	-0.034500
1.216667	1	-0.035375
1.233333	1	-0.036250
1.250000	1	-0.037000
1.266667	1	-0.037375
1.283333	1	-0.037125
1.300000	1	-0.036500
1.316667	1	-0.036250
1.333333	1	-0.036000
1.350000	1	-0.035500
1.366667	1	-0.035375
1.383333	1	-0.034875
1.400000	1	-0.034125
1.416667	1	-0.032000
1.433333	1	-0.031375
1.450000	1	-0.029500
1.466667	1	-0.028625
1.483333	1	-0.026625
1.500000	1	-0.025500
1.516667	1	-0.023875
1.533333	1	-0.022500
1.550000	1	-0.021000
1.566667	1	-0.019500
1.583333	1	-0.017625
1.600000	1	-0.016000
1.616667	1	-0.015000
1.633333	1	-0.013500
1.650000	1	-0.012250
1.666667	1	-0.010625
1.683333	1	-0.009625
1.700000	1	-0.008000
1.716667	1	-0.006875
1.733333	1	-0.006500
1.750000	1	-0.005750
1.766667	1	-0.004875
1.783333	1	-0.004250
1.800000	1	-0.003250
1.816667	1	-0.002875
1.833333	1	-0.002000
1.850000	1	-0.002250
1.866667	1	-0.002125
1.883333	1	-0.001875
1.900000	1	-0.001750
1.916667	1	-0.001875
1.933333	1	-0.001250
1.950000	1	-0.001125
1.966667	1	-0.000375
1.983333	1	-0.000375
2.000000	1	-0.001000
2.016667	1	-0.000625
2.033333	1	0.000125
2.050000	1	0.000250
2.066667	1	0.000250
2.083333	1	0.000750
2.100000	1	0.001125
2.116667	1	0.002125
2.133333	1	0.002250
2.150000	1	0.002375
2.166667	1	0.002000
2.183333	1	0.002000
2.200000	1	0.002125
2.216667	1	0.003000
2.233333	1	0.003750
2.250000	1	0.003875
2.266667	1	0.004250
2.283333	1	0.004375
2.300000	1	0.004750
2.316667	1	0.005125
2.333333	1	0.004875
2.350000	1	0.004750
2.366667	1	0.005125
2.383333	1	0.005375
2.400000	1	0.005250
2.416667	1	0.004125
2.433333	1	0.004250
2.450000	1	0.004000
2.466667	1	0.003125
2.483333	1	0.002000
2.500000	1	0.001625
2.516667	1	0.000500
2.533333	1	-0.000250
2.550000	1	-0.001375
2.566667	1	-0.001500
2.583333	1	-0.002375
2.600000	1	-0.004125
2.616667	1	-0.005500
2.633333	1	-0.006000
2.650000	1	-0.006375
2.666667	1	-0.007250
2.683333	1	-0.008250
2.700000	1	-0.009250
2.716667	1	-0.010250
2.733333	1	-0.011625
2.750000	1	-0.012750
2.766667	1	-0.014125
2.783333	1	-0.014875
2.800000	1	-0.015875
2.816667	1	-0.016250
2.833333	1	-0.016750
2.850000	1	-0.017125
2.866667	1	-0.018250
2.883333	1	-0.019000
2.900000	1	-0.019375
2.916667	1	-0.019875
2.933333	1	-0.020125
2.950000	1	-0.020625
2.966667	1	-0.021000
2.983333	1	-0.020875
3.000000	1	-0.021250
3.016667	1	-0.022000
3.033333	1	-0.022250
3.050000	1	-0.021875
3.066667	1	-0.022125
3.083333	1	-0.022250
3.100000	1	-0.022125
3.116667	1	-0.022375
3.133333	1	-0.022000
3.150000	1	-0.021750
3.166667	1	-0.022250
3.183333	1	-0.021875
3.200000	1	-0.021375
3.216667	1	-0.021250
3.233333	1	-0.020500
3.250000	1	-0.020500
3.266667	1	-0.020375
3.283333	1	-0.020000
3.300000	1	-0.019375
3.316667	1	-0.018875
3.333333	1	-0.018875
3.350000	1	-0.018875
3.366667	1	-0.018750
3.383333	1	-0.019000
3.400000	1	-0.018000
3.416667	1	-0.017750
3.433333	1	-0.017125
3.450000	1	-0.016875
3.466667	1	-0.016500
3.483333	1	-0.016000
3.500000	1	-0.015625
3.516667	1	-0.015125
3.533333	1	-0.016000
3.550000	1	-0.016250
3.566667	1	-0.017000
3.583333	1	-0.016875
3.600000	1	-0.017250
3.616667	1	-0.016875
3.633333	1	-0.017000
3.650000	1	-0.016875
3.666667	1	-0.017500
3.683333	1	-0.018250
3.700000	1	-0.018750
3.716667	1	-0.019500
3.733333	1	-0.020000
3.750000	1	-0.020500
3.766667	1	-0.021500
3.783333	1	-0.022375
3.800000	1	-0.022625
3.816667	1	-0.022875
3.833333	1	-0.023250
3.850000	1	-0.024250
3.866667	1	-0.024750
3.883333	1	-0.026250
3.900000	1	-0.026375
3.916667	1	-0.026625
3.933333	1	-0.026125
3.950000	1	-0.027125
3.966667	1	-0.027125
3.983333	1	-0.027500
4.000000	1	-0.027875
4.016667	1	-0.027750
4.033333	1	-0.026875
4.050000	1	-0.027125
4.066667	1	-0.026875
4.083333	1	-0.026875
4.100000	1	-0.026500
4.116667	1	-0.025625
4.133333	1	-0.025250
4.150000	1	-0.024625
4.166667	1	-0.023375
4.183333	1	-0.022375
4.200000	1	-0.021625
4.216667	1	-0.020625
4.233333	1	-0.019125
4.250000	1	-0.017000
4.266667	1	-0.014875
4.283333	1	-0.012750
4.300000	1	-0.011250
4.316667	1	-0.009750
4.333333	1	-0.008000
4.350000	1	-0.006125
4.366667	1	-0.005000
4.383333	1	-0.003375
4.400000	1	-0.001500
4.416667	1	0.000500
4.433333	1	0.002000
4.450000	1	0.003125
4.466667	1	0.004125
4.483333	1	0.004750
4.500000	1	0.006125
4.516667	1	0.007375
4.533333	1	0.008125
4.550000	1	0.008250
4.566667	1	0.009000
4.583333	1	0.009125
4.600000	1	0.010000
4.616667	1	0.010000
4.633333	1	0.010125
4.650000	1	0.009125
4.666667	1	0.009375
4.683333	1	0.009500
4.700000	1	0.009625
4.716667	1	0.009250
4.733333	1	0.008625
4.750000	1	0.008500
4.766667	1	0.008500
4.783333	1	0.007750
4.800000	1	0.007125
4.816667	1	0.007000
4.833333	1	0.007375
4.850000	1	0.007125
4.866667	1	0.006000
4.883333	1	0.005125
4.900000	1	0.004375
4.916667	1	0.004125
4.933333	1	0.003375
4.950000	1	0.003250
4.966667	1	0.003500
4.983333	1	0.003750
5.000000	1	0.003750
5.016667	1	0.004250
5.033333	1	0.004250
5.050000	1	0.004750
5.066667	1	0.005625
5.083333	1	0.006125
5.100000	1	0.006625
5.116667	1	0.008000
5.133333	1	0.008250
5.150000	1	0.009375
5.166667	1	0.010250
5.183333	1	0.011375
5.200000	1	0.012750
5.216667	1	0.013875
5.233333	1	0.015625
5.250000	1	0.017375
5.266667	1	0.019375
5.283333	1	0.021750
5.300000	1	0.023875
5.316667	1	0.025750
5.333333	1	0.027875
5.350000	1	0.030375
5.366667	1	0.032750
5.383333	1	0.035375
5.400000	1	0.037625
5.416667	1	0.040125
5.433333	1	0.042375
5.450000	1	0.044625
5.466667	1	0.047125
5.483333	1	0.049000
5.500000	1	0.050375
5.516667	1	0.052500
5.533333	1	0.054375
5.550000	1	0.056000
5.566667	1	0.058375
5.583333	1	0.060375
5.600000	1	0.061750
5.616667	1	0.063375
5.633333	1	0.064750
5.650000	1	0.066250
5.666667	1	0.068000
5.683333	1	0.069625
5.700000	1	0.071250
5.716667	1	0.072625
5.733333	1	0.073625
5.750000	1	0.074375
5.766667	1	0.075625
5.783333	1	0.076625
5.800000	1	0.078250
5.816667	1	0.079750
5.833333	1	0.081000
5.850000	1	0.081500
5.866667	1	0.082750
5.883333	1	0.083750
5.900000	1	0.084125
5.916667	1	0.084750
5.933333	1	0.086250
5.950000	1	0.086750
5.966667	1	0.087625
5.983333	1	0.087625
6.000000	1	0.088000
6.016667	1	0.087625
6.033333	1	0.087625
6.050000	1	0.087375
6.066667	1	0.086625
6.083333	1	0.085500
6.100000	1	0.084875
6.116667	1	0.083625
6.133333	1	0.083000
6.150000	1	0.082125
6.166667	1	0.081375
6.183333	1	0.079750
6.200000	1	0.078250
6.216667	1	0.076250
6.233333	1	0.074500
6.250000	1	0.072500
6.266667	1	0.070125
6.283333	1	0.067750
6.300000	1	0.065375
6.316667	1	0.062500
6.333333	1	0.060125
6.350000	1	0.057750
6.366667	1	0.055000
6.383333	1	0.052875
6.400000	1	0.049500
6.416667	1	0.047125
6.433333	1	0.044750
6.450000	1	0.042375
6.466667	1	0.039500
6.483333	1	0.037625
6.500000	1	0.035375
6.516667	1	0.033875
6.533333	1	0.031500
6.550000	1	0.029125
6.566667	1	0.027375
6.583333	1	0.025625
6.600000	1	0.024000
6.616667	1	0.021625
6.633333	1	0.019500
6.650000	1	0.018250
6.666667	1	0.017000
6.683333	1	0.014500
6.700000	1	0.013375
6.716667	1	0.011250
6.733333	1	0.010250
6.750000	1	0.009375
6.766667	1	0.008750
6.783333	1	0.007875
6.800000	1	0.008125
6.816667	1	0.006625
6.833333	1	0.006375
6.850000	1	0.005750
6.866667	1	0.005375
6.883333	1	0.005875
6.900000	1	0.005375
6.916667	1	0.006125
6.933333	1	0.006500
6.950000	1	0.007000
6.966667	1	0.007000
6.983333	1	0.008250
7.000000	1	0.009000
7.016667	1	0.009625
7.033333	1	0.010375
7.050000	1	0.011125
7.066667	1	0.012375
7.083333	1	0.013875
7.100000	1	0.014750
7.116667	1	0.016500
7.133333	1	0.017375
7.150000	1	0.018375
7.166667	1	0.019750
7.183333	1	0.020875
7.200000	1	0.022125
7.216667	1	0.023500
7.233333	1	0.024750
7.250000	1	0.026000
7.266667	1	0.027750
7.283333	1	0.028625
7.300000	1	0.029750
7.316667	1	0.030375
7.333333	1	0.032375
7.350000	1	0.033375
7.366667	1	0.034875
7.383333	1	0.036750
7.400000	1	0.037875
7.416667	1	0.038750
7.433333	1	0.041000
7.450000	1	0.042125
7.466667	1	0.044125
7.483333	1	0.045375
7.500000	1	0.047625
7.516667	1	0.048875
7.533333	1	0.051500
7.550000	1	0.053750
7.566667	1	0.056000
7.583333	1	0.057625
7.600000	1	0.059750
7.616667	1	0.061375
7.633333	1	0.063625
7.650000	1	0.065875
7.666667	1	0.067500
7.683333	1	0.068250
7.700000	1	0.069750
7.716667	1	0.071125
7.733333	1	0.072000
7.750000	1	0.073125
7.766667	1	0.073750
7.783333	1	0.074250
7.800000	1	0.073750
7.816667	1	0.075125
7.833333	1	0.075625
7.850000	1	0.075625
7.866667	1	0.075250
7.883333	1	0.075125
7.900000	1	0.075375
7.916667	1	0.075125
7.933333	1	0.075125
7.950000	1	0.074750
7.966667	1	0.074625
7.983333	1	0.073875
8.000000	1	0.073000
8.016667	1	0.071750
8.033333	1	0.071375
8.050000	1	0.070500
8.066667	1	0.069625
8.083333	1	0.069250
8.100000	1	0.068000
8.116667	1	0.066250
8.133333	1	0.065000
8.150000	1	0.064000
8.166667	1	0.062375
8.183333	1	0.059875
8.200000	1	0.058125
8.216667	1	0.055375
8.233333	1	0.053000
8.250000	1	0.050375
8.266667	1	0.047875
8.283333	1	0.045250
8.300000	1	0.041625
8.316667	1	0.038500
8.333333	1	0.035000
8.350000	1	0.031625
8.366667	1	0.027500
8.383333	1	0.023500
8.400000	1	0.019375
8.416667	1	0.015375
8.433333	1	0.011875
8.450000	1	0.008125
8.466667	1	0.004000
8.483333	1	0.001000
8.500000	1	-0.002250
8.516667	1	-0.005250
8.533333	1	-0.008250
8.550000	1	-0.010875
8.566667	1	-0.013500
8.583333	1	-0.015375
8.600000	1	-0.017625
8.616667	1	-0.019375
8.633333	1	-0.020875
8.650000	1	-0.021500
8.666667	1	-0.022625
8.683333	1	-0.022750
8.700000	1	-0.023125
8.716667	1	-0.022625
8.733333	1	-0.021875
8.750000	1	-0.020750
8.766667	1	-0.019250
8.783333	1	-0.017375
8.800000	1	-0.015500
8.816667	1	-0.014250
8.833333	1	-0.012125
8.850000	1	-0.010625
8.866667	1	-0.008375
8.883333	1	-0.005875
8.900000	1	-0.003125
8.916667	1	-0.000625
8.933333	1	0.001750
8.950000	1	0.004375
8.966667	1	0.007125
8.983333	1	0.008875
9.000000	1	0.009875
9.016667	1	0.011250
9.033333	1	0.013125
9.050000	1	0.014875
9.066667	1	0.016000
9.083333	1	0.018125
9.100000	1	0.019125
9.116667	1	0.019750
9.133333	1	0.020250
9.150000	1	0.021250
9.166667	1	0.021750
9.183333	1	0.021250
9.200000	1	0.020250
9.216667	1	0.019750
9.233333	1	0.018750
9.250000	1	0.017750
9.266667	1	0.016625
9.283333	1	0.016500
9.300000	1	0.014625
9.316667	1	0.013500
9.333333	1	0.012000
9.350000	1	0.010875
9.366667	1	0.009000
9.383333	1	0.007500
9.400000	1	0.006250
9.416667	1	0.004250
9.433333	1	0.003750
9.450000	1	0.002250
9.466667	1	0.001125
9.483333	1	0.000625
9.500000	1	0.000375
9.516667	1	-0.000125
9.533333	1	-0.001000
9.550000	1	-0.001500
9.566667	1	-0.002125
9.583333	1	-0.002125
9.600000	1	-0.002250
9.616667	1	-0.002750
9.633333	1	-0.003375
9.650000	1	-0.003250
9.666667	1	-0.003250
9.683333	1	-0.002875
9.700000	1	-0.002500
9.716667	1	-0.002500
9.733333	1	-0.001875
9.750000	1	-0.001250
9.766667	1	-0.000625
9.783333	1	0.000000
9.800000	1	0.000000
9.816667	1	0.000375
9.833333	1	0.000500
9.850000	1	0.001375
9.866667	1	0.002375
9.883333	1	0.002875
9.900000	1	0.003625
9.916667	1	0.005000
9.933333	1	0.005625
9.950000	1	0.007000
9.966667	1	0.008375
9.983333	1	0.010125
10.000000	1	0.012500
10.016667	1	0.015000
10.033333	1	0.018000
10.050000	1	0.021750
10.066667	1	0.025250
10.083333	1	0.029125
10.100000	1	0.034500
10.116667	1	0.039625
10.133333	1	0.045750
10.150000	1	0.053125
10.166667	1	0.060750
10.183333	1	0.069625
10.200000	1	0.079750
10.216667	1	0.091250
10.233333	1	0.105125
10.250000	1	0.120125
10.266667	1	0.136250
10.283333	1	0.155750
10.300000	1	0.178625
10.316667	1	0.204125
10.333333	1	0.233000
10.350000	1	0.265500
10.366667	1	0.303000
10.383333	1	0.345500
10.400000	1	0.393500
10.416667	1	0.444250
10.433333	1	0.489625
10.450000	1	0.517875
10.466667	1	0.515875
10.483333	1	0.472375
10.500000	1	0.391000
10.516667	1	0.299875
10.533333	1	0.256375
10.550000	1	0.345375
10.566667	1	0.668250
10.583333	1	1.330500
10.600000	1	2.427625
10.616667	1	4.038375
10.633333	1	6.215375
10.650000	1	8.988250
10.666667	1	12.368500
10.683333	1	16.341875
10.700000	1	20.868125
10.716667	1	25.866875
10.733333	1	31.205750
10.750000	1	36.684500
10.766667	1	42.009875
10.783333	1	46.801125
10.800000	1	50.602500
10.816667	1	52.962500
10.833333	1	53.550250
10.850000	1	52.275000
10.866667	1	49.326250
10.883333	1	45.122875
10.900000	1	40.187375
10.916667	1	35.014250
10.933333	1	29.982250
10.950000	1	25.336875
10.966667	1	21.206000
10.983333	1	17.634750
11.000000	1	14.616000
11.016667	1	12.107875
11.033333	1	10.056000
11.050000	1	8.394625
11.066667	1	7.058000
11.083333	1	5.987750
11.100000	1	5.131500
11.116667	1	4.444625
11.133333	1	3.892000
11.150000	1	3.444875
11.166667	1	3.081125
11.183333	1	2.781625
11.200000	1	2.533125
11.216667	1	2.324500
11.233333	1	2.148625
11.250000	1	1.999000
11.266667	1	1.870625
11.283333	1	1.758875
11.300000	1	1.662500
11.316667	1	1.577750
11.333333	1	1.503250
11.350000	1	1.437750
11.366667	1	1.380625
11.383333	1	1.329500
11.400000	1	1.284375
11.416667	1	1.244750
11.433333	1	1.208375
11.450000	1	1.176625
11.466667	1	1.148250
11.483333	1	1.122625
11.500000	1	1.098375
11.516667	1	1.077000
11.533333	1	1.057875
11.550000	1	1.040375
11.566667	1	1.025625
11.583333	1	1.012500
11.600000	1	1.000625
11.616667	1	0.990625
11.633333	1	0.982375
11.650000	1	0.975125
11.666667	1	0.969625
11.683333	1	0.965750
11.700000	1	0.963750
11.716667	1	0.963625
11.733333	1	0.964625
11.750000	1	0.967875
11.766667	1	0.971750
11.783333	1	0.976875
11.800000	1	0.981500
11.816667	1	0.987125
11.833333	1	0.993250
11.850000	1	0.998875
11.866667	1	1.004125
11.883333	1	1.008750
11.900000	1	1.012375
11.916667	1	1.016125
11.933333	1	1.019750
11.950000	1	1.023375
11.966667	1	1.027375
11.983333	1	1.031750
12.000000	1	1.036625
12.016667	1	1.041375
12.033333	1	1.046500
12.050000	1	1.052000
12.066667	1	1.058125
12.083333	1	1.064500
12.100000	1	1.072000
12.116667	1	1.079500
12.133333	1	1.088250
12.150000	1	1.098000
12.166667	1	1.107875
12.183333	1	1.119250
12.200000	1	1.132625
12.216667	1	1.147500
12.233333	1	1.164250
12.250000	1	1.182875
12.266667	1	1.204750
12.283333	1	1.229125
12.300000	1	1.256375
12.316667	1	1.286750
12.333333	1	1.323000
12.350000	1	1.365375
12.366667	1	1.416375
12.383333	1	1.481125
12.400000	1	1.565375
12.416667	1	1.674625
12.433333	1	1.816250
12.450000	1	1.999375
12.466667	1	2.231125
12.483333	1	2.519375
12.500000	1	2.870875
12.516667	1	3.287125
12.533333	1	3.767750
12.550000	1	4.307375
12.566667	1	4.897125
12.583333	1	5.524625
12.600000	1	6.173500
12.616667	1	6.829250
12.633333	1	7.475625
12.650000	1	8.101375
12.666667	1	8.695875
12.683333	1	9.255875
12.700000	1	9.780625
12.716667	1	10.275125
12.733333	1	10.745875
12.750000	1	11.200250
12.766667	1	11.649875
12.783333	1	12.103750
12.800000	1	12.570000
12.816667	1	13.055250
12.833333	1	13.563625
12.850000	1	14.095375
12.866667	1	14.642375
12.883333	1	15.171250
12.900000	1	15.609750
12.916667	1	15.838875
12.933333	1	15.726000
12.950000	1	15.183000
12.966667	1	14.215125
12.983333	1	12.919375
13.000000	1	11.449250
13.016667	1	9.951875
13.033333	1	8.536750
13.050000	1	7.265875
13.066667	1	6.165125
13.083333	1	5.233375
13.100000	1	4.458375
13.116667	1	3.822875
13.133333	1	3.306750
13.150000	1	2.892250
13.166667	1	2.560000
13.183333	1	2.294250
13.200000	1	2.081500
13.216667	1	1.912000
13.233333	1	1.774500
13.250000	1	1.662375
13.266667	1	1.570000
13.283333	1	1.493250
13.300000	1	1.426750
13.316667	1	1.369125
13.333333	1	1.319125
13.350000	1	1.275125
13.366667	1	1.234625
13.383333	1	1.199750
13.400000	1	1.168375
13.416667	1	1.140250
13.433333	1	1.115125
13.450000	1	1.093750
13.466667	1	1.075875
13.483333	1	1.061375
13.500000	1	1.049375
13.516667	1	1.039750
13.533333	1	1.032750
13.550000	1	1.027875
13.566667	1	1.023250
13.583333	1	1.018500
13.600000	1	1.013625
13.616667	1	1.007000
13.633333	1	0.999125
13.650000	1	0.989750
13.666667	1	0.978000
13.683333	1	0.964500
13.700000	1	0.949250
13.716667	1	0.932625
13.733333	1	0.915750
13.750000	1	0.898000
13.766667	1	0.880500
13.783333	1	0.862750
13.800000	1	0.845375
13.816667	1	0.827875
13.833333	1	0.811250
13.850000	1	0.795750
13.866667	1	0.781000
13.883333	1	0.767125
13.900000	1	0.753750
13.916667	1	0.740250
13.933333	1	0.727375
13.950000	1	0.715000
13.966667	1	0.703625
13.983333	1	0.692500
14.000000	1	0.681375
14.016667	1	0.671375
14.033333	1	0.662000
14.050000	1	0.653375
14.066667	1	0.645125
14.083333	1	0.637000
14.100000	1	0.628625
14.116667	1	0.621750
14.133333	1	0.615375
14.150000	1	0.609750
14.166667	1	0.604625
14.183333	1	0.600500
14.200000	1	0.596875
14.216667	1	0.594375
14.233333	1	0.592750
14.250000	1	0.591500
14.266667	1	0.592625
14.283333	1	0.594250
14.300000	1	0.596750
14.316667	1	0.600125
14.333333	1	0.605750
14.350000	1	0.612625
14.366667	1	0.622000
14.383333	1	0.632375
14.400000	1	0.644750
14.416667	1	0.660875
14.433333	1	0.682625
14.450000	1	0.712375
14.466667	1	0.756500
14.483333	1	0.824375
14.500000	1	0.930750
14.516667	1	1.097500
14.533333	1	1.356000
14.550000	1	1.748375
14.566667	1	2.330500
14.583333	1	3.168625
14.600000	1	4.343750
14.616667	1	5.945750
14.633333	1	8.067625
14.650000	1	10.795625
14.666667	1	14.198625
14.683333	1	18.309750
14.700000	1	23.118500
14.716667	1	28.556000
14.733333	1	34.490875
14.750000	1	40.737000
14.766667	1	47.049375
14.783333	1	53.145875
14.800000	1	58.741375
14.816667	1	63.562125
14.833333	1	67.369250
14.850000	1	69.983625
14.866667	1	71.302500
14.883333	1	71.306625
14.900000	1	70.067875
14.916667	1	67.728250
14.933333	1	64.476625
14.950000	1	60.529125
14.966667	1	56.113375
14.983333	1	51.445125
15.000000	1	46.708125
15.016667	1	42.050250
15.033333	1	37.585625
15.050000	1	33.392375
15.066667	1	29.519875
15.083333	1	25.993875
15.100000	1	22.817875
15.116667	1	19.982500
15.133333	1	17.464125
15.150000	1	15.237125
15.166667	1	13.275000
15.183333	1	11.552250
15.200000	1	10.042125
15.216667	1	8.724250
15.233333	1	7.576250
15.250000	1	6.580875
15.266667	1	5.722000
15.283333	1	4.986375
15.300000	1	4.360875
15.316667	1	3.833375
15.333333	1	3.393000
15.350000	1	3.030250
15.366667	1	2.734500
15.383333	1	2.495875
15.400000	1	2.305125
15.416667	1	2.155750
15.433333	1	2.036875
15.450000	1	1.942750
15.466667	1	1.867000
15.483333	1	1.801875
15.500000	1	1.744625
15.516667	1	1.692375
15.533333	1	1.640625
15.550000	1	1.588625
15.566667	1	1.537000
15.583333	1	1.485375
15.600000	1	1.434250
15.616667	1	1.384000
15.633333	1	1.335875
15.650000	1	1.289500
15.666667	1	1.247000
15.683333	1	1.207250
15.700000	1	1.170375
15.716667	1	1.136875
15.733333	1	1.106125
15.750000	1	1.077250
15.766667	1	1.050500
15.783333	1	1.026750
15.800000	1	1.005125
15.816667	1	0.984625
15.833333	1	0.967250
15.850000	1	0.951250
15.866667	1	0.938750
15.883333	1	0.929750
15.900000	1	0.923375
15.916667	1	0.921625
15.933333	1	0.923500
15.950000	1	0.929000
15.966667	1	0.938000
15.983333	1	0.950250
16.000000	1	0.964250
16.016667	1	0.979500
16.033333	1	0.995250
16.050000	1	1.010125
16.066667	1	1.023250
16.083333	1	1.035250
16.100000	1	1.044125
16.116667	1	1.050250
16.133333	1	1.052625
16.150000	1	1.051625
16.166667	1	1.047250
16.183333	1	1.041000
16.200000	1	1.032500
16.216667	1	1.021625
16.233333	1	1.009250
16.250000	1	0.996250
16.266667	1	0.982875
16.283333	1	0.968125
16.300000	1	0.954250
16.316667	1	0.940875
16.333333	1	0.927750
16.350000	1	0.916500
16.366667	1	0.907375
16.383333	1	0.899625
16.400000	1	0.894500
16.416667	1	0.890625
16.433333	1	0.888875
16.450000	1	0.888875
16.466667	1	0.889250
16.483333	1	0.890875
16.500000	1	0.892125
16.516667	1	0.892750
16.533333	1	0.893125
16.550000	1	0.892750
16.566667	1	0.890625
16.583333	1	0.886375
16.600000	1	0.881000
16.616667	1	0.874000
16.633333	1	0.866625
16.650000	1	0.859250
16.666667	1	0.850875
16.683333	1	0.843875
16.700000	1	0.838625
16.716667	1	0.835875
16.733333	1	0.835000
16.750000	1	0.836000
16.766667	1	0.839250
16.783333	1	0.844875
16.800000	1	0.852125
16.816667	1	0.860500
16.833333	1	0.869125
16.850000	1	0.878000
16.866667	1	0.887250
16.883333	1	0.894750
16.900000	1	0.900250
16.916667	1	0.904625
16.933333	1	0.907500
16.950000	1	0.908500
16.966667	1	0.908375
16.983333	1	0.908125
17.000000	1	0.906875
17.016667	1	0.905625
17.033333	1	0.904375
17.050000	1	0.903125
17.066667	1	0.902750
17.083333	1	0.902625
17.100000	1	0.903250
17.116667	1	0.905250
17.133333	1	0.908125
17.150000	1	0.911250
17.166667	1	0.915375
17.183333	1	0.919875
17.200000	1	0.924375
17.216667	1	0.929125
17.233333	1	0.934625
17.250000	1	0.940000
17.266667	1	0.945125
17.283333	1	0.950750
17.300000	1	0.956000
17.316667	1	0.962250
17.333333	1	0.968875
17.350000	1	0.974625
17.366667	1	0.981125
17.383333	1	0.987500
17.400000	1	0.992250
17.416667	1	0.997250
17.433333	1	1.001500
17.450000	1	1.004125
17.466667	1	1.005375
17.483333	1	1.005875
17.500000	1	1.004125
17.516667	1	1.000625
17.533333	1	0.995250
17.550000	1	0.989000
17.566667	1	0.980875
17.583333	1	0.972625
17.600000	1	0.962750
17.616667	1	0.950875
17.633333	1	0.938625
17.650000	1	0.925250
17.666667	1	0.911500
17.683333	1	0.897250
17.700000	1	0.882750
17.716667	1	0.868500
17.733333	1	0.855000
17.750000	1	0.841250
17.766667	1	0.828250
17.783333	1	0.816000
17.800000	1	0.805000
17.816667	1	0.795000
17.833333	1	0.785375
17.850000	1	0.776500
17.866667	1	0.769875
17.883333	1	0.762625
17.900000	1	0.756625
17.916667	1	0.750875
17.933333	1	0.745000
17.950000	1	0.739625
17.966667	1	0.735500
17.983333	1	0.730250
18.000000	1	0.725750
18.016667	1	0.720750
18.033333	1	0.715375
18.050000	1	0.710000
18.066667	1	0.705250
18.083333	1	0.700125
18.100000	1	0.695750
18.116667	1	0.691875
18.133333	1	0.688250
18.150000	1	0.685750
18.166667	1	0.683750
18.183333	1	0.682625
18.200000	1	0.681500
18.216667	1	0.681000
18.233333	1	0.680875
18.250000	1	0.680500
18.266667	1	0.681125
18.283333	1	0.680375
18.300000	1	0.679500
18.316667	1	0.679375
18.333333	1	0.678750
18.350000	1	0.678625
18.366667	1	0.679875
18.383333	1	0.681875
18.400000	1	0.684125
18.416667	1	0.686750
18.433333	1	0.691625
18.450000	1	0.697875
18.466667	1	0.706375
18.483333	1	0.716875
18.500000	1	0.730000
18.516667	1	0.745500
18.533333	1	0.762750
18.550000	1	0.782625
18.566667	1	0.804375
18.583333	1	0.828375
18.600000	1	0.854875
18.616667	1	0.882625
18.633333	1	0.912125
18.650000	1	0.943500
18.666667	1	0.975875
18.683333	1	1.010000
18.700000	1	1.045125
18.716667	1	1.082125
18.733333	1	1.118750
18.750000	1	1.156000
18.766667	1	1.191500
18.783333	1	1.228250
18.800000	1	1.262625
18.816667	1	1.294375
18.833333	1	1.323000
18.850000	1	1.348375
18.866667	1	1.368250
18.883333	1	1.383125
18.900000	1	1.392125
18.916667	1	1.394625
18.933333	1	1.389875
18.950000	1	1.379250
18.966667	1	1.361125
18.983333	1	1.336500
19.000000	1	1.305125
19.016667	1	1.269750
19.033333	1	1.229625
19.050000	1	1.185375
19.066667	1	1.138500
19.083333	1	1.090500
19.100000	1	1.041625
19.116667	1	0.993500
19.133333	1	0.946625
19.150000	1	0.901625
19.166667	1	0.859875
19.183333	1	0.821625
19.200000	1	0.788125
19.216667	1	0.759000
19.233333	1	0.735125
19.250000	1	0.715750
19.266667	1	0.703625
19.283333	1	0.696750
19.300000	1	0.695750
19.316667	1	0.701500
19.333333	1	0.712875
19.350000	1	0.730125
19.366667	1	0.752250
19.383333	1	0.778500
19.400000	1	0.808375
19.416667	1	0.841375
19.433333	1	0.875000
19.450000	1	0.909625
19.466667	1	0.942375
19.483333	1	0.974125
19.500000	1	1.002000
19.516667	1	1.027250
19.533333	1	1.047750
19.550000	1	1.063875
19.566667	1	1.074875
19.583333	1	1.080875
19.600000	1	1.082000
19.616667	1	1.078000
19.633333	1	1.069375
19.650000	1	1.056750
19.666667	1	1.040500
19.683333	1	1.021500
19.700000	1	0.999375
19.716667	1	0.975125
19.733333	1	0.948750
19.750000	1	0.921500
19.766667	1	0.893375
19.783333	1	0.865000
19.800000	1	0.836250
19.816667	1	0.807125
19.833333	1	0.778250
19.850000	1	0.750125
19.866667	1	0.723000
19.883333	1	0.696500
19.900000	1	0.671375
19.916667	1	0.647625
19.933333	1	0.626250
19.950000	1	0.605750
19.966667	1	0.587750
19.983333	1	0.572375
20.000000	1	0.559500
20.016667	1	0.549375
20.033333	1	0.541500
20.050000	1	0.536750
20.066667	1	0.534375
20.083333	1	0.536000
20.100000	1	0.539750
20.116667	1	0.547250
20.133333	1	0.557375
20.150000	1	0.569500
20.166667	1	0.584250
20.183333	1	0.600125
20.200000	1	0.616750
20.216667	1	0.633750
20.233333	1	0.649500
20.250000	1	0.664000
20.266667	1	0.676375
20.283333	1	0.685750
20.300000	1	0.691625
20.316667	1	0.694250
20.333333	1	0.692750
20.350000	1	0.688500
20.366667	1	0.679750
20.383333	1	0.669000
20.400000	1	0.655625
20.416667	1	0.639875
20.433333	1	0.622750
20.450000	1	0.605250
20.466667	1	0.588125
20.483333	1	0.571625
20.500000	1	0.556625
20.516667	1	0.544250
20.533333	1	0.534875
20.550000	1	0.529250
20.566667	1	0.528375
20.583333	1	0.533000
20.600000	1	0.544375
20.616667	1	0.562625
20.633333	1	0.589000
20.650000	1	0.624250
20.666667	1	0.667750
20.683333	1	0.720500
20.700000	1	0.782125
20.716667	1	0.850875
20.733333	1	0.927500
20.750000	1	1.008625
20.766667	1	1.092250
20.783333	1	1.176750
20.800000	1	1.259625
20.816667	1	1.338375
20.833333	1	1.408750
20.850000	1	1.470750
20.866667	1	1.520375
20.883333	1	1.557375
20.900000	1	1.579625
20.916667	1	1.587250
20.933333	1	1.581125
20.950000	1	1.561500
20.966667	1	1.529250
20.983333	1	1.486250
21.000000	1	1.434250
21.016667	1	1.376625
21.033333	1	1.313750
21.050000	1	1.247875
21.066667	1	1.181375
21.083333	1	1.115750
21.100000	1	1.052250
21.116667	1	0.991375
21.133333	1	0.933625
21.150000	1	0.880000
21.166667	1	0.830500
21.183333	1	0.784375
21.200000	1	0.743125
21.216667	1	0.705500
21.233333	1	0.672000
21.250000	1	0.641750
21.266667	1	0.615125
21.283333	1	0.591250
21.300000	1	0.570500
21.316667	1	0.552000
21.333333	1	0.535625
21.350000	1	0.521125
21.366667	1	0.508500
21.383333	1	0.496500
21.400000	1	0.486375
21.416667	1	0.476625
21.433333	1	0.468125
21.450000	1	0.460750
21.466667	1	0.453875
21.483333	1	0.448000
21.500000	1	0.442000
21.516667	1	0.437625
21.533333	1	0.433375
21.550000	1	0.430875
21.566667	1	0.428250
21.583333	1	0.426500
21.600000	1	0.425125
21.616667	1	0.425250
21.633333	1	0.425625
21.650000	1	0.428250
21.666667	1	0.431625
21.683333	1	0.437375
21.700000	1	0.443000
21.716667	1	0.450875
21.733333	1	0.459000
21.750000	1	0.468875
21.766667	1	0.479875
21.783333	1	0.491750
21.800000	1	0.503875
21.816667	1	0.517250
21.833333	1	0.529875
21.850000	1	0.542625
21.866667	1	0.555250
21.883333	1	0.567250
21.900000	1	0.578375
21.916667	1	0.588000
21.933333	1	0.598000
21.950000	1	0.606625
21.966667	1	0.614250
21.983333	1	0.620500
22.000000	1	0.625250
22.016667	1	0.629375
22.033333	1	0.632125
22.050000	1	0.634250
22.066667	1	0.635625
22.083333	1	0.636125
22.100000	1	0.635625
22.116667	1	0.634375
22.133333	1	0.632000
22.150000	1	0.629625
22.166667	1	0.624875
22.183333	1	0.620375
22.200000	1	0.614375
22.216667	1	0.607000
22.233333	1	0.598500
22.250000	1	0.588625
22.266667	1	0.577875
22.283333	1	0.566250
22.300000	1	0.553625
22.316667	1	0.540375
22.333333	1	0.526375
22.350000	1	0.512125
22.366667	1	0.497250
22.383333	1	0.482750
22.400000	1	0.468500
22.416667	1	0.454125
22.433333	1	0.440375
22.450000	1	0.427375
22.466667	1	0.414875
22.483333	1	0.402750
22.500000	1	0.392250
22.516667	1	0.382500
22.533333	1	0.373250
22.550000	1	0.365000
22.566667	1	0.357750
22.583333	1	0.351500
22.600000	1	0.345625
22.616667	1	0.340375
22.633333	1	0.335250
22.650000	1	0.330125
22.666667	1	0.326500
22.683333	1	0.322750
22.700000	1	0.319750
22.716667	1	0.316250
22.733333	1	0.313875
22.750000	1	0.310125
22.766667	1	0.307375
22.783333	1	0.304500
22.800000	1	0.302000
22.816667	1	0.299250
22.833333	1	0.297375
22.850000	1	0.295625
22.866667	1	0.294000
22.883333	1	0.292000
22.900000	1	0.290250
22.916667	1	0.288500
22.933333	1	0.286000
22.950000	1	0.284375
22.966667	1	0.282875
22.983333	1	0.281500
23.000000	1	0.281375
23.016667	1	0.280750
23.033333	1	0.280875
23.050000	1	0.280875
23.066667	1	0.280750
23.083333	1	0.281625
23.100000	1	0.282375
23.116667	1	0.283375
23.133333	1	0.283875
23.150000	1	0.285375
23.166667	1	0.285625
23.183333	1	0.286125
23.200000	1	0.287625
23.216667	1	0.288250
23.233333	1	0.289125
23.250000	1	0.289500
23.266667	1	0.290750
23.283333	1	0.292250
23.300000	1	0.294750
23.316667	1	0.297625
23.333333	1	0.302250
23.350000	1	0.309000
23.366667	1	0.318750
23.383333	1	0.331750
23.400000	1	0.349500
23.416667	1	0.372750
23.433333	1	0.404125
23.450000	1	0.445000
23.466667	1	0.496250
23.483333	1	0.561000
23.500000	1	0.640375
23.516667	1	0.737750
23.533333	1	0.856250
23.550000	1	0.995875
23.566667	1	1.157875
23.583333	1	1.344750
23.600000	1	1.554875
23.616667	1	1.788125
23.633333	1	2.043125
23.650000	1	2.318500
23.666667	1	2.609000
23.683333	1	2.910750
23.700000	1	3.218625
23.716667	1	3.527125
23.733333	1	3.829625
23.750000	1	4.118750
23.766667	1	4.387625
23.783333	1	4.629750
23.800000	1	4.839125
23.816667	1	5.012750
23.833333	1	5.145250
23.850000	1	5.235875
23.866667	1	5.283250
23.883333	1	5.287500
23.900000	1	5.250375
23.916667	1	5.174375
23.933333	1	5.062500
23.950000	1	4.920125
23.966667	1	4.751875
23.983333	1	4.562125
24.000000	1	4.356625
24.016667	1	4.140250
24.033333	1	3.917625
24.050000	1	3.692000
24.066667	1	3.467875
24.083333	1	3.247500
24.100000	1	3.032875
24.116667	1	2.825750
24.133333	1	2.628625
24.150000	1	2.440375
24.166667	1	2.262875
24.183333	1	2.096000
24.200000	1	1.940375
24.216667	1	1.794875
24.233333	1	1.659375
24.250000	1	1.535000
24.266667	1	1.420125
24.283333	1	1.314000
24.300000	1	1.216125
24.316667	1	1.126250
24.333333	1	1.044125
24.350000	1	0.969875
24.366667	1	0.902375
24.383333	1	0.841625
24.400000	1	0.787000
24.416667	1	0.738250
24.433333	1	0.694750
24.450000	1	0.657250
24.466667	1	0.624625
24.483333	1	0.595750
24.500000	1	0.570000
24.516667	1	0.547500
24.533333	1	0.528750
24.550000	1	0.511750
24.566667	1	0.496750
24.583333	1	0.483500
24.600000	1	0.471625
24.616667	1	0.461000
24.633333	1	0.452500
24.650000	1	0.443625
24.666667	1	0.435625
24.683333	1	0.428625
24.700000	1	0.421375
24.716667	1	0.414125
24.733333	1	0.406625
24.750000	1	0.399750
24.766667	1	0.393500
24.783333	1	0.386875
24.800000	1	0.380750
24.816667	1	0.374500
24.833333	1	0.368250
24.850000	1	0.361750
24.866667	1	0.356500
24.883333	1	0.351375
24.900000	1	0.346500
24.916667	1	0.341625
24.933333	1	0.337625
24.950000	1	0.333500
24.966667	1	0.328875
24.983333	1	0.325125
25.000000	1	0.321125
25.016667	1	0.317875
25.033333	1	0.314250
25.050000	1	0.311500
25.066667	1	0.308375
25.083333	1	0.306000
25.100000	1	0.303375
25.116667	1	0.301000
25.133333	1	0.298375
25.150000	1	0.295375
25.166667	1	0.292625
25.183333	1	0.290000
25.200000	1	0.287625
25.216667	1	0.284750
25.233333	1	0.282000
25.250000	1	0.279375
25.266667	1	0.277000
25.283333	1	0.274250
25.300000	1	0.271875
25.316667	1	0.268750
25.333333	1	0.266375
25.350000	1	0.263125
25.366667	1	0.261250
25.383333	1	0.258625
25.400000	1	0.256125
25.416667	1	0.253750
25.433333	1	0.252375
25.450000	1	0.250750
25.466667	1	0.249250
25.483333	1	0.248125
25.500000	1	0.246375
25.516667	1	0.245000
25.533333	1	0.244000
25.550000	1	0.242625
25.566667	1	0.241500
25.583333	1	0.239750
25.600000	1	0.238250
25.616667	1	0.237000
25.633333	1	0.235625
25.650000	1	0.234250
25.666667	1	0.232750
25.683333	1	0.230875
25.700000	1	0.229250
25.716667	1	0.227625
25.733333	1	0.225125
25.750000	1	0.223625
25.766667	1	0.221375
25.783333	1	0.219250
25.800000	1	0.216875
25.816667	1	0.215625
25.833333	1	0.214250
25.850000	1	0.213625
25.866667	1	0.212750
25.883333	1	0.212125
25.900000	1	0.212625
25.916667	1	0.213125
25.933333	1	0.214000
25.950000	1	0.215125
25.966667	1	0.217000
25.983333	1	0.219500
26.000000	1	0.222000
26.016667	1	0.225250
26.033333	1	0.229750
26.050000	1	0.233875
26.066667	1	0.238625
26.083333	1	0.244250
26.100000	1	0.249875
26.116667	1	0.255875
26.133333	1	0.262125
26.150000	1	0.268625
26.166667	1	0.275250
26.183333	1	0.282125
26.200000	1	0.288875
26.216667	1	0.295500
26.233333	1	0.301500
26.250000	1	0.308250
26.266667	1	0.314750
26.283333	1	0.320000
26.300000	1	0.325000
26.316667	1	0.329500
26.333333	1	0.333625
26.350000	1	0.337250
26.366667	1	0.339625
26.383333	1	0.341500
26.400000	1	0.342375
26.416667	1	0.342750
26.433333	1	0.342500
26.450000	1	0.341250
26.466667	1	0.339250
26.483333	1	0.337250
26.500000	1	0.334625
26.516667	1	0.331375
26.533333	1	0.327250
26.550000	1	0.323000
26.566667	1	0.318750
26.583333	1	0.313250
26.600000	1	0.307000
26.616667	1	0.301375
26.633333	1	0.295875
26.650000	1	0.289375
26.666667	1	0.283625
26.683333	1	0.278250
26.700000	1	0.273000
26.716667	1	0.267750
26.733333	1	0.262875
26.750000	1	0.257875
26.766667	1	0.252875
26.783333	1	0.248250
26.800000	1	0.244250
26.816667	1	0.239625
26.833333	1	0.235750
26.850000	1	0.231625
26.866667	1	0.228375
26.883333	1	0.225125
26.900000	1	0.222875
26.916667	1	0.219750
26.933333	1	0.217000
26.950000	1	0.214000
26.966667	1	0.211250
26.983333	1	0.208875
27.000000	1	0.206875
27.016667	1	0.205125
27.033333	1	0.202875
27.050000	1	0.200875
27.066667	1	0.199000
27.083333	1	0.197625
27.100000	1	0.197125
27.116667	1	0.196875
27.133333	1	0.196625
27.150000	1	0.197250
27.166667	1	0.198125
27.183333	1	0.199625
27.200000	1	0.202000
27.216667	1	0.205250
27.233333	1	0.209250
27.250000	1	0.215625
27.266667	1	0.223875
27.283333	1	0.233875
27.300000	1	0.247250
27.316667	1	0.263750
27.333333	1	0.283250
27.350000	1	0.306375
27.366667	1	0.334625
27.383333	1	0.368500
27.400000	1	0.408250
27.416667	1	0.455750
27.433333	1	0.511750
27.450000	1	0.576750
27.466667	1	0.651625
27.483333	1	0.736500
27.500000	1	0.833750
27.516667	1	0.942875
27.533333	1	1.065125
27.550000	1	1.199000
27.566667	1	1.345875
27.583333	1	1.505250
27.600000	1	1.675750
27.616667	1	1.857500
27.633333	1	2.048750
27.650000	1	2.248875
27.666667	1	2.454750
27.683333	1	2.664500
27.700000	1	2.875750
27.716667	1	3.085375
27.733333	1	3.289375
27.750000	1	3.485250
27.766667	1	3.670375
27.783333	1	3.840125
27.800000	1	3.992750
27.816667	1	4.125375
27.833333	1	4.235750
27.850000	1	4.321125
27.866667	1	4.380250
27.883333	1	4.413125
27.900000	1	4.418750
27.916667	1	4.397125
27.933333	1	4.348250
27.950000	1	4.275375
27.966667	1	4.179500
27.983333	1	4.063625
28.000000	1	3.929750
28.016667	1	3.781250
28.033333	1	3.620500
28.050000	1	3.450250
28.066667	1	3.273625
28.083333	1	3.093625
28.100000	1	2.912625
28.116667	1	2.733125
28.133333	1	2.556625
28.150000	1	2.385500
28.166667	1	2.221375
28.183333	1	2.063750
28.200000	1	1.914875
28.216667	1	1.774125
28.233333	1	1.642500
28.250000	1	1.519125
28.266667	1	1.404000
28.283333	1	1.298500
28.300000	1	1.201625
28.316667	1	1.112125
28.333333	1	1.030000
28.350000	1	0.955625
28.366667	1	0.888500
28.383333	1	0.827500
28.400000	1	0.773250
28.416667	1	0.724625
28.433333	1	0.681000
28.450000	1	0.643375
28.466667	1	0.610000
28.483333	1	0.581125
28.500000	1	0.556250
28.516667	1	0.535250
28.533333	1	0.517250
28.550000	1	0.503750
28.566667	1	0.492750
28.583333	1	0.484750
28.600000	1	0.479875
28.616667	1	0.476750
28.633333	1	0.475875
28.650000	1	0.477250
28.666667	1	0.480000
28.683333	1	0.484125
28.700000	1	0.490125
28.716667	1	0.497250
28.733333	1	0.504625
28.750000	1	0.513000
28.766667	1	0.522000
28.783333	1	0.531000
28.800000	1	0.540500
28.816667	1	0.550000
28.833333	1	0.559000
28.850000	1	0.567875
28.866667	1	0.576500
28.883333	1	0.584250
28.900000	1	0.591125
28.916667	1	0.597000
28.933333	1	0.602125
28.950000	1	0.605625
28.966667	1	0.608000
28.983333	1	0.609500
29.000000	1	0.609750
29.016667	1	0.608250
29.033333	1	0.604750
29.050000	1	0.600500
29.066667	1	0.593000
29.083333	1	0.585000
29.100000	1	0.574625
29.116667	1	0.561750
29.133333	1	0.546000
29.150000	1	0.528250
29.166667	1	0.508750
29.183333	1	0.486125
29.200000	1	0.460875
29.216667	1	0.433000
29.233333	1	0.401375
29.250000	1	0.367500
29.266667	1	0.330375
29.283333	1	0.289625
29.300000	1	0.246500
29.316667	1	0.200375
29.333333	1	0.150125
29.350000	1	0.096750
29.366667	1	0.040750
29.383333	1	-0.018000
29.400000	1	-0.079375
29.416667	1	-0.143250
29.433333	1	-0.209375
29.450000	1	-0.277000
29.466667	1	-0.346500
29.483333	1	-0.416375
29.500000	1	-0.486875
29.516667	1	-0.557375
29.533333	1	-0.626625
29.550000	1	-0.694375
29.566667	1	-0.759375
29.583333	1	-0.822250
29.600000	1	-0.881500
29.616667	1	-0.937125
29.633333	1	-0.989000
29.650000	1	-1.035875
29.666667	1	-1.076500
29.683333	1	-1.112125
29.700000	1	-1.141250
29.716667	1	-1.164625
29.733333	1	-1.181875
29.750000	1	-1.192500
29.766667	1	-1.197125
29.783333	1	-1.195375
29.800000	1	-1.187250
29.816667	1	-1.174000
29.833333	1	-1.154750
29.850000	1	-1.130875
29.866667	1	-1.102375
29.883333	1	-1.069000
29.900000	1	-1.032750
29.916667	1	-0.993875
29.933333	1	-0.951625
29.950000	1	-0.907250
29.966667	1	-0.860750
29.983333	1	-0.813750
30.000000	1	-0.767000
30.016667	1	-0.719250
30.033333	1	-0.671125
30.050000	1	-0.623000
30.066667	1	-0.575375
30.083333	1	-0.528875
30.100000	1	-0.484250
30.116667	1	-0.441500
30.133333	1	-0.399625
30.150000	1	-0.359875
30.166667	1	-0.321875
30.183333	1	-0.285250
30.200000	1	-0.251125
30.216667	1	-0.219000
30.233333	1	-0.188375
30.250000	1	-0.159875
30.266667	1	-0.133250
30.283333	1	-0.108875
30.300000	1	-0.086000
30.316667	1	-0.065250
30.333333	1	-0.046250
30.350000	1	-0.028250
30.366667	1	-0.012125
30.383333	1	0.002875
30.400000	1	0.016625
30.416667	1	0.028625
30.433333	1	0.040500
30.450000	1	0.051000
30.466667	1	0.060250
30.483333	1	0.069500
30.500000	1	0.077500
30.516667	1	0.085625
30.533333	1	0.092000
30.550000	1	0.099250
30.566667	1	0.105500
30.583333	1	0.112375
30.600000	1	0.118875
30.616667	1	0.126000
30.633333	1	0.133125
30.650000	1	0.140625
30.666667	1	0.147500
30.683333	1	0.154750
30.700000	1	0.162625
30.716667	1	0.171250
30.733333	1	0.180125
30.750000	1	0.188875
30.766667	1	0.198625
30.783333	1	0.209125
30.800000	1	0.220000
30.816667	1	0.231500
30.833333	1	0.244000
30.850000	1	0.256250
30.866667	1	0.270000
30.883333	1	0.283750
30.900000	1	0.298500
30.916667	1	0.314625
30.933333	1	0.331875
30.950000	1	0.350750
30.966667	1	0.371750
30.983333	1	0.394875
31.000000	1	0.421000
31.016667	1	0.450250
31.033333	1	0.483875
31.050000	1	0.521625
31.066667	1	0.565625
31.083333	1	0.615375
31.100000	1	0.673375
31.116667	1	0.739500
31.133333	1	0.814750
31.150000	1	0.899625
31.166667	1	0.995375
31.183333	1	1.104125
31.200000	1	1.226000
31.216667	1	1.362625
31.233333	1	1.513625
31.250000	1	1.679875
31.266667	1	1.862250
31.283333	1	2.058125
31.300000	1	2.268875
31.316667	1	2.494125
31.333333	1	2.730500
31.350000	1	2.979375
31.366667	1	3.237875
31.383333	1	3.503625
31.400000	1	3.774000
31.416667	1	4.046125
31.433333	1	4.317250
31.450000	1	4.583750
31.466667	1	4.841750
31.483333	1	5.089250
31.500000	1	5.322000
31.516667	1	5.537250
31.533333	1	5.732375
31.550000	1	5.904250
31.566667	1	6.051375
31.583333	1	6.172000
31.600000	1	6.264500
31.616667	1	6.328125
31.633333	1	6.362125
31.650000	1	6.366875
31.666667	1	6.343250
31.683333	1	6.292375
31.700000	1	6.214875
31.716667	1	6.112375
31.733333	1	5.988250
31.750000	1	5.845125
31.766667	1	5.684000
31.783333	1	5.507875
31.800000	1	5.318125
31.816667	1	5.118500
31.833333	1	4.911000
31.850000	1	4.697875
31.866667	1	4.481000
31.883333	1	4.264250
31.900000	1	4.047500
31.916667	1	3.833625
31.933333	1	3.623000
31.950000	1	3.416875
31.966667	1	3.217125
31.983333	1	3.023125
32.000000	1	2.835375
32.016667	1	2.656125
32.033333	1	2.484250
32.050000	1	2.320250
32.066667	1	2.164875
32.083333	1	2.017375
32.100000	1	1.878000
32.116667	1	1.746875
32.133333	1	1.623625
32.150000	1	1.507125
32.166667	1	1.397500
32.183333	1	1.294875
32.200000	1	1.198125
32.216667	1	1.107125
32.233333	1	1.022625
32.250000	1	0.943375
32.266667	1	0.869250
32.283333	1	0.800125
32.300000	1	0.735625
32.316667	1	0.676000
32.333333	1	0.620625
32.350000	1	0.570125
32.366667	1	0.522250
32.383333	1	0.478375
32.400000	1	0.438375
32.416667	1	0.401250
32.433333	1	0.366875
32.450000	1	0.334875
32.466667	1	0.305875
32.483333	1	0.279000
32.500000	1	0.253750
32.516667	1	0.231625
32.533333	1	0.211250
32.550000	1	0.192625
32.566667	1	0.176000
32.583333	1	0.160375
32.600000	1	0.146375
32.616667	1	0.133000
32.633333	1	0.121500
32.650000	1	0.112125
32.666667	1	0.103250
32.683333	1	0.095875
32.700000	1	0.089125
32.716667	1	0.082875
32.733333	1	0.078125
32.750000	1	0.073500
32.766667	1	0.069875
32.783333	1	0.066750
32.800000	1	0.064250
32.816667	1	0.062250
32.833333	1	0.060375
32.850000	1	0.059375
32.866667	1	0.059000
32.883333	1	0.058625
32.900000	1	0.058250
32.916667	1	0.058750
32.933333	1	0.059125
32.950000	1	0.059250
32.966667	1	0.060000
32.983333	1	0.060875
33.000000	1	0.062500
33.016667	1	0.063000
33.033333	1	0.063875
33.050000	1	0.064375
33.066667	1	0.065000
33.083333	1	0.065375
33.100000	1	0.066000
33.116667	1	0.067250
33.133333	1	0.068500
33.150000	1	0.069750
33.166667	1	0.070250
33.183333	1	0.071125
33.200000	1	0.071500
33.216667	1	0.072250
33.233333	1	0.072500
33.250000	1	0.073125
33.266667	1	0.073500
33.283333	1	0.073875
33.300000	1	0.074750
33.316667	1	0.075375
33.333333	1	0.074500
33.350000	1	0.075250
33.366667	1	0.075750
33.383333	1	0.076375
33.400000	1	0.077500
33.416667	1	0.078375
33.433333	1	0.079875
33.450000	1	0.080500
33.466667	1	0.081750
33.483333	1	0.082500
33.500000	1	0.084125
33.516667	1	0.085375
33.533333	1	0.087375
33.550000	1	0.088750
33.566667	1	0.090625
33.583333	1	0.092500
33.600000	1	0.095000
33.616667	1	0.097250
33.633333	1	0.100500
33.650000	1	0.103250
33.666667	1	0.106000
33.683333	1	0.108625
33.700000	1	0.111375
33.716667	1	0.114625
33.733333	1	0.118750
33.750000	1	0.122250
33.766667	1	0.126000
33.783333	1	0.129750
33.800000	1	0.133750
33.816667	1	0.137125
33.833333	1	0.140875
33.850000	1	0.144625
33.866667	1	0.148000
33.883333	1	0.151500
33.900000	1	0.154875
33.916667	1	0.158875
33.933333	1	0.162250
33.950000	1	0.165750
33.966667	1	0.168625
33.983333	1	0.171250
34.000000	1	0.173875
34.016667	1	0.176375
34.033333	1	0.178625
34.050000	1	0.181000
34.066667	1	0.183500
34.083333	1	0.185625
34.100000	1	0.186625
34.116667	1	0.188250
34.133333	1	0.188500
34.150000	1	0.189500
34.166667	1	0.189625
34.183333	1	0.190000
34.200000	1	0.190125
34.216667	1	0.190500
34.233333	1	0.190250
34.250000	1	0.190250
34.266667	1	0.189375
34.283333	1	0.189500
34.300000	1	0.188625
34.316667	1	0.188125
34.333333	1	0.187625
34.350000	1	0.187125
34.366667	1	0.187125
34.383333	1	0.186375
34.400000	1	0.186000
34.416667	1	0.185500
34.433333	1	0.185375
34.450000	1	0.185250
34.466667	1	0.185250
34.483333	1	0.185125
34.500000	1	0.184875
34.516667	1	0.185000
34.533333	1	0.184375
34.550000	1	0.184125
34.566667	1	0.183875
34.583333	1	0.183500
34.600000	1	0.183125
34.616667	1	0.183125
34.633333	1	0.182125
34.650000	1	0.181875
34.666667	1	0.182000
34.683333	1	0.181750
34.700000	1	0.180500
34.716667	1	0.180375
34.733333	1	0.178875
34.750000	1	0.177750
34.766667	1	0.177250
34.783333	1	0.176625
34.800000	1	0.176000
34.816667	1	0.174500
34.833333	1	0.173375
34.850000	1	0.172875
34.866667	1	0.171625
34.883333	1	0.170250
34.900000	1	0.169000
34.916667	1	0.168375
34.933333	1	0.168000
34.950000	1	0.167000
34.966667	1	0.165125
34.983333	1	0.164125
35.000000	1	0.163375
35.016667	1	0.161125
35.033333	1	0.160500
35.050000	1	0.159750
35.066667	1	0.158875
35.083333	1	0.157375
35.100000	1	0.157375
35.116667	1	0.156750
35.133333	1	0.155875
35.150000	1	0.154875
35.166667	1	0.154125
35.183333	1	0.152500
35.200000	1	0.151375
35.216667	1	0.150500
35.233333	1	0.149750
35.250000	1	0.148625
35.266667	1	0.147750
35.283333	1	0.147250
35.300000	1	0.146250
35.316667	1	0.146000
35.333333	1	0.145625
35.350000	1	0.145250
35.366667	1	0.144750
35.383333	1	0.145250
35.400000	1	0.144375
35.416667	1	0.144625
35.433333	1	0.143875
35.450000	1	0.143625
35.466667	1	0.143875
35.483333	1	0.144125
35.500000	1	0.144125
35.516667	1	0.144750
35.533333	1	0.145375
35.550000	1	0.146500
35.566667	1	0.147125
35.583333	1	0.148125
35.600000	1	0.148250
35.616667	1	0.148875
35.633333	1	0.149500
35.650000	1	0.150500
35.666667	1	0.151000
35.683333	1	0.151625
35.700000	1	0.153125
35.716667	1	0.154750
35.733333	1	0.155625
35.750000	1	0.156875
35.766667	1	0.157875
35.783333	1	0.159000
35.800000	1	0.159875
35.816667	1	0.159875
35.833333	1	0.160750
35.850000	1	0.161250
35.866667	1	0.162875
35.883333	1	0.163375
35.900000	1	0.163625
35.916667	1	0.163750
35.933333	1	0.164250
35.950000	1	0.165000
35.966667	1	0.163875
35.983333	1	0.163250
36.000000	1	0.162750
36.016667	1	0.161875
36.033333	1	0.161250
36.050000	1	0.160000
36.066667	1	0.158875
36.083333	1	0.158125
36.100000	1	0.157250
36.116667	1	0.156375
36.133333	1	0.155250
36.150000	1	0.153625
36.166667	1	0.151750
36.183333	1	0.150375
36.200000	1	0.150000
36.216667	1	0.148500
36.233333	1	0.147250
36.250000	1	0.146500
36.266667	1	0.145875
36.283333	1	0.145500
36.300000	1	0.145750
36.316667	1	0.145750
36.333333	1	0.146500
36.350000	1	0.146875
36.366667	1	0.147625
36.383333	1	0.149000
36.400000	1	0.150250
36.416667	1	0.151125
36.433333	1	0.152375
36.450000	1	0.153375
36.466667	1	0.154875
36.483333	1	0.156375
36.500000	1	0.158000
36.516667	1	0.159375
36.533333	1	0.161000
36.550000	1	0.162250
36.566667	1	0.163625
36.583333	1	0.164500
36.600000	1	0.164375
36.616667	1	0.164500
36.633333	1	0.164750
36.650000	1	0.164875
36.666667	1	0.164875
36.683333	1	0.164250
36.700000	1	0.162875
36.716667	1	0.162375
36.733333	1	0.161250
36.750000	1	0.160250
36.766667	1	0.158375
36.783333	1	0.156750
36.800000	1	0.155375
36.816667	1	0.153625
36.833333	1	0.151875
36.850000	1	0.149500
36.866667	1	0.147500
36.883333	1	0.146250
36.900000	1	0.145000
36.916667	1	0.143875
36.933333	1	0.143375
36.950000	1	0.142500
36.966667	1	0.141375
36.983333	1	0.140875
37.000000	1	0.140625
37.016667	1	0.140500
37.033333	1	0.139875
37.050000	1	0.139375
37.066667	1	0.139375
37.083333	1	0.139250
37.100000	1	0.139750
37.116667	1	0.140125
37.133333	1	0.140125
37.150000	1	0.140250
37.166667	1	0.140375
37.183333	1	0.140125
37.200000	1	0.139875
37.216667	1	0.139375
37.233333	1	0.139250
37.250000	1	0.138875
37.266667	1	0.139000
37.283333	1	0.139750
37.300000	1	0.139500
37.316667	1	0.138875
37.333333	1	0.138375
37.350000	1	0.138500
37.366667	1	0.138250
37.383333	1	0.138500
37.400000	1	0.138000
37.416667	1	0.137875
37.433333	1	0.137625
37.450000	1	0.138000
37.466667	1	0.138375
37.483333	1	0.138125
37.500000	1	0.137625
37.516667	1	0.138375
37.533333	1	0.138875
37.550000	1	0.138875
37.566667	1	0.138875
37.583333	1	0.139250
37.600000	1	0.139875
37.616667	1	0.139750
37.633333	1	0.140125
37.650000	1	0.140875
37.666667	1	0.140750
37.683333	1	0.141375
37.700000	1	0.142000
37.716667	1	0.142250
37.733333	1	0.142250
37.750000	1	0.142875
37.766667	1	0.143000
37.783333	1	0.142875
37.800000	1	0.142250
37.816667	1	0.141375
37.833333	1	0.141500
37.850000	1	0.141125
37.866667	1	0.140750
37.883333	1	0.141000
37.900000	1	0.139875
37.916667	1	0.138750
37.933333	1	0.138375
37.950000	1	0.137625
37.966667	1	0.136750
37.983333	1	0.136250
38.000000	1	0.135125
38.016667	1	0.134500
38.033333	1	0.134000
38.050000	1	0.132500
38.066667	1	0.131500
38.083333	1	0.130625
38.100000	1	0.130125
38.116667	1	0.129875
38.133333	1	0.129375
38.150000	1	0.128250
38.166667	1	0.126625
38.183333	1	0.125625
38.200000	1	0.124625
38.216667	1	0.123625
38.233333	1	0.122250
38.250000	1	0.121375
38.266667	1	0.121125
38.283333	1	0.120750
38.300000	1	0.120000
38.316667	1	0.119625
38.333333	1	0.119375
38.350000	1	0.118500
38.366667	1	0.118000
38.383333	1	0.117000
38.400000	1	0.116500
38.416667	1	0.115500
38.433333	1	0.114750
38.450000	1	0.114000
38.466667	1	0.113000
38.483333	1	0.112750
38.500000	1	0.112375
38.516667	1	0.112500
38.533333	1	0.111875
38.550000	1	0.110750
38.566667	1	0.111125
38.583333	1	0.110125
38.600000	1	0.109625
38.616667	1	0.108750
38.633333	1	0.108125
38.650000	1	0.107500
38.666667	1	0.106875
38.683333	1	0.106750
38.700000	1	0.106000
38.716667	1	0.104625
38.733333	1	0.103875
38.750000	1	0.102125
38.766667	1	0.100875
38.783333	1	0.099125
38.800000	1	0.097250
38.816667	1	0.095500
38.833333	1	0.093625
38.850000	1	0.092750
38.866667	1	0.091000
38.883333	1	0.089500
38.900000	1	0.087625
38.916667	1	0.085375
38.933333	1	0.083250
38.950000	1	0.082000
38.966667	1	0.080500
38.983333	1	0.079125
39.000000	1	0.077250
39.016667	1	0.076125
39.033333	1	0.074625
39.050000	1	0.074250
39.066667	1	0.073000
39.083333	1	0.072000
39.100000	1	0.071500
39.116667	1	0.071625
39.133333	1	0.071500
39.150000	1	0.071875
39.166667	1	0.073125
39.183333	1	0.073625
39.200000	1	0.075000
39.216667	1	0.075500
39.233333	1	0.076375
39.250000	1	0.077250
39.266667	1	0.078250
39.283333	1	0.079750
39.300000	1	0.081500
39.316667	1	0.082625
39.333333	1	0.084000
39.350000	1	0.085000
39.366667	1	0.086625
39.383333	1	0.087750
39.400000	1	0.089125
39.416667	1	0.090625
39.433333	1	0.091375
39.450000	1	0.092375
39.466667	1	0.093750
39.483333	1	0.094375
39.500000	1	0.095125
39.516667	1	0.096250
39.533333	1	0.096500
39.550000	1	0.096500
39.566667	1	0.096250
39.583333	1	0.096875
39.600000	1	0.096875
39.616667	1	0.097000
39.633333	1	0.097375
39.650000	1	0.097375
39.666667	1	0.097250
39.683333	1	0.097250
39.700000	1	0.096500
39.716667	1	0.096375
39.733333	1	0.095625
39.750000	1	0.095000
39.766667	1	0.094250
39.783333	1	0.094000
39.800000	1	0.093500
39.816667	1	0.092875
39.833333	1	0.092125
39.850000	1	0.092125
39.866667	1	0.091625
39.883333	1	0.091000
39.900000	1	0.090125
39.916667	1	0.089875
39.933333	1	0.088750
39.950000	1	0.087875
39.966667	1	0.087000
39.983333	1	0.085375
40.000000	1	0.084500
