URL	chrom://7040-86g6c92/XVault/Ultimate_3000/20/20240517_CMO_FP23_FP25_MarkusDeplate.seq/556.smp/RI_1.channel/RI_1.chm
Channel	RI_1

Injection Information:
Data Vault	XVault
Sequence	20240517_CMO_FP23_FP25_MarkusDeplate
Name	FP23_19.2_s1
Number	31
Position	BC7
Comment	
Processing Method	
Instrument Method	run_25B_method
Type	Unknown
Status	Finished
Inject Time	28.05.2024 14:31:27 +02:00
Volume (µl)	20.0000
Dilution Factor	1.0000
Weight	1.0000

Chromatogram Data Information:
Time Min. (min)	0.000000
Time Max. (min)	40.000000
Data Points	2401
Detector	RI
Generating Data System	Chromeleon 7.3.2.11814
Exporting Data System	Chromeleon 7.3.2.0
Operator	Instrument Controller
Signal Quantity	Refractive 
Signal Unit	µRIU
Signal Min.	-1.398250
Signal Max.	68.720375
Channel	RI_1
Driver Name	RID520Driver.dll
Channel Type	Evaluation
Min. Step (s)	1
Max. Step (s)	1
Average Step (s)	1

Signal Parameter Information:
Signal Info	

Chromatogram Data:
Time (min)	Step (s)	Value (µRIU)
0.000000	n.a.	-0.083625
0.016667	1	-0.083375
0.033333	1	-0.081750
0.050000	1	-0.080250
0.066667	1	-0.079625
0.083333	1	-0.077375
0.100000	1	-0.076000
0.116667	1	-0.074625
0.133333	1	-0.074125
0.150000	1	-0.072625
0.166667	1	-0.071500
0.183333	1	-0.069875
0.200000	1	-0.068875
0.216667	1	-0.068125
0.233333	1	-0.066875
0.250000	1	-0.066125
0.266667	1	-0.064875
0.283333	1	-0.063875
0.300000	1	-0.063750
0.316667	1	-0.063000
0.333333	1	-0.061750
0.350000	1	-0.062250
0.366667	1	-0.063000
0.383333	1	-0.063750
0.400000	1	-0.064250
0.416667	1	-0.064125
0.433333	1	-0.062250
0.450000	1	-0.060125
0.466667	1	-0.057500
0.483333	1	-0.056000
0.500000	1	-0.054625
0.516667	1	-0.054125
0.533333	1	-0.054250
0.550000	1	-0.054875
0.566667	1	-0.055625
0.583333	1	-0.056500
0.600000	1	-0.058500
0.616667	1	-0.059875
0.633333	1	-0.060000
0.650000	1	-0.059750
0.666667	1	-0.059625
0.683333	1	-0.058375
0.700000	1	-0.057125
0.716667	1	-0.056000
0.733333	1	-0.054250
0.750000	1	-0.052375
0.766667	1	-0.050750
0.783333	1	-0.049125
0.800000	1	-0.047000
0.816667	1	-0.045500
0.833333	1	-0.043375
0.850000	1	-0.041875
0.866667	1	-0.039250
0.883333	1	-0.037500
0.900000	1	-0.036250
0.916667	1	-0.035000
0.933333	1	-0.034000
0.950000	1	-0.032375
0.966667	1	-0.032125
0.983333	1	-0.031500
1.000000	1	-0.030750
1.016667	1	-0.030250
1.033333	1	-0.029750
1.050000	1	-0.029125
1.066667	1	-0.029250
1.083333	1	-0.029000
1.100000	1	-0.028625
1.116667	1	-0.028750
1.133333	1	-0.029125
1.150000	1	-0.029125
1.166667	1	-0.029500
1.183333	1	-0.029375
1.200000	1	-0.029750
1.216667	1	-0.029750
1.233333	1	-0.030500
1.250000	1	-0.030750
1.266667	1	-0.031125
1.283333	1	-0.031375
1.300000	1	-0.031750
1.316667	1	-0.031750
1.333333	1	-0.031750
1.350000	1	-0.031750
1.366667	1	-0.031750
1.383333	1	-0.031750
1.400000	1	-0.032625
1.416667	1	-0.032125
1.433333	1	-0.031625
1.450000	1	-0.031750
1.466667	1	-0.032625
1.483333	1	-0.033375
1.500000	1	-0.033875
1.516667	1	-0.033875
1.533333	1	-0.034750
1.550000	1	-0.036125
1.566667	1	-0.037500
1.583333	1	-0.038500
1.600000	1	-0.039500
1.616667	1	-0.041125
1.633333	1	-0.042625
1.650000	1	-0.044125
1.666667	1	-0.045750
1.683333	1	-0.047125
1.700000	1	-0.048500
1.716667	1	-0.050750
1.733333	1	-0.052500
1.750000	1	-0.053875
1.766667	1	-0.055125
1.783333	1	-0.056125
1.800000	1	-0.057125
1.816667	1	-0.057500
1.833333	1	-0.057625
1.850000	1	-0.058250
1.866667	1	-0.058625
1.883333	1	-0.059000
1.900000	1	-0.059500
1.916667	1	-0.059125
1.933333	1	-0.059125
1.950000	1	-0.058500
1.966667	1	-0.058125
1.983333	1	-0.057750
2.000000	1	-0.056500
2.016667	1	-0.056250
2.033333	1	-0.055875
2.050000	1	-0.055000
2.066667	1	-0.054125
2.083333	1	-0.054000
2.100000	1	-0.054000
2.116667	1	-0.054125
2.133333	1	-0.054250
2.150000	1	-0.054250
2.166667	1	-0.054500
2.183333	1	-0.054375
2.200000	1	-0.055250
2.216667	1	-0.056000
2.233333	1	-0.056000
2.250000	1	-0.056125
2.266667	1	-0.056875
2.283333	1	-0.057375
2.300000	1	-0.057625
2.316667	1	-0.058750
2.333333	1	-0.059500
2.350000	1	-0.060125
2.366667	1	-0.060500
2.383333	1	-0.060750
2.400000	1	-0.060875
2.416667	1	-0.061000
2.433333	1	-0.061000
2.450000	1	-0.061375
2.466667	1	-0.061000
2.483333	1	-0.060625
2.500000	1	-0.060125
2.516667	1	-0.060375
2.533333	1	-0.059625
2.550000	1	-0.059500
2.566667	1	-0.059125
2.583333	1	-0.058500
2.600000	1	-0.058000
2.616667	1	-0.058250
2.633333	1	-0.058500
2.650000	1	-0.058500
2.666667	1	-0.058750
2.683333	1	-0.059500
2.700000	1	-0.060000
2.716667	1	-0.060875
2.733333	1	-0.062000
2.750000	1	-0.063250
2.766667	1	-0.065000
2.783333	1	-0.065125
2.800000	1	-0.066375
2.816667	1	-0.068125
2.833333	1	-0.069750
2.850000	1	-0.070750
2.866667	1	-0.072375
2.883333	1	-0.074000
2.900000	1	-0.075500
2.916667	1	-0.076500
2.933333	1	-0.078625
2.950000	1	-0.080000
2.966667	1	-0.081125
2.983333	1	-0.082375
3.000000	1	-0.083625
3.016667	1	-0.084625
3.033333	1	-0.085000
3.050000	1	-0.085500
3.066667	1	-0.086000
3.083333	1	-0.086500
3.100000	1	-0.086875
3.116667	1	-0.087125
3.133333	1	-0.087000
3.150000	1	-0.086500
3.166667	1	-0.086375
3.183333	1	-0.086125
3.200000	1	-0.084750
3.216667	1	-0.084000
3.233333	1	-0.082375
3.250000	1	-0.081875
3.266667	1	-0.080375
3.283333	1	-0.079375
3.300000	1	-0.077750
3.316667	1	-0.076500
3.333333	1	-0.075125
3.350000	1	-0.073250
3.366667	1	-0.071625
3.383333	1	-0.069500
3.400000	1	-0.068250
3.416667	1	-0.067000
3.433333	1	-0.065000
3.450000	1	-0.062500
3.466667	1	-0.060625
3.483333	1	-0.058625
3.500000	1	-0.056875
3.516667	1	-0.054250
3.533333	1	-0.052250
3.550000	1	-0.050125
3.566667	1	-0.048625
3.583333	1	-0.045875
3.600000	1	-0.043500
3.616667	1	-0.041125
3.633333	1	-0.038250
3.650000	1	-0.035875
3.666667	1	-0.034000
3.683333	1	-0.030500
3.700000	1	-0.028250
3.716667	1	-0.026000
3.733333	1	-0.022875
3.750000	1	-0.020500
3.766667	1	-0.018125
3.783333	1	-0.015375
3.800000	1	-0.012500
3.816667	1	-0.009875
3.833333	1	-0.007875
3.850000	1	-0.005500
3.866667	1	-0.003500
3.883333	1	-0.002750
3.900000	1	-0.000875
3.916667	1	0.001000
3.933333	1	0.001875
3.950000	1	0.002500
3.966667	1	0.003375
3.983333	1	0.004125
4.000000	1	0.004625
4.016667	1	0.004625
4.033333	1	0.004625
4.050000	1	0.004250
4.066667	1	0.004375
4.083333	1	0.003375
4.100000	1	0.001875
4.116667	1	0.000375
4.133333	1	-0.000750
4.150000	1	-0.002500
4.166667	1	-0.004250
4.183333	1	-0.005625
4.200000	1	-0.007125
4.216667	1	-0.008500
4.233333	1	-0.009625
4.250000	1	-0.011000
4.266667	1	-0.013125
4.283333	1	-0.014500
4.300000	1	-0.015375
4.316667	1	-0.016000
4.333333	1	-0.017000
4.350000	1	-0.018250
4.366667	1	-0.019375
4.383333	1	-0.019500
4.400000	1	-0.020375
4.416667	1	-0.020875
4.433333	1	-0.020625
4.450000	1	-0.020125
4.466667	1	-0.021250
4.483333	1	-0.021125
4.500000	1	-0.020625
4.516667	1	-0.019625
4.533333	1	-0.020000
4.550000	1	-0.019250
4.566667	1	-0.018125
4.583333	1	-0.016000
4.600000	1	-0.015000
4.616667	1	-0.013875
4.633333	1	-0.012250
4.650000	1	-0.010500
4.666667	1	-0.009375
4.683333	1	-0.008250
4.700000	1	-0.006875
4.716667	1	-0.005125
4.733333	1	-0.003125
4.750000	1	-0.001875
4.766667	1	-0.000375
4.783333	1	0.000875
4.800000	1	0.002750
4.816667	1	0.005375
4.833333	1	0.006375
4.850000	1	0.007250
4.866667	1	0.008250
4.883333	1	0.009750
4.900000	1	0.010500
4.916667	1	0.010875
4.933333	1	0.011000
4.950000	1	0.011875
4.966667	1	0.013250
4.983333	1	0.014625
5.000000	1	0.015000
5.016667	1	0.016000
5.033333	1	0.016500
5.050000	1	0.017375
5.066667	1	0.017000
5.083333	1	0.017250
5.100000	1	0.017500
5.116667	1	0.017500
5.133333	1	0.017875
5.150000	1	0.018500
5.166667	1	0.019000
5.183333	1	0.020500
5.200000	1	0.021125
5.216667	1	0.021875
5.233333	1	0.023000
5.250000	1	0.023500
5.266667	1	0.025750
5.283333	1	0.027000
5.300000	1	0.029000
5.316667	1	0.031250
5.333333	1	0.033375
5.350000	1	0.035500
5.366667	1	0.038750
5.383333	1	0.042250
5.400000	1	0.046000
5.416667	1	0.049375
5.433333	1	0.052250
5.450000	1	0.054875
5.466667	1	0.058500
5.483333	1	0.061625
5.500000	1	0.065000
5.516667	1	0.068875
5.533333	1	0.073375
5.550000	1	0.077250
5.566667	1	0.080625
5.583333	1	0.084375
5.600000	1	0.088000
5.616667	1	0.091500
5.633333	1	0.094500
5.650000	1	0.097625
5.666667	1	0.100125
5.683333	1	0.103125
5.700000	1	0.105375
5.716667	1	0.107625
5.733333	1	0.110000
5.750000	1	0.112375
5.766667	1	0.114500
5.783333	1	0.116000
5.800000	1	0.117000
5.816667	1	0.118625
5.833333	1	0.120375
5.850000	1	0.121750
5.866667	1	0.123000
5.883333	1	0.123875
5.900000	1	0.125250
5.916667	1	0.126000
5.933333	1	0.127000
5.950000	1	0.128500
5.966667	1	0.130250
5.983333	1	0.131375
6.000000	1	0.132875
6.016667	1	0.134000
6.033333	1	0.135750
6.050000	1	0.136500
6.066667	1	0.137375
6.083333	1	0.138375
6.100000	1	0.139375
6.116667	1	0.140000
6.133333	1	0.140500
6.150000	1	0.141500
6.166667	1	0.141500
6.183333	1	0.142250
6.200000	1	0.142250
6.216667	1	0.142625
6.233333	1	0.142000
6.250000	1	0.141250
6.266667	1	0.140625
6.283333	1	0.139875
6.300000	1	0.138625
6.316667	1	0.137250
6.333333	1	0.135625
6.350000	1	0.133750
6.366667	1	0.132375
6.383333	1	0.130500
6.400000	1	0.128125
6.416667	1	0.126375
6.433333	1	0.123250
6.450000	1	0.120750
6.466667	1	0.117250
6.483333	1	0.114000
6.500000	1	0.111000
6.516667	1	0.107625
6.533333	1	0.104125
6.550000	1	0.100500
6.566667	1	0.097250
6.583333	1	0.093750
6.600000	1	0.090250
6.616667	1	0.086750
6.633333	1	0.083750
6.650000	1	0.079625
6.666667	1	0.075750
6.683333	1	0.072000
6.700000	1	0.068000
6.716667	1	0.064000
6.733333	1	0.060250
6.750000	1	0.056500
6.766667	1	0.053375
6.783333	1	0.050125
6.800000	1	0.047375
6.816667	1	0.044250
6.833333	1	0.041375
6.850000	1	0.038625
6.866667	1	0.035625
6.883333	1	0.033375
6.900000	1	0.031000
6.916667	1	0.029625
6.933333	1	0.028500
6.950000	1	0.027000
6.966667	1	0.025625
6.983333	1	0.024625
7.000000	1	0.023500
7.016667	1	0.022750
7.033333	1	0.022250
7.050000	1	0.022000
7.066667	1	0.022000
7.083333	1	0.022375
7.100000	1	0.023125
7.116667	1	0.024500
7.133333	1	0.025750
7.150000	1	0.027125
7.166667	1	0.028250
7.183333	1	0.029875
7.200000	1	0.032375
7.216667	1	0.035375
7.233333	1	0.038125
7.250000	1	0.040500
7.266667	1	0.044000
7.283333	1	0.047125
7.300000	1	0.049875
7.316667	1	0.053125
7.333333	1	0.056250
7.350000	1	0.059375
7.366667	1	0.062625
7.383333	1	0.066375
7.400000	1	0.069250
7.416667	1	0.071750
7.433333	1	0.075000
7.450000	1	0.077875
7.466667	1	0.080250
7.483333	1	0.082875
7.500000	1	0.085250
7.516667	1	0.086875
7.533333	1	0.088625
7.550000	1	0.090625
7.566667	1	0.091875
7.583333	1	0.093875
7.600000	1	0.095500
7.616667	1	0.096375
7.633333	1	0.097250
7.650000	1	0.098250
7.666667	1	0.098250
7.683333	1	0.098250
7.700000	1	0.097750
7.716667	1	0.098125
7.733333	1	0.098000
7.750000	1	0.097625
7.766667	1	0.096750
7.783333	1	0.095875
7.800000	1	0.094750
7.816667	1	0.093000
7.833333	1	0.091250
7.850000	1	0.089375
7.866667	1	0.086875
7.883333	1	0.084375
7.900000	1	0.082375
7.916667	1	0.080125
7.933333	1	0.077375
7.950000	1	0.073500
7.966667	1	0.070000
7.983333	1	0.066875
8.000000	1	0.063500
8.016667	1	0.059625
8.033333	1	0.055750
8.050000	1	0.052000
8.066667	1	0.047750
8.083333	1	0.042875
8.100000	1	0.038625
8.116667	1	0.034875
8.133333	1	0.030375
8.150000	1	0.026250
8.166667	1	0.021875
8.183333	1	0.017375
8.200000	1	0.012250
8.216667	1	0.008250
8.233333	1	0.003625
8.250000	1	-0.000750
8.266667	1	-0.005125
8.283333	1	-0.009750
8.300000	1	-0.013750
8.316667	1	-0.018500
8.333333	1	-0.022000
8.350000	1	-0.025375
8.366667	1	-0.028625
8.383333	1	-0.031875
8.400000	1	-0.035125
8.416667	1	-0.038250
8.433333	1	-0.040250
8.450000	1	-0.042875
8.466667	1	-0.045250
8.483333	1	-0.047000
8.500000	1	-0.048625
8.516667	1	-0.050125
8.533333	1	-0.051375
8.550000	1	-0.052000
8.566667	1	-0.052375
8.583333	1	-0.052125
8.600000	1	-0.052875
8.616667	1	-0.053000
8.633333	1	-0.053000
8.650000	1	-0.053375
8.666667	1	-0.053625
8.683333	1	-0.053500
8.700000	1	-0.052750
8.716667	1	-0.052125
8.733333	1	-0.051250
8.750000	1	-0.050375
8.766667	1	-0.050250
8.783333	1	-0.050125
8.800000	1	-0.049375
8.816667	1	-0.049500
8.833333	1	-0.049125
8.850000	1	-0.049625
8.866667	1	-0.050125
8.883333	1	-0.050250
8.900000	1	-0.050875
8.916667	1	-0.051625
8.933333	1	-0.051750
8.950000	1	-0.051875
8.966667	1	-0.052375
8.983333	1	-0.053125
9.000000	1	-0.053625
9.016667	1	-0.055000
9.033333	1	-0.056125
9.050000	1	-0.057625
9.066667	1	-0.058375
9.083333	1	-0.059125
9.100000	1	-0.059875
9.116667	1	-0.060625
9.133333	1	-0.061250
9.150000	1	-0.061000
9.166667	1	-0.060750
9.183333	1	-0.061000
9.200000	1	-0.061500
9.216667	1	-0.061250
9.233333	1	-0.061375
9.250000	1	-0.061250
9.266667	1	-0.061000
9.283333	1	-0.060125
9.300000	1	-0.059625
9.316667	1	-0.058250
9.333333	1	-0.056875
9.350000	1	-0.055000
9.366667	1	-0.054000
9.383333	1	-0.052875
9.400000	1	-0.051750
9.416667	1	-0.050500
9.433333	1	-0.050250
9.450000	1	-0.049375
9.466667	1	-0.048125
9.483333	1	-0.046375
9.500000	1	-0.044250
9.516667	1	-0.043625
9.533333	1	-0.042250
9.550000	1	-0.041500
9.566667	1	-0.039875
9.583333	1	-0.039375
9.600000	1	-0.038500
9.616667	1	-0.038625
9.633333	1	-0.038500
9.650000	1	-0.037625
9.666667	1	-0.037125
9.683333	1	-0.036375
9.700000	1	-0.036000
9.716667	1	-0.035625
9.733333	1	-0.035125
9.750000	1	-0.035000
9.766667	1	-0.034875
9.783333	1	-0.035125
9.800000	1	-0.034625
9.816667	1	-0.034375
9.833333	1	-0.034875
9.850000	1	-0.035875
9.866667	1	-0.036625
9.883333	1	-0.036250
9.900000	1	-0.036375
9.916667	1	-0.036000
9.933333	1	-0.036750
9.950000	1	-0.036625
9.966667	1	-0.036500
9.983333	1	-0.036375
10.000000	1	-0.037000
10.016667	1	-0.036250
10.033333	1	-0.035500
10.050000	1	-0.034500
10.066667	1	-0.033125
10.083333	1	-0.030875
10.100000	1	-0.028500
10.116667	1	-0.024625
10.133333	1	-0.019625
10.150000	1	-0.013875
10.166667	1	-0.007125
10.183333	1	0.000625
10.200000	1	0.010125
10.216667	1	0.021875
10.233333	1	0.035125
10.250000	1	0.050750
10.266667	1	0.069250
10.283333	1	0.089500
10.300000	1	0.113125
10.316667	1	0.139500
10.333333	1	0.168500
10.350000	1	0.201500
10.366667	1	0.238625
10.383333	1	0.280250
10.400000	1	0.325000
10.416667	1	0.368750
10.433333	1	0.404375
10.450000	1	0.419250
10.466667	1	0.402250
10.483333	1	0.347625
10.500000	1	0.267375
10.516667	1	0.198125
10.533333	1	0.204125
10.550000	1	0.374375
10.566667	1	0.809375
10.583333	1	1.609500
10.600000	1	2.862625
10.616667	1	4.638750
10.633333	1	6.979875
10.650000	1	9.910875
10.666667	1	13.434375
10.683333	1	17.529750
10.700000	1	22.140250
10.716667	1	27.171000
10.733333	1	32.465750
10.750000	1	37.791000
10.766667	1	42.822000
10.783333	1	47.152750
10.800000	1	50.331000
10.816667	1	51.951125
10.833333	1	51.780625
10.850000	1	49.843375
10.866667	1	46.425250
10.883333	1	41.987500
10.900000	1	37.040125
10.916667	1	32.022750
10.933333	1	27.253125
10.950000	1	22.919875
10.966667	1	19.114250
10.983333	1	15.857250
11.000000	1	13.126000
11.016667	1	10.872625
11.033333	1	9.040250
11.050000	1	7.561750
11.066667	1	6.375875
11.083333	1	5.425500
11.100000	1	4.664625
11.116667	1	4.052500
11.133333	1	3.557375
11.150000	1	3.154000
11.166667	1	2.823000
11.183333	1	2.549125
11.200000	1	2.320250
11.216667	1	2.126250
11.233333	1	1.961500
11.250000	1	1.821375
11.266667	1	1.700250
11.283333	1	1.596125
11.300000	1	1.505250
11.316667	1	1.426375
11.333333	1	1.357375
11.350000	1	1.298000
11.366667	1	1.245000
11.383333	1	1.199000
11.400000	1	1.157625
11.416667	1	1.120875
11.433333	1	1.088125
11.450000	1	1.059625
11.466667	1	1.032875
11.483333	1	1.009375
11.500000	1	0.988875
11.516667	1	0.970000
11.533333	1	0.952250
11.550000	1	0.937250
11.566667	1	0.923500
11.583333	1	0.911375
11.600000	1	0.901250
11.616667	1	0.892500
11.633333	1	0.884875
11.650000	1	0.879125
11.666667	1	0.875500
11.683333	1	0.872375
11.700000	1	0.871250
11.716667	1	0.871625
11.733333	1	0.874000
11.750000	1	0.877375
11.766667	1	0.881125
11.783333	1	0.887375
11.800000	1	0.893625
11.816667	1	0.900000
11.833333	1	0.906250
11.850000	1	0.911750
11.866667	1	0.917000
11.883333	1	0.922750
11.900000	1	0.927125
11.916667	1	0.932125
11.933333	1	0.936250
11.950000	1	0.940875
11.966667	1	0.945250
11.983333	1	0.950250
12.000000	1	0.956000
12.016667	1	0.961500
12.033333	1	0.967750
12.050000	1	0.975125
12.066667	1	0.982375
12.083333	1	0.990125
12.100000	1	0.998000
12.116667	1	1.007750
12.133333	1	1.018500
12.150000	1	1.029500
12.166667	1	1.041500
12.183333	1	1.055250
12.200000	1	1.070750
12.216667	1	1.088500
12.233333	1	1.109625
12.250000	1	1.132000
12.266667	1	1.156375
12.283333	1	1.184375
12.300000	1	1.215125
12.316667	1	1.249625
12.333333	1	1.288250
12.350000	1	1.334500
12.366667	1	1.390250
12.383333	1	1.459250
12.400000	1	1.548750
12.416667	1	1.664375
12.433333	1	1.814125
12.450000	1	2.006750
12.466667	1	2.249125
12.483333	1	2.549875
12.500000	1	2.912875
12.516667	1	3.340000
12.533333	1	3.829250
12.550000	1	4.373375
12.566667	1	4.962625
12.583333	1	5.584875
12.600000	1	6.223250
12.616667	1	6.863000
12.633333	1	7.490375
12.650000	1	8.094000
12.666667	1	8.666750
12.683333	1	9.206250
12.700000	1	9.713125
12.716667	1	10.193250
12.733333	1	10.653875
12.750000	1	11.104125
12.766667	1	11.553625
12.783333	1	12.011500
12.800000	1	12.484500
12.816667	1	12.977375
12.833333	1	13.490125
12.850000	1	14.008625
12.866667	1	14.498000
12.883333	1	14.877875
12.900000	1	15.036750
12.916667	1	14.858750
12.933333	1	14.276500
12.950000	1	13.306625
12.966667	1	12.046250
12.983333	1	10.636125
13.000000	1	9.215250
13.016667	1	7.883750
13.033333	1	6.696625
13.050000	1	5.673250
13.066667	1	4.810625
13.083333	1	4.096125
13.100000	1	3.513125
13.116667	1	3.044000
13.133333	1	2.669625
13.150000	1	2.372750
13.166667	1	2.138125
13.183333	1	1.951875
13.200000	1	1.804250
13.216667	1	1.687000
13.233333	1	1.592250
13.250000	1	1.515125
13.266667	1	1.450375
13.283333	1	1.395000
13.300000	1	1.348375
13.316667	1	1.307625
13.333333	1	1.270250
13.350000	1	1.237250
13.366667	1	1.208250
13.383333	1	1.181375
13.400000	1	1.156750
13.416667	1	1.135625
13.433333	1	1.117250
13.450000	1	1.101625
13.466667	1	1.088250
13.483333	1	1.077000
13.500000	1	1.068125
13.516667	1	1.060875
13.533333	1	1.055250
13.550000	1	1.050000
13.566667	1	1.044750
13.583333	1	1.038875
13.600000	1	1.032000
13.616667	1	1.023625
13.633333	1	1.013375
13.650000	1	1.000375
13.666667	1	0.985125
13.683333	1	0.968250
13.700000	1	0.949625
13.716667	1	0.929875
13.733333	1	0.909250
13.750000	1	0.888500
13.766667	1	0.868750
13.783333	1	0.849125
13.800000	1	0.829375
13.816667	1	0.811125
13.833333	1	0.794250
13.850000	1	0.777875
13.866667	1	0.762500
13.883333	1	0.748625
13.900000	1	0.734125
13.916667	1	0.721500
13.933333	1	0.710625
13.950000	1	0.700125
13.966667	1	0.690000
13.983333	1	0.680625
14.000000	1	0.672500
14.016667	1	0.665000
14.033333	1	0.657750
14.050000	1	0.650750
14.066667	1	0.644750
14.083333	1	0.638625
14.100000	1	0.633375
14.116667	1	0.628625
14.133333	1	0.624250
14.150000	1	0.621125
14.166667	1	0.617875
14.183333	1	0.615250
14.200000	1	0.613625
14.216667	1	0.611750
14.233333	1	0.611750
14.250000	1	0.612625
14.266667	1	0.613750
14.283333	1	0.615750
14.300000	1	0.619375
14.316667	1	0.623375
14.333333	1	0.629500
14.350000	1	0.636500
14.366667	1	0.644750
14.383333	1	0.655125
14.400000	1	0.668250
14.416667	1	0.685375
14.433333	1	0.707875
14.450000	1	0.741500
14.466667	1	0.793250
14.483333	1	0.873625
14.500000	1	1.000000
14.516667	1	1.196375
14.533333	1	1.498875
14.550000	1	1.951875
14.566667	1	2.613125
14.583333	1	3.553500
14.600000	1	4.853375
14.616667	1	6.600250
14.633333	1	8.883250
14.650000	1	11.778500
14.666667	1	15.336875
14.683333	1	19.576625
14.700000	1	24.462250
14.716667	1	29.903500
14.733333	1	35.754125
14.750000	1	41.811375
14.766667	1	47.821625
14.783333	1	53.507500
14.800000	1	58.597375
14.816667	1	62.839125
14.833333	1	66.022875
14.850000	1	68.005250
14.866667	1	68.720375
14.883333	1	68.186000
14.900000	1	66.501625
14.916667	1	63.824500
14.933333	1	60.350125
14.950000	1	56.295125
14.966667	1	51.880250
14.983333	1	47.303875
15.000000	1	42.732125
15.016667	1	38.294250
15.033333	1	34.087000
15.050000	1	30.172500
15.066667	1	26.587500
15.083333	1	23.345875
15.100000	1	20.444125
15.116667	1	17.866750
15.133333	1	15.587875
15.150000	1	13.581750
15.166667	1	11.820875
15.183333	1	10.280125
15.200000	1	8.933500
15.216667	1	7.759375
15.233333	1	6.739000
15.250000	1	5.855875
15.266667	1	5.095625
15.283333	1	4.446250
15.300000	1	3.895500
15.316667	1	3.433375
15.333333	1	3.048500
15.350000	1	2.733000
15.366667	1	2.477375
15.383333	1	2.272625
15.400000	1	2.110625
15.416667	1	1.982625
15.433333	1	1.882375
15.450000	1	1.802875
15.466667	1	1.737625
15.483333	1	1.680875
15.500000	1	1.629875
15.516667	1	1.581000
15.533333	1	1.533750
15.550000	1	1.485000
15.566667	1	1.436750
15.583333	1	1.388125
15.600000	1	1.340125
15.616667	1	1.293500
15.633333	1	1.248875
15.650000	1	1.206750
15.666667	1	1.167000
15.683333	1	1.131125
15.700000	1	1.097500
15.716667	1	1.066500
15.733333	1	1.037750
15.750000	1	1.011500
15.766667	1	0.987125
15.783333	1	0.965250
15.800000	1	0.945375
15.816667	1	0.926875
15.833333	1	0.911000
15.850000	1	0.897375
15.866667	1	0.886500
15.883333	1	0.879125
15.900000	1	0.875875
15.916667	1	0.875625
15.933333	1	0.879625
15.950000	1	0.886500
15.966667	1	0.897000
15.983333	1	0.909625
16.000000	1	0.924250
16.016667	1	0.939625
16.033333	1	0.955625
16.050000	1	0.970250
16.066667	1	0.982875
16.083333	1	0.994250
16.100000	1	1.002125
16.116667	1	1.007125
16.133333	1	1.008250
16.150000	1	1.006125
16.166667	1	1.001875
16.183333	1	0.995125
16.200000	1	0.985625
16.216667	1	0.974000
16.233333	1	0.961250
16.250000	1	0.948125
16.266667	1	0.934375
16.283333	1	0.920625
16.300000	1	0.906875
16.316667	1	0.894000
16.333333	1	0.882625
16.350000	1	0.872125
16.366667	1	0.863625
16.383333	1	0.857250
16.400000	1	0.852750
16.416667	1	0.849875
16.433333	1	0.849125
16.450000	1	0.849500
16.466667	1	0.851875
16.483333	1	0.854750
16.500000	1	0.857500
16.516667	1	0.859500
16.533333	1	0.860500
16.550000	1	0.860875
16.566667	1	0.859750
16.583333	1	0.857125
16.600000	1	0.853125
16.616667	1	0.848500
16.633333	1	0.842625
16.650000	1	0.836875
16.666667	1	0.831750
16.683333	1	0.828250
16.700000	1	0.825875
16.716667	1	0.824750
16.733333	1	0.825500
16.750000	1	0.828375
16.766667	1	0.833375
16.783333	1	0.839625
16.800000	1	0.847000
16.816667	1	0.854625
16.833333	1	0.862500
16.850000	1	0.869500
16.866667	1	0.875125
16.883333	1	0.879625
16.900000	1	0.883250
16.916667	1	0.884500
16.933333	1	0.884000
16.950000	1	0.882625
16.966667	1	0.879250
16.983333	1	0.875125
17.000000	1	0.871000
17.016667	1	0.866625
17.033333	1	0.862125
17.050000	1	0.858625
17.066667	1	0.855375
17.083333	1	0.853500
17.100000	1	0.852750
17.116667	1	0.852875
17.133333	1	0.853500
17.150000	1	0.856000
17.166667	1	0.858625
17.183333	1	0.861125
17.200000	1	0.864625
17.216667	1	0.868250
17.233333	1	0.871875
17.250000	1	0.875125
17.266667	1	0.878875
17.283333	1	0.883250
17.300000	1	0.887625
17.316667	1	0.892625
17.333333	1	0.897375
17.350000	1	0.902375
17.366667	1	0.907875
17.383333	1	0.912625
17.400000	1	0.917125
17.416667	1	0.921250
17.433333	1	0.923500
17.450000	1	0.925625
17.466667	1	0.926000
17.483333	1	0.925125
17.500000	1	0.923125
17.516667	1	0.919250
17.533333	1	0.913750
17.550000	1	0.907250
17.566667	1	0.899250
17.583333	1	0.890000
17.600000	1	0.879625
17.616667	1	0.868500
17.633333	1	0.857375
17.650000	1	0.845250
17.666667	1	0.832375
17.683333	1	0.819000
17.700000	1	0.805750
17.716667	1	0.792500
17.733333	1	0.780000
17.750000	1	0.767125
17.766667	1	0.755500
17.783333	1	0.743875
17.800000	1	0.733500
17.816667	1	0.723500
17.833333	1	0.714500
17.850000	1	0.706000
17.866667	1	0.698625
17.883333	1	0.691500
17.900000	1	0.684375
17.916667	1	0.678000
17.933333	1	0.670875
17.950000	1	0.664375
17.966667	1	0.657625
17.983333	1	0.650500
18.000000	1	0.643125
18.016667	1	0.636250
18.033333	1	0.629375
18.050000	1	0.622875
18.066667	1	0.616500
18.083333	1	0.610625
18.100000	1	0.605500
18.116667	1	0.600875
18.133333	1	0.597125
18.150000	1	0.594250
18.166667	1	0.592500
18.183333	1	0.592000
18.200000	1	0.591500
18.216667	1	0.593000
18.233333	1	0.593250
18.250000	1	0.594250
18.266667	1	0.595250
18.283333	1	0.596625
18.300000	1	0.598375
18.316667	1	0.600625
18.333333	1	0.603625
18.350000	1	0.606625
18.366667	1	0.611375
18.383333	1	0.616625
18.400000	1	0.622875
18.416667	1	0.630250
18.433333	1	0.639750
18.450000	1	0.650375
18.466667	1	0.663500
18.483333	1	0.677875
18.500000	1	0.694500
18.516667	1	0.713625
18.533333	1	0.734500
18.550000	1	0.757250
18.566667	1	0.781625
18.583333	1	0.808375
18.600000	1	0.837250
18.616667	1	0.867250
18.633333	1	0.898375
18.650000	1	0.931375
18.666667	1	0.964000
18.683333	1	0.998125
18.700000	1	1.032750
18.716667	1	1.068500
18.733333	1	1.103375
18.750000	1	1.138750
18.766667	1	1.173750
18.783333	1	1.207375
18.800000	1	1.238625
18.816667	1	1.267250
18.833333	1	1.292750
18.850000	1	1.314500
18.866667	1	1.330875
18.883333	1	1.341875
18.900000	1	1.347250
18.916667	1	1.346000
18.933333	1	1.338000
18.950000	1	1.323750
18.966667	1	1.303125
18.983333	1	1.275875
19.000000	1	1.243750
19.016667	1	1.205875
19.033333	1	1.165250
19.050000	1	1.120750
19.066667	1	1.074875
19.083333	1	1.027750
19.100000	1	0.980875
19.116667	1	0.934125
19.133333	1	0.888875
19.150000	1	0.846500
19.166667	1	0.806750
19.183333	1	0.770250
19.200000	1	0.738375
19.216667	1	0.711250
19.233333	1	0.688500
19.250000	1	0.671500
19.266667	1	0.660125
19.283333	1	0.654875
19.300000	1	0.655125
19.316667	1	0.661125
19.333333	1	0.672875
19.350000	1	0.689000
19.366667	1	0.709875
19.383333	1	0.734500
19.400000	1	0.761375
19.416667	1	0.790625
19.433333	1	0.820125
19.450000	1	0.850500
19.466667	1	0.878500
19.483333	1	0.904000
19.500000	1	0.925375
19.516667	1	0.944125
19.533333	1	0.958375
19.550000	1	0.967250
19.566667	1	0.972250
19.583333	1	0.971125
19.600000	1	0.965250
19.616667	1	0.955250
19.633333	1	0.941250
19.650000	1	0.924000
19.666667	1	0.903625
19.683333	1	0.880625
19.700000	1	0.856125
19.716667	1	0.829375
19.733333	1	0.802625
19.750000	1	0.774375
19.766667	1	0.746750
19.783333	1	0.718750
19.800000	1	0.691000
19.816667	1	0.662750
19.833333	1	0.636125
19.850000	1	0.610625
19.866667	1	0.586625
19.883333	1	0.563500
19.900000	1	0.541500
19.916667	1	0.521625
19.933333	1	0.504375
19.950000	1	0.488875
19.966667	1	0.474125
19.983333	1	0.462125
20.000000	1	0.452500
20.016667	1	0.445125
20.033333	1	0.440750
20.050000	1	0.439375
20.066667	1	0.440625
20.083333	1	0.445500
20.100000	1	0.453125
20.116667	1	0.462875
20.133333	1	0.474875
20.150000	1	0.489000
20.166667	1	0.505125
20.183333	1	0.522250
20.200000	1	0.539875
20.216667	1	0.556750
20.233333	1	0.571500
20.250000	1	0.584625
20.266667	1	0.595250
20.283333	1	0.603875
20.300000	1	0.608500
20.316667	1	0.609750
20.333333	1	0.607125
20.350000	1	0.600875
20.366667	1	0.591375
20.383333	1	0.578500
20.400000	1	0.564000
20.416667	1	0.547125
20.433333	1	0.529500
20.450000	1	0.511250
20.466667	1	0.494000
20.483333	1	0.477750
20.500000	1	0.464625
20.516667	1	0.453125
20.533333	1	0.445500
20.550000	1	0.442000
20.566667	1	0.443250
20.583333	1	0.450500
20.600000	1	0.465250
20.616667	1	0.486875
20.633333	1	0.516500
20.650000	1	0.554875
20.666667	1	0.602250
20.683333	1	0.657375
20.700000	1	0.720875
20.716667	1	0.791625
20.733333	1	0.868625
20.750000	1	0.950250
20.766667	1	1.033875
20.783333	1	1.117375
20.800000	1	1.197875
20.816667	1	1.272625
20.833333	1	1.339625
20.850000	1	1.397000
20.866667	1	1.441250
20.883333	1	1.472875
20.900000	1	1.491625
20.916667	1	1.496000
20.933333	1	1.486250
20.950000	1	1.463500
20.966667	1	1.430125
20.983333	1	1.386875
21.000000	1	1.335375
21.016667	1	1.278375
21.033333	1	1.217750
21.050000	1	1.154375
21.066667	1	1.090500
21.083333	1	1.028000
21.100000	1	0.967500
21.116667	1	0.908625
21.133333	1	0.853500
21.150000	1	0.802000
21.166667	1	0.755375
21.183333	1	0.712000
21.200000	1	0.672250
21.216667	1	0.636125
21.233333	1	0.604125
21.250000	1	0.574875
21.266667	1	0.548875
21.283333	1	0.524875
21.300000	1	0.504625
21.316667	1	0.485625
21.333333	1	0.469500
21.350000	1	0.454375
21.366667	1	0.441500
21.383333	1	0.428750
21.400000	1	0.417750
21.416667	1	0.407750
21.433333	1	0.398875
21.450000	1	0.391750
21.466667	1	0.384625
21.483333	1	0.378625
21.500000	1	0.373250
21.516667	1	0.369000
21.533333	1	0.365625
21.550000	1	0.362375
21.566667	1	0.360875
21.583333	1	0.359750
21.600000	1	0.360125
21.616667	1	0.362000
21.633333	1	0.364375
21.650000	1	0.369000
21.666667	1	0.375125
21.683333	1	0.382250
21.700000	1	0.390875
21.716667	1	0.400750
21.733333	1	0.412375
21.750000	1	0.425125
21.766667	1	0.438875
21.783333	1	0.453500
21.800000	1	0.468250
21.816667	1	0.483125
21.833333	1	0.498250
21.850000	1	0.513125
21.866667	1	0.527750
21.883333	1	0.540875
21.900000	1	0.553250
21.916667	1	0.564125
21.933333	1	0.573000
21.950000	1	0.580500
21.966667	1	0.587000
21.983333	1	0.591250
22.000000	1	0.594000
22.016667	1	0.595250
22.033333	1	0.595750
22.050000	1	0.594625
22.066667	1	0.592500
22.083333	1	0.589375
22.100000	1	0.585500
22.116667	1	0.581125
22.133333	1	0.576000
22.150000	1	0.569875
22.166667	1	0.562500
22.183333	1	0.554375
22.200000	1	0.545625
22.216667	1	0.536125
22.233333	1	0.525250
22.250000	1	0.514000
22.266667	1	0.502000
22.283333	1	0.489750
22.300000	1	0.475750
22.316667	1	0.462500
22.333333	1	0.448625
22.350000	1	0.434375
22.366667	1	0.419500
22.383333	1	0.405375
22.400000	1	0.392375
22.416667	1	0.379125
22.433333	1	0.366250
22.450000	1	0.354000
22.466667	1	0.342250
22.483333	1	0.331375
22.500000	1	0.320875
22.516667	1	0.311000
22.533333	1	0.302625
22.550000	1	0.294375
22.566667	1	0.286500
22.583333	1	0.279000
22.600000	1	0.272125
22.616667	1	0.266250
22.633333	1	0.260125
22.650000	1	0.254250
22.666667	1	0.249000
22.683333	1	0.244375
22.700000	1	0.240625
22.716667	1	0.235250
22.733333	1	0.231375
22.750000	1	0.227125
22.766667	1	0.223625
22.783333	1	0.220500
22.800000	1	0.216500
22.816667	1	0.213500
22.833333	1	0.210125
22.850000	1	0.207000
22.866667	1	0.204250
22.883333	1	0.202125
22.900000	1	0.200375
22.916667	1	0.198750
22.933333	1	0.196500
22.950000	1	0.195375
22.966667	1	0.193875
22.983333	1	0.193125
23.000000	1	0.192750
23.016667	1	0.192125
23.033333	1	0.192000
23.050000	1	0.192500
23.066667	1	0.193500
23.083333	1	0.194875
23.100000	1	0.196500
23.116667	1	0.198750
23.133333	1	0.201500
23.150000	1	0.203375
23.166667	1	0.205250
23.183333	1	0.207625
23.200000	1	0.209500
23.216667	1	0.211625
23.233333	1	0.213750
23.250000	1	0.215500
23.266667	1	0.218750
23.283333	1	0.222125
23.300000	1	0.226375
23.316667	1	0.231875
23.333333	1	0.238375
23.350000	1	0.248000
23.366667	1	0.260250
23.383333	1	0.275750
23.400000	1	0.296750
23.416667	1	0.324875
23.433333	1	0.360750
23.450000	1	0.406500
23.466667	1	0.465000
23.483333	1	0.536250
23.500000	1	0.623875
23.516667	1	0.729750
23.533333	1	0.855125
23.550000	1	1.002625
23.566667	1	1.173250
23.583333	1	1.367000
23.600000	1	1.583875
23.616667	1	1.824000
23.633333	1	2.084125
23.650000	1	2.361125
23.666667	1	2.651875
23.683333	1	2.951875
23.700000	1	3.255250
23.716667	1	3.556000
23.733333	1	3.847875
23.750000	1	4.123500
23.766667	1	4.376375
23.783333	1	4.600750
23.800000	1	4.791125
23.816667	1	4.944000
23.833333	1	5.054750
23.850000	1	5.123750
23.866667	1	5.150125
23.883333	1	5.134625
23.900000	1	5.079125
23.916667	1	4.986625
23.933333	1	4.862375
23.950000	1	4.708125
23.966667	1	4.530375
23.983333	1	4.334625
24.000000	1	4.124625
24.016667	1	3.906250
24.033333	1	3.683625
24.050000	1	3.459875
24.066667	1	3.238500
24.083333	1	3.022375
24.100000	1	2.812625
24.116667	1	2.611375
24.133333	1	2.418750
24.150000	1	2.237500
24.166667	1	2.066375
24.183333	1	1.906750
24.200000	1	1.757500
24.216667	1	1.618500
24.233333	1	1.489125
24.250000	1	1.370625
24.266667	1	1.260750
24.283333	1	1.159875
24.300000	1	1.066750
24.316667	1	0.981375
24.333333	1	0.903625
24.350000	1	0.833125
24.366667	1	0.769500
24.383333	1	0.711750
24.400000	1	0.660500
24.416667	1	0.613875
24.433333	1	0.573375
24.450000	1	0.537250
24.466667	1	0.506250
24.483333	1	0.478375
24.500000	1	0.455000
24.516667	1	0.433125
24.533333	1	0.415000
24.550000	1	0.397875
24.566667	1	0.382750
24.583333	1	0.369625
24.600000	1	0.357750
24.616667	1	0.346375
24.633333	1	0.336000
24.650000	1	0.326000
24.666667	1	0.317250
24.683333	1	0.308250
24.700000	1	0.299500
24.716667	1	0.291625
24.733333	1	0.283500
24.750000	1	0.275500
24.766667	1	0.267750
24.783333	1	0.260750
24.800000	1	0.253625
24.816667	1	0.246250
24.833333	1	0.239875
24.850000	1	0.233875
24.866667	1	0.228625
24.883333	1	0.223375
24.900000	1	0.218500
24.916667	1	0.214250
24.933333	1	0.209875
24.950000	1	0.206000
24.966667	1	0.203125
24.983333	1	0.200250
25.000000	1	0.197500
25.016667	1	0.195250
25.033333	1	0.192875
25.050000	1	0.190750
25.066667	1	0.189875
25.083333	1	0.189000
25.100000	1	0.188375
25.116667	1	0.187250
25.133333	1	0.186125
25.150000	1	0.185375
25.166667	1	0.185000
25.183333	1	0.184500
25.200000	1	0.184250
25.216667	1	0.183375
25.233333	1	0.182875
25.250000	1	0.182000
25.266667	1	0.181500
25.283333	1	0.181000
25.300000	1	0.180375
25.316667	1	0.179750
25.333333	1	0.178625
25.350000	1	0.178500
25.366667	1	0.178125
25.383333	1	0.178250
25.400000	1	0.178125
25.416667	1	0.178250
25.433333	1	0.178500
25.450000	1	0.179000
25.466667	1	0.179375
25.483333	1	0.180250
25.500000	1	0.181375
25.516667	1	0.183375
25.533333	1	0.184750
25.550000	1	0.185750
25.566667	1	0.187125
25.583333	1	0.189125
25.600000	1	0.190750
25.616667	1	0.192125
25.633333	1	0.193875
25.650000	1	0.195750
25.666667	1	0.196875
25.683333	1	0.198750
25.700000	1	0.199625
25.716667	1	0.200875
25.733333	1	0.202250
25.750000	1	0.202625
25.766667	1	0.203000
25.783333	1	0.203875
25.800000	1	0.204250
25.816667	1	0.204875
25.833333	1	0.204875
25.850000	1	0.205000
25.866667	1	0.204750
25.883333	1	0.205625
25.900000	1	0.206625
25.916667	1	0.207500
25.933333	1	0.208000
25.950000	1	0.208625
25.966667	1	0.209625
25.983333	1	0.211250
26.000000	1	0.213875
26.016667	1	0.215625
26.033333	1	0.218875
26.050000	1	0.222125
26.066667	1	0.225750
26.083333	1	0.229500
26.100000	1	0.233500
26.116667	1	0.237625
26.133333	1	0.242125
26.150000	1	0.246875
26.166667	1	0.251625
26.183333	1	0.256250
26.200000	1	0.261250
26.216667	1	0.267125
26.233333	1	0.272875
26.250000	1	0.277375
26.266667	1	0.281250
26.283333	1	0.285875
26.300000	1	0.289125
26.316667	1	0.292250
26.333333	1	0.295500
26.350000	1	0.297375
26.366667	1	0.297500
26.383333	1	0.298375
26.400000	1	0.298000
26.416667	1	0.295875
26.433333	1	0.293375
26.450000	1	0.290125
26.466667	1	0.285625
26.483333	1	0.281375
26.500000	1	0.276125
26.516667	1	0.270500
26.533333	1	0.263625
26.550000	1	0.256500
26.566667	1	0.248875
26.583333	1	0.241375
26.600000	1	0.232625
26.616667	1	0.223750
26.633333	1	0.215250
26.650000	1	0.206875
26.666667	1	0.199250
26.683333	1	0.191125
26.700000	1	0.183125
26.716667	1	0.175625
26.733333	1	0.168625
26.750000	1	0.161875
26.766667	1	0.155250
26.783333	1	0.148875
26.800000	1	0.143750
26.816667	1	0.139000
26.833333	1	0.134625
26.850000	1	0.130375
26.866667	1	0.127500
26.883333	1	0.124250
26.900000	1	0.121875
26.916667	1	0.119625
26.933333	1	0.118250
26.950000	1	0.116750
26.966667	1	0.116000
26.983333	1	0.115250
27.000000	1	0.115625
27.016667	1	0.115875
27.033333	1	0.116125
27.050000	1	0.117625
27.066667	1	0.119250
27.083333	1	0.121875
27.100000	1	0.124000
27.116667	1	0.127125
27.133333	1	0.130125
27.150000	1	0.134375
27.166667	1	0.139125
27.183333	1	0.143875
27.200000	1	0.149625
27.216667	1	0.156500
27.233333	1	0.165125
27.250000	1	0.175625
27.266667	1	0.187250
27.283333	1	0.201875
27.300000	1	0.218375
27.316667	1	0.238125
27.333333	1	0.261750
27.350000	1	0.289000
27.366667	1	0.321875
27.383333	1	0.360000
27.400000	1	0.404875
27.416667	1	0.456750
27.433333	1	0.517375
27.450000	1	0.587125
27.466667	1	0.667500
27.483333	1	0.758375
27.500000	1	0.860125
27.516667	1	0.973500
27.533333	1	1.098375
27.550000	1	1.235625
27.566667	1	1.384875
27.583333	1	1.545625
27.600000	1	1.716375
27.616667	1	1.897500
27.633333	1	2.085625
27.650000	1	2.281500
27.666667	1	2.480750
27.683333	1	2.682125
27.700000	1	2.881625
27.716667	1	3.077250
27.733333	1	3.264875
27.750000	1	3.443750
27.766667	1	3.608500
27.783333	1	3.756375
27.800000	1	3.886125
27.816667	1	3.994625
27.833333	1	4.080375
27.850000	1	4.141250
27.866667	1	4.176750
27.883333	1	4.186000
27.900000	1	4.169125
27.916667	1	4.127500
27.933333	1	4.060875
27.950000	1	3.972125
27.966667	1	3.863875
27.983333	1	3.738250
28.000000	1	3.597250
28.016667	1	3.443750
28.033333	1	3.281000
28.050000	1	3.111500
28.066667	1	2.937625
28.083333	1	2.762875
28.100000	1	2.588875
28.116667	1	2.417875
28.133333	1	2.251250
28.150000	1	2.089625
28.166667	1	1.936625
28.183333	1	1.790125
28.200000	1	1.652250
28.216667	1	1.523000
28.233333	1	1.400500
28.250000	1	1.287625
28.266667	1	1.182625
28.283333	1	1.086000
28.300000	1	0.997250
28.316667	1	0.916500
28.333333	1	0.842625
28.350000	1	0.775750
28.366667	1	0.715000
28.383333	1	0.661125
28.400000	1	0.612625
28.416667	1	0.569625
28.433333	1	0.531375
28.450000	1	0.498000
28.466667	1	0.468250
28.483333	1	0.443250
28.500000	1	0.421875
28.516667	1	0.404750
28.533333	1	0.390750
28.550000	1	0.380625
28.566667	1	0.372750
28.583333	1	0.368125
28.600000	1	0.366125
28.616667	1	0.366500
28.633333	1	0.368625
28.650000	1	0.372875
28.666667	1	0.378125
28.683333	1	0.385250
28.700000	1	0.393500
28.716667	1	0.403250
28.733333	1	0.413250
28.750000	1	0.423125
28.766667	1	0.434000
28.783333	1	0.445125
28.800000	1	0.457000
28.816667	1	0.468500
28.833333	1	0.479625
28.850000	1	0.489875
28.866667	1	0.499625
28.883333	1	0.509125
28.900000	1	0.517125
28.916667	1	0.524125
28.933333	1	0.529500
28.950000	1	0.534375
28.966667	1	0.537625
28.983333	1	0.538875
29.000000	1	0.538500
29.016667	1	0.536750
29.033333	1	0.533375
29.050000	1	0.527625
29.066667	1	0.520375
29.083333	1	0.511000
29.100000	1	0.498875
29.116667	1	0.484875
29.133333	1	0.467750
29.150000	1	0.448625
29.166667	1	0.426250
29.183333	1	0.401250
29.200000	1	0.373750
29.216667	1	0.343250
29.233333	1	0.308875
29.250000	1	0.271750
29.266667	1	0.231500
29.283333	1	0.187500
29.300000	1	0.140000
29.316667	1	0.088875
29.333333	1	0.034875
29.350000	1	-0.022250
29.366667	1	-0.082625
29.383333	1	-0.146000
29.400000	1	-0.212125
29.416667	1	-0.280000
29.433333	1	-0.350875
29.450000	1	-0.423875
29.466667	1	-0.497500
29.483333	1	-0.572375
29.500000	1	-0.647500
29.516667	1	-0.722500
29.533333	1	-0.796250
29.550000	1	-0.868000
29.566667	1	-0.937125
29.583333	1	-1.003625
29.600000	1	-1.066500
29.616667	1	-1.125750
29.633333	1	-1.179625
29.650000	1	-1.229500
29.666667	1	-1.272875
29.683333	1	-1.310250
29.700000	1	-1.341250
29.716667	1	-1.365500
29.733333	1	-1.383375
29.750000	1	-1.394125
29.766667	1	-1.398250
29.783333	1	-1.395250
29.800000	1	-1.385875
29.816667	1	-1.370750
29.833333	1	-1.349625
29.850000	1	-1.323625
29.866667	1	-1.292625
29.883333	1	-1.257000
29.900000	1	-1.217500
29.916667	1	-1.174500
29.933333	1	-1.129375
29.950000	1	-1.081625
29.966667	1	-1.032750
29.983333	1	-0.982125
30.000000	1	-0.930125
30.016667	1	-0.878875
30.033333	1	-0.826875
30.050000	1	-0.775750
30.066667	1	-0.725500
30.083333	1	-0.677000
30.100000	1	-0.628500
30.116667	1	-0.582000
30.133333	1	-0.537125
30.150000	1	-0.494750
30.166667	1	-0.453500
30.183333	1	-0.415375
30.200000	1	-0.378625
30.216667	1	-0.343625
30.233333	1	-0.311500
30.250000	1	-0.281125
30.266667	1	-0.252500
30.283333	1	-0.226375
30.300000	1	-0.202250
30.316667	1	-0.178625
30.333333	1	-0.157375
30.350000	1	-0.138250
30.366667	1	-0.119625
30.383333	1	-0.103500
30.400000	1	-0.088125
30.416667	1	-0.073625
30.433333	1	-0.060500
30.450000	1	-0.047750
30.466667	1	-0.036000
30.483333	1	-0.025375
30.500000	1	-0.015500
30.516667	1	-0.006250
30.533333	1	0.002625
30.550000	1	0.011875
30.566667	1	0.019750
30.583333	1	0.028250
30.600000	1	0.037000
30.616667	1	0.044250
30.633333	1	0.052125
30.650000	1	0.060125
30.666667	1	0.068750
30.683333	1	0.077000
30.700000	1	0.085500
30.716667	1	0.093250
30.733333	1	0.102250
30.750000	1	0.111250
30.766667	1	0.120875
30.783333	1	0.130500
30.800000	1	0.140750
30.816667	1	0.151000
30.833333	1	0.161500
30.850000	1	0.172250
30.866667	1	0.184000
30.883333	1	0.196750
30.900000	1	0.210375
30.916667	1	0.225000
30.933333	1	0.240750
30.950000	1	0.258750
30.966667	1	0.278875
30.983333	1	0.302125
31.000000	1	0.329000
31.016667	1	0.358625
31.033333	1	0.392875
31.050000	1	0.432625
31.066667	1	0.479250
31.083333	1	0.533625
31.100000	1	0.595625
31.116667	1	0.667625
31.133333	1	0.749625
31.150000	1	0.843375
31.166667	1	0.950125
31.183333	1	1.071625
31.200000	1	1.207375
31.216667	1	1.358250
31.233333	1	1.526125
31.250000	1	1.710375
31.266667	1	1.911875
31.283333	1	2.129000
31.300000	1	2.361375
31.316667	1	2.608750
31.333333	1	2.869000
31.350000	1	3.141750
31.366667	1	3.424000
31.383333	1	3.713375
31.400000	1	4.008250
31.416667	1	4.303250
31.433333	1	4.596375
31.450000	1	4.883250
31.466667	1	5.161000
31.483333	1	5.424375
31.500000	1	5.670625
31.516667	1	5.897125
31.533333	1	6.100625
31.550000	1	6.278750
31.566667	1	6.428750
31.583333	1	6.549375
31.600000	1	6.640125
31.616667	1	6.699000
31.633333	1	6.726625
31.650000	1	6.722500
31.666667	1	6.687625
31.683333	1	6.623375
31.700000	1	6.532250
31.716667	1	6.415125
31.733333	1	6.275500
31.750000	1	6.115500
31.766667	1	5.936375
31.783333	1	5.742500
31.800000	1	5.535125
31.816667	1	5.317625
31.833333	1	5.092625
31.850000	1	4.862375
31.866667	1	4.629750
31.883333	1	4.396375
31.900000	1	4.164000
31.916667	1	3.935000
31.933333	1	3.710625
31.950000	1	3.491625
31.966667	1	3.279500
31.983333	1	3.074125
32.000000	1	2.876000
32.016667	1	2.686500
32.033333	1	2.505625
32.050000	1	2.333500
32.066667	1	2.170250
32.083333	1	2.015125
32.100000	1	1.868750
32.116667	1	1.730125
32.133333	1	1.600250
32.150000	1	1.478250
32.166667	1	1.363375
32.183333	1	1.255500
32.200000	1	1.154750
32.216667	1	1.059500
32.233333	1	0.971375
32.250000	1	0.889500
32.266667	1	0.812875
32.283333	1	0.741375
32.300000	1	0.674875
32.316667	1	0.613625
32.333333	1	0.556375
32.350000	1	0.503375
32.366667	1	0.454875
32.383333	1	0.410750
32.400000	1	0.368750
32.416667	1	0.330375
32.433333	1	0.295125
32.450000	1	0.262875
32.466667	1	0.233500
32.483333	1	0.206125
32.500000	1	0.181375
32.516667	1	0.158500
32.533333	1	0.137375
32.550000	1	0.118625
32.566667	1	0.101000
32.583333	1	0.085375
32.600000	1	0.071000
32.616667	1	0.057250
32.633333	1	0.044875
32.650000	1	0.033750
32.666667	1	0.024125
32.683333	1	0.014875
32.700000	1	0.006375
32.716667	1	-0.001000
32.733333	1	-0.007875
32.750000	1	-0.013750
32.766667	1	-0.019000
32.783333	1	-0.024000
32.800000	1	-0.028625
32.816667	1	-0.032500
32.833333	1	-0.036250
32.850000	1	-0.039250
32.866667	1	-0.041875
32.883333	1	-0.044375
32.900000	1	-0.045750
32.916667	1	-0.047250
32.933333	1	-0.048500
32.950000	1	-0.049500
32.966667	1	-0.050500
32.983333	1	-0.051500
33.000000	1	-0.051125
33.016667	1	-0.051375
33.033333	1	-0.051250
33.050000	1	-0.050750
33.066667	1	-0.051125
33.083333	1	-0.051250
33.100000	1	-0.051375
33.116667	1	-0.051125
33.133333	1	-0.050250
33.150000	1	-0.049750
33.166667	1	-0.049125
33.183333	1	-0.048625
33.200000	1	-0.047875
33.216667	1	-0.047750
33.233333	1	-0.047500
33.250000	1	-0.046875
33.266667	1	-0.045875
33.283333	1	-0.045500
33.300000	1	-0.044750
33.316667	1	-0.044125
33.333333	1	-0.043500
33.350000	1	-0.041500
33.366667	1	-0.040250
33.383333	1	-0.038750
33.400000	1	-0.037625
33.416667	1	-0.035625
33.433333	1	-0.033625
33.450000	1	-0.031250
33.466667	1	-0.028625
33.483333	1	-0.026875
33.500000	1	-0.024000
33.516667	1	-0.021625
33.533333	1	-0.019000
33.550000	1	-0.016500
33.566667	1	-0.013500
33.583333	1	-0.010375
33.600000	1	-0.006875
33.616667	1	-0.004000
33.633333	1	-0.000500
33.650000	1	0.003250
33.666667	1	0.007000
33.683333	1	0.010500
33.700000	1	0.013500
33.716667	1	0.017750
33.733333	1	0.021125
33.750000	1	0.024125
33.766667	1	0.027500
33.783333	1	0.030750
33.800000	1	0.033375
33.816667	1	0.037000
33.833333	1	0.039375
33.850000	1	0.041250
33.866667	1	0.043750
33.883333	1	0.045375
33.900000	1	0.046625
33.916667	1	0.048500
33.933333	1	0.049500
33.950000	1	0.050875
33.966667	1	0.051375
33.983333	1	0.052375
34.000000	1	0.053125
34.016667	1	0.053625
34.033333	1	0.054250
34.050000	1	0.054250
34.066667	1	0.055125
34.083333	1	0.055125
34.100000	1	0.054625
34.116667	1	0.054125
34.133333	1	0.053875
34.150000	1	0.052750
34.166667	1	0.052500
34.183333	1	0.052250
34.200000	1	0.051875
34.216667	1	0.051125
34.233333	1	0.051125
34.250000	1	0.050750
34.266667	1	0.050000
34.283333	1	0.049375
34.300000	1	0.049250
34.316667	1	0.049125
34.333333	1	0.049625
34.350000	1	0.049500
34.366667	1	0.050125
34.383333	1	0.050750
34.400000	1	0.051500
34.416667	1	0.052125
34.433333	1	0.053125
34.450000	1	0.053625
34.466667	1	0.054500
34.483333	1	0.055375
34.500000	1	0.056125
34.516667	1	0.057250
34.533333	1	0.058750
34.550000	1	0.059750
34.566667	1	0.061125
34.583333	1	0.063250
34.600000	1	0.064250
34.616667	1	0.065875
34.633333	1	0.067125
34.650000	1	0.068750
34.666667	1	0.069000
34.683333	1	0.070000
34.700000	1	0.070875
34.716667	1	0.071750
34.733333	1	0.071625
34.750000	1	0.072000
34.766667	1	0.071500
34.783333	1	0.070875
34.800000	1	0.070750
34.816667	1	0.070000
34.833333	1	0.069000
34.850000	1	0.067625
34.866667	1	0.066250
34.883333	1	0.064875
34.900000	1	0.063375
34.916667	1	0.061750
34.933333	1	0.060000
34.950000	1	0.057500
34.966667	1	0.055375
34.983333	1	0.053375
35.000000	1	0.051375
35.016667	1	0.048875
35.033333	1	0.046375
35.050000	1	0.043500
35.066667	1	0.040750
35.083333	1	0.038500
35.100000	1	0.036000
35.116667	1	0.034375
35.133333	1	0.032250
35.150000	1	0.030250
35.166667	1	0.027625
35.183333	1	0.026250
35.200000	1	0.024500
35.216667	1	0.022125
35.233333	1	0.019875
35.250000	1	0.018250
35.266667	1	0.017125
35.283333	1	0.016000
35.300000	1	0.015000
35.316667	1	0.014500
35.333333	1	0.014625
35.350000	1	0.014375
35.366667	1	0.014250
35.383333	1	0.013750
35.400000	1	0.013125
35.416667	1	0.012375
35.433333	1	0.012750
35.450000	1	0.012750
35.466667	1	0.013125
35.483333	1	0.013375
35.500000	1	0.014625
35.516667	1	0.015875
35.533333	1	0.017250
35.550000	1	0.018250
35.566667	1	0.019500
35.583333	1	0.020625
35.600000	1	0.022500
35.616667	1	0.024000
35.633333	1	0.025500
35.650000	1	0.027000
35.666667	1	0.029000
35.683333	1	0.030375
35.700000	1	0.032875
35.716667	1	0.035750
35.733333	1	0.037500
35.750000	1	0.039125
35.766667	1	0.041625
35.783333	1	0.043750
35.800000	1	0.045000
35.816667	1	0.046625
35.833333	1	0.048375
35.850000	1	0.050750
35.866667	1	0.052000
35.883333	1	0.053125
35.900000	1	0.054875
35.916667	1	0.055500
35.933333	1	0.056250
35.950000	1	0.057125
35.966667	1	0.058125
35.983333	1	0.058500
36.000000	1	0.057875
36.016667	1	0.057875
36.033333	1	0.057625
36.050000	1	0.057375
36.066667	1	0.056375
36.083333	1	0.055875
36.100000	1	0.055625
36.116667	1	0.055125
36.133333	1	0.054375
36.150000	1	0.053625
36.166667	1	0.052875
36.183333	1	0.052500
36.200000	1	0.052250
36.216667	1	0.052125
36.233333	1	0.052250
36.250000	1	0.052250
36.266667	1	0.051875
36.283333	1	0.051625
36.300000	1	0.052375
36.316667	1	0.053375
36.333333	1	0.054125
36.350000	1	0.055375
36.366667	1	0.056125
36.383333	1	0.056875
36.400000	1	0.058250
36.416667	1	0.059500
36.433333	1	0.061875
36.450000	1	0.063750
36.466667	1	0.065375
36.483333	1	0.066250
36.500000	1	0.068125
36.516667	1	0.070000
36.533333	1	0.071750
36.550000	1	0.073000
36.566667	1	0.074500
36.583333	1	0.075875
36.600000	1	0.076000
36.616667	1	0.077000
36.633333	1	0.077000
36.650000	1	0.077500
36.666667	1	0.077750
36.683333	1	0.077875
36.700000	1	0.078000
36.716667	1	0.077625
36.733333	1	0.077000
36.750000	1	0.076875
36.766667	1	0.075000
36.783333	1	0.073875
36.800000	1	0.072250
36.816667	1	0.070750
36.833333	1	0.068875
36.850000	1	0.066500
36.866667	1	0.064875
36.883333	1	0.062875
36.900000	1	0.060250
36.916667	1	0.058250
36.933333	1	0.055750
36.950000	1	0.053625
36.966667	1	0.051250
36.983333	1	0.048625
37.000000	1	0.046250
37.016667	1	0.043000
37.033333	1	0.040000
37.050000	1	0.037250
37.066667	1	0.035875
37.083333	1	0.032875
37.100000	1	0.030125
37.116667	1	0.027250
37.133333	1	0.025000
37.150000	1	0.022750
37.166667	1	0.020625
37.183333	1	0.018000
37.200000	1	0.015375
37.216667	1	0.013375
37.233333	1	0.011500
37.250000	1	0.010000
37.266667	1	0.008625
37.283333	1	0.006375
37.300000	1	0.004750
37.316667	1	0.003125
37.333333	1	0.001500
37.350000	1	0.000250
37.366667	1	-0.000875
37.383333	1	-0.002500
37.400000	1	-0.003875
37.416667	1	-0.005250
37.433333	1	-0.006250
37.450000	1	-0.007125
37.466667	1	-0.007875
37.483333	1	-0.008375
37.500000	1	-0.008625
37.516667	1	-0.010125
37.533333	1	-0.010750
37.550000	1	-0.011375
37.566667	1	-0.012375
37.583333	1	-0.013375
37.600000	1	-0.014750
37.616667	1	-0.015625
37.633333	1	-0.016125
37.650000	1	-0.016625
37.666667	1	-0.017000
37.683333	1	-0.017750
37.700000	1	-0.018750
37.716667	1	-0.018375
37.733333	1	-0.019000
37.750000	1	-0.019625
37.766667	1	-0.020375
37.783333	1	-0.021375
37.800000	1	-0.022125
37.816667	1	-0.023000
37.833333	1	-0.023250
37.850000	1	-0.024125
37.866667	1	-0.025250
37.883333	1	-0.026500
37.900000	1	-0.027375
37.916667	1	-0.028375
37.933333	1	-0.028875
37.950000	1	-0.030375
37.966667	1	-0.031250
37.983333	1	-0.032375
38.000000	1	-0.033875
38.016667	1	-0.034500
38.033333	1	-0.035125
38.050000	1	-0.036250
38.066667	1	-0.037375
38.083333	1	-0.038750
38.100000	1	-0.039375
38.116667	1	-0.040625
38.133333	1	-0.041875
38.150000	1	-0.042625
38.166667	1	-0.043875
38.183333	1	-0.044500
38.200000	1	-0.044875
38.216667	1	-0.045625
38.233333	1	-0.046125
38.250000	1	-0.046375
38.266667	1	-0.046125
38.283333	1	-0.046000
38.300000	1	-0.046125
38.316667	1	-0.045875
38.333333	1	-0.045500
38.350000	1	-0.044750
38.366667	1	-0.044500
38.383333	1	-0.043875
38.400000	1	-0.042875
38.416667	1	-0.042125
38.433333	1	-0.040500
38.450000	1	-0.039250
38.466667	1	-0.037250
38.483333	1	-0.035250
38.500000	1	-0.033500
38.516667	1	-0.031375
38.533333	1	-0.029750
38.550000	1	-0.028250
38.566667	1	-0.026125
38.583333	1	-0.023750
38.600000	1	-0.022375
38.616667	1	-0.020375
38.633333	1	-0.018125
38.650000	1	-0.016625
38.666667	1	-0.016125
38.683333	1	-0.013375
38.700000	1	-0.012500
38.716667	1	-0.011250
38.733333	1	-0.009750
38.750000	1	-0.008625
38.766667	1	-0.008875
38.783333	1	-0.008125
38.800000	1	-0.008125
38.816667	1	-0.007750
38.833333	1	-0.007625
38.850000	1	-0.008125
38.866667	1	-0.009125
38.883333	1	-0.009625
38.900000	1	-0.010750
38.916667	1	-0.011875
38.933333	1	-0.012875
38.950000	1	-0.014875
38.966667	1	-0.017000
38.983333	1	-0.018875
39.000000	1	-0.021500
39.016667	1	-0.023500
39.033333	1	-0.025500
39.050000	1	-0.027625
39.066667	1	-0.029500
39.083333	1	-0.032250
39.100000	1	-0.034375
39.116667	1	-0.037000
39.133333	1	-0.038750
39.150000	1	-0.040750
39.166667	1	-0.043000
39.183333	1	-0.044125
39.200000	1	-0.045750
39.216667	1	-0.047250
39.233333	1	-0.048750
39.250000	1	-0.050000
39.266667	1	-0.051750
39.283333	1	-0.051875
39.300000	1	-0.052125
39.316667	1	-0.052875
39.333333	1	-0.053250
39.350000	1	-0.053000
39.366667	1	-0.053375
39.383333	1	-0.054500
39.400000	1	-0.055000
39.416667	1	-0.055250
39.433333	1	-0.054875
39.450000	1	-0.054875
39.466667	1	-0.054375
39.483333	1	-0.054000
39.500000	1	-0.053750
39.516667	1	-0.053625
39.533333	1	-0.052875
39.550000	1	-0.052375
39.566667	1	-0.051875
39.583333	1	-0.051750
39.600000	1	-0.051750
39.616667	1	-0.051250
39.633333	1	-0.051500
39.650000	1	-0.051625
39.666667	1	-0.051500
39.683333	1	-0.051000
39.700000	1	-0.050750
39.716667	1	-0.050375
39.733333	1	-0.050375
39.750000	1	-0.050375
39.766667	1	-0.050500
39.783333	1	-0.050000
39.800000	1	-0.049875
39.816667	1	-0.049500
39.833333	1	-0.049375
39.850000	1	-0.049875
39.866667	1	-0.049500
39.883333	1	-0.049500
39.900000	1	-0.050125
39.916667	1	-0.049875
39.933333	1	-0.050500
39.950000	1	-0.050750
39.966667	1	-0.051000
39.983333	1	-0.050750
40.000000	1	-0.050750
