URL	chrom://7040-86g6c92/XVault/Ultimate_3000/20/20240517_CMO_FP23_FP25_MarkusDeplate.seq/797.smp/RI_1.channel/RI_1.chm
Channel	RI_1

Injection Information:
Data Vault	XVault
Sequence	20240517_CMO_FP23_FP25_MarkusDeplate
Name	FP23_24_s1
Number	25
Position	BC1
Comment	
Processing Method	
Instrument Method	run_25B_method
Type	Unknown
Status	Finished
Inject Time	28.05.2024 10:25:36 +02:00
Volume (µl)	20.0000
Dilution Factor	1.0000
Weight	1.0000

Chromatogram Data Information:
Time Min. (min)	0.000000
Time Max. (min)	40.000000
Data Points	2401
Detector	RI
Generating Data System	Chromeleon 7.3.2.11814
Exporting Data System	Chromeleon 7.3.2.0
Operator	Instrument Controller
Signal Quantity	Refractive 
Signal Unit	µRIU
Signal Min.	-1.459375
Signal Max.	68.241000
Channel	RI_1
Driver Name	RID520Driver.dll
Channel Type	Evaluation
Min. Step (s)	1
Max. Step (s)	1
Average Step (s)	1

Signal Parameter Information:
Signal Info	

Chromatogram Data:
Time (min)	Step (s)	Value (µRIU)
0.000000	n.a.	-0.029750
0.016667	1	-0.027750
0.033333	1	-0.025375
0.050000	1	-0.023250
0.066667	1	-0.021125
0.083333	1	-0.018375
0.100000	1	-0.016000
0.116667	1	-0.014375
0.133333	1	-0.012250
0.150000	1	-0.010375
0.166667	1	-0.008125
0.183333	1	-0.006375
0.200000	1	-0.005875
0.216667	1	-0.005125
0.233333	1	-0.004875
0.250000	1	-0.004250
0.266667	1	-0.003875
0.283333	1	-0.004125
0.300000	1	-0.003625
0.316667	1	-0.003250
0.333333	1	-0.003875
0.350000	1	-0.004375
0.366667	1	-0.006125
0.383333	1	-0.007875
0.400000	1	-0.009875
0.416667	1	-0.010250
0.433333	1	-0.009875
0.450000	1	-0.009375
0.466667	1	-0.008625
0.483333	1	-0.007375
0.500000	1	-0.007500
0.516667	1	-0.008500
0.533333	1	-0.009875
0.550000	1	-0.010625
0.566667	1	-0.012500
0.583333	1	-0.015000
0.600000	1	-0.018250
0.616667	1	-0.022000
0.633333	1	-0.025500
0.650000	1	-0.028250
0.666667	1	-0.030625
0.683333	1	-0.032625
0.700000	1	-0.033750
0.716667	1	-0.035000
0.733333	1	-0.035875
0.750000	1	-0.037625
0.766667	1	-0.038500
0.783333	1	-0.040750
0.800000	1	-0.041625
0.816667	1	-0.043375
0.833333	1	-0.044750
0.850000	1	-0.046125
0.866667	1	-0.046625
0.883333	1	-0.047375
0.900000	1	-0.048250
0.916667	1	-0.048875
0.933333	1	-0.049375
0.950000	1	-0.050000
0.966667	1	-0.051000
0.983333	1	-0.050750
1.000000	1	-0.050875
1.016667	1	-0.050625
1.033333	1	-0.050375
1.050000	1	-0.050000
1.066667	1	-0.049625
1.083333	1	-0.048500
1.100000	1	-0.047875
1.116667	1	-0.047750
1.133333	1	-0.047250
1.150000	1	-0.046500
1.166667	1	-0.045875
1.183333	1	-0.045000
1.200000	1	-0.044250
1.216667	1	-0.043500
1.233333	1	-0.042500
1.250000	1	-0.041875
1.266667	1	-0.040250
1.283333	1	-0.038625
1.300000	1	-0.037125
1.316667	1	-0.036125
1.333333	1	-0.035000
1.350000	1	-0.034000
1.366667	1	-0.032000
1.383333	1	-0.030875
1.400000	1	-0.028625
1.416667	1	-0.027000
1.433333	1	-0.025125
1.450000	1	-0.024625
1.466667	1	-0.023375
1.483333	1	-0.021875
1.500000	1	-0.020625
1.516667	1	-0.019500
1.533333	1	-0.018250
1.550000	1	-0.017500
1.566667	1	-0.016875
1.583333	1	-0.015625
1.600000	1	-0.014375
1.616667	1	-0.013125
1.633333	1	-0.012000
1.650000	1	-0.011000
1.666667	1	-0.010500
1.683333	1	-0.010250
1.700000	1	-0.009500
1.716667	1	-0.009500
1.733333	1	-0.009375
1.750000	1	-0.009125
1.766667	1	-0.009250
1.783333	1	-0.009000
1.800000	1	-0.009500
1.816667	1	-0.010250
1.833333	1	-0.010250
1.850000	1	-0.010500
1.866667	1	-0.011000
1.883333	1	-0.010875
1.900000	1	-0.010625
1.916667	1	-0.011000
1.933333	1	-0.010875
1.950000	1	-0.011125
1.966667	1	-0.011000
1.983333	1	-0.010250
2.000000	1	-0.009250
2.016667	1	-0.008250
2.033333	1	-0.007500
2.050000	1	-0.006125
2.066667	1	-0.004500
2.083333	1	-0.003375
2.100000	1	-0.002250
2.116667	1	-0.001125
2.133333	1	-0.000125
2.150000	1	0.000875
2.166667	1	0.003125
2.183333	1	0.004625
2.200000	1	0.005250
2.216667	1	0.005875
2.233333	1	0.007000
2.250000	1	0.007375
2.266667	1	0.008250
2.283333	1	0.009375
2.300000	1	0.010000
2.316667	1	0.009875
2.333333	1	0.009250
2.350000	1	0.008750
2.366667	1	0.008000
2.383333	1	0.007250
2.400000	1	0.006125
2.416667	1	0.004750
2.433333	1	0.002875
2.450000	1	0.001375
2.466667	1	-0.000250
2.483333	1	-0.002250
2.500000	1	-0.004875
2.516667	1	-0.007500
2.533333	1	-0.010875
2.550000	1	-0.013500
2.566667	1	-0.015875
2.583333	1	-0.018125
2.600000	1	-0.021125
2.616667	1	-0.023375
2.633333	1	-0.027125
2.650000	1	-0.030250
2.666667	1	-0.033000
2.683333	1	-0.035750
2.700000	1	-0.038125
2.716667	1	-0.040875
2.733333	1	-0.043500
2.750000	1	-0.046250
2.766667	1	-0.048375
2.783333	1	-0.050500
2.800000	1	-0.052750
2.816667	1	-0.054125
2.833333	1	-0.055875
2.850000	1	-0.057250
2.866667	1	-0.057750
2.883333	1	-0.058125
2.900000	1	-0.058750
2.916667	1	-0.059000
2.933333	1	-0.059625
2.950000	1	-0.059625
2.966667	1	-0.059125
2.983333	1	-0.058500
3.000000	1	-0.057625
3.016667	1	-0.056250
3.033333	1	-0.055500
3.050000	1	-0.053750
3.066667	1	-0.051875
3.083333	1	-0.050000
3.100000	1	-0.048375
3.116667	1	-0.046000
3.133333	1	-0.044000
3.150000	1	-0.041750
3.166667	1	-0.039875
3.183333	1	-0.037250
3.200000	1	-0.035125
3.216667	1	-0.032750
3.233333	1	-0.030500
3.250000	1	-0.027625
3.266667	1	-0.025875
3.283333	1	-0.024375
3.300000	1	-0.023125
3.316667	1	-0.021750
3.333333	1	-0.020000
3.350000	1	-0.018750
3.366667	1	-0.018000
3.383333	1	-0.017000
3.400000	1	-0.016500
3.416667	1	-0.016000
3.433333	1	-0.015500
3.450000	1	-0.014750
3.466667	1	-0.013875
3.483333	1	-0.014000
3.500000	1	-0.013625
3.516667	1	-0.014125
3.533333	1	-0.014125
3.550000	1	-0.014250
3.566667	1	-0.014500
3.583333	1	-0.014500
3.600000	1	-0.014250
3.616667	1	-0.013750
3.633333	1	-0.013625
3.650000	1	-0.013250
3.666667	1	-0.012625
3.683333	1	-0.012000
3.700000	1	-0.011750
3.716667	1	-0.011250
3.733333	1	-0.011000
3.750000	1	-0.010500
3.766667	1	-0.009750
3.783333	1	-0.008500
3.800000	1	-0.007500
3.816667	1	-0.006875
3.833333	1	-0.005875
3.850000	1	-0.005000
3.866667	1	-0.004875
3.883333	1	-0.004500
3.900000	1	-0.004125
3.916667	1	-0.003750
3.933333	1	-0.003625
3.950000	1	-0.003625
3.966667	1	-0.003500
3.983333	1	-0.003000
4.000000	1	-0.003250
4.016667	1	-0.004125
4.033333	1	-0.003750
4.050000	1	-0.004625
4.066667	1	-0.005250
4.083333	1	-0.005750
4.100000	1	-0.006500
4.116667	1	-0.007375
4.133333	1	-0.008250
4.150000	1	-0.009000
4.166667	1	-0.009750
4.183333	1	-0.011375
4.200000	1	-0.012000
4.216667	1	-0.012750
4.233333	1	-0.012500
4.250000	1	-0.012500
4.266667	1	-0.012875
4.283333	1	-0.013250
4.300000	1	-0.013125
4.316667	1	-0.013375
4.333333	1	-0.012750
4.350000	1	-0.013500
4.366667	1	-0.012875
4.383333	1	-0.012125
4.400000	1	-0.011625
4.416667	1	-0.010875
4.433333	1	-0.010125
4.450000	1	-0.009125
4.466667	1	-0.007750
4.483333	1	-0.005250
4.500000	1	-0.003500
4.516667	1	-0.001500
4.533333	1	0.000500
4.550000	1	0.002625
4.566667	1	0.004500
4.583333	1	0.007000
4.600000	1	0.008750
4.616667	1	0.010875
4.633333	1	0.013875
4.650000	1	0.016250
4.666667	1	0.018375
4.683333	1	0.020500
4.700000	1	0.022875
4.716667	1	0.025000
4.733333	1	0.027125
4.750000	1	0.029125
4.766667	1	0.030875
4.783333	1	0.033750
4.800000	1	0.035750
4.816667	1	0.038375
4.833333	1	0.040500
4.850000	1	0.041875
4.866667	1	0.043500
4.883333	1	0.044875
4.900000	1	0.046750
4.916667	1	0.048250
4.933333	1	0.049625
4.950000	1	0.051375
4.966667	1	0.052875
4.983333	1	0.054250
5.000000	1	0.056250
5.016667	1	0.057375
5.033333	1	0.059125
5.050000	1	0.060250
5.066667	1	0.062125
5.083333	1	0.063875
5.100000	1	0.065625
5.116667	1	0.067500
5.133333	1	0.069250
5.150000	1	0.071125
5.166667	1	0.073000
5.183333	1	0.075375
5.200000	1	0.077250
5.216667	1	0.079875
5.233333	1	0.081875
5.250000	1	0.084125
5.266667	1	0.086875
5.283333	1	0.089500
5.300000	1	0.092125
5.316667	1	0.094750
5.333333	1	0.097125
5.350000	1	0.099625
5.366667	1	0.102375
5.383333	1	0.105875
5.400000	1	0.109250
5.416667	1	0.113000
5.433333	1	0.116375
5.450000	1	0.119625
5.466667	1	0.123500
5.483333	1	0.127375
5.500000	1	0.130375
5.516667	1	0.133875
5.533333	1	0.137375
5.550000	1	0.141875
5.566667	1	0.146125
5.583333	1	0.149500
5.600000	1	0.153625
5.616667	1	0.157500
5.633333	1	0.161125
5.650000	1	0.164875
5.666667	1	0.168250
5.683333	1	0.171750
5.700000	1	0.174875
5.716667	1	0.178125
5.733333	1	0.181250
5.750000	1	0.184875
5.766667	1	0.188375
5.783333	1	0.191625
5.800000	1	0.194250
5.816667	1	0.197000
5.833333	1	0.199500
5.850000	1	0.201750
5.866667	1	0.203750
5.883333	1	0.205375
5.900000	1	0.206625
5.916667	1	0.208250
5.933333	1	0.209125
5.950000	1	0.210000
5.966667	1	0.211000
5.983333	1	0.212375
6.000000	1	0.213000
6.016667	1	0.213750
6.033333	1	0.214125
6.050000	1	0.214250
6.066667	1	0.214750
6.083333	1	0.214375
6.100000	1	0.213875
6.116667	1	0.213250
6.133333	1	0.213000
6.150000	1	0.212500
6.166667	1	0.211750
6.183333	1	0.210875
6.200000	1	0.210125
6.216667	1	0.208375
6.233333	1	0.206875
6.250000	1	0.204750
6.266667	1	0.203125
6.283333	1	0.201250
6.300000	1	0.199250
6.316667	1	0.196875
6.333333	1	0.195000
6.350000	1	0.192375
6.366667	1	0.189625
6.383333	1	0.186500
6.400000	1	0.183625
6.416667	1	0.180375
6.433333	1	0.177375
6.450000	1	0.173750
6.466667	1	0.170375
6.483333	1	0.166875
6.500000	1	0.163250
6.516667	1	0.160375
6.533333	1	0.156625
6.550000	1	0.153125
6.566667	1	0.149625
6.583333	1	0.146375
6.600000	1	0.142750
6.616667	1	0.139625
6.633333	1	0.136125
6.650000	1	0.132125
6.666667	1	0.128125
6.683333	1	0.124500
6.700000	1	0.120625
6.716667	1	0.117375
6.733333	1	0.113875
6.750000	1	0.111375
6.766667	1	0.108000
6.783333	1	0.105625
6.800000	1	0.102625
6.816667	1	0.099250
6.833333	1	0.095625
6.850000	1	0.092250
6.866667	1	0.089750
6.883333	1	0.086750
6.900000	1	0.084125
6.916667	1	0.081750
6.933333	1	0.079500
6.950000	1	0.077500
6.966667	1	0.075750
6.983333	1	0.073750
7.000000	1	0.071875
7.016667	1	0.070125
7.033333	1	0.068500
7.050000	1	0.067750
7.066667	1	0.067125
7.083333	1	0.066500
7.100000	1	0.065750
7.116667	1	0.065125
7.133333	1	0.065000
7.150000	1	0.064625
7.166667	1	0.066125
7.183333	1	0.066500
7.200000	1	0.067000
7.216667	1	0.068125
7.233333	1	0.068500
7.250000	1	0.069125
7.266667	1	0.069875
7.283333	1	0.071500
7.300000	1	0.073750
7.316667	1	0.075375
7.333333	1	0.076875
7.350000	1	0.078750
7.366667	1	0.080500
7.383333	1	0.083000
7.400000	1	0.084625
7.416667	1	0.087250
7.433333	1	0.089125
7.450000	1	0.091375
7.466667	1	0.093750
7.483333	1	0.096750
7.500000	1	0.099250
7.516667	1	0.101250
7.533333	1	0.102750
7.550000	1	0.104125
7.566667	1	0.105750
7.583333	1	0.106875
7.600000	1	0.108625
7.616667	1	0.110250
7.633333	1	0.110500
7.650000	1	0.110875
7.666667	1	0.110750
7.683333	1	0.110375
7.700000	1	0.110375
7.716667	1	0.109750
7.733333	1	0.109000
7.750000	1	0.107750
7.766667	1	0.106500
7.783333	1	0.105250
7.800000	1	0.103875
7.816667	1	0.101250
7.833333	1	0.098750
7.850000	1	0.096625
7.866667	1	0.094375
7.883333	1	0.091625
7.900000	1	0.089250
7.916667	1	0.086500
7.933333	1	0.083500
7.950000	1	0.080750
7.966667	1	0.078000
7.983333	1	0.074750
8.000000	1	0.071500
8.016667	1	0.068250
8.033333	1	0.065500
8.050000	1	0.062000
8.066667	1	0.058875
8.083333	1	0.056250
8.100000	1	0.052625
8.116667	1	0.049625
8.133333	1	0.046250
8.150000	1	0.042625
8.166667	1	0.039500
8.183333	1	0.036375
8.200000	1	0.033375
8.216667	1	0.030375
8.233333	1	0.026625
8.250000	1	0.023375
8.266667	1	0.019750
8.283333	1	0.016375
8.300000	1	0.012750
8.316667	1	0.009375
8.333333	1	0.006125
8.350000	1	0.002500
8.366667	1	-0.000250
8.383333	1	-0.003750
8.400000	1	-0.007125
8.416667	1	-0.009750
8.433333	1	-0.012375
8.450000	1	-0.015500
8.466667	1	-0.018500
8.483333	1	-0.021000
8.500000	1	-0.022750
8.516667	1	-0.024375
8.533333	1	-0.025875
8.550000	1	-0.027625
8.566667	1	-0.028375
8.583333	1	-0.029250
8.600000	1	-0.030000
8.616667	1	-0.030375
8.633333	1	-0.030500
8.650000	1	-0.030750
8.666667	1	-0.031125
8.683333	1	-0.030875
8.700000	1	-0.030125
8.716667	1	-0.029125
8.733333	1	-0.028500
8.750000	1	-0.026875
8.766667	1	-0.025875
8.783333	1	-0.024500
8.800000	1	-0.023750
8.816667	1	-0.021875
8.833333	1	-0.020000
8.850000	1	-0.018125
8.866667	1	-0.016125
8.883333	1	-0.013500
8.900000	1	-0.011125
8.916667	1	-0.008625
8.933333	1	-0.005875
8.950000	1	-0.003750
8.966667	1	-0.001500
8.983333	1	0.000625
9.000000	1	0.002250
9.016667	1	0.004500
9.033333	1	0.006750
9.050000	1	0.008625
9.066667	1	0.011000
9.083333	1	0.012750
9.100000	1	0.014625
9.116667	1	0.016000
9.133333	1	0.017875
9.150000	1	0.019625
9.166667	1	0.021500
9.183333	1	0.022500
9.200000	1	0.024250
9.216667	1	0.025875
9.233333	1	0.026750
9.250000	1	0.027875
9.266667	1	0.029750
9.283333	1	0.030875
9.300000	1	0.031375
9.316667	1	0.032750
9.333333	1	0.034125
9.350000	1	0.035250
9.366667	1	0.036875
9.383333	1	0.037750
9.400000	1	0.038125
9.416667	1	0.038875
9.433333	1	0.039250
9.450000	1	0.039875
9.466667	1	0.040250
9.483333	1	0.040250
9.500000	1	0.040375
9.516667	1	0.040500
9.533333	1	0.040000
9.550000	1	0.039625
9.566667	1	0.039000
9.583333	1	0.039375
9.600000	1	0.038500
9.616667	1	0.037750
9.633333	1	0.037000
9.650000	1	0.036250
9.666667	1	0.035250
9.683333	1	0.034500
9.700000	1	0.033250
9.716667	1	0.032000
9.733333	1	0.030375
9.750000	1	0.028875
9.766667	1	0.027625
9.783333	1	0.026625
9.800000	1	0.025125
9.816667	1	0.023750
9.833333	1	0.022375
9.850000	1	0.020375
9.866667	1	0.018250
9.883333	1	0.015750
9.900000	1	0.013750
9.916667	1	0.011125
9.933333	1	0.008625
9.950000	1	0.005875
9.966667	1	0.002625
9.983333	1	-0.000625
10.000000	1	-0.004750
10.016667	1	-0.008875
10.033333	1	-0.013125
10.050000	1	-0.017375
10.066667	1	-0.020000
10.083333	1	-0.021750
10.100000	1	-0.023500
10.116667	1	-0.024375
10.133333	1	-0.023250
10.150000	1	-0.020875
10.166667	1	-0.017750
10.183333	1	-0.012625
10.200000	1	-0.006125
10.216667	1	0.002375
10.233333	1	0.013125
10.250000	1	0.026500
10.266667	1	0.041875
10.283333	1	0.060625
10.300000	1	0.081125
10.316667	1	0.105875
10.333333	1	0.133625
10.350000	1	0.164625
10.366667	1	0.199250
10.383333	1	0.238125
10.400000	1	0.282375
10.416667	1	0.328125
10.433333	1	0.369750
10.450000	1	0.396750
10.466667	1	0.396125
10.483333	1	0.357500
10.500000	1	0.281750
10.516667	1	0.193000
10.533333	1	0.142500
10.550000	1	0.207125
10.566667	1	0.483500
10.583333	1	1.074250
10.600000	1	2.076250
10.616667	1	3.567875
10.633333	1	5.608625
10.650000	1	8.229250
10.666667	1	11.446250
10.683333	1	15.248500
10.700000	1	19.601125
10.716667	1	24.426125
10.733333	1	29.598250
10.750000	1	34.923875
10.766667	1	40.122500
10.783333	1	44.825125
10.800000	1	48.594500
10.816667	1	50.991750
10.833333	1	51.692000
10.850000	1	50.599375
10.866667	1	47.881875
10.883333	1	43.932375
10.900000	1	39.245875
10.916667	1	34.295000
10.933333	1	29.446250
10.950000	1	24.942750
10.966667	1	20.916500
10.983333	1	17.420250
11.000000	1	14.453875
11.016667	1	11.982500
11.033333	1	9.957125
11.050000	1	8.316500
11.066667	1	6.996750
11.083333	1	5.938125
11.100000	1	5.089375
11.116667	1	4.406875
11.133333	1	3.855875
11.150000	1	3.407125
11.166667	1	3.040750
11.183333	1	2.737625
11.200000	1	2.485625
11.216667	1	2.273500
11.233333	1	2.095125
11.250000	1	1.942875
11.266667	1	1.813000
11.283333	1	1.700500
11.300000	1	1.603250
11.316667	1	1.518500
11.333333	1	1.444375
11.350000	1	1.379000
11.366667	1	1.322125
11.383333	1	1.271875
11.400000	1	1.227375
11.416667	1	1.187500
11.433333	1	1.151875
11.450000	1	1.120500
11.466667	1	1.092375
11.483333	1	1.066875
11.500000	1	1.044000
11.516667	1	1.023375
11.533333	1	1.004750
11.550000	1	0.988500
11.566667	1	0.973875
11.583333	1	0.960750
11.600000	1	0.949375
11.616667	1	0.939750
11.633333	1	0.931625
11.650000	1	0.925500
11.666667	1	0.921375
11.683333	1	0.918500
11.700000	1	0.918125
11.716667	1	0.918750
11.733333	1	0.920750
11.750000	1	0.924250
11.766667	1	0.928500
11.783333	1	0.934625
11.800000	1	0.941125
11.816667	1	0.948000
11.833333	1	0.953375
11.850000	1	0.959125
11.866667	1	0.964125
11.883333	1	0.969500
11.900000	1	0.974125
11.916667	1	0.977750
11.933333	1	0.980500
11.950000	1	0.983375
11.966667	1	0.986375
11.983333	1	0.989000
12.000000	1	0.992375
12.016667	1	0.995750
12.033333	1	1.000250
12.050000	1	1.004625
12.066667	1	1.010000
12.083333	1	1.015375
12.100000	1	1.021625
12.116667	1	1.028375
12.133333	1	1.034875
12.150000	1	1.042625
12.166667	1	1.051125
12.183333	1	1.060875
12.200000	1	1.072500
12.216667	1	1.085000
12.233333	1	1.098875
12.250000	1	1.114500
12.266667	1	1.131625
12.283333	1	1.150875
12.300000	1	1.172375
12.316667	1	1.197500
12.333333	1	1.225875
12.350000	1	1.260125
12.366667	1	1.301625
12.383333	1	1.354750
12.400000	1	1.425000
12.416667	1	1.519250
12.433333	1	1.644375
12.450000	1	1.810250
12.466667	1	2.024000
12.483333	1	2.293375
12.500000	1	2.624375
12.516667	1	3.020875
12.533333	1	3.482125
12.550000	1	4.002250
12.566667	1	4.575000
12.583333	1	5.186000
12.600000	1	5.822125
12.616667	1	6.466375
12.633333	1	7.104125
12.650000	1	7.722750
12.666667	1	8.314375
12.683333	1	8.873375
12.700000	1	9.400250
12.716667	1	9.897000
12.733333	1	10.370875
12.750000	1	10.829625
12.766667	1	11.284000
12.783333	1	11.742875
12.800000	1	12.214375
12.816667	1	12.703375
12.833333	1	13.211500
12.850000	1	13.734500
12.866667	1	14.247375
12.883333	1	14.689250
12.900000	1	14.958500
12.916667	1	14.934000
12.933333	1	14.520250
12.950000	1	13.698000
12.966667	1	12.535125
12.983333	1	11.165000
13.000000	1	9.732125
13.016667	1	8.356750
13.033333	1	7.111125
13.050000	1	6.025000
13.066667	1	5.103000
13.083333	1	4.335625
13.100000	1	3.706125
13.116667	1	3.195500
13.133333	1	2.785875
13.150000	1	2.460250
13.166667	1	2.202250
13.183333	1	1.997750
13.200000	1	1.836375
13.216667	1	1.707625
13.233333	1	1.604125
13.250000	1	1.519000
13.266667	1	1.447750
13.283333	1	1.388000
13.300000	1	1.335750
13.316667	1	1.289375
13.333333	1	1.249000
13.350000	1	1.212875
13.366667	1	1.179375
13.383333	1	1.149875
13.400000	1	1.123000
13.416667	1	1.099250
13.433333	1	1.078000
13.450000	1	1.060250
13.466667	1	1.045375
13.483333	1	1.032500
13.500000	1	1.022500
13.516667	1	1.015125
13.533333	1	1.010250
13.550000	1	1.006750
13.566667	1	1.003500
13.583333	1	1.000625
13.600000	1	0.997125
13.616667	1	0.992375
13.633333	1	0.985625
13.650000	1	0.977500
13.666667	1	0.967500
13.683333	1	0.955500
13.700000	1	0.941875
13.716667	1	0.926625
13.733333	1	0.910125
13.750000	1	0.893500
13.766667	1	0.876625
13.783333	1	0.860125
13.800000	1	0.843750
13.816667	1	0.828500
13.833333	1	0.813625
13.850000	1	0.799625
13.866667	1	0.786250
13.883333	1	0.773250
13.900000	1	0.761750
13.916667	1	0.751000
13.933333	1	0.740000
13.950000	1	0.729625
13.966667	1	0.720500
13.983333	1	0.711625
14.000000	1	0.703125
14.016667	1	0.695375
14.033333	1	0.687500
14.050000	1	0.680125
14.066667	1	0.673750
14.083333	1	0.667875
14.100000	1	0.662125
14.116667	1	0.656875
14.133333	1	0.652125
14.150000	1	0.647625
14.166667	1	0.643750
14.183333	1	0.640750
14.200000	1	0.637875
14.216667	1	0.636125
14.233333	1	0.634125
14.250000	1	0.633250
14.266667	1	0.632875
14.283333	1	0.633500
14.300000	1	0.635125
14.316667	1	0.637125
14.333333	1	0.640500
14.350000	1	0.644875
14.366667	1	0.650500
14.383333	1	0.657875
14.400000	1	0.667250
14.416667	1	0.679750
14.433333	1	0.696375
14.450000	1	0.721125
14.466667	1	0.759750
14.483333	1	0.820750
14.500000	1	0.917125
14.516667	1	1.070000
14.533333	1	1.308750
14.550000	1	1.672125
14.566667	1	2.212000
14.583333	1	2.991250
14.600000	1	4.085500
14.616667	1	5.578875
14.633333	1	7.560250
14.650000	1	10.113750
14.666667	1	13.305875
14.683333	1	17.173000
14.700000	1	21.709750
14.716667	1	26.852500
14.733333	1	32.486375
14.750000	1	38.434500
14.766667	1	44.471500
14.783333	1	50.329250
14.800000	1	55.733125
14.816667	1	60.419000
14.833333	1	64.155375
14.850000	1	66.761500
14.866667	1	68.132375
14.883333	1	68.241000
14.900000	1	67.144000
14.916667	1	64.969375
14.933333	1	61.895500
14.950000	1	58.134375
14.966667	1	53.903750
14.983333	1	49.419875
15.000000	1	44.861375
15.016667	1	40.376125
15.033333	1	36.075125
15.050000	1	32.036000
15.066667	1	28.308500
15.083333	1	24.916250
15.100000	1	21.864625
15.116667	1	19.144000
15.133333	1	16.732125
15.150000	1	14.602375
15.166667	1	12.730250
15.183333	1	11.089500
15.200000	1	9.653750
15.216667	1	8.400125
15.233333	1	7.307125
15.250000	1	6.358000
15.266667	1	5.537500
15.283333	1	4.832500
15.300000	1	4.231375
15.316667	1	3.723250
15.333333	1	3.298000
15.350000	1	2.945625
15.366667	1	2.657375
15.383333	1	2.423875
15.400000	1	2.237875
15.416667	1	2.090375
15.433333	1	1.973875
15.450000	1	1.881250
15.466667	1	1.807125
15.483333	1	1.744500
15.500000	1	1.689250
15.516667	1	1.637500
15.533333	1	1.587625
15.550000	1	1.539125
15.566667	1	1.490250
15.583333	1	1.440625
15.600000	1	1.391875
15.616667	1	1.344250
15.633333	1	1.298750
15.650000	1	1.255625
15.666667	1	1.215500
15.683333	1	1.177375
15.700000	1	1.142375
15.716667	1	1.110875
15.733333	1	1.080125
15.750000	1	1.052000
15.766667	1	1.026250
15.783333	1	1.001125
15.800000	1	0.977625
15.816667	1	0.955000
15.833333	1	0.933500
15.850000	1	0.913625
15.866667	1	0.894750
15.883333	1	0.877500
15.900000	1	0.862000
15.916667	1	0.849125
15.933333	1	0.838500
15.950000	1	0.829625
15.966667	1	0.824375
15.983333	1	0.819250
16.000000	1	0.817250
16.016667	1	0.816375
16.033333	1	0.816625
16.050000	1	0.817875
16.066667	1	0.820375
16.083333	1	0.823000
16.100000	1	0.826000
16.116667	1	0.828750
16.133333	1	0.831375
16.150000	1	0.833625
16.166667	1	0.835000
16.183333	1	0.835750
16.200000	1	0.835750
16.216667	1	0.833625
16.233333	1	0.831500
16.250000	1	0.827875
16.266667	1	0.822875
16.283333	1	0.818625
16.300000	1	0.813125
16.316667	1	0.807625
16.333333	1	0.802125
16.350000	1	0.796625
16.366667	1	0.792500
16.383333	1	0.788750
16.400000	1	0.786250
16.416667	1	0.785875
16.433333	1	0.786875
16.450000	1	0.788125
16.466667	1	0.791125
16.483333	1	0.794000
16.500000	1	0.796625
16.516667	1	0.799375
16.533333	1	0.801250
16.550000	1	0.801625
16.566667	1	0.800875
16.583333	1	0.797750
16.600000	1	0.794125
16.616667	1	0.788875
16.633333	1	0.783000
16.650000	1	0.776250
16.666667	1	0.769875
16.683333	1	0.764125
16.700000	1	0.760750
16.716667	1	0.759000
16.733333	1	0.759375
16.750000	1	0.762500
16.766667	1	0.767625
16.783333	1	0.773875
16.800000	1	0.782375
16.816667	1	0.792375
16.833333	1	0.803500
16.850000	1	0.814250
16.866667	1	0.824250
16.883333	1	0.833750
16.900000	1	0.842125
16.916667	1	0.848750
16.933333	1	0.853625
16.950000	1	0.856750
16.966667	1	0.858250
16.983333	1	0.859375
17.000000	1	0.859625
17.016667	1	0.859250
17.033333	1	0.857875
17.050000	1	0.857750
17.066667	1	0.857750
17.083333	1	0.858375
17.100000	1	0.859250
17.116667	1	0.860875
17.133333	1	0.863000
17.150000	1	0.866500
17.166667	1	0.870625
17.183333	1	0.874750
17.200000	1	0.878625
17.216667	1	0.882750
17.233333	1	0.887625
17.250000	1	0.892125
17.266667	1	0.897875
17.283333	1	0.903125
17.300000	1	0.907250
17.316667	1	0.911750
17.333333	1	0.915375
17.350000	1	0.918875
17.366667	1	0.922375
17.383333	1	0.925750
17.400000	1	0.928500
17.416667	1	0.929625
17.433333	1	0.930000
17.450000	1	0.928375
17.466667	1	0.925625
17.483333	1	0.922000
17.500000	1	0.915500
17.516667	1	0.908625
17.533333	1	0.899625
17.550000	1	0.889500
17.566667	1	0.877750
17.583333	1	0.864500
17.600000	1	0.850375
17.616667	1	0.835375
17.633333	1	0.819875
17.650000	1	0.805000
17.666667	1	0.788750
17.683333	1	0.772625
17.700000	1	0.756250
17.716667	1	0.740750
17.733333	1	0.725125
17.750000	1	0.710750
17.766667	1	0.697125
17.783333	1	0.684000
17.800000	1	0.672250
17.816667	1	0.661750
17.833333	1	0.652250
17.850000	1	0.643875
17.866667	1	0.636000
17.883333	1	0.630000
17.900000	1	0.624250
17.916667	1	0.619250
17.933333	1	0.615250
17.950000	1	0.610500
17.966667	1	0.606875
17.983333	1	0.602875
18.000000	1	0.599500
18.016667	1	0.595375
18.033333	1	0.592250
18.050000	1	0.589250
18.066667	1	0.586500
18.083333	1	0.584375
18.100000	1	0.582000
18.116667	1	0.579875
18.133333	1	0.578875
18.150000	1	0.578625
18.166667	1	0.579000
18.183333	1	0.581000
18.200000	1	0.583250
18.216667	1	0.585250
18.233333	1	0.587500
18.250000	1	0.590875
18.266667	1	0.593500
18.283333	1	0.595750
18.300000	1	0.598375
18.316667	1	0.601375
18.333333	1	0.604750
18.350000	1	0.607625
18.366667	1	0.611125
18.383333	1	0.615625
18.400000	1	0.621375
18.416667	1	0.627500
18.433333	1	0.634750
18.450000	1	0.644000
18.466667	1	0.654750
18.483333	1	0.667250
18.500000	1	0.682625
18.516667	1	0.699000
18.533333	1	0.717250
18.550000	1	0.737875
18.566667	1	0.760000
18.583333	1	0.784000
18.600000	1	0.809500
18.616667	1	0.837375
18.633333	1	0.866250
18.650000	1	0.897250
18.666667	1	0.929625
18.683333	1	0.963000
18.700000	1	0.998250
18.716667	1	1.033625
18.733333	1	1.068750
18.750000	1	1.104375
18.766667	1	1.140125
18.783333	1	1.174250
18.800000	1	1.206875
18.816667	1	1.237875
18.833333	1	1.266375
18.850000	1	1.290250
18.866667	1	1.310375
18.883333	1	1.325125
18.900000	1	1.334125
18.916667	1	1.337000
18.933333	1	1.334000
18.950000	1	1.324375
18.966667	1	1.308375
18.983333	1	1.286500
19.000000	1	1.257875
19.016667	1	1.224500
19.033333	1	1.186625
19.050000	1	1.146000
19.066667	1	1.102500
19.083333	1	1.057250
19.100000	1	1.011125
19.116667	1	0.965875
19.133333	1	0.921625
19.150000	1	0.880125
19.166667	1	0.841750
19.183333	1	0.807375
19.200000	1	0.777250
19.216667	1	0.752625
19.233333	1	0.734250
19.250000	1	0.721875
19.266667	1	0.716500
19.283333	1	0.718250
19.300000	1	0.727625
19.316667	1	0.744750
19.333333	1	0.769000
19.350000	1	0.799875
19.366667	1	0.836875
19.383333	1	0.880000
19.400000	1	0.927250
19.416667	1	0.976875
19.433333	1	1.028375
19.450000	1	1.078375
19.466667	1	1.126750
19.483333	1	1.171000
19.500000	1	1.211500
19.516667	1	1.246125
19.533333	1	1.273625
19.550000	1	1.294375
19.566667	1	1.307500
19.583333	1	1.314375
19.600000	1	1.314625
19.616667	1	1.307625
19.633333	1	1.295250
19.650000	1	1.277125
19.666667	1	1.254500
19.683333	1	1.227625
19.700000	1	1.197125
19.716667	1	1.164625
19.733333	1	1.130500
19.750000	1	1.093125
19.766667	1	1.054125
19.783333	1	1.014625
19.800000	1	0.974125
19.816667	1	0.933500
19.833333	1	0.892625
19.850000	1	0.851750
19.866667	1	0.811500
19.883333	1	0.772500
19.900000	1	0.735125
19.916667	1	0.700250
19.933333	1	0.666625
19.950000	1	0.635375
19.966667	1	0.605750
19.983333	1	0.579375
20.000000	1	0.556625
20.016667	1	0.537000
20.033333	1	0.520875
20.050000	1	0.509375
20.066667	1	0.501375
20.083333	1	0.497375
20.100000	1	0.497500
20.116667	1	0.502125
20.133333	1	0.510250
20.150000	1	0.521625
20.166667	1	0.536750
20.183333	1	0.554125
20.200000	1	0.572875
20.216667	1	0.591625
20.233333	1	0.609625
20.250000	1	0.626375
20.266667	1	0.641250
20.283333	1	0.652875
20.300000	1	0.660875
20.316667	1	0.665125
20.333333	1	0.665875
20.350000	1	0.662250
20.366667	1	0.653750
20.383333	1	0.642750
20.400000	1	0.628750
20.416667	1	0.612875
20.433333	1	0.595125
20.450000	1	0.576000
20.466667	1	0.556875
20.483333	1	0.539000
20.500000	1	0.522125
20.516667	1	0.508625
20.533333	1	0.498125
20.550000	1	0.492000
20.566667	1	0.491125
20.583333	1	0.495375
20.600000	1	0.506000
20.616667	1	0.524000
20.633333	1	0.550250
20.650000	1	0.585125
20.666667	1	0.628125
20.683333	1	0.680125
20.700000	1	0.741000
20.716667	1	0.809000
20.733333	1	0.883875
20.750000	1	0.964000
20.766667	1	1.047000
20.783333	1	1.131000
20.800000	1	1.213875
20.816667	1	1.292125
20.833333	1	1.363250
20.850000	1	1.425375
20.866667	1	1.475375
20.883333	1	1.513250
20.900000	1	1.537125
20.916667	1	1.546375
20.933333	1	1.541500
20.950000	1	1.522875
20.966667	1	1.492375
20.983333	1	1.450750
21.000000	1	1.400750
21.016667	1	1.342750
21.033333	1	1.280125
21.050000	1	1.214000
21.066667	1	1.146500
21.083333	1	1.079000
21.100000	1	1.014000
21.116667	1	0.950250
21.133333	1	0.890750
21.150000	1	0.834375
21.166667	1	0.781000
21.183333	1	0.732375
21.200000	1	0.686750
21.216667	1	0.645500
21.233333	1	0.607625
21.250000	1	0.573625
21.266667	1	0.543375
21.283333	1	0.516000
21.300000	1	0.490500
21.316667	1	0.468375
21.333333	1	0.447625
21.350000	1	0.429750
21.366667	1	0.413125
21.383333	1	0.397625
21.400000	1	0.383625
21.416667	1	0.371500
21.433333	1	0.360125
21.450000	1	0.350000
21.466667	1	0.341750
21.483333	1	0.333875
21.500000	1	0.326375
21.516667	1	0.319125
21.533333	1	0.313250
21.550000	1	0.308750
21.566667	1	0.304375
21.583333	1	0.300375
21.600000	1	0.297625
21.616667	1	0.296000
21.633333	1	0.295125
21.650000	1	0.294875
21.666667	1	0.295000
21.683333	1	0.296000
21.700000	1	0.298125
21.716667	1	0.300875
21.733333	1	0.304500
21.750000	1	0.309000
21.766667	1	0.314125
21.783333	1	0.319750
21.800000	1	0.325625
21.816667	1	0.332375
21.833333	1	0.338875
21.850000	1	0.346750
21.866667	1	0.353625
21.883333	1	0.361125
21.900000	1	0.369250
21.916667	1	0.377500
21.933333	1	0.386250
21.950000	1	0.394375
21.966667	1	0.403125
21.983333	1	0.412500
22.000000	1	0.421500
22.016667	1	0.430875
22.033333	1	0.439375
22.050000	1	0.448500
22.066667	1	0.458000
22.083333	1	0.466625
22.100000	1	0.475250
22.116667	1	0.483375
22.133333	1	0.490375
22.150000	1	0.497375
22.166667	1	0.503125
22.183333	1	0.507375
22.200000	1	0.510875
22.216667	1	0.512750
22.233333	1	0.513375
22.250000	1	0.511625
22.266667	1	0.508500
22.283333	1	0.504625
22.300000	1	0.499750
22.316667	1	0.493625
22.333333	1	0.485875
22.350000	1	0.478000
22.366667	1	0.468875
22.383333	1	0.458875
22.400000	1	0.448125
22.416667	1	0.437250
22.433333	1	0.425750
22.450000	1	0.414500
22.466667	1	0.403500
22.483333	1	0.393250
22.500000	1	0.382750
22.516667	1	0.373125
22.533333	1	0.363125
22.550000	1	0.353875
22.566667	1	0.343750
22.583333	1	0.334375
22.600000	1	0.324875
22.616667	1	0.315750
22.633333	1	0.307375
22.650000	1	0.298750
22.666667	1	0.290625
22.683333	1	0.282750
22.700000	1	0.274875
22.716667	1	0.267375
22.733333	1	0.260500
22.750000	1	0.253750
22.766667	1	0.247625
22.783333	1	0.241000
22.800000	1	0.234625
22.816667	1	0.229250
22.833333	1	0.224875
22.850000	1	0.219625
22.866667	1	0.215250
22.883333	1	0.211125
22.900000	1	0.207375
22.916667	1	0.204500
22.933333	1	0.202500
22.950000	1	0.200250
22.966667	1	0.199250
22.983333	1	0.198500
23.000000	1	0.197750
23.016667	1	0.198000
23.033333	1	0.198375
23.050000	1	0.199625
23.066667	1	0.201125
23.083333	1	0.203125
23.100000	1	0.205625
23.116667	1	0.208250
23.133333	1	0.211625
23.150000	1	0.214375
23.166667	1	0.217375
23.183333	1	0.220625
23.200000	1	0.223875
23.216667	1	0.227250
23.233333	1	0.230375
23.250000	1	0.233625
23.266667	1	0.236500
23.283333	1	0.240625
23.300000	1	0.244875
23.316667	1	0.251125
23.333333	1	0.258500
23.350000	1	0.267625
23.366667	1	0.279250
23.383333	1	0.294375
23.400000	1	0.314250
23.416667	1	0.340375
23.433333	1	0.373250
23.450000	1	0.415375
23.466667	1	0.467625
23.483333	1	0.533500
23.500000	1	0.613625
23.516667	1	0.711625
23.533333	1	0.828125
23.550000	1	0.966375
23.566667	1	1.126125
23.583333	1	1.309625
23.600000	1	1.516375
23.616667	1	1.746250
23.633333	1	1.997000
23.650000	1	2.265750
23.666667	1	2.550500
23.683333	1	2.846375
23.700000	1	3.148875
23.716667	1	3.451500
23.733333	1	3.747375
23.750000	1	4.030125
23.766667	1	4.293500
23.783333	1	4.530375
23.800000	1	4.735625
23.816667	1	4.904500
23.833333	1	5.034000
23.850000	1	5.121875
23.866667	1	5.166375
23.883333	1	5.168625
23.900000	1	5.129125
23.916667	1	5.051875
23.933333	1	4.939250
23.950000	1	4.796500
23.966667	1	4.627750
23.983333	1	4.437875
24.000000	1	4.231875
24.016667	1	4.015250
24.033333	1	3.791500
24.050000	1	3.565875
24.066667	1	3.342125
24.083333	1	3.122000
24.100000	1	2.907500
24.116667	1	2.700625
24.133333	1	2.503625
24.150000	1	2.317000
24.166667	1	2.140375
24.183333	1	1.974875
24.200000	1	1.820875
24.216667	1	1.677125
24.233333	1	1.544500
24.250000	1	1.421375
24.266667	1	1.308000
24.283333	1	1.203500
24.300000	1	1.107750
24.316667	1	1.019875
24.333333	1	0.939750
24.350000	1	0.866750
24.366667	1	0.801125
24.383333	1	0.741875
24.400000	1	0.689000
24.416667	1	0.640750
24.433333	1	0.598750
24.450000	1	0.561125
24.466667	1	0.528000
24.483333	1	0.498375
24.500000	1	0.472125
24.516667	1	0.449250
24.533333	1	0.429875
24.550000	1	0.412375
24.566667	1	0.396125
24.583333	1	0.382375
24.600000	1	0.369125
24.616667	1	0.357875
24.633333	1	0.347125
24.650000	1	0.336625
24.666667	1	0.326375
24.683333	1	0.316500
24.700000	1	0.308000
24.716667	1	0.298750
24.733333	1	0.289875
24.750000	1	0.280875
24.766667	1	0.272250
24.783333	1	0.263750
24.800000	1	0.256000
24.816667	1	0.249125
24.833333	1	0.241250
24.850000	1	0.234500
24.866667	1	0.228375
24.883333	1	0.222750
24.900000	1	0.217250
24.916667	1	0.212500
24.933333	1	0.208250
24.950000	1	0.204500
24.966667	1	0.201250
24.983333	1	0.198875
25.000000	1	0.196625
25.016667	1	0.194375
25.033333	1	0.193125
25.050000	1	0.192375
25.066667	1	0.191875
25.083333	1	0.191875
25.100000	1	0.191750
25.116667	1	0.192000
25.133333	1	0.191750
25.150000	1	0.192625
25.166667	1	0.193125
25.183333	1	0.194375
25.200000	1	0.195625
25.216667	1	0.196125
25.233333	1	0.196500
25.250000	1	0.197250
25.266667	1	0.197750
25.283333	1	0.198625
25.300000	1	0.200000
25.316667	1	0.200625
25.333333	1	0.201500
25.350000	1	0.202500
25.366667	1	0.203375
25.383333	1	0.205125
25.400000	1	0.206625
25.416667	1	0.208125
25.433333	1	0.209625
25.450000	1	0.211500
25.466667	1	0.213250
25.483333	1	0.215250
25.500000	1	0.217875
25.516667	1	0.220500
25.533333	1	0.223125
25.550000	1	0.225875
25.566667	1	0.229250
25.583333	1	0.232375
25.600000	1	0.234875
25.616667	1	0.237875
25.633333	1	0.240750
25.650000	1	0.243375
25.666667	1	0.246000
25.683333	1	0.247875
25.700000	1	0.250250
25.716667	1	0.251750
25.733333	1	0.253875
25.750000	1	0.256000
25.766667	1	0.257125
25.783333	1	0.257875
25.800000	1	0.258125
25.816667	1	0.258500
25.833333	1	0.259125
25.850000	1	0.259625
25.866667	1	0.259875
25.883333	1	0.260000
25.900000	1	0.261000
25.916667	1	0.261875
25.933333	1	0.262500
25.950000	1	0.264250
25.966667	1	0.265625
25.983333	1	0.266875
26.000000	1	0.268750
26.016667	1	0.271000
26.033333	1	0.273000
26.050000	1	0.275500
26.066667	1	0.278500
26.083333	1	0.282250
26.100000	1	0.285375
26.116667	1	0.289250
26.133333	1	0.293500
26.150000	1	0.297750
26.166667	1	0.302500
26.183333	1	0.308250
26.200000	1	0.312375
26.216667	1	0.316625
26.233333	1	0.321125
26.250000	1	0.325375
26.266667	1	0.330125
26.283333	1	0.334250
26.300000	1	0.337625
26.316667	1	0.340625
26.333333	1	0.343000
26.350000	1	0.344625
26.366667	1	0.345750
26.383333	1	0.346500
26.400000	1	0.346375
26.416667	1	0.345375
26.433333	1	0.343750
26.450000	1	0.342125
26.466667	1	0.339750
26.483333	1	0.336500
26.500000	1	0.332750
26.516667	1	0.328125
26.533333	1	0.323625
26.550000	1	0.318125
26.566667	1	0.312375
26.583333	1	0.306625
26.600000	1	0.300375
26.616667	1	0.294625
26.633333	1	0.288875
26.650000	1	0.282875
26.666667	1	0.276250
26.683333	1	0.270625
26.700000	1	0.264375
26.716667	1	0.258500
26.733333	1	0.252625
26.750000	1	0.247125
26.766667	1	0.241750
26.783333	1	0.236625
26.800000	1	0.231125
26.816667	1	0.226500
26.833333	1	0.222375
26.850000	1	0.218750
26.866667	1	0.215000
26.883333	1	0.211500
26.900000	1	0.208125
26.916667	1	0.204750
26.933333	1	0.201625
26.950000	1	0.199250
26.966667	1	0.197500
26.983333	1	0.194750
27.000000	1	0.192625
27.016667	1	0.191750
27.033333	1	0.190375
27.050000	1	0.189250
27.066667	1	0.188500
27.083333	1	0.188000
27.100000	1	0.188000
27.116667	1	0.188875
27.133333	1	0.190000
27.150000	1	0.191750
27.166667	1	0.194125
27.183333	1	0.197625
27.200000	1	0.201250
27.216667	1	0.206000
27.233333	1	0.212125
27.250000	1	0.219750
27.266667	1	0.228750
27.283333	1	0.240125
27.300000	1	0.254375
27.316667	1	0.271500
27.333333	1	0.291625
27.350000	1	0.315250
27.366667	1	0.342875
27.383333	1	0.376500
27.400000	1	0.416125
27.416667	1	0.463500
27.433333	1	0.518125
27.450000	1	0.581125
27.466667	1	0.654125
27.483333	1	0.737625
27.500000	1	0.831125
27.516667	1	0.936250
27.533333	1	1.053750
27.550000	1	1.182875
27.566667	1	1.324250
27.583333	1	1.476875
27.600000	1	1.639750
27.616667	1	1.813750
27.633333	1	1.996375
27.650000	1	2.186125
27.666667	1	2.380625
27.683333	1	2.579250
27.700000	1	2.778125
27.716667	1	2.973625
27.733333	1	3.163875
27.750000	1	3.346125
27.766667	1	3.516250
27.783333	1	3.671625
27.800000	1	3.810500
27.816667	1	3.928500
27.833333	1	4.026000
27.850000	1	4.099375
27.866667	1	4.147750
27.883333	1	4.170625
27.900000	1	4.167125
27.916667	1	4.138250
27.933333	1	4.085625
27.950000	1	4.009875
27.966667	1	3.912625
27.983333	1	3.797125
28.000000	1	3.665125
28.016667	1	3.520500
28.033333	1	3.365375
28.050000	1	3.202250
28.066667	1	3.034750
28.083333	1	2.862875
28.100000	1	2.690875
28.116667	1	2.521500
28.133333	1	2.355625
28.150000	1	2.195125
28.166667	1	2.040500
28.183333	1	1.894125
28.200000	1	1.754250
28.216667	1	1.623625
28.233333	1	1.500875
28.250000	1	1.386500
28.266667	1	1.279625
28.283333	1	1.180250
28.300000	1	1.089375
28.316667	1	1.005750
28.333333	1	0.930000
28.350000	1	0.861125
28.366667	1	0.798375
28.383333	1	0.742000
28.400000	1	0.691000
28.416667	1	0.645250
28.433333	1	0.604875
28.450000	1	0.567875
28.466667	1	0.536500
28.483333	1	0.508750
28.500000	1	0.484750
28.516667	1	0.464000
28.533333	1	0.447125
28.550000	1	0.432875
28.566667	1	0.422000
28.583333	1	0.414375
28.600000	1	0.408500
28.616667	1	0.404875
28.633333	1	0.402875
28.650000	1	0.403125
28.666667	1	0.404625
28.683333	1	0.408125
28.700000	1	0.412500
28.716667	1	0.417500
28.733333	1	0.423875
28.750000	1	0.430375
28.766667	1	0.436500
28.783333	1	0.443875
28.800000	1	0.451125
28.816667	1	0.458750
28.833333	1	0.465875
28.850000	1	0.472250
28.866667	1	0.478250
28.883333	1	0.483875
28.900000	1	0.488125
28.916667	1	0.491000
28.933333	1	0.493750
28.950000	1	0.495250
28.966667	1	0.496375
28.983333	1	0.496500
29.000000	1	0.494125
29.016667	1	0.490875
29.033333	1	0.485500
29.050000	1	0.479000
29.066667	1	0.470625
29.083333	1	0.460500
29.100000	1	0.447750
29.116667	1	0.433000
29.133333	1	0.416125
29.150000	1	0.397000
29.166667	1	0.375500
29.183333	1	0.351000
29.200000	1	0.324000
29.216667	1	0.293625
29.233333	1	0.260875
29.250000	1	0.225000
29.266667	1	0.185125
29.283333	1	0.141875
29.300000	1	0.095375
29.316667	1	0.045250
29.333333	1	-0.008625
29.350000	1	-0.065750
29.366667	1	-0.126875
29.383333	1	-0.190125
29.400000	1	-0.256250
29.416667	1	-0.325375
29.433333	1	-0.397500
29.450000	1	-0.471125
29.466667	1	-0.547000
29.483333	1	-0.622750
29.500000	1	-0.699500
29.516667	1	-0.775750
29.533333	1	-0.851375
29.550000	1	-0.924375
29.566667	1	-0.995250
29.583333	1	-1.063125
29.600000	1	-1.127125
29.616667	1	-1.187000
29.633333	1	-1.242125
29.650000	1	-1.292625
29.666667	1	-1.336125
29.683333	1	-1.373875
29.700000	1	-1.405375
29.716667	1	-1.430250
29.733333	1	-1.447250
29.750000	1	-1.456500
29.766667	1	-1.459375
29.783333	1	-1.455375
29.800000	1	-1.444875
29.816667	1	-1.428500
29.833333	1	-1.405750
29.850000	1	-1.377125
29.866667	1	-1.343000
29.883333	1	-1.304500
29.900000	1	-1.262375
29.916667	1	-1.217000
29.933333	1	-1.168750
29.950000	1	-1.118500
29.966667	1	-1.066125
29.983333	1	-1.012000
30.000000	1	-0.956875
30.016667	1	-0.901750
30.033333	1	-0.846250
30.050000	1	-0.791750
30.066667	1	-0.737875
30.083333	1	-0.685250
30.100000	1	-0.634125
30.116667	1	-0.584875
30.133333	1	-0.538000
30.150000	1	-0.493000
30.166667	1	-0.449875
30.183333	1	-0.408250
30.200000	1	-0.368625
30.216667	1	-0.332250
30.233333	1	-0.298250
30.250000	1	-0.265500
30.266667	1	-0.235250
30.283333	1	-0.206375
30.300000	1	-0.180000
30.316667	1	-0.155875
30.333333	1	-0.133250
30.350000	1	-0.112875
30.366667	1	-0.094250
30.383333	1	-0.076750
30.400000	1	-0.060875
30.416667	1	-0.046375
30.433333	1	-0.032375
30.450000	1	-0.020125
30.466667	1	-0.009375
30.483333	1	0.000625
30.500000	1	0.010375
30.516667	1	0.019750
30.533333	1	0.028625
30.550000	1	0.036625
30.566667	1	0.044000
30.583333	1	0.051750
30.600000	1	0.059750
30.616667	1	0.066750
30.633333	1	0.074125
30.650000	1	0.081500
30.666667	1	0.088750
30.683333	1	0.095875
30.700000	1	0.103500
30.716667	1	0.112000
30.733333	1	0.120875
30.750000	1	0.129500
30.766667	1	0.138625
30.783333	1	0.148625
30.800000	1	0.158875
30.816667	1	0.169125
30.833333	1	0.179625
30.850000	1	0.191250
30.866667	1	0.203125
30.883333	1	0.215625
30.900000	1	0.229250
30.916667	1	0.244375
30.933333	1	0.261375
30.950000	1	0.279000
30.966667	1	0.300000
30.983333	1	0.322500
31.000000	1	0.348625
31.016667	1	0.378500
31.033333	1	0.413500
31.050000	1	0.453500
31.066667	1	0.500125
31.083333	1	0.554625
31.100000	1	0.617000
31.116667	1	0.689125
31.133333	1	0.772250
31.150000	1	0.867000
31.166667	1	0.975250
31.183333	1	1.098625
31.200000	1	1.237750
31.216667	1	1.392625
31.233333	1	1.564625
31.250000	1	1.755000
31.266667	1	1.963000
31.283333	1	2.188500
31.300000	1	2.432000
31.316667	1	2.692250
31.333333	1	2.966625
31.350000	1	3.254375
31.366667	1	3.553500
31.383333	1	3.861000
31.400000	1	4.175000
31.416667	1	4.491125
31.433333	1	4.807125
31.450000	1	5.117875
31.466667	1	5.419625
31.483333	1	5.708000
31.500000	1	5.979875
31.516667	1	6.232125
31.533333	1	6.460250
31.550000	1	6.662000
31.566667	1	6.834125
31.583333	1	6.976250
31.600000	1	7.085875
31.616667	1	7.160875
31.633333	1	7.202250
31.650000	1	7.210750
31.666667	1	7.184500
31.683333	1	7.127625
31.700000	1	7.040375
31.716667	1	6.924875
31.733333	1	6.783125
31.750000	1	6.617500
31.766667	1	6.432375
31.783333	1	6.228500
31.800000	1	6.010375
31.816667	1	5.780250
31.833333	1	5.541125
31.850000	1	5.295000
31.866667	1	5.045750
31.883333	1	4.795250
31.900000	1	4.544375
31.916667	1	4.296875
31.933333	1	4.053375
31.950000	1	3.815625
31.966667	1	3.584750
31.983333	1	3.360250
32.000000	1	3.144500
32.016667	1	2.937000
32.033333	1	2.738500
32.050000	1	2.550125
32.066667	1	2.371250
32.083333	1	2.201250
32.100000	1	2.040250
32.116667	1	1.888750
32.133333	1	1.746250
32.150000	1	1.612000
32.166667	1	1.486750
32.183333	1	1.368625
32.200000	1	1.258250
32.216667	1	1.155625
32.233333	1	1.058250
32.250000	1	0.968500
32.266667	1	0.884750
32.283333	1	0.806500
32.300000	1	0.734375
32.316667	1	0.667125
32.333333	1	0.604875
32.350000	1	0.547750
32.366667	1	0.494000
32.383333	1	0.445000
32.400000	1	0.399250
32.416667	1	0.357375
32.433333	1	0.319000
32.450000	1	0.283000
32.466667	1	0.250500
32.483333	1	0.220625
32.500000	1	0.193875
32.516667	1	0.168250
32.533333	1	0.144625
32.550000	1	0.123750
32.566667	1	0.105000
32.583333	1	0.087250
32.600000	1	0.071000
32.616667	1	0.056625
32.633333	1	0.043500
32.650000	1	0.031375
32.666667	1	0.021250
32.683333	1	0.012125
32.700000	1	0.004000
32.716667	1	-0.002500
32.733333	1	-0.008000
32.750000	1	-0.013250
32.766667	1	-0.016875
32.783333	1	-0.020625
32.800000	1	-0.023750
32.816667	1	-0.025500
32.833333	1	-0.026500
32.850000	1	-0.026875
32.866667	1	-0.026875
32.883333	1	-0.026625
32.900000	1	-0.025125
32.916667	1	-0.024375
32.933333	1	-0.022250
32.950000	1	-0.019625
32.966667	1	-0.017625
32.983333	1	-0.015500
33.000000	1	-0.012375
33.016667	1	-0.010250
33.033333	1	-0.007500
33.050000	1	-0.004875
33.066667	1	-0.002250
33.083333	1	0.000500
33.100000	1	0.003000
33.116667	1	0.005375
33.133333	1	0.008750
33.150000	1	0.010750
33.166667	1	0.014250
33.183333	1	0.016875
33.200000	1	0.019250
33.216667	1	0.021250
33.233333	1	0.023875
33.250000	1	0.025375
33.266667	1	0.027500
33.283333	1	0.029625
33.300000	1	0.031750
33.316667	1	0.033125
33.333333	1	0.034750
33.350000	1	0.036500
33.366667	1	0.038250
33.383333	1	0.039750
33.400000	1	0.041500
33.416667	1	0.043750
33.433333	1	0.045000
33.450000	1	0.046375
33.466667	1	0.046750
33.483333	1	0.047750
33.500000	1	0.047875
33.516667	1	0.048125
33.533333	1	0.048250
33.550000	1	0.048750
33.566667	1	0.048625
33.583333	1	0.048750
33.600000	1	0.047875
33.616667	1	0.047750
33.633333	1	0.047250
33.650000	1	0.046875
33.666667	1	0.045625
33.683333	1	0.044750
33.700000	1	0.043375
33.716667	1	0.042500
33.733333	1	0.042125
33.750000	1	0.041000
33.766667	1	0.039875
33.783333	1	0.039125
33.800000	1	0.038375
33.816667	1	0.037625
33.833333	1	0.037125
33.850000	1	0.036625
33.866667	1	0.035375
33.883333	1	0.034625
33.900000	1	0.034125
33.916667	1	0.033625
33.933333	1	0.034500
33.950000	1	0.034750
33.966667	1	0.035750
33.983333	1	0.036500
34.000000	1	0.037625
34.016667	1	0.038125
34.033333	1	0.038375
34.050000	1	0.038875
34.066667	1	0.039625
34.083333	1	0.040750
34.100000	1	0.041875
34.116667	1	0.042250
34.133333	1	0.043125
34.150000	1	0.044375
34.166667	1	0.044375
34.183333	1	0.044125
34.200000	1	0.044000
34.216667	1	0.044000
34.233333	1	0.043375
34.250000	1	0.042875
34.266667	1	0.041500
34.283333	1	0.040250
34.300000	1	0.039000
34.316667	1	0.037500
34.333333	1	0.036500
34.350000	1	0.035500
34.366667	1	0.033625
34.383333	1	0.032625
34.400000	1	0.031000
34.416667	1	0.029625
34.433333	1	0.028125
34.450000	1	0.026250
34.466667	1	0.025375
34.483333	1	0.024000
34.500000	1	0.023125
34.516667	1	0.023000
34.533333	1	0.022750
34.550000	1	0.022875
34.566667	1	0.023125
34.583333	1	0.023250
34.600000	1	0.023250
34.616667	1	0.023750
34.633333	1	0.024875
34.650000	1	0.026625
34.666667	1	0.027750
34.683333	1	0.028625
34.700000	1	0.029750
34.716667	1	0.030250
34.733333	1	0.031625
34.750000	1	0.033500
34.766667	1	0.034250
34.783333	1	0.036000
34.800000	1	0.037250
34.816667	1	0.038500
34.833333	1	0.039750
34.850000	1	0.040000
34.866667	1	0.041125
34.883333	1	0.042625
34.900000	1	0.044125
34.916667	1	0.044625
34.933333	1	0.045000
34.950000	1	0.046375
34.966667	1	0.047750
34.983333	1	0.048500
35.000000	1	0.048500
35.016667	1	0.049750
35.033333	1	0.050125
35.050000	1	0.050250
35.066667	1	0.050625
35.083333	1	0.050875
35.100000	1	0.052000
35.116667	1	0.052000
35.133333	1	0.052750
35.150000	1	0.053000
35.166667	1	0.052875
35.183333	1	0.052625
35.200000	1	0.053625
35.216667	1	0.054000
35.233333	1	0.054875
35.250000	1	0.055750
35.266667	1	0.057125
35.283333	1	0.057875
35.300000	1	0.059625
35.316667	1	0.061000
35.333333	1	0.062500
35.350000	1	0.064125
35.366667	1	0.065375
35.383333	1	0.066875
35.400000	1	0.068750
35.416667	1	0.071375
35.433333	1	0.074125
35.450000	1	0.076250
35.466667	1	0.078500
35.483333	1	0.081250
35.500000	1	0.083250
35.516667	1	0.084750
35.533333	1	0.088375
35.550000	1	0.091250
35.566667	1	0.093875
35.583333	1	0.096750
35.600000	1	0.098750
35.616667	1	0.100750
35.633333	1	0.103250
35.650000	1	0.106125
35.666667	1	0.107750
35.683333	1	0.109875
35.700000	1	0.112000
35.716667	1	0.114250
35.733333	1	0.115750
35.750000	1	0.117875
35.766667	1	0.119875
35.783333	1	0.121000
35.800000	1	0.121500
35.816667	1	0.121625
35.833333	1	0.122250
35.850000	1	0.122500
35.866667	1	0.122625
35.883333	1	0.122125
35.900000	1	0.121625
35.916667	1	0.121000
35.933333	1	0.119875
35.950000	1	0.118250
35.966667	1	0.115875
35.983333	1	0.113625
36.000000	1	0.110625
36.016667	1	0.107875
36.033333	1	0.103750
36.050000	1	0.099875
36.066667	1	0.096625
36.083333	1	0.092500
36.100000	1	0.088500
36.116667	1	0.084250
36.133333	1	0.080750
36.150000	1	0.077375
36.166667	1	0.074000
36.183333	1	0.070625
36.200000	1	0.067000
36.216667	1	0.064250
36.233333	1	0.061875
36.250000	1	0.059375
36.266667	1	0.057500
36.283333	1	0.055750
36.300000	1	0.055000
36.316667	1	0.054750
36.333333	1	0.054375
36.350000	1	0.055000
36.366667	1	0.055250
36.383333	1	0.056750
36.400000	1	0.057750
36.416667	1	0.059625
36.433333	1	0.061750
36.450000	1	0.064250
36.466667	1	0.066125
36.483333	1	0.068875
36.500000	1	0.072000
36.516667	1	0.075250
36.533333	1	0.077375
36.550000	1	0.079875
36.566667	1	0.082375
36.583333	1	0.085000
36.600000	1	0.087500
36.616667	1	0.089000
36.633333	1	0.090250
36.650000	1	0.090875
36.666667	1	0.091750
36.683333	1	0.092375
36.700000	1	0.092750
36.716667	1	0.092500
36.733333	1	0.092625
36.750000	1	0.091375
36.766667	1	0.090625
36.783333	1	0.089000
36.800000	1	0.086875
36.816667	1	0.085375
36.833333	1	0.083750
36.850000	1	0.081375
36.866667	1	0.078625
36.883333	1	0.075875
36.900000	1	0.073000
36.916667	1	0.070750
36.933333	1	0.068250
36.950000	1	0.065250
36.966667	1	0.063125
36.983333	1	0.060125
37.000000	1	0.057750
37.016667	1	0.056000
37.033333	1	0.054250
37.050000	1	0.052625
37.066667	1	0.051125
37.083333	1	0.049875
37.100000	1	0.048000
37.116667	1	0.047625
37.133333	1	0.046500
37.150000	1	0.046125
37.166667	1	0.045000
37.183333	1	0.044250
37.200000	1	0.043125
37.216667	1	0.042250
37.233333	1	0.041500
37.250000	1	0.040375
37.266667	1	0.040125
37.283333	1	0.039000
37.300000	1	0.038125
37.316667	1	0.037500
37.333333	1	0.036375
37.350000	1	0.036125
37.366667	1	0.034875
37.383333	1	0.032625
37.400000	1	0.030750
37.416667	1	0.028625
37.433333	1	0.026875
37.450000	1	0.024500
37.466667	1	0.023250
37.483333	1	0.021000
37.500000	1	0.019250
37.516667	1	0.017250
37.533333	1	0.015250
37.550000	1	0.012875
37.566667	1	0.010375
37.583333	1	0.008375
37.600000	1	0.007250
37.616667	1	0.005125
37.633333	1	0.002750
37.650000	1	0.001125
37.666667	1	-0.000125
37.683333	1	-0.001875
37.700000	1	-0.003000
37.716667	1	-0.004625
37.733333	1	-0.005750
37.750000	1	-0.006750
37.766667	1	-0.007125
37.783333	1	-0.007750
37.800000	1	-0.008500
37.816667	1	-0.009250
37.833333	1	-0.010250
37.850000	1	-0.010375
37.866667	1	-0.010375
37.883333	1	-0.009750
37.900000	1	-0.010250
37.916667	1	-0.010500
37.933333	1	-0.010000
37.950000	1	-0.009500
37.966667	1	-0.008875
37.983333	1	-0.009125
38.000000	1	-0.008625
38.016667	1	-0.008125
38.033333	1	-0.006875
38.050000	1	-0.006375
38.066667	1	-0.006000
38.083333	1	-0.004625
38.100000	1	-0.003750
38.116667	1	-0.003250
38.133333	1	-0.002000
38.150000	1	-0.001250
38.166667	1	-0.000375
38.183333	1	0.000250
38.200000	1	0.001125
38.216667	1	0.001750
38.233333	1	0.002875
38.250000	1	0.003500
38.266667	1	0.005000
38.283333	1	0.006500
38.300000	1	0.007875
38.316667	1	0.008875
38.333333	1	0.010125
38.350000	1	0.011750
38.366667	1	0.013000
38.383333	1	0.014375
38.400000	1	0.015375
38.416667	1	0.016500
38.433333	1	0.017875
38.450000	1	0.019000
38.466667	1	0.020875
38.483333	1	0.022875
38.500000	1	0.024625
38.516667	1	0.026750
38.533333	1	0.028000
38.550000	1	0.029750
38.566667	1	0.031375
38.583333	1	0.033250
38.600000	1	0.034500
38.616667	1	0.036750
38.633333	1	0.037875
38.650000	1	0.039250
38.666667	1	0.040750
38.683333	1	0.041750
38.700000	1	0.043000
38.716667	1	0.044000
38.733333	1	0.046000
38.750000	1	0.047250
38.766667	1	0.047875
38.783333	1	0.048875
38.800000	1	0.049750
38.816667	1	0.050000
38.833333	1	0.049875
38.850000	1	0.050000
38.866667	1	0.051125
38.883333	1	0.051250
38.900000	1	0.052000
38.916667	1	0.052000
38.933333	1	0.051375
38.950000	1	0.051125
38.966667	1	0.051000
38.983333	1	0.050625
39.000000	1	0.049375
39.016667	1	0.048250
39.033333	1	0.048125
39.050000	1	0.047500
39.066667	1	0.046625
39.083333	1	0.045625
39.100000	1	0.044500
39.116667	1	0.043500
39.133333	1	0.042250
39.150000	1	0.040375
39.166667	1	0.039250
39.183333	1	0.038625
39.200000	1	0.036875
39.216667	1	0.035625
39.233333	1	0.034625
39.250000	1	0.033125
39.266667	1	0.031875
39.283333	1	0.031000
39.300000	1	0.030375
39.316667	1	0.029625
39.333333	1	0.028750
39.350000	1	0.027875
39.366667	1	0.026750
39.383333	1	0.026000
39.400000	1	0.024125
39.416667	1	0.022875
39.433333	1	0.022000
39.450000	1	0.021250
39.466667	1	0.020750
39.483333	1	0.019500
39.500000	1	0.018250
39.516667	1	0.016625
39.533333	1	0.015250
39.550000	1	0.013750
39.566667	1	0.012125
39.583333	1	0.010375
39.600000	1	0.009250
39.616667	1	0.006625
39.633333	1	0.004625
39.650000	1	0.002625
39.666667	1	0.000750
39.683333	1	-0.001375
39.700000	1	-0.003500
39.716667	1	-0.005500
39.733333	1	-0.007125
39.750000	1	-0.009000
39.766667	1	-0.011125
39.783333	1	-0.012875
39.800000	1	-0.014625
39.816667	1	-0.016125
39.833333	1	-0.017625
39.850000	1	-0.018500
39.866667	1	-0.019125
39.883333	1	-0.019625
39.900000	1	-0.020625
39.916667	1	-0.021375
39.933333	1	-0.022625
39.950000	1	-0.022625
39.966667	1	-0.023000
39.983333	1	-0.023500
40.000000	1	-0.023750
