URL	chrom://7040-86g6c92/XVault/Ultimate_3000/20/20240517_CMO_FP23_FP25_MarkusDeplate.seq/691.smp/RI_1.channel/RI_1.chm
Channel	RI_1

Injection Information:
Data Vault	XVault
Sequence	20240517_CMO_FP23_FP25_MarkusDeplate
Name	FP25_25.1_s7
Number	47
Position	BD11
Comment	
Processing Method	
Instrument Method	run_25B_method
Type	Unknown
Status	Finished
Inject Time	29.05.2024 01:27:03 +02:00
Volume (µl)	20.0000
Dilution Factor	1.0000
Weight	1.0000

Chromatogram Data Information:
Time Min. (min)	0.000000
Time Max. (min)	40.000000
Data Points	2401
Detector	RI
Generating Data System	Chromeleon 7.3.2.11814
Exporting Data System	Chromeleon 7.3.2.0
Operator	Instrument Controller
Signal Quantity	Refractive 
Signal Unit	µRIU
Signal Min.	-0.903875
Signal Max.	60.841750
Channel	RI_1
Driver Name	RID520Driver.dll
Channel Type	Evaluation
Min. Step (s)	1
Max. Step (s)	1
Average Step (s)	1

Signal Parameter Information:
Signal Info	

Chromatogram Data:
Time (min)	Step (s)	Value (µRIU)
0.000000	n.a.	-0.080000
0.016667	1	-0.082500
0.033333	1	-0.083625
0.050000	1	-0.084750
0.066667	1	-0.085875
0.083333	1	-0.087125
0.100000	1	-0.088500
0.116667	1	-0.089250
0.133333	1	-0.090500
0.150000	1	-0.091375
0.166667	1	-0.092500
0.183333	1	-0.093375
0.200000	1	-0.095250
0.216667	1	-0.096875
0.233333	1	-0.098625
0.250000	1	-0.099625
0.266667	1	-0.100500
0.283333	1	-0.101250
0.300000	1	-0.101625
0.316667	1	-0.102500
0.333333	1	-0.103375
0.350000	1	-0.104625
0.366667	1	-0.105625
0.383333	1	-0.107000
0.400000	1	-0.108375
0.416667	1	-0.109000
0.433333	1	-0.108875
0.450000	1	-0.107375
0.466667	1	-0.105000
0.483333	1	-0.103375
0.500000	1	-0.101625
0.516667	1	-0.101125
0.533333	1	-0.100375
0.550000	1	-0.100500
0.566667	1	-0.101125
0.583333	1	-0.101625
0.600000	1	-0.104250
0.616667	1	-0.106250
0.633333	1	-0.107625
0.650000	1	-0.109250
0.666667	1	-0.109875
0.683333	1	-0.109625
0.700000	1	-0.109000
0.716667	1	-0.109125
0.733333	1	-0.108625
0.750000	1	-0.108500
0.766667	1	-0.108000
0.783333	1	-0.107750
0.800000	1	-0.107875
0.816667	1	-0.107375
0.833333	1	-0.107250
0.850000	1	-0.107125
0.866667	1	-0.107000
0.883333	1	-0.106750
0.900000	1	-0.106750
0.916667	1	-0.106250
0.933333	1	-0.106125
0.950000	1	-0.105625
0.966667	1	-0.105375
0.983333	1	-0.104500
1.000000	1	-0.104500
1.016667	1	-0.103625
1.033333	1	-0.103500
1.050000	1	-0.103125
1.066667	1	-0.103125
1.083333	1	-0.101875
1.100000	1	-0.101250
1.116667	1	-0.100500
1.133333	1	-0.099875
1.150000	1	-0.099125
1.166667	1	-0.098000
1.183333	1	-0.096625
1.200000	1	-0.095125
1.216667	1	-0.094875
1.233333	1	-0.094125
1.250000	1	-0.092750
1.266667	1	-0.091625
1.283333	1	-0.090375
1.300000	1	-0.089250
1.316667	1	-0.088250
1.333333	1	-0.087000
1.350000	1	-0.086500
1.366667	1	-0.086250
1.383333	1	-0.085500
1.400000	1	-0.085250
1.416667	1	-0.084625
1.433333	1	-0.084625
1.450000	1	-0.084000
1.466667	1	-0.083500
1.483333	1	-0.083625
1.500000	1	-0.083375
1.516667	1	-0.083375
1.533333	1	-0.083375
1.550000	1	-0.083750
1.566667	1	-0.084875
1.583333	1	-0.085125
1.600000	1	-0.084875
1.616667	1	-0.085750
1.633333	1	-0.086750
1.650000	1	-0.088250
1.666667	1	-0.089750
1.683333	1	-0.090000
1.700000	1	-0.090875
1.716667	1	-0.091875
1.733333	1	-0.093250
1.750000	1	-0.094250
1.766667	1	-0.095250
1.783333	1	-0.096000
1.800000	1	-0.096750
1.816667	1	-0.098000
1.833333	1	-0.098750
1.850000	1	-0.100625
1.866667	1	-0.102250
1.883333	1	-0.103250
1.900000	1	-0.104375
1.916667	1	-0.106125
1.933333	1	-0.107750
1.950000	1	-0.109625
1.966667	1	-0.110625
1.983333	1	-0.112125
2.000000	1	-0.112875
2.016667	1	-0.114375
2.033333	1	-0.114375
2.050000	1	-0.115875
2.066667	1	-0.117000
2.083333	1	-0.118125
2.100000	1	-0.119375
2.116667	1	-0.120625
2.133333	1	-0.121500
2.150000	1	-0.122625
2.166667	1	-0.123625
2.183333	1	-0.124000
2.200000	1	-0.124375
2.216667	1	-0.124500
2.233333	1	-0.124875
2.250000	1	-0.124625
2.266667	1	-0.125000
2.283333	1	-0.124875
2.300000	1	-0.125000
2.316667	1	-0.125625
2.333333	1	-0.126250
2.350000	1	-0.125625
2.366667	1	-0.125250
2.383333	1	-0.125625
2.400000	1	-0.125875
2.416667	1	-0.126125
2.433333	1	-0.126375
2.450000	1	-0.126375
2.466667	1	-0.126375
2.483333	1	-0.125875
2.500000	1	-0.126875
2.516667	1	-0.126250
2.533333	1	-0.125750
2.550000	1	-0.125375
2.566667	1	-0.125125
2.583333	1	-0.125375
2.600000	1	-0.125125
2.616667	1	-0.125250
2.633333	1	-0.125500
2.650000	1	-0.126000
2.666667	1	-0.125250
2.683333	1	-0.124500
2.700000	1	-0.123625
2.716667	1	-0.124000
2.733333	1	-0.123500
2.750000	1	-0.123375
2.766667	1	-0.122375
2.783333	1	-0.121500
2.800000	1	-0.120625
2.816667	1	-0.120125
2.833333	1	-0.118875
2.850000	1	-0.117125
2.866667	1	-0.116625
2.883333	1	-0.115000
2.900000	1	-0.114125
2.916667	1	-0.113625
2.933333	1	-0.113000
2.950000	1	-0.112000
2.966667	1	-0.110750
2.983333	1	-0.110125
3.000000	1	-0.109250
3.016667	1	-0.107625
3.033333	1	-0.106375
3.050000	1	-0.105375
3.066667	1	-0.105000
3.083333	1	-0.104375
3.100000	1	-0.103625
3.116667	1	-0.103000
3.133333	1	-0.103000
3.150000	1	-0.102125
3.166667	1	-0.101375
3.183333	1	-0.100875
3.200000	1	-0.100375
3.216667	1	-0.100125
3.233333	1	-0.100125
3.250000	1	-0.100250
3.266667	1	-0.100250
3.283333	1	-0.099250
3.300000	1	-0.099500
3.316667	1	-0.099875
3.333333	1	-0.100250
3.350000	1	-0.100750
3.366667	1	-0.100875
3.383333	1	-0.101875
3.400000	1	-0.102500
3.416667	1	-0.103500
3.433333	1	-0.104500
3.450000	1	-0.104875
3.466667	1	-0.105000
3.483333	1	-0.105500
3.500000	1	-0.105875
3.516667	1	-0.106000
3.533333	1	-0.106250
3.550000	1	-0.106375
3.566667	1	-0.107500
3.583333	1	-0.107250
3.600000	1	-0.106375
3.616667	1	-0.105750
3.633333	1	-0.105625
3.650000	1	-0.104750
3.666667	1	-0.103750
3.683333	1	-0.102625
3.700000	1	-0.102375
3.716667	1	-0.101375
3.733333	1	-0.100250
3.750000	1	-0.099000
3.766667	1	-0.098000
3.783333	1	-0.097125
3.800000	1	-0.096000
3.816667	1	-0.095125
3.833333	1	-0.093750
3.850000	1	-0.092000
3.866667	1	-0.091375
3.883333	1	-0.090250
3.900000	1	-0.089625
3.916667	1	-0.089125
3.933333	1	-0.088750
3.950000	1	-0.088625
3.966667	1	-0.088000
3.983333	1	-0.088125
4.000000	1	-0.087625
4.016667	1	-0.087125
4.033333	1	-0.086875
4.050000	1	-0.087375
4.066667	1	-0.086875
4.083333	1	-0.086375
4.100000	1	-0.086250
4.116667	1	-0.086625
4.133333	1	-0.087250
4.150000	1	-0.087625
4.166667	1	-0.087625
4.183333	1	-0.088125
4.200000	1	-0.088625
4.216667	1	-0.088875
4.233333	1	-0.088875
4.250000	1	-0.089375
4.266667	1	-0.090125
4.283333	1	-0.090125
4.300000	1	-0.090625
4.316667	1	-0.090500
4.333333	1	-0.091125
4.350000	1	-0.091000
4.366667	1	-0.091125
4.383333	1	-0.091125
4.400000	1	-0.091625
4.416667	1	-0.091000
4.433333	1	-0.089875
4.450000	1	-0.089000
4.466667	1	-0.088375
4.483333	1	-0.087000
4.500000	1	-0.086125
4.516667	1	-0.085250
4.533333	1	-0.084375
4.550000	1	-0.083125
4.566667	1	-0.081500
4.583333	1	-0.079625
4.600000	1	-0.077750
4.616667	1	-0.075625
4.633333	1	-0.073750
4.650000	1	-0.072500
4.666667	1	-0.070750
4.683333	1	-0.069000
4.700000	1	-0.067250
4.716667	1	-0.065625
4.733333	1	-0.063625
4.750000	1	-0.061875
4.766667	1	-0.060250
4.783333	1	-0.058125
4.800000	1	-0.056625
4.816667	1	-0.054875
4.833333	1	-0.053250
4.850000	1	-0.052000
4.866667	1	-0.050875
4.883333	1	-0.048750
4.900000	1	-0.047750
4.916667	1	-0.045875
4.933333	1	-0.044250
4.950000	1	-0.042875
4.966667	1	-0.040500
4.983333	1	-0.038750
5.000000	1	-0.036875
5.016667	1	-0.034875
5.033333	1	-0.033000
5.050000	1	-0.030250
5.066667	1	-0.028250
5.083333	1	-0.026125
5.100000	1	-0.023250
5.116667	1	-0.021000
5.133333	1	-0.018500
5.150000	1	-0.015375
5.166667	1	-0.012750
5.183333	1	-0.010500
5.200000	1	-0.008250
5.216667	1	-0.005250
5.233333	1	-0.002000
5.250000	1	0.000750
5.266667	1	0.003625
5.283333	1	0.006000
5.300000	1	0.009250
5.316667	1	0.012250
5.333333	1	0.014375
5.350000	1	0.017875
5.366667	1	0.020750
5.383333	1	0.023250
5.400000	1	0.027250
5.416667	1	0.030250
5.433333	1	0.033875
5.450000	1	0.037375
5.466667	1	0.040250
5.483333	1	0.043125
5.500000	1	0.046625
5.516667	1	0.049625
5.533333	1	0.053000
5.550000	1	0.056000
5.566667	1	0.059750
5.583333	1	0.064125
5.600000	1	0.067000
5.616667	1	0.070375
5.633333	1	0.073875
5.650000	1	0.077000
5.666667	1	0.080625
5.683333	1	0.083750
5.700000	1	0.087500
5.716667	1	0.090375
5.733333	1	0.092750
5.750000	1	0.095500
5.766667	1	0.097625
5.783333	1	0.100375
5.800000	1	0.102250
5.816667	1	0.104250
5.833333	1	0.106125
5.850000	1	0.107750
5.866667	1	0.108750
5.883333	1	0.110000
5.900000	1	0.111375
5.916667	1	0.112250
5.933333	1	0.112750
5.950000	1	0.112875
5.966667	1	0.112875
5.983333	1	0.113625
6.000000	1	0.113000
6.016667	1	0.111750
6.033333	1	0.111500
6.050000	1	0.111000
6.066667	1	0.110625
6.083333	1	0.109125
6.100000	1	0.107875
6.116667	1	0.106125
6.133333	1	0.104375
6.150000	1	0.103125
6.166667	1	0.101250
6.183333	1	0.099125
6.200000	1	0.097375
6.216667	1	0.095750
6.233333	1	0.093625
6.250000	1	0.091750
6.266667	1	0.089500
6.283333	1	0.087500
6.300000	1	0.085500
6.316667	1	0.082750
6.333333	1	0.080625
6.350000	1	0.079000
6.366667	1	0.076500
6.383333	1	0.075125
6.400000	1	0.073125
6.416667	1	0.071000
6.433333	1	0.067875
6.450000	1	0.065625
6.466667	1	0.063500
6.483333	1	0.060625
6.500000	1	0.058125
6.516667	1	0.055125
6.533333	1	0.052750
6.550000	1	0.050500
6.566667	1	0.047875
6.583333	1	0.044875
6.600000	1	0.042500
6.616667	1	0.039625
6.633333	1	0.036875
6.650000	1	0.034500
6.666667	1	0.032250
6.683333	1	0.029500
6.700000	1	0.027125
6.716667	1	0.024250
6.733333	1	0.021250
6.750000	1	0.019375
6.766667	1	0.017875
6.783333	1	0.015250
6.800000	1	0.013125
6.816667	1	0.011750
6.833333	1	0.010375
6.850000	1	0.008625
6.866667	1	0.008125
6.883333	1	0.006125
6.900000	1	0.005625
6.916667	1	0.004375
6.933333	1	0.003875
6.950000	1	0.003250
6.966667	1	0.002750
6.983333	1	0.002750
7.000000	1	0.002125
7.016667	1	0.001625
7.033333	1	0.001625
7.050000	1	0.001625
7.066667	1	0.001750
7.083333	1	0.001875
7.100000	1	0.001625
7.116667	1	0.002250
7.133333	1	0.002875
7.150000	1	0.003375
7.166667	1	0.004000
7.183333	1	0.005000
7.200000	1	0.005375
7.216667	1	0.006625
7.233333	1	0.007875
7.250000	1	0.009125
7.266667	1	0.010500
7.283333	1	0.011625
7.300000	1	0.013500
7.316667	1	0.014625
7.333333	1	0.016875
7.350000	1	0.018625
7.366667	1	0.020750
7.383333	1	0.023000
7.400000	1	0.025000
7.416667	1	0.027250
7.433333	1	0.028875
7.450000	1	0.031125
7.466667	1	0.033250
7.483333	1	0.035750
7.500000	1	0.038375
7.516667	1	0.040750
7.533333	1	0.043125
7.550000	1	0.044750
7.566667	1	0.046875
7.583333	1	0.048625
7.600000	1	0.051000
7.616667	1	0.052750
7.633333	1	0.053375
7.650000	1	0.054125
7.666667	1	0.055625
7.683333	1	0.056125
7.700000	1	0.056750
7.716667	1	0.057500
7.733333	1	0.058375
7.750000	1	0.058625
7.766667	1	0.057875
7.783333	1	0.057375
7.800000	1	0.057375
7.816667	1	0.056250
7.833333	1	0.054750
7.850000	1	0.053250
7.866667	1	0.051375
7.883333	1	0.049625
7.900000	1	0.047000
7.916667	1	0.043875
7.933333	1	0.041000
7.950000	1	0.038625
7.966667	1	0.035500
7.983333	1	0.032000
8.000000	1	0.028375
8.016667	1	0.025000
8.033333	1	0.021500
8.050000	1	0.017625
8.066667	1	0.013500
8.083333	1	0.009375
8.100000	1	0.006000
8.116667	1	0.002625
8.133333	1	-0.001625
8.150000	1	-0.005000
8.166667	1	-0.008375
8.183333	1	-0.011875
8.200000	1	-0.016000
8.216667	1	-0.019750
8.233333	1	-0.022500
8.250000	1	-0.025750
8.266667	1	-0.029000
8.283333	1	-0.031875
8.300000	1	-0.034750
8.316667	1	-0.037875
8.333333	1	-0.040625
8.350000	1	-0.042625
8.366667	1	-0.044250
8.383333	1	-0.046500
8.400000	1	-0.047750
8.416667	1	-0.049375
8.433333	1	-0.050875
8.450000	1	-0.051750
8.466667	1	-0.052375
8.483333	1	-0.052750
8.500000	1	-0.053875
8.516667	1	-0.054625
8.533333	1	-0.055125
8.550000	1	-0.054875
8.566667	1	-0.054875
8.583333	1	-0.054375
8.600000	1	-0.055000
8.616667	1	-0.054625
8.633333	1	-0.054625
8.650000	1	-0.054500
8.666667	1	-0.054500
8.683333	1	-0.053750
8.700000	1	-0.053625
8.716667	1	-0.052625
8.733333	1	-0.051500
8.750000	1	-0.051250
8.766667	1	-0.050625
8.783333	1	-0.050625
8.800000	1	-0.050875
8.816667	1	-0.050875
8.833333	1	-0.050625
8.850000	1	-0.050375
8.866667	1	-0.051250
8.883333	1	-0.051125
8.900000	1	-0.051625
8.916667	1	-0.051875
8.933333	1	-0.052500
8.950000	1	-0.052750
8.966667	1	-0.053625
8.983333	1	-0.054125
9.000000	1	-0.053500
9.016667	1	-0.054500
9.033333	1	-0.055500
9.050000	1	-0.056000
9.066667	1	-0.056250
9.083333	1	-0.056125
9.100000	1	-0.056625
9.116667	1	-0.057375
9.133333	1	-0.057625
9.150000	1	-0.057375
9.166667	1	-0.057125
9.183333	1	-0.058000
9.200000	1	-0.057875
9.216667	1	-0.057875
9.233333	1	-0.057625
9.250000	1	-0.058000
9.266667	1	-0.058250
9.283333	1	-0.058000
9.300000	1	-0.057625
9.316667	1	-0.057250
9.333333	1	-0.057125
9.350000	1	-0.056750
9.366667	1	-0.056875
9.383333	1	-0.056875
9.400000	1	-0.056625
9.416667	1	-0.056875
9.433333	1	-0.056375
9.450000	1	-0.056375
9.466667	1	-0.056875
9.483333	1	-0.056375
9.500000	1	-0.056625
9.516667	1	-0.056500
9.533333	1	-0.057000
9.550000	1	-0.056625
9.566667	1	-0.057125
9.583333	1	-0.057625
9.600000	1	-0.058125
9.616667	1	-0.059000
9.633333	1	-0.059250
9.650000	1	-0.060000
9.666667	1	-0.059875
9.683333	1	-0.060250
9.700000	1	-0.060125
9.716667	1	-0.060875
9.733333	1	-0.060625
9.750000	1	-0.060000
9.766667	1	-0.059250
9.783333	1	-0.058750
9.800000	1	-0.058500
9.816667	1	-0.058125
9.833333	1	-0.058125
9.850000	1	-0.057250
9.866667	1	-0.056875
9.883333	1	-0.056000
9.900000	1	-0.054625
9.916667	1	-0.054000
9.933333	1	-0.052500
9.950000	1	-0.051000
9.966667	1	-0.050000
9.983333	1	-0.048250
10.000000	1	-0.047000
10.016667	1	-0.044750
10.033333	1	-0.043500
10.050000	1	-0.041875
10.066667	1	-0.040750
10.083333	1	-0.039125
10.100000	1	-0.037000
10.116667	1	-0.035125
10.133333	1	-0.031875
10.150000	1	-0.027250
10.166667	1	-0.022000
10.183333	1	-0.016750
10.200000	1	-0.010000
10.216667	1	-0.001875
10.233333	1	0.008000
10.250000	1	0.019625
10.266667	1	0.034000
10.283333	1	0.050625
10.300000	1	0.071625
10.316667	1	0.094375
10.333333	1	0.120750
10.350000	1	0.151125
10.366667	1	0.185500
10.383333	1	0.224750
10.400000	1	0.267375
10.416667	1	0.310750
10.433333	1	0.350250
10.450000	1	0.374125
10.466667	1	0.372250
10.483333	1	0.335000
10.500000	1	0.266500
10.516667	1	0.189375
10.533333	1	0.152125
10.550000	1	0.230875
10.566667	1	0.519500
10.583333	1	1.116875
10.600000	1	2.117250
10.616667	1	3.599250
10.633333	1	5.621875
10.650000	1	8.216625
10.666667	1	11.401750
10.683333	1	15.169500
10.700000	1	19.488375
10.716667	1	24.289375
10.733333	1	29.456125
10.750000	1	34.811625
10.766667	1	40.093750
10.783333	1	44.950000
10.800000	1	48.951625
10.816667	1	51.651250
10.833333	1	52.686375
10.850000	1	51.901750
10.866667	1	49.407750
10.883333	1	45.559125
10.900000	1	40.845875
10.916667	1	35.768250
10.933333	1	30.735000
10.950000	1	26.025125
10.966667	1	21.798125
10.983333	1	18.118750
11.000000	1	14.993500
11.016667	1	12.387875
11.033333	1	10.251625
11.050000	1	8.520375
11.066667	1	7.128750
11.083333	1	6.014250
11.100000	1	5.124750
11.116667	1	4.412000
11.133333	1	3.839500
11.150000	1	3.377125
11.166667	1	3.001250
11.183333	1	2.693625
11.200000	1	2.438500
11.216667	1	2.225375
11.233333	1	2.045500
11.250000	1	1.892750
11.266667	1	1.762500
11.283333	1	1.649875
11.300000	1	1.552375
11.316667	1	1.468125
11.333333	1	1.394250
11.350000	1	1.329625
11.366667	1	1.273125
11.383333	1	1.223250
11.400000	1	1.178375
11.416667	1	1.139125
11.433333	1	1.104000
11.450000	1	1.072750
11.466667	1	1.044625
11.483333	1	1.019625
11.500000	1	0.997625
11.516667	1	0.977375
11.533333	1	0.959500
11.550000	1	0.943250
11.566667	1	0.928500
11.583333	1	0.916000
11.600000	1	0.905250
11.616667	1	0.895875
11.633333	1	0.888625
11.650000	1	0.882750
11.666667	1	0.878250
11.683333	1	0.875250
11.700000	1	0.874000
11.716667	1	0.874250
11.733333	1	0.877000
11.750000	1	0.880625
11.766667	1	0.885875
11.783333	1	0.892125
11.800000	1	0.898375
11.816667	1	0.904500
11.833333	1	0.910875
11.850000	1	0.916750
11.866667	1	0.922625
11.883333	1	0.927750
11.900000	1	0.932250
11.916667	1	0.936375
11.933333	1	0.939750
11.950000	1	0.943500
11.966667	1	0.947875
11.983333	1	0.952500
12.000000	1	0.956500
12.016667	1	0.961625
12.033333	1	0.966875
12.050000	1	0.973500
12.066667	1	0.979625
12.083333	1	0.987250
12.100000	1	0.995375
12.116667	1	1.003625
12.133333	1	1.011875
12.150000	1	1.020500
12.166667	1	1.030875
12.183333	1	1.042125
12.200000	1	1.053750
12.216667	1	1.067625
12.233333	1	1.082375
12.250000	1	1.099000
12.266667	1	1.116500
12.283333	1	1.136375
12.300000	1	1.159250
12.316667	1	1.184375
12.333333	1	1.213125
12.350000	1	1.246500
12.366667	1	1.285500
12.383333	1	1.333250
12.400000	1	1.391625
12.416667	1	1.464625
12.433333	1	1.556000
12.450000	1	1.669750
12.466667	1	1.810250
12.483333	1	1.981125
12.500000	1	2.184875
12.516667	1	2.421750
12.533333	1	2.694000
12.550000	1	2.999750
12.566667	1	3.339750
12.583333	1	3.711750
12.600000	1	4.114750
12.616667	1	4.546625
12.633333	1	5.004375
12.650000	1	5.487125
12.666667	1	5.992500
12.683333	1	6.517500
12.700000	1	7.061625
12.716667	1	7.621750
12.733333	1	8.196625
12.750000	1	8.786375
12.766667	1	9.387875
12.783333	1	10.002000
12.800000	1	10.626125
12.816667	1	11.255250
12.833333	1	11.877625
12.850000	1	12.458375
12.866667	1	12.933000
12.883333	1	13.207125
12.900000	1	13.179750
12.916667	1	12.786500
12.933333	1	12.031125
12.950000	1	10.992750
12.966667	1	9.794875
12.983333	1	8.562500
13.000000	1	7.393125
13.016667	1	6.340875
13.033333	1	5.427875
13.050000	1	4.654500
13.066667	1	4.011625
13.083333	1	3.483875
13.100000	1	3.057250
13.116667	1	2.715000
13.133333	1	2.442125
13.150000	1	2.224875
13.166667	1	2.052375
13.183333	1	1.914125
13.200000	1	1.802000
13.216667	1	1.711875
13.233333	1	1.637125
13.250000	1	1.573750
13.266667	1	1.519500
13.283333	1	1.472125
13.300000	1	1.430500
13.316667	1	1.392250
13.333333	1	1.357875
13.350000	1	1.327125
13.366667	1	1.298000
13.383333	1	1.272750
13.400000	1	1.249375
13.416667	1	1.228250
13.433333	1	1.210125
13.450000	1	1.194750
13.466667	1	1.182250
13.483333	1	1.171750
13.500000	1	1.163375
13.516667	1	1.157375
13.533333	1	1.153375
13.550000	1	1.149875
13.566667	1	1.146875
13.583333	1	1.144125
13.600000	1	1.140875
13.616667	1	1.136500
13.633333	1	1.129500
13.650000	1	1.120500
13.666667	1	1.110000
13.683333	1	1.096000
13.700000	1	1.080750
13.716667	1	1.063625
13.733333	1	1.046250
13.750000	1	1.027500
13.766667	1	1.009000
13.783333	1	0.990250
13.800000	1	0.971125
13.816667	1	0.953625
13.833333	1	0.936000
13.850000	1	0.919500
13.866667	1	0.903500
13.883333	1	0.888625
13.900000	1	0.873875
13.916667	1	0.860000
13.933333	1	0.847125
13.950000	1	0.834375
13.966667	1	0.821750
13.983333	1	0.811125
14.000000	1	0.799625
14.016667	1	0.789875
14.033333	1	0.780000
14.050000	1	0.770875
14.066667	1	0.761750
14.083333	1	0.753500
14.100000	1	0.745625
14.116667	1	0.739000
14.133333	1	0.731875
14.150000	1	0.725375
14.166667	1	0.718500
14.183333	1	0.713500
14.200000	1	0.709125
14.216667	1	0.705625
14.233333	1	0.702250
14.250000	1	0.700125
14.266667	1	0.698750
14.283333	1	0.698375
14.300000	1	0.699875
14.316667	1	0.702125
14.333333	1	0.705000
14.350000	1	0.710625
14.366667	1	0.716875
14.383333	1	0.724875
14.400000	1	0.735500
14.416667	1	0.749625
14.433333	1	0.768625
14.450000	1	0.794750
14.466667	1	0.833250
14.483333	1	0.893125
14.500000	1	0.986375
14.516667	1	1.132000
14.533333	1	1.354375
14.550000	1	1.690875
14.566667	1	2.185625
14.583333	1	2.895375
14.600000	1	3.885625
14.616667	1	5.231250
14.633333	1	7.009000
14.650000	1	9.293000
14.666667	1	12.140000
14.683333	1	15.580250
14.700000	1	19.607250
14.716667	1	24.164375
14.733333	1	29.148000
14.750000	1	34.406375
14.766667	1	39.739625
14.783333	1	44.915750
14.800000	1	49.695000
14.816667	1	53.844250
14.833333	1	57.160750
14.850000	1	59.484625
14.866667	1	60.720500
14.883333	1	60.841750
14.900000	1	59.892750
14.916667	1	57.984000
14.933333	1	55.269500
14.950000	1	51.934625
14.966667	1	48.172375
14.983333	1	44.170000
15.000000	1	40.089000
15.016667	1	36.063875
15.033333	1	32.198250
15.050000	1	28.565375
15.066667	1	25.213500
15.083333	1	22.163000
15.100000	1	19.422250
15.116667	1	16.981500
15.133333	1	14.823125
15.150000	1	12.923750
15.166667	1	11.260000
15.183333	1	9.808500
15.200000	1	8.544875
15.216667	1	7.447000
15.233333	1	6.495625
15.250000	1	5.674500
15.266667	1	4.969500
15.283333	1	4.367750
15.300000	1	3.858375
15.316667	1	3.432875
15.333333	1	3.079625
15.350000	1	2.791000
15.366667	1	2.559125
15.383333	1	2.375250
15.400000	1	2.231250
15.416667	1	2.120875
15.433333	1	2.036625
15.450000	1	1.971250
15.466667	1	1.919375
15.483333	1	1.876625
15.500000	1	1.838250
15.516667	1	1.800250
15.533333	1	1.761875
15.550000	1	1.721000
15.566667	1	1.678000
15.583333	1	1.633750
15.600000	1	1.588750
15.616667	1	1.543750
15.633333	1	1.499125
15.650000	1	1.456250
15.666667	1	1.415125
15.683333	1	1.376375
15.700000	1	1.340125
15.716667	1	1.306125
15.733333	1	1.274375
15.750000	1	1.244750
15.766667	1	1.216625
15.783333	1	1.189500
15.800000	1	1.164375
15.816667	1	1.140125
15.833333	1	1.117000
15.850000	1	1.094625
15.866667	1	1.074000
15.883333	1	1.054625
15.900000	1	1.036625
15.916667	1	1.020625
15.933333	1	1.006500
15.950000	1	0.995375
15.966667	1	0.985750
15.983333	1	0.978125
16.000000	1	0.972875
16.016667	1	0.969375
16.033333	1	0.966875
16.050000	1	0.966500
16.066667	1	0.965875
16.083333	1	0.966875
16.100000	1	0.967375
16.116667	1	0.968625
16.133333	1	0.970125
16.150000	1	0.970625
16.166667	1	0.971250
16.183333	1	0.970875
16.200000	1	0.969500
16.216667	1	0.967625
16.233333	1	0.964750
16.250000	1	0.961000
16.266667	1	0.956250
16.283333	1	0.950375
16.300000	1	0.943750
16.316667	1	0.937250
16.333333	1	0.931125
16.350000	1	0.924625
16.366667	1	0.919375
16.383333	1	0.915625
16.400000	1	0.913000
16.416667	1	0.911500
16.433333	1	0.911750
16.450000	1	0.912750
16.466667	1	0.914875
16.483333	1	0.917625
16.500000	1	0.920750
16.516667	1	0.922875
16.533333	1	0.924250
16.550000	1	0.924875
16.566667	1	0.923500
16.583333	1	0.920625
16.600000	1	0.916500
16.616667	1	0.910500
16.633333	1	0.904250
16.650000	1	0.896875
16.666667	1	0.890000
16.683333	1	0.884000
16.700000	1	0.878125
16.716667	1	0.874375
16.733333	1	0.872500
16.750000	1	0.873000
16.766667	1	0.875625
16.783333	1	0.880625
16.800000	1	0.886750
16.816667	1	0.893500
16.833333	1	0.901375
16.850000	1	0.909125
16.866667	1	0.915875
16.883333	1	0.921750
16.900000	1	0.926375
16.916667	1	0.929625
16.933333	1	0.931000
16.950000	1	0.931000
16.966667	1	0.928625
16.983333	1	0.925375
17.000000	1	0.920625
17.016667	1	0.915625
17.033333	1	0.910250
17.050000	1	0.905125
17.066667	1	0.899750
17.083333	1	0.894375
17.100000	1	0.890750
17.116667	1	0.887625
17.133333	1	0.885000
17.150000	1	0.882875
17.166667	1	0.882250
17.183333	1	0.882000
17.200000	1	0.883500
17.216667	1	0.884875
17.233333	1	0.887750
17.250000	1	0.890125
17.266667	1	0.893625
17.283333	1	0.897375
17.300000	1	0.901375
17.316667	1	0.906250
17.333333	1	0.910750
17.350000	1	0.916000
17.366667	1	0.920750
17.383333	1	0.925500
17.400000	1	0.929375
17.416667	1	0.933250
17.433333	1	0.936125
17.450000	1	0.938125
17.466667	1	0.938375
17.483333	1	0.937500
17.500000	1	0.935375
17.516667	1	0.930500
17.533333	1	0.924625
17.550000	1	0.917125
17.566667	1	0.908250
17.583333	1	0.898125
17.600000	1	0.886500
17.616667	1	0.874250
17.633333	1	0.861000
17.650000	1	0.847500
17.666667	1	0.833125
17.683333	1	0.817875
17.700000	1	0.802250
17.716667	1	0.786875
17.733333	1	0.771750
17.750000	1	0.757250
17.766667	1	0.743750
17.783333	1	0.730500
17.800000	1	0.718000
17.816667	1	0.706750
17.833333	1	0.696125
17.850000	1	0.686625
17.866667	1	0.678000
17.883333	1	0.670125
17.900000	1	0.663875
17.916667	1	0.657750
17.933333	1	0.651750
17.950000	1	0.646375
17.966667	1	0.641250
17.983333	1	0.635875
18.000000	1	0.631250
18.016667	1	0.626375
18.033333	1	0.621625
18.050000	1	0.616500
18.066667	1	0.612375
18.083333	1	0.608250
18.100000	1	0.605000
18.116667	1	0.603000
18.133333	1	0.600750
18.150000	1	0.599250
18.166667	1	0.599000
18.183333	1	0.599250
18.200000	1	0.599875
18.216667	1	0.601250
18.233333	1	0.603125
18.250000	1	0.604750
18.266667	1	0.606500
18.283333	1	0.608625
18.300000	1	0.609750
18.316667	1	0.611500
18.333333	1	0.613250
18.350000	1	0.615375
18.366667	1	0.618625
18.383333	1	0.621375
18.400000	1	0.626000
18.416667	1	0.631250
18.433333	1	0.638250
18.450000	1	0.646750
18.466667	1	0.657000
18.483333	1	0.669500
18.500000	1	0.683750
18.516667	1	0.700375
18.533333	1	0.719000
18.550000	1	0.739500
18.566667	1	0.763000
18.583333	1	0.787250
18.600000	1	0.813875
18.616667	1	0.843000
18.633333	1	0.873875
18.650000	1	0.905750
18.666667	1	0.939250
18.683333	1	0.973375
18.700000	1	1.008875
18.716667	1	1.045250
18.733333	1	1.082750
18.750000	1	1.120250
18.766667	1	1.157750
18.783333	1	1.193750
18.800000	1	1.228250
18.816667	1	1.260250
18.833333	1	1.289500
18.850000	1	1.315250
18.866667	1	1.336125
18.883333	1	1.352750
18.900000	1	1.363125
18.916667	1	1.367125
18.933333	1	1.364375
18.950000	1	1.355375
18.966667	1	1.339500
18.983333	1	1.317125
19.000000	1	1.288500
19.016667	1	1.254000
19.033333	1	1.216250
19.050000	1	1.174000
19.066667	1	1.128250
19.083333	1	1.080875
19.100000	1	1.033375
19.116667	1	0.985750
19.133333	1	0.938750
19.150000	1	0.893875
19.166667	1	0.851500
19.183333	1	0.811875
19.200000	1	0.776125
19.216667	1	0.744875
19.233333	1	0.718750
19.250000	1	0.698375
19.266667	1	0.682875
19.283333	1	0.673875
19.300000	1	0.671000
19.316667	1	0.674125
19.333333	1	0.683250
19.350000	1	0.697625
19.366667	1	0.717875
19.383333	1	0.742500
19.400000	1	0.771750
19.416667	1	0.804250
19.433333	1	0.838875
19.450000	1	0.874125
19.466667	1	0.909750
19.483333	1	0.944500
19.500000	1	0.976625
19.516667	1	1.007000
19.533333	1	1.033625
19.550000	1	1.056000
19.566667	1	1.074250
19.583333	1	1.088750
19.600000	1	1.098625
19.616667	1	1.103375
19.633333	1	1.103625
19.650000	1	1.099125
19.666667	1	1.090875
19.683333	1	1.078250
19.700000	1	1.061875
19.716667	1	1.042000
19.733333	1	1.019625
19.750000	1	0.995000
19.766667	1	0.968625
19.783333	1	0.940250
19.800000	1	0.910125
19.816667	1	0.878625
19.833333	1	0.846500
19.850000	1	0.814125
19.866667	1	0.782875
19.883333	1	0.752125
19.900000	1	0.722375
19.916667	1	0.694500
19.933333	1	0.669500
19.950000	1	0.648000
19.966667	1	0.629375
19.983333	1	0.615625
20.000000	1	0.607875
20.016667	1	0.606125
20.033333	1	0.611375
20.050000	1	0.624125
20.066667	1	0.645000
20.083333	1	0.674500
20.100000	1	0.713625
20.116667	1	0.760625
20.133333	1	0.815500
20.150000	1	0.877750
20.166667	1	0.945625
20.183333	1	1.017625
20.200000	1	1.091000
20.216667	1	1.163750
20.233333	1	1.233375
20.250000	1	1.297000
20.266667	1	1.351875
20.283333	1	1.396375
20.300000	1	1.429125
20.316667	1	1.449000
20.333333	1	1.454750
20.350000	1	1.447625
20.366667	1	1.427000
20.383333	1	1.395125
20.400000	1	1.352875
20.416667	1	1.303125
20.433333	1	1.246125
20.450000	1	1.184750
20.466667	1	1.121500
20.483333	1	1.058375
20.500000	1	0.997250
20.516667	1	0.939000
20.533333	1	0.886625
20.550000	1	0.840125
20.566667	1	0.800625
20.583333	1	0.769750
20.600000	1	0.748625
20.616667	1	0.736125
20.633333	1	0.735250
20.650000	1	0.745000
20.666667	1	0.765250
20.683333	1	0.797000
20.700000	1	0.838500
20.716667	1	0.889375
20.733333	1	0.949000
20.750000	1	1.015000
20.766667	1	1.085500
20.783333	1	1.158250
20.800000	1	1.230625
20.816667	1	1.299500
20.833333	1	1.362000
20.850000	1	1.416500
20.866667	1	1.460625
20.883333	1	1.492875
20.900000	1	1.511375
20.916667	1	1.517000
20.933333	1	1.509125
20.950000	1	1.488250
20.966667	1	1.455000
20.983333	1	1.412250
21.000000	1	1.360750
21.016667	1	1.302500
21.033333	1	1.239875
21.050000	1	1.174500
21.066667	1	1.107625
21.083333	1	1.041125
21.100000	1	0.976625
21.116667	1	0.914750
21.133333	1	0.855750
21.150000	1	0.800625
21.166667	1	0.749500
21.183333	1	0.702500
21.200000	1	0.659875
21.216667	1	0.621625
21.233333	1	0.586375
21.250000	1	0.553875
21.266667	1	0.525750
21.283333	1	0.500125
21.300000	1	0.477875
21.316667	1	0.458750
21.333333	1	0.441250
21.350000	1	0.425000
21.366667	1	0.411875
21.383333	1	0.400000
21.400000	1	0.389250
21.416667	1	0.379250
21.433333	1	0.370125
21.450000	1	0.363125
21.466667	1	0.356625
21.483333	1	0.349875
21.500000	1	0.344625
21.516667	1	0.339250
21.533333	1	0.335250
21.550000	1	0.331750
21.566667	1	0.328875
21.583333	1	0.326625
21.600000	1	0.323875
21.616667	1	0.322625
21.633333	1	0.322250
21.650000	1	0.321375
21.666667	1	0.321875
21.683333	1	0.322750
21.700000	1	0.324875
21.716667	1	0.326875
21.733333	1	0.328875
21.750000	1	0.331750
21.766667	1	0.334000
21.783333	1	0.336250
21.800000	1	0.339125
21.816667	1	0.342500
21.833333	1	0.346000
21.850000	1	0.349875
21.866667	1	0.354000
21.883333	1	0.358250
21.900000	1	0.363500
21.916667	1	0.368875
21.933333	1	0.374375
21.950000	1	0.380375
21.966667	1	0.386875
21.983333	1	0.393125
22.000000	1	0.400125
22.016667	1	0.407500
22.033333	1	0.415250
22.050000	1	0.422875
22.066667	1	0.430875
22.083333	1	0.438750
22.100000	1	0.445625
22.116667	1	0.452500
22.133333	1	0.458375
22.150000	1	0.463375
22.166667	1	0.467750
22.183333	1	0.470625
22.200000	1	0.471875
22.216667	1	0.471250
22.233333	1	0.469500
22.250000	1	0.466625
22.266667	1	0.461125
22.283333	1	0.454250
22.300000	1	0.446500
22.316667	1	0.437625
22.333333	1	0.427000
22.350000	1	0.416375
22.366667	1	0.404875
22.383333	1	0.392250
22.400000	1	0.379625
22.416667	1	0.366750
22.433333	1	0.354250
22.450000	1	0.341500
22.466667	1	0.329500
22.483333	1	0.318375
22.500000	1	0.307875
22.516667	1	0.298500
22.533333	1	0.288625
22.550000	1	0.279500
22.566667	1	0.271500
22.583333	1	0.264000
22.600000	1	0.255875
22.616667	1	0.248250
22.633333	1	0.241750
22.650000	1	0.235625
22.666667	1	0.229750
22.683333	1	0.223875
22.700000	1	0.219500
22.716667	1	0.215000
22.733333	1	0.211125
22.750000	1	0.206375
22.766667	1	0.203000
22.783333	1	0.199375
22.800000	1	0.196250
22.816667	1	0.193000
22.833333	1	0.190375
22.850000	1	0.187750
22.866667	1	0.185250
22.883333	1	0.182500
22.900000	1	0.181000
22.916667	1	0.179000
22.933333	1	0.177750
22.950000	1	0.176500
22.966667	1	0.175875
22.983333	1	0.174625
23.000000	1	0.174000
23.016667	1	0.174000
23.033333	1	0.174375
23.050000	1	0.174750
23.066667	1	0.175375
23.083333	1	0.176625
23.100000	1	0.178125
23.116667	1	0.179500
23.133333	1	0.181500
23.150000	1	0.183125
23.166667	1	0.184750
23.183333	1	0.186500
23.200000	1	0.188625
23.216667	1	0.191000
23.233333	1	0.193375
23.250000	1	0.196500
23.266667	1	0.199250
23.283333	1	0.202875
23.300000	1	0.208375
23.316667	1	0.215500
23.333333	1	0.225125
23.350000	1	0.238250
23.366667	1	0.256250
23.383333	1	0.280750
23.400000	1	0.312750
23.416667	1	0.354750
23.433333	1	0.409500
23.450000	1	0.478500
23.466667	1	0.566875
23.483333	1	0.675625
23.500000	1	0.810250
23.516667	1	0.972875
23.533333	1	1.167875
23.550000	1	1.396875
23.566667	1	1.664000
23.583333	1	1.968625
23.600000	1	2.311500
23.616667	1	2.692000
23.633333	1	3.107625
23.650000	1	3.553125
23.666667	1	4.023250
23.683333	1	4.510250
23.700000	1	5.006875
23.716667	1	5.503125
23.733333	1	5.987500
23.750000	1	6.450875
23.766667	1	6.880250
23.783333	1	7.266250
23.800000	1	7.598625
23.816667	1	7.872375
23.833333	1	8.080250
23.850000	1	8.218750
23.866667	1	8.287125
23.883333	1	8.285500
23.900000	1	8.216625
23.916667	1	8.085125
23.933333	1	7.895375
23.950000	1	7.655750
23.966667	1	7.373375
23.983333	1	7.057125
24.000000	1	6.715125
24.016667	1	6.354500
24.033333	1	5.983125
24.050000	1	5.609000
24.066667	1	5.236750
24.083333	1	4.871125
24.100000	1	4.515375
24.116667	1	4.172250
24.133333	1	3.845250
24.150000	1	3.535625
24.166667	1	3.244250
24.183333	1	2.972000
24.200000	1	2.718125
24.216667	1	2.483000
24.233333	1	2.265000
24.250000	1	2.064625
24.266667	1	1.881250
24.283333	1	1.712375
24.300000	1	1.558375
24.316667	1	1.417250
24.333333	1	1.289750
24.350000	1	1.173625
24.366667	1	1.069375
24.383333	1	0.976625
24.400000	1	0.893875
24.416667	1	0.820750
24.433333	1	0.755250
24.450000	1	0.697750
24.466667	1	0.647000
24.483333	1	0.602875
24.500000	1	0.565250
24.516667	1	0.532750
24.533333	1	0.505000
24.550000	1	0.481125
24.566667	1	0.460250
24.583333	1	0.442250
24.600000	1	0.426000
24.616667	1	0.412625
24.633333	1	0.401125
24.650000	1	0.390625
24.666667	1	0.381000
24.683333	1	0.372000
24.700000	1	0.364125
24.716667	1	0.355875
24.733333	1	0.348875
24.750000	1	0.341125
24.766667	1	0.334250
24.783333	1	0.327375
24.800000	1	0.321000
24.816667	1	0.315125
24.833333	1	0.308375
24.850000	1	0.301875
24.866667	1	0.296125
24.883333	1	0.290625
24.900000	1	0.285125
24.916667	1	0.279375
24.933333	1	0.273875
24.950000	1	0.269000
24.966667	1	0.264125
24.983333	1	0.259125
25.000000	1	0.253875
25.016667	1	0.249250
25.033333	1	0.244375
25.050000	1	0.239250
25.066667	1	0.234875
25.083333	1	0.230500
25.100000	1	0.225250
25.116667	1	0.221125
25.133333	1	0.217000
25.150000	1	0.212750
25.166667	1	0.208125
25.183333	1	0.203750
25.200000	1	0.199125
25.216667	1	0.195125
25.233333	1	0.190000
25.250000	1	0.185625
25.266667	1	0.181750
25.283333	1	0.177875
25.300000	1	0.174250
25.316667	1	0.170750
25.333333	1	0.167250
25.350000	1	0.163500
25.366667	1	0.160375
25.383333	1	0.157375
25.400000	1	0.155375
25.416667	1	0.152625
25.433333	1	0.151000
25.450000	1	0.149750
25.466667	1	0.149125
25.483333	1	0.148125
25.500000	1	0.148500
25.516667	1	0.148500
25.533333	1	0.148750
25.550000	1	0.149125
25.566667	1	0.149875
25.583333	1	0.150625
25.600000	1	0.151125
25.616667	1	0.152125
25.633333	1	0.153750
25.650000	1	0.154375
25.666667	1	0.155750
25.683333	1	0.156375
25.700000	1	0.156750
25.716667	1	0.157375
25.733333	1	0.158250
25.750000	1	0.158625
25.766667	1	0.158625
25.783333	1	0.158750
25.800000	1	0.158750
25.816667	1	0.159125
25.833333	1	0.159500
25.850000	1	0.160125
25.866667	1	0.160625
25.883333	1	0.160375
25.900000	1	0.161125
25.916667	1	0.162125
25.933333	1	0.163625
25.950000	1	0.165375
25.966667	1	0.167125
25.983333	1	0.168875
26.000000	1	0.171500
26.016667	1	0.174375
26.033333	1	0.178625
26.050000	1	0.182500
26.066667	1	0.186625
26.083333	1	0.191750
26.100000	1	0.197375
26.116667	1	0.203125
26.133333	1	0.209625
26.150000	1	0.215625
26.166667	1	0.221625
26.183333	1	0.227750
26.200000	1	0.234750
26.216667	1	0.241500
26.233333	1	0.248000
26.250000	1	0.253875
26.266667	1	0.259750
26.283333	1	0.265750
26.300000	1	0.270750
26.316667	1	0.276000
26.333333	1	0.280375
26.350000	1	0.284750
26.366667	1	0.287875
26.383333	1	0.289875
26.400000	1	0.291250
26.416667	1	0.292000
26.433333	1	0.291875
26.450000	1	0.291500
26.466667	1	0.289375
26.483333	1	0.286750
26.500000	1	0.283500
26.516667	1	0.279750
26.533333	1	0.275250
26.550000	1	0.270750
26.566667	1	0.265625
26.583333	1	0.259625
26.600000	1	0.253250
26.616667	1	0.246625
26.633333	1	0.240000
26.650000	1	0.232875
26.666667	1	0.226125
26.683333	1	0.219875
26.700000	1	0.213125
26.716667	1	0.206750
26.733333	1	0.200125
26.750000	1	0.194500
26.766667	1	0.188250
26.783333	1	0.182500
26.800000	1	0.177375
26.816667	1	0.172875
26.833333	1	0.168625
26.850000	1	0.165000
26.866667	1	0.161000
26.883333	1	0.157625
26.900000	1	0.155000
26.916667	1	0.152375
26.933333	1	0.150125
26.950000	1	0.147750
26.966667	1	0.145875
26.983333	1	0.144250
27.000000	1	0.143750
27.016667	1	0.144000
27.033333	1	0.143875
27.050000	1	0.143625
27.066667	1	0.144125
27.083333	1	0.144750
27.100000	1	0.145125
27.116667	1	0.146625
27.133333	1	0.148000
27.150000	1	0.149750
27.166667	1	0.151750
27.183333	1	0.154750
27.200000	1	0.158250
27.216667	1	0.162375
27.233333	1	0.168375
27.250000	1	0.175750
27.266667	1	0.183875
27.283333	1	0.194500
27.300000	1	0.206625
27.316667	1	0.222375
27.333333	1	0.241875
27.350000	1	0.265000
27.366667	1	0.292625
27.383333	1	0.326000
27.400000	1	0.365250
27.416667	1	0.412000
27.433333	1	0.466625
27.450000	1	0.530500
27.466667	1	0.603875
27.483333	1	0.688125
27.500000	1	0.783625
27.516667	1	0.891125
27.533333	1	1.010625
27.550000	1	1.142875
27.566667	1	1.287500
27.583333	1	1.443750
27.600000	1	1.611375
27.616667	1	1.789375
27.633333	1	1.976625
27.650000	1	2.171500
27.666667	1	2.372000
27.683333	1	2.575875
27.700000	1	2.780750
27.716667	1	2.982500
27.733333	1	3.178500
27.750000	1	3.366625
27.766667	1	3.542375
27.783333	1	3.703875
27.800000	1	3.847500
27.816667	1	3.971125
27.833333	1	4.073000
27.850000	1	4.151125
27.866667	1	4.203500
27.883333	1	4.230250
27.900000	1	4.229000
27.916667	1	4.202250
27.933333	1	4.150000
27.950000	1	4.074375
27.966667	1	3.976375
27.983333	1	3.859500
28.000000	1	3.725875
28.016667	1	3.578000
28.033333	1	3.419375
28.050000	1	3.251875
28.066667	1	3.078125
28.083333	1	2.901500
28.100000	1	2.724000
28.116667	1	2.548250
28.133333	1	2.376125
28.150000	1	2.209000
28.166667	1	2.047875
28.183333	1	1.895125
28.200000	1	1.750125
28.216667	1	1.613625
28.233333	1	1.486625
28.250000	1	1.367125
28.266667	1	1.256625
28.283333	1	1.155000
28.300000	1	1.061000
28.316667	1	0.975125
28.333333	1	0.897000
28.350000	1	0.826500
28.366667	1	0.762500
28.383333	1	0.705375
28.400000	1	0.654000
28.416667	1	0.608250
28.433333	1	0.567250
28.450000	1	0.531125
28.466667	1	0.500375
28.483333	1	0.473250
28.500000	1	0.450125
28.516667	1	0.431375
28.533333	1	0.416125
28.550000	1	0.403875
28.566667	1	0.394000
28.583333	1	0.387250
28.600000	1	0.382500
28.616667	1	0.380250
28.633333	1	0.379750
28.650000	1	0.381500
28.666667	1	0.384000
28.683333	1	0.388000
28.700000	1	0.393625
28.716667	1	0.399875
28.733333	1	0.407125
28.750000	1	0.415125
28.766667	1	0.422125
28.783333	1	0.430250
28.800000	1	0.438125
28.816667	1	0.445875
28.833333	1	0.453625
28.850000	1	0.460625
28.866667	1	0.465875
28.883333	1	0.471000
28.900000	1	0.475750
28.916667	1	0.479000
28.933333	1	0.481125
28.950000	1	0.482250
28.966667	1	0.482875
28.983333	1	0.482125
29.000000	1	0.479625
29.016667	1	0.475625
29.033333	1	0.470500
29.050000	1	0.463875
29.066667	1	0.456125
29.083333	1	0.446250
29.100000	1	0.435375
29.116667	1	0.423125
29.133333	1	0.408875
29.150000	1	0.393375
29.166667	1	0.375125
29.183333	1	0.355625
29.200000	1	0.334000
29.216667	1	0.311250
29.233333	1	0.285500
29.250000	1	0.258250
29.266667	1	0.229000
29.283333	1	0.198000
29.300000	1	0.163875
29.316667	1	0.128625
29.333333	1	0.090875
29.350000	1	0.051625
29.366667	1	0.010750
29.383333	1	-0.032125
29.400000	1	-0.077000
29.416667	1	-0.123750
29.433333	1	-0.170875
29.450000	1	-0.219375
29.466667	1	-0.269000
29.483333	1	-0.319250
29.500000	1	-0.369375
29.516667	1	-0.420000
29.533333	1	-0.469500
29.550000	1	-0.518250
29.566667	1	-0.565625
29.583333	1	-0.610875
29.600000	1	-0.654000
29.616667	1	-0.695125
29.633333	1	-0.733500
29.650000	1	-0.768000
29.666667	1	-0.799000
29.683333	1	-0.826500
29.700000	1	-0.850000
29.716667	1	-0.869875
29.733333	1	-0.884625
29.750000	1	-0.895250
29.766667	1	-0.901625
29.783333	1	-0.903875
29.800000	1	-0.901250
29.816667	1	-0.895000
29.833333	1	-0.885000
29.850000	1	-0.871625
29.866667	1	-0.854250
29.883333	1	-0.834000
29.900000	1	-0.811375
29.916667	1	-0.785625
29.933333	1	-0.758125
29.950000	1	-0.728500
29.966667	1	-0.697750
29.983333	1	-0.666625
30.000000	1	-0.634250
30.016667	1	-0.601250
30.033333	1	-0.567000
30.050000	1	-0.533375
30.066667	1	-0.500500
30.083333	1	-0.468125
30.100000	1	-0.437125
30.116667	1	-0.406250
30.133333	1	-0.376875
30.150000	1	-0.347625
30.166667	1	-0.320875
30.183333	1	-0.294625
30.200000	1	-0.270375
30.216667	1	-0.246750
30.233333	1	-0.224875
30.250000	1	-0.204125
30.266667	1	-0.184500
30.283333	1	-0.166875
30.300000	1	-0.150375
30.316667	1	-0.135375
30.333333	1	-0.121375
30.350000	1	-0.107875
30.366667	1	-0.096375
30.383333	1	-0.086000
30.400000	1	-0.076250
30.416667	1	-0.066750
30.433333	1	-0.058375
30.450000	1	-0.050750
30.466667	1	-0.044125
30.483333	1	-0.038375
30.500000	1	-0.032500
30.516667	1	-0.026625
30.533333	1	-0.021875
30.550000	1	-0.017250
30.566667	1	-0.012750
30.583333	1	-0.008375
30.600000	1	-0.003875
30.616667	1	0.000375
30.633333	1	0.005500
30.650000	1	0.010500
30.666667	1	0.015250
30.683333	1	0.020875
30.700000	1	0.026375
30.716667	1	0.032125
30.733333	1	0.036875
30.750000	1	0.042625
30.766667	1	0.049750
30.783333	1	0.057125
30.800000	1	0.064500
30.816667	1	0.072875
30.833333	1	0.080125
30.850000	1	0.089000
30.866667	1	0.098875
30.883333	1	0.108625
30.900000	1	0.119500
30.916667	1	0.131375
30.933333	1	0.144375
30.950000	1	0.158375
30.966667	1	0.175000
30.983333	1	0.192750
31.000000	1	0.213375
31.016667	1	0.237125
31.033333	1	0.264250
31.050000	1	0.295750
31.066667	1	0.332000
31.083333	1	0.373625
31.100000	1	0.421750
31.116667	1	0.477000
31.133333	1	0.540125
31.150000	1	0.612125
31.166667	1	0.694000
31.183333	1	0.785875
31.200000	1	0.889625
31.216667	1	1.005250
31.233333	1	1.134375
31.250000	1	1.274750
31.266667	1	1.428500
31.283333	1	1.595500
31.300000	1	1.774500
31.316667	1	1.965250
31.333333	1	2.166500
31.350000	1	2.376750
31.366667	1	2.595875
31.383333	1	2.821875
31.400000	1	3.051250
31.416667	1	3.283750
31.433333	1	3.514625
31.450000	1	3.742875
31.466667	1	3.963750
31.483333	1	4.176500
31.500000	1	4.376750
31.516667	1	4.562250
31.533333	1	4.730000
31.550000	1	4.879500
31.566667	1	5.007750
31.583333	1	5.113500
31.600000	1	5.196125
31.616667	1	5.253750
31.633333	1	5.286625
31.650000	1	5.293375
31.666667	1	5.276250
31.683333	1	5.234875
31.700000	1	5.171250
31.716667	1	5.085875
31.733333	1	4.981875
31.750000	1	4.859750
31.766667	1	4.722125
31.783333	1	4.570250
31.800000	1	4.406625
31.816667	1	4.233625
31.833333	1	4.053250
31.850000	1	3.868375
31.866667	1	3.679750
31.883333	1	3.489625
31.900000	1	3.300375
31.916667	1	3.112750
31.933333	1	2.928750
31.950000	1	2.748500
31.966667	1	2.572500
31.983333	1	2.401875
32.000000	1	2.237625
32.016667	1	2.080500
32.033333	1	1.929875
32.050000	1	1.786125
32.066667	1	1.650125
32.083333	1	1.521625
32.100000	1	1.400375
32.116667	1	1.286500
32.133333	1	1.179250
32.150000	1	1.078500
32.166667	1	0.984875
32.183333	1	0.896750
32.200000	1	0.814250
32.216667	1	0.737375
32.233333	1	0.665875
32.250000	1	0.599125
32.266667	1	0.537000
32.283333	1	0.479875
32.300000	1	0.427250
32.316667	1	0.378250
32.333333	1	0.333250
32.350000	1	0.292375
32.366667	1	0.253750
32.383333	1	0.218250
32.400000	1	0.185750
32.416667	1	0.156125
32.433333	1	0.128750
32.450000	1	0.103375
32.466667	1	0.080375
32.483333	1	0.059875
32.500000	1	0.040625
32.516667	1	0.023375
32.533333	1	0.008125
32.550000	1	-0.005875
32.566667	1	-0.018125
32.583333	1	-0.029375
32.600000	1	-0.039500
32.616667	1	-0.048500
32.633333	1	-0.056875
32.650000	1	-0.064500
32.666667	1	-0.071125
32.683333	1	-0.077000
32.700000	1	-0.082125
32.716667	1	-0.086625
32.733333	1	-0.090500
32.750000	1	-0.093500
32.766667	1	-0.096375
32.783333	1	-0.098125
32.800000	1	-0.099250
32.816667	1	-0.100625
32.833333	1	-0.101625
32.850000	1	-0.102000
32.866667	1	-0.102500
32.883333	1	-0.102750
32.900000	1	-0.101625
32.916667	1	-0.101375
32.933333	1	-0.100625
32.950000	1	-0.099750
32.966667	1	-0.098250
32.983333	1	-0.097500
33.000000	1	-0.096000
33.016667	1	-0.094500
33.033333	1	-0.093250
33.050000	1	-0.092375
33.066667	1	-0.091375
33.083333	1	-0.090750
33.100000	1	-0.089250
33.116667	1	-0.087625
33.133333	1	-0.086125
33.150000	1	-0.085000
33.166667	1	-0.083875
33.183333	1	-0.083000
33.200000	1	-0.081875
33.216667	1	-0.080875
33.233333	1	-0.080000
33.250000	1	-0.079125
33.266667	1	-0.078250
33.283333	1	-0.077500
33.300000	1	-0.076750
33.316667	1	-0.075875
33.333333	1	-0.075125
33.350000	1	-0.074250
33.366667	1	-0.073750
33.383333	1	-0.072000
33.400000	1	-0.071375
33.416667	1	-0.069875
33.433333	1	-0.068875
33.450000	1	-0.067750
33.466667	1	-0.067500
33.483333	1	-0.067000
33.500000	1	-0.066000
33.516667	1	-0.064625
33.533333	1	-0.063000
33.550000	1	-0.062000
33.566667	1	-0.061750
33.583333	1	-0.060750
33.600000	1	-0.059125
33.616667	1	-0.058250
33.633333	1	-0.057000
33.650000	1	-0.055625
33.666667	1	-0.054125
33.683333	1	-0.052500
33.700000	1	-0.050625
33.716667	1	-0.049125
33.733333	1	-0.047250
33.750000	1	-0.045250
33.766667	1	-0.043875
33.783333	1	-0.042500
33.800000	1	-0.040500
33.816667	1	-0.039000
33.833333	1	-0.037375
33.850000	1	-0.036000
33.866667	1	-0.034500
33.883333	1	-0.033375
33.900000	1	-0.031250
33.916667	1	-0.029000
33.933333	1	-0.027375
33.950000	1	-0.026000
33.966667	1	-0.025000
33.983333	1	-0.023125
34.000000	1	-0.021625
34.016667	1	-0.019875
34.033333	1	-0.018875
34.050000	1	-0.017875
34.066667	1	-0.017125
34.083333	1	-0.016625
34.100000	1	-0.016125
34.116667	1	-0.015375
34.133333	1	-0.014375
34.150000	1	-0.014250
34.166667	1	-0.013875
34.183333	1	-0.013625
34.200000	1	-0.013125
34.216667	1	-0.013000
34.233333	1	-0.013000
34.250000	1	-0.013625
34.266667	1	-0.013625
34.283333	1	-0.013500
34.300000	1	-0.014250
34.316667	1	-0.015000
34.333333	1	-0.014625
34.350000	1	-0.014750
34.366667	1	-0.014125
34.383333	1	-0.013500
34.400000	1	-0.013000
34.416667	1	-0.012375
34.433333	1	-0.011375
34.450000	1	-0.010125
34.466667	1	-0.008125
34.483333	1	-0.006000
34.500000	1	-0.004375
34.516667	1	-0.002125
34.533333	1	0.000125
34.550000	1	0.003125
34.566667	1	0.006125
34.583333	1	0.008500
34.600000	1	0.012250
34.616667	1	0.014875
34.633333	1	0.017375
34.650000	1	0.020125
34.666667	1	0.022750
34.683333	1	0.025750
34.700000	1	0.028750
34.716667	1	0.032250
34.733333	1	0.034000
34.750000	1	0.035750
34.766667	1	0.037625
34.783333	1	0.039375
34.800000	1	0.040250
34.816667	1	0.041125
34.833333	1	0.041750
34.850000	1	0.042250
34.866667	1	0.042375
34.883333	1	0.041875
34.900000	1	0.041000
34.916667	1	0.040000
34.933333	1	0.039000
34.950000	1	0.037750
34.966667	1	0.036375
34.983333	1	0.034875
35.000000	1	0.033000
35.016667	1	0.030750
35.033333	1	0.028000
35.050000	1	0.025250
35.066667	1	0.022000
35.083333	1	0.019625
35.100000	1	0.017250
35.116667	1	0.014750
35.133333	1	0.012000
35.150000	1	0.008625
35.166667	1	0.006125
35.183333	1	0.003250
35.200000	1	0.000625
35.216667	1	-0.002625
35.233333	1	-0.004625
35.250000	1	-0.007000
35.266667	1	-0.009250
35.283333	1	-0.011625
35.300000	1	-0.013250
35.316667	1	-0.015125
35.333333	1	-0.016625
35.350000	1	-0.017875
35.366667	1	-0.019000
35.383333	1	-0.019625
35.400000	1	-0.020500
35.416667	1	-0.020625
35.433333	1	-0.021375
35.450000	1	-0.020625
35.466667	1	-0.020250
35.483333	1	-0.019250
35.500000	1	-0.019250
35.516667	1	-0.018125
35.533333	1	-0.017125
35.550000	1	-0.016250
35.566667	1	-0.014625
35.583333	1	-0.013125
35.600000	1	-0.011875
35.616667	1	-0.010000
35.633333	1	-0.008375
35.650000	1	-0.007000
35.666667	1	-0.006125
35.683333	1	-0.004375
35.700000	1	-0.002625
35.716667	1	-0.001750
35.733333	1	-0.000500
35.750000	1	0.000375
35.766667	1	0.001125
35.783333	1	0.001375
35.800000	1	0.001250
35.816667	1	0.000750
35.833333	1	0.000625
35.850000	1	0.000125
35.866667	1	-0.000375
35.883333	1	-0.001250
35.900000	1	-0.002500
35.916667	1	-0.003875
35.933333	1	-0.005000
35.950000	1	-0.006500
35.966667	1	-0.008250
35.983333	1	-0.010625
36.000000	1	-0.012750
36.016667	1	-0.014625
36.033333	1	-0.016875
36.050000	1	-0.018500
36.066667	1	-0.020500
36.083333	1	-0.022375
36.100000	1	-0.024000
36.116667	1	-0.025250
36.133333	1	-0.026750
36.150000	1	-0.028125
36.166667	1	-0.030000
36.183333	1	-0.031625
36.200000	1	-0.032625
36.216667	1	-0.033500
36.233333	1	-0.034250
36.250000	1	-0.034875
36.266667	1	-0.035250
36.283333	1	-0.035000
36.300000	1	-0.035500
36.316667	1	-0.035750
36.333333	1	-0.035875
36.350000	1	-0.035875
36.366667	1	-0.035125
36.383333	1	-0.035375
36.400000	1	-0.035125
36.416667	1	-0.034750
36.433333	1	-0.033750
36.450000	1	-0.033000
36.466667	1	-0.033250
36.483333	1	-0.033000
36.500000	1	-0.032125
36.516667	1	-0.031250
36.533333	1	-0.030500
36.550000	1	-0.029625
36.566667	1	-0.029625
36.583333	1	-0.029625
36.600000	1	-0.029750
36.616667	1	-0.029000
36.633333	1	-0.029000
36.650000	1	-0.029250
36.666667	1	-0.029250
36.683333	1	-0.029750
36.700000	1	-0.029875
36.716667	1	-0.030250
36.733333	1	-0.030625
36.750000	1	-0.031000
36.766667	1	-0.030875
36.783333	1	-0.031250
36.800000	1	-0.032125
36.816667	1	-0.032125
36.833333	1	-0.032625
36.850000	1	-0.032500
36.866667	1	-0.033250
36.883333	1	-0.033250
36.900000	1	-0.033625
36.916667	1	-0.033500
36.933333	1	-0.033000
36.950000	1	-0.032250
36.966667	1	-0.031750
36.983333	1	-0.031250
37.000000	1	-0.030625
37.016667	1	-0.029750
37.033333	1	-0.028875
37.050000	1	-0.027125
37.066667	1	-0.024875
37.083333	1	-0.023250
37.100000	1	-0.021375
37.116667	1	-0.018875
37.133333	1	-0.015875
37.150000	1	-0.012875
37.166667	1	-0.010125
37.183333	1	-0.007000
37.200000	1	-0.002875
37.216667	1	0.000125
37.233333	1	0.004375
37.250000	1	0.008750
37.266667	1	0.012750
37.283333	1	0.018250
37.300000	1	0.023000
37.316667	1	0.028625
37.333333	1	0.034375
37.350000	1	0.041250
37.366667	1	0.047625
37.383333	1	0.053375
37.400000	1	0.060625
37.416667	1	0.067750
37.433333	1	0.075125
37.450000	1	0.082625
37.466667	1	0.090375
37.483333	1	0.098125
37.500000	1	0.106625
37.516667	1	0.115375
37.533333	1	0.124375
37.550000	1	0.132750
37.566667	1	0.141625
37.583333	1	0.151250
37.600000	1	0.160250
37.616667	1	0.169875
37.633333	1	0.179750
37.650000	1	0.189750
37.666667	1	0.199875
37.683333	1	0.210250
37.700000	1	0.221625
37.716667	1	0.232125
37.733333	1	0.242375
37.750000	1	0.253750
37.766667	1	0.264500
37.783333	1	0.274625
37.800000	1	0.285875
37.816667	1	0.297250
37.833333	1	0.308500
37.850000	1	0.318875
37.866667	1	0.330000
37.883333	1	0.341250
37.900000	1	0.352375
37.916667	1	0.363750
37.933333	1	0.375375
37.950000	1	0.386500
37.966667	1	0.397875
37.983333	1	0.408875
38.000000	1	0.420000
38.016667	1	0.431125
38.033333	1	0.442500
38.050000	1	0.453750
38.066667	1	0.464625
38.083333	1	0.475875
38.100000	1	0.486125
38.116667	1	0.496750
38.133333	1	0.507125
38.150000	1	0.516875
38.166667	1	0.526625
38.183333	1	0.535625
38.200000	1	0.544500
38.216667	1	0.553375
38.233333	1	0.562500
38.250000	1	0.570500
38.266667	1	0.578000
38.283333	1	0.585250
38.300000	1	0.592250
38.316667	1	0.599250
38.333333	1	0.605500
38.350000	1	0.611125
38.366667	1	0.616375
38.383333	1	0.622125
38.400000	1	0.626750
38.416667	1	0.630875
38.433333	1	0.635250
38.450000	1	0.639000
38.466667	1	0.642500
38.483333	1	0.644500
38.500000	1	0.647000
38.516667	1	0.649625
38.533333	1	0.651500
38.550000	1	0.652875
38.566667	1	0.655000
38.583333	1	0.655000
38.600000	1	0.655250
38.616667	1	0.655125
38.633333	1	0.655125
38.650000	1	0.653875
38.666667	1	0.651875
38.683333	1	0.649500
38.700000	1	0.647250
38.716667	1	0.645250
38.733333	1	0.642500
38.750000	1	0.638750
38.766667	1	0.635125
38.783333	1	0.631250
38.800000	1	0.626250
38.816667	1	0.621375
38.833333	1	0.616750
38.850000	1	0.611000
38.866667	1	0.605000
38.883333	1	0.598625
38.900000	1	0.591625
38.916667	1	0.584500
38.933333	1	0.577250
38.950000	1	0.569375
38.966667	1	0.561875
38.983333	1	0.553625
39.000000	1	0.545375
39.016667	1	0.536625
39.033333	1	0.527750
39.050000	1	0.517875
39.066667	1	0.509125
39.083333	1	0.499250
39.100000	1	0.489750
39.116667	1	0.480125
39.133333	1	0.470250
39.150000	1	0.459875
39.166667	1	0.450000
39.183333	1	0.440375
39.200000	1	0.430000
39.216667	1	0.420125
39.233333	1	0.410125
39.250000	1	0.400125
39.266667	1	0.389875
39.283333	1	0.380125
39.300000	1	0.370375
39.316667	1	0.360750
39.333333	1	0.351125
39.350000	1	0.340625
39.366667	1	0.331125
39.383333	1	0.321875
39.400000	1	0.312500
39.416667	1	0.303000
39.433333	1	0.294500
39.450000	1	0.286000
39.466667	1	0.277625
39.483333	1	0.269125
39.500000	1	0.260375
39.516667	1	0.251750
39.533333	1	0.242875
39.550000	1	0.234625
39.566667	1	0.227125
39.583333	1	0.219625
39.600000	1	0.211750
39.616667	1	0.204875
39.633333	1	0.197250
39.650000	1	0.190000
39.666667	1	0.182750
39.683333	1	0.176125
39.700000	1	0.168250
39.716667	1	0.161125
39.733333	1	0.154625
39.750000	1	0.147625
39.766667	1	0.141125
39.783333	1	0.134875
39.800000	1	0.127750
39.816667	1	0.121500
39.833333	1	0.114875
39.850000	1	0.109250
39.866667	1	0.103375
39.883333	1	0.097625
39.900000	1	0.091625
39.916667	1	0.086125
39.933333	1	0.080250
39.950000	1	0.074375
39.966667	1	0.067875
39.983333	1	0.062625
40.000000	1	0.057625
