URL	chrom://7040-86g6c92/XVault/Ultimate_3000/20/20240517_CMO_FP23_FP25_MarkusDeplate.seq/994.smp/RI_1.channel/RI_1.chm
Channel	RI_1

Injection Information:
Data Vault	XVault
Sequence	20240517_CMO_FP23_FP25_MarkusDeplate
Name	FP25_22.2_s4
Number	82
Position	BG10
Comment	
Processing Method	
Instrument Method	run_25B_method
Type	Unknown
Status	Finished
Inject Time	30.05.2024 02:01:45 +02:00
Volume (µl)	20.0000
Dilution Factor	1.0000
Weight	1.0000

Chromatogram Data Information:
Time Min. (min)	0.000000
Time Max. (min)	40.000000
Data Points	2401
Detector	RI
Generating Data System	Chromeleon 7.3.2.11814
Exporting Data System	Chromeleon 7.3.2.0
Operator	Instrument Controller
Signal Quantity	Refractive 
Signal Unit	µRIU
Signal Min.	-0.895375
Signal Max.	55.532250
Channel	RI_1
Driver Name	RID520Driver.dll
Channel Type	Evaluation
Min. Step (s)	1
Max. Step (s)	1
Average Step (s)	1

Signal Parameter Information:
Signal Info	

Chromatogram Data:
Time (min)	Step (s)	Value (µRIU)
0.000000	n.a.	-0.036375
0.016667	1	-0.037375
0.033333	1	-0.037625
0.050000	1	-0.037875
0.066667	1	-0.038125
0.083333	1	-0.038000
0.100000	1	-0.038500
0.116667	1	-0.039250
0.133333	1	-0.039250
0.150000	1	-0.039000
0.166667	1	-0.039875
0.183333	1	-0.040375
0.200000	1	-0.040625
0.216667	1	-0.040750
0.233333	1	-0.040500
0.250000	1	-0.040125
0.266667	1	-0.039750
0.283333	1	-0.039250
0.300000	1	-0.039000
0.316667	1	-0.038875
0.333333	1	-0.038625
0.350000	1	-0.038750
0.366667	1	-0.038750
0.383333	1	-0.038250
0.400000	1	-0.038125
0.416667	1	-0.037125
0.433333	1	-0.034500
0.450000	1	-0.031125
0.466667	1	-0.027875
0.483333	1	-0.025125
0.500000	1	-0.023500
0.516667	1	-0.020875
0.533333	1	-0.018750
0.550000	1	-0.017625
0.566667	1	-0.017500
0.583333	1	-0.018500
0.600000	1	-0.019375
0.616667	1	-0.020500
0.633333	1	-0.020125
0.650000	1	-0.020125
0.666667	1	-0.019500
0.683333	1	-0.018375
0.700000	1	-0.016750
0.716667	1	-0.014875
0.733333	1	-0.013375
0.750000	1	-0.011375
0.766667	1	-0.009500
0.783333	1	-0.008375
0.800000	1	-0.006500
0.816667	1	-0.004875
0.833333	1	-0.003000
0.850000	1	-0.002625
0.866667	1	-0.001250
0.883333	1	0.000000
0.900000	1	0.001875
0.916667	1	0.002625
0.933333	1	0.004125
0.950000	1	0.004875
0.966667	1	0.005625
0.983333	1	0.007000
1.000000	1	0.008875
1.016667	1	0.009750
1.033333	1	0.011125
1.050000	1	0.012625
1.066667	1	0.014000
1.083333	1	0.015500
1.100000	1	0.017750
1.116667	1	0.019250
1.133333	1	0.020375
1.150000	1	0.021625
1.166667	1	0.022875
1.183333	1	0.024625
1.200000	1	0.026000
1.216667	1	0.026875
1.233333	1	0.028250
1.250000	1	0.029875
1.266667	1	0.030875
1.283333	1	0.031625
1.300000	1	0.033000
1.316667	1	0.034375
1.333333	1	0.034875
1.350000	1	0.035375
1.366667	1	0.035625
1.383333	1	0.035500
1.400000	1	0.036500
1.416667	1	0.036125
1.433333	1	0.036125
1.450000	1	0.036000
1.466667	1	0.036000
1.483333	1	0.035625
1.500000	1	0.034750
1.516667	1	0.033375
1.533333	1	0.032250
1.550000	1	0.030750
1.566667	1	0.029125
1.583333	1	0.028125
1.600000	1	0.026500
1.616667	1	0.024500
1.633333	1	0.023000
1.650000	1	0.020625
1.666667	1	0.019500
1.683333	1	0.017750
1.700000	1	0.016125
1.716667	1	0.014750
1.733333	1	0.012875
1.750000	1	0.010750
1.766667	1	0.009375
1.783333	1	0.009000
1.800000	1	0.007375
1.816667	1	0.007125
1.833333	1	0.005875
1.850000	1	0.005125
1.866667	1	0.005125
1.883333	1	0.005375
1.900000	1	0.004750
1.916667	1	0.004375
1.933333	1	0.003625
1.950000	1	0.003625
1.966667	1	0.003500
1.983333	1	0.003125
2.000000	1	0.003375
2.016667	1	0.003250
2.033333	1	0.003625
2.050000	1	0.003375
2.066667	1	0.003375
2.083333	1	0.003500
2.100000	1	0.002875
2.116667	1	0.002750
2.133333	1	0.002750
2.150000	1	0.002000
2.166667	1	0.002000
2.183333	1	0.001500
2.200000	1	0.000500
2.216667	1	-0.000250
2.233333	1	-0.000250
2.250000	1	-0.001750
2.266667	1	-0.002750
2.283333	1	-0.004875
2.300000	1	-0.006250
2.316667	1	-0.008125
2.333333	1	-0.010375
2.350000	1	-0.012250
2.366667	1	-0.013250
2.383333	1	-0.014875
2.400000	1	-0.016375
2.416667	1	-0.017500
2.433333	1	-0.018750
2.450000	1	-0.020000
2.466667	1	-0.021625
2.483333	1	-0.022750
2.500000	1	-0.024250
2.516667	1	-0.026000
2.533333	1	-0.027625
2.550000	1	-0.029000
2.566667	1	-0.030250
2.583333	1	-0.031375
2.600000	1	-0.031625
2.616667	1	-0.032250
2.633333	1	-0.032125
2.650000	1	-0.032500
2.666667	1	-0.031750
2.683333	1	-0.031625
2.700000	1	-0.031875
2.716667	1	-0.031875
2.733333	1	-0.031000
2.750000	1	-0.030750
2.766667	1	-0.030625
2.783333	1	-0.030000
2.800000	1	-0.029000
2.816667	1	-0.028625
2.833333	1	-0.028250
2.850000	1	-0.027375
2.866667	1	-0.026625
2.883333	1	-0.025750
2.900000	1	-0.024875
2.916667	1	-0.024000
2.933333	1	-0.022875
2.950000	1	-0.022500
2.966667	1	-0.021625
2.983333	1	-0.020250
3.000000	1	-0.018500
3.016667	1	-0.017125
3.033333	1	-0.015875
3.050000	1	-0.014875
3.066667	1	-0.013750
3.083333	1	-0.012625
3.100000	1	-0.011375
3.116667	1	-0.010125
3.133333	1	-0.008500
3.150000	1	-0.006875
3.166667	1	-0.004750
3.183333	1	-0.003000
3.200000	1	-0.001250
3.216667	1	0.000375
3.233333	1	0.002125
3.250000	1	0.004125
3.266667	1	0.005500
3.283333	1	0.007625
3.300000	1	0.009750
3.316667	1	0.012375
3.333333	1	0.014750
3.350000	1	0.016375
3.366667	1	0.019000
3.383333	1	0.021875
3.400000	1	0.024250
3.416667	1	0.027000
3.433333	1	0.029375
3.450000	1	0.031500
3.466667	1	0.033625
3.483333	1	0.036250
3.500000	1	0.038000
3.516667	1	0.040375
3.533333	1	0.042125
3.550000	1	0.044000
3.566667	1	0.046750
3.583333	1	0.048625
3.600000	1	0.050500
3.616667	1	0.052125
3.633333	1	0.054000
3.650000	1	0.054875
3.666667	1	0.055750
3.683333	1	0.056250
3.700000	1	0.056625
3.716667	1	0.056750
3.733333	1	0.056625
3.750000	1	0.056625
3.766667	1	0.056000
3.783333	1	0.055875
3.800000	1	0.054875
3.816667	1	0.053875
3.833333	1	0.052875
3.850000	1	0.052125
3.866667	1	0.051250
3.883333	1	0.050125
3.900000	1	0.048250
3.916667	1	0.047500
3.933333	1	0.046500
3.950000	1	0.044625
3.966667	1	0.042750
3.983333	1	0.041625
4.000000	1	0.039875
4.016667	1	0.039375
4.033333	1	0.037875
4.050000	1	0.036000
4.066667	1	0.034500
4.083333	1	0.033500
4.100000	1	0.032500
4.116667	1	0.031750
4.133333	1	0.030500
4.150000	1	0.029375
4.166667	1	0.028500
4.183333	1	0.027750
4.200000	1	0.027500
4.216667	1	0.027000
4.233333	1	0.026000
4.250000	1	0.025625
4.266667	1	0.024375
4.283333	1	0.023250
4.300000	1	0.022375
4.316667	1	0.021125
4.333333	1	0.020625
4.350000	1	0.019875
4.366667	1	0.018875
4.383333	1	0.018875
4.400000	1	0.018250
4.416667	1	0.016625
4.433333	1	0.015250
4.450000	1	0.014125
4.466667	1	0.012625
4.483333	1	0.011875
4.500000	1	0.010875
4.516667	1	0.009875
4.533333	1	0.009375
4.550000	1	0.008500
4.566667	1	0.008000
4.583333	1	0.007750
4.600000	1	0.007250
4.616667	1	0.007250
4.633333	1	0.006750
4.650000	1	0.007750
4.666667	1	0.007375
4.683333	1	0.007750
4.700000	1	0.007625
4.716667	1	0.008000
4.733333	1	0.008875
4.750000	1	0.010125
4.766667	1	0.010875
4.783333	1	0.011500
4.800000	1	0.012875
4.816667	1	0.014500
4.833333	1	0.016250
4.850000	1	0.018000
4.866667	1	0.019750
4.883333	1	0.021625
4.900000	1	0.023250
4.916667	1	0.025500
4.933333	1	0.027750
4.950000	1	0.030625
4.966667	1	0.033125
4.983333	1	0.036250
5.000000	1	0.039250
5.016667	1	0.041625
5.033333	1	0.044625
5.050000	1	0.048000
5.066667	1	0.051250
5.083333	1	0.054375
5.100000	1	0.057500
5.116667	1	0.061375
5.133333	1	0.065250
5.150000	1	0.068625
5.166667	1	0.073000
5.183333	1	0.076875
5.200000	1	0.081000
5.216667	1	0.084875
5.233333	1	0.088500
5.250000	1	0.092875
5.266667	1	0.096750
5.283333	1	0.101375
5.300000	1	0.105750
5.316667	1	0.110250
5.333333	1	0.114125
5.350000	1	0.119125
5.366667	1	0.123750
5.383333	1	0.129125
5.400000	1	0.134500
5.416667	1	0.138875
5.433333	1	0.143000
5.450000	1	0.148000
5.466667	1	0.152750
5.483333	1	0.157875
5.500000	1	0.162250
5.516667	1	0.167125
5.533333	1	0.171500
5.550000	1	0.176250
5.566667	1	0.180375
5.583333	1	0.184750
5.600000	1	0.189000
5.616667	1	0.193250
5.633333	1	0.197250
5.650000	1	0.201000
5.666667	1	0.204750
5.683333	1	0.207625
5.700000	1	0.210750
5.716667	1	0.212750
5.733333	1	0.215125
5.750000	1	0.217500
5.766667	1	0.219750
5.783333	1	0.221250
5.800000	1	0.223625
5.816667	1	0.224375
5.833333	1	0.225250
5.850000	1	0.225750
5.866667	1	0.226875
5.883333	1	0.226875
5.900000	1	0.226750
5.916667	1	0.226375
5.933333	1	0.226000
5.950000	1	0.224875
5.966667	1	0.224000
5.983333	1	0.223000
6.000000	1	0.221625
6.016667	1	0.220375
6.033333	1	0.219125
6.050000	1	0.217625
6.066667	1	0.215875
6.083333	1	0.214125
6.100000	1	0.211000
6.116667	1	0.208750
6.133333	1	0.206375
6.150000	1	0.203875
6.166667	1	0.201250
6.183333	1	0.198750
6.200000	1	0.196125
6.216667	1	0.194000
6.233333	1	0.190500
6.250000	1	0.187250
6.266667	1	0.183750
6.283333	1	0.180375
6.300000	1	0.176625
6.316667	1	0.173125
6.333333	1	0.170000
6.350000	1	0.167250
6.366667	1	0.164250
6.383333	1	0.160625
6.400000	1	0.157875
6.416667	1	0.154625
6.433333	1	0.151000
6.450000	1	0.147500
6.466667	1	0.144125
6.483333	1	0.140625
6.500000	1	0.138750
6.516667	1	0.136000
6.533333	1	0.133750
6.550000	1	0.132125
6.566667	1	0.130250
6.583333	1	0.128625
6.600000	1	0.126750
6.616667	1	0.126250
6.633333	1	0.125500
6.650000	1	0.124375
6.666667	1	0.123250
6.683333	1	0.123000
6.700000	1	0.122500
6.716667	1	0.122000
6.733333	1	0.122250
6.750000	1	0.122375
6.766667	1	0.122250
6.783333	1	0.122750
6.800000	1	0.123375
6.816667	1	0.124000
6.833333	1	0.124125
6.850000	1	0.124375
6.866667	1	0.124625
6.883333	1	0.125125
6.900000	1	0.125625
6.916667	1	0.125500
6.933333	1	0.125375
6.950000	1	0.125125
6.966667	1	0.124875
6.983333	1	0.124250
7.000000	1	0.124375
7.016667	1	0.123625
7.033333	1	0.122625
7.050000	1	0.121375
7.066667	1	0.120750
7.083333	1	0.120125
7.100000	1	0.120000
7.116667	1	0.118750
7.133333	1	0.118375
7.150000	1	0.117750
7.166667	1	0.117750
7.183333	1	0.117125
7.200000	1	0.116875
7.216667	1	0.116750
7.233333	1	0.116375
7.250000	1	0.116625
7.266667	1	0.117625
7.283333	1	0.118375
7.300000	1	0.119250
7.316667	1	0.120500
7.333333	1	0.121375
7.350000	1	0.123375
7.366667	1	0.125625
7.383333	1	0.127375
7.400000	1	0.128750
7.416667	1	0.130875
7.433333	1	0.133250
7.450000	1	0.135375
7.466667	1	0.137500
7.483333	1	0.140375
7.500000	1	0.142000
7.516667	1	0.144375
7.533333	1	0.145625
7.550000	1	0.148000
7.566667	1	0.149000
7.583333	1	0.150125
7.600000	1	0.151000
7.616667	1	0.151250
7.633333	1	0.151375
7.650000	1	0.152000
7.666667	1	0.152000
7.683333	1	0.151875
7.700000	1	0.151000
7.716667	1	0.150375
7.733333	1	0.149625
7.750000	1	0.148250
7.766667	1	0.147000
7.783333	1	0.145375
7.800000	1	0.143625
7.816667	1	0.142250
7.833333	1	0.140750
7.850000	1	0.138500
7.866667	1	0.136625
7.883333	1	0.134000
7.900000	1	0.132125
7.916667	1	0.129125
7.933333	1	0.126500
7.950000	1	0.124125
7.966667	1	0.121500
7.983333	1	0.119000
8.000000	1	0.116375
8.016667	1	0.112625
8.033333	1	0.109875
8.050000	1	0.107375
8.066667	1	0.104750
8.083333	1	0.102500
8.100000	1	0.099500
8.116667	1	0.097000
8.133333	1	0.094875
8.150000	1	0.092500
8.166667	1	0.089875
8.183333	1	0.087250
8.200000	1	0.085250
8.216667	1	0.083000
8.233333	1	0.080625
8.250000	1	0.078875
8.266667	1	0.076000
8.283333	1	0.073625
8.300000	1	0.071125
8.316667	1	0.069125
8.333333	1	0.066875
8.350000	1	0.065250
8.366667	1	0.062375
8.383333	1	0.060500
8.400000	1	0.059000
8.416667	1	0.057250
8.433333	1	0.054875
8.450000	1	0.052125
8.466667	1	0.050375
8.483333	1	0.048000
8.500000	1	0.045625
8.516667	1	0.043625
8.533333	1	0.041250
8.550000	1	0.039625
8.566667	1	0.038000
8.583333	1	0.036250
8.600000	1	0.034750
8.616667	1	0.033000
8.633333	1	0.031000
8.650000	1	0.030125
8.666667	1	0.029500
8.683333	1	0.027875
8.700000	1	0.027125
8.716667	1	0.026875
8.733333	1	0.026000
8.750000	1	0.025750
8.766667	1	0.025375
8.783333	1	0.024750
8.800000	1	0.024375
8.816667	1	0.024625
8.833333	1	0.024250
8.850000	1	0.023875
8.866667	1	0.024125
8.883333	1	0.025000
8.900000	1	0.025125
8.916667	1	0.025125
8.933333	1	0.025500
8.950000	1	0.025750
8.966667	1	0.026500
8.983333	1	0.027000
9.000000	1	0.026625
9.016667	1	0.026375
9.033333	1	0.026625
9.050000	1	0.026500
9.066667	1	0.026125
9.083333	1	0.025750
9.100000	1	0.025875
9.116667	1	0.025625
9.133333	1	0.024875
9.150000	1	0.024250
9.166667	1	0.023625
9.183333	1	0.022875
9.200000	1	0.022500
9.216667	1	0.021875
9.233333	1	0.022000
9.250000	1	0.021625
9.266667	1	0.020750
9.283333	1	0.019625
9.300000	1	0.019250
9.316667	1	0.019000
9.333333	1	0.018125
9.350000	1	0.018125
9.366667	1	0.018125
9.383333	1	0.018625
9.400000	1	0.018250
9.416667	1	0.017750
9.433333	1	0.017375
9.450000	1	0.016875
9.466667	1	0.016750
9.483333	1	0.016625
9.500000	1	0.016000
9.516667	1	0.016750
9.533333	1	0.016875
9.550000	1	0.016500
9.566667	1	0.016375
9.583333	1	0.017250
9.600000	1	0.018375
9.616667	1	0.018875
9.633333	1	0.019750
9.650000	1	0.020875
9.666667	1	0.022250
9.683333	1	0.022875
9.700000	1	0.023750
9.716667	1	0.025125
9.733333	1	0.026375
9.750000	1	0.027625
9.766667	1	0.028125
9.783333	1	0.028375
9.800000	1	0.028625
9.816667	1	0.029375
9.833333	1	0.030125
9.850000	1	0.030875
9.866667	1	0.030875
9.883333	1	0.031250
9.900000	1	0.032000
9.916667	1	0.032500
9.933333	1	0.032375
9.950000	1	0.031875
9.966667	1	0.031875
9.983333	1	0.032125
10.000000	1	0.032125
10.016667	1	0.032000
10.033333	1	0.032500
10.050000	1	0.033500
10.066667	1	0.035375
10.083333	1	0.037250
10.100000	1	0.040625
10.116667	1	0.044875
10.133333	1	0.049875
10.150000	1	0.056000
10.166667	1	0.062875
10.183333	1	0.071125
10.200000	1	0.081000
10.216667	1	0.092500
10.233333	1	0.106250
10.250000	1	0.121500
10.266667	1	0.140000
10.283333	1	0.160875
10.300000	1	0.184125
10.316667	1	0.210625
10.333333	1	0.239625
10.350000	1	0.272125
10.366667	1	0.307875
10.383333	1	0.345875
10.400000	1	0.383000
10.416667	1	0.414000
10.433333	1	0.431750
10.450000	1	0.427625
10.466667	1	0.393625
10.483333	1	0.331125
10.500000	1	0.256500
10.516667	1	0.207625
10.533333	1	0.245875
10.550000	1	0.451875
10.566667	1	0.914500
10.583333	1	1.724000
10.600000	1	2.959250
10.616667	1	4.684625
10.633333	1	6.941500
10.650000	1	9.751500
10.666667	1	13.119500
10.683333	1	17.028875
10.700000	1	21.439125
10.716667	1	26.272625
10.733333	1	31.407875
10.750000	1	36.659500
10.766667	1	41.762875
10.783333	1	46.371750
10.800000	1	50.074875
10.816667	1	52.452250
10.833333	1	53.181000
10.850000	1	52.142500
10.866667	1	49.468750
10.883333	1	45.513375
10.900000	1	40.753750
10.916667	1	35.667750
10.933333	1	30.648000
10.950000	1	25.960375
10.966667	1	21.759250
10.983333	1	18.107250
11.000000	1	15.008375
11.016667	1	12.430125
11.033333	1	10.319750
11.050000	1	8.612625
11.066667	1	7.242875
11.083333	1	6.149000
11.100000	1	5.276500
11.116667	1	4.579250
11.133333	1	4.019125
11.150000	1	3.567000
11.166667	1	3.198625
11.183333	1	2.895750
11.200000	1	2.644125
11.216667	1	2.434000
11.233333	1	2.256875
11.250000	1	2.105625
11.266667	1	1.975625
11.283333	1	1.862375
11.300000	1	1.764750
11.316667	1	1.679125
11.333333	1	1.604500
11.350000	1	1.538375
11.366667	1	1.480625
11.383333	1	1.428500
11.400000	1	1.382250
11.416667	1	1.341000
11.433333	1	1.304500
11.450000	1	1.271750
11.466667	1	1.241125
11.483333	1	1.214375
11.500000	1	1.190125
11.516667	1	1.167875
11.533333	1	1.147625
11.550000	1	1.130000
11.566667	1	1.113750
11.583333	1	1.098750
11.600000	1	1.085625
11.616667	1	1.073750
11.633333	1	1.063500
11.650000	1	1.055500
11.666667	1	1.048500
11.683333	1	1.043250
11.700000	1	1.039500
11.716667	1	1.037375
11.733333	1	1.036375
11.750000	1	1.037625
11.766667	1	1.040000
11.783333	1	1.043375
11.800000	1	1.048000
11.816667	1	1.053625
11.833333	1	1.058125
11.850000	1	1.063000
11.866667	1	1.068125
11.883333	1	1.073875
11.900000	1	1.079000
11.916667	1	1.084250
11.933333	1	1.089750
11.950000	1	1.095375
11.966667	1	1.101125
11.983333	1	1.107625
12.000000	1	1.114750
12.016667	1	1.121375
12.033333	1	1.129750
12.050000	1	1.138125
12.066667	1	1.146875
12.083333	1	1.156125
12.100000	1	1.166000
12.116667	1	1.175375
12.133333	1	1.186375
12.150000	1	1.198000
12.166667	1	1.211125
12.183333	1	1.225250
12.200000	1	1.241625
12.216667	1	1.259750
12.233333	1	1.280375
12.250000	1	1.303250
12.266667	1	1.328750
12.283333	1	1.356625
12.300000	1	1.386375
12.316667	1	1.419125
12.333333	1	1.454125
12.350000	1	1.494000
12.366667	1	1.541500
12.383333	1	1.599125
12.400000	1	1.674625
12.416667	1	1.771625
12.433333	1	1.898750
12.450000	1	2.065750
12.466667	1	2.280125
12.483333	1	2.548500
12.500000	1	2.877625
12.516667	1	3.268875
12.533333	1	3.721375
12.550000	1	4.231125
12.566667	1	4.787875
12.583333	1	5.379625
12.600000	1	5.990500
12.616667	1	6.605000
12.633333	1	7.208375
12.650000	1	7.787875
12.666667	1	8.334500
12.683333	1	8.841000
12.700000	1	9.305000
12.716667	1	9.727250
12.733333	1	10.108750
12.750000	1	10.447125
12.766667	1	10.736250
12.783333	1	10.958375
12.800000	1	11.088250
12.816667	1	11.090750
12.833333	1	10.934625
12.850000	1	10.602500
12.866667	1	10.103250
12.883333	1	9.474875
12.900000	1	8.771750
12.916667	1	8.047625
12.933333	1	7.343250
12.950000	1	6.682125
12.966667	1	6.074625
12.983333	1	5.525000
13.000000	1	5.032125
13.016667	1	4.595750
13.033333	1	4.214000
13.050000	1	3.882875
13.066667	1	3.598125
13.083333	1	3.354875
13.100000	1	3.147125
13.116667	1	2.969750
13.133333	1	2.818750
13.150000	1	2.688375
13.166667	1	2.574750
13.183333	1	2.475500
13.200000	1	2.387250
13.216667	1	2.308250
13.233333	1	2.236000
13.250000	1	2.170250
13.266667	1	2.109375
13.283333	1	2.052375
13.300000	1	1.999125
13.316667	1	1.948625
13.333333	1	1.901625
13.350000	1	1.857750
13.366667	1	1.817625
13.383333	1	1.780500
13.400000	1	1.746750
13.416667	1	1.715875
13.433333	1	1.689500
13.450000	1	1.666375
13.466667	1	1.646875
13.483333	1	1.630750
13.500000	1	1.617125
13.516667	1	1.606625
13.533333	1	1.598625
13.550000	1	1.592250
13.566667	1	1.585875
13.583333	1	1.580125
13.600000	1	1.573500
13.616667	1	1.566750
13.633333	1	1.557125
13.650000	1	1.545000
13.666667	1	1.530500
13.683333	1	1.514125
13.700000	1	1.496125
13.716667	1	1.476500
13.733333	1	1.455250
13.750000	1	1.433750
13.766667	1	1.412250
13.783333	1	1.391375
13.800000	1	1.370500
13.816667	1	1.350000
13.833333	1	1.330375
13.850000	1	1.312750
13.866667	1	1.295250
13.883333	1	1.280000
13.900000	1	1.264625
13.916667	1	1.249750
13.933333	1	1.235875
13.950000	1	1.223000
13.966667	1	1.211250
13.983333	1	1.199000
14.000000	1	1.188375
14.016667	1	1.178000
14.033333	1	1.168125
14.050000	1	1.157500
14.066667	1	1.147875
14.083333	1	1.138875
14.100000	1	1.129625
14.116667	1	1.121375
14.133333	1	1.113875
14.150000	1	1.106375
14.166667	1	1.100125
14.183333	1	1.095250
14.200000	1	1.091375
14.216667	1	1.087625
14.233333	1	1.086375
14.250000	1	1.086875
14.266667	1	1.088875
14.283333	1	1.093750
14.300000	1	1.100625
14.316667	1	1.109125
14.333333	1	1.119750
14.350000	1	1.132125
14.366667	1	1.146125
14.383333	1	1.161500
14.400000	1	1.179500
14.416667	1	1.201250
14.433333	1	1.228375
14.450000	1	1.265625
14.466667	1	1.318750
14.483333	1	1.398375
14.500000	1	1.519625
14.516667	1	1.704125
14.533333	1	1.979625
14.550000	1	2.383375
14.566667	1	2.961125
14.583333	1	3.767250
14.600000	1	4.862250
14.616667	1	6.311500
14.633333	1	8.179750
14.650000	1	10.520250
14.666667	1	13.369500
14.683333	1	16.734875
14.700000	1	20.587375
14.716667	1	24.852125
14.733333	1	29.419250
14.750000	1	34.136875
14.766667	1	38.820875
14.783333	1	43.262000
14.800000	1	47.257750
14.816667	1	50.619125
14.833333	1	53.186625
14.850000	1	54.844375
14.866667	1	55.532250
14.883333	1	55.252500
14.900000	1	54.062625
14.916667	1	52.070375
14.933333	1	49.416375
14.950000	1	46.263625
14.966667	1	42.778875
14.983333	1	39.124000
15.000000	1	35.432375
15.016667	1	31.815250
15.033333	1	28.356750
15.050000	1	25.117125
15.066667	1	22.134000
15.083333	1	19.426000
15.100000	1	16.996250
15.116667	1	14.837625
15.133333	1	12.933500
15.150000	1	11.262750
15.166667	1	9.805500
15.183333	1	8.540875
15.200000	1	7.445750
15.216667	1	6.501375
15.233333	1	5.690250
15.250000	1	4.996000
15.266667	1	4.406000
15.283333	1	3.908750
15.300000	1	3.493500
15.316667	1	3.150625
15.333333	1	2.871000
15.350000	1	2.645375
15.366667	1	2.467750
15.383333	1	2.328500
15.400000	1	2.222250
15.416667	1	2.141875
15.433333	1	2.081375
15.450000	1	2.034750
15.466667	1	1.996375
15.483333	1	1.963375
15.500000	1	1.931000
15.516667	1	1.897500
15.533333	1	1.861875
15.550000	1	1.823375
15.566667	1	1.782000
15.583333	1	1.737625
15.600000	1	1.692625
15.616667	1	1.646875
15.633333	1	1.601875
15.650000	1	1.558000
15.666667	1	1.516500
15.683333	1	1.477125
15.700000	1	1.440250
15.716667	1	1.405250
15.733333	1	1.372500
15.750000	1	1.341500
15.766667	1	1.311250
15.783333	1	1.282750
15.800000	1	1.255875
15.816667	1	1.230000
15.833333	1	1.205750
15.850000	1	1.182750
15.866667	1	1.161500
15.883333	1	1.141500
15.900000	1	1.123500
15.916667	1	1.108375
15.933333	1	1.094375
15.950000	1	1.082625
15.966667	1	1.073375
15.983333	1	1.066375
16.000000	1	1.061625
16.016667	1	1.058625
16.033333	1	1.056875
16.050000	1	1.056375
16.066667	1	1.057500
16.083333	1	1.058625
16.100000	1	1.060250
16.116667	1	1.062125
16.133333	1	1.064125
16.150000	1	1.065875
16.166667	1	1.067250
16.183333	1	1.067750
16.200000	1	1.067875
16.216667	1	1.066875
16.233333	1	1.065250
16.250000	1	1.062375
16.266667	1	1.058750
16.283333	1	1.054875
16.300000	1	1.051250
16.316667	1	1.047375
16.333333	1	1.043375
16.350000	1	1.040500
16.366667	1	1.038750
16.383333	1	1.038625
16.400000	1	1.039125
16.416667	1	1.041000
16.433333	1	1.044250
16.450000	1	1.048250
16.466667	1	1.053625
16.483333	1	1.059000
16.500000	1	1.064125
16.516667	1	1.068875
16.533333	1	1.073000
16.550000	1	1.075500
16.566667	1	1.076500
16.583333	1	1.076750
16.600000	1	1.075625
16.616667	1	1.072750
16.633333	1	1.069375
16.650000	1	1.065125
16.666667	1	1.062125
16.683333	1	1.059500
16.700000	1	1.058125
16.716667	1	1.058875
16.733333	1	1.060625
16.750000	1	1.064625
16.766667	1	1.071000
16.783333	1	1.079250
16.800000	1	1.088125
16.816667	1	1.098125
16.833333	1	1.108625
16.850000	1	1.119750
16.866667	1	1.129750
16.883333	1	1.139000
16.900000	1	1.146875
16.916667	1	1.153125
16.933333	1	1.158000
16.950000	1	1.161250
16.966667	1	1.163625
16.983333	1	1.164750
17.000000	1	1.164875
17.016667	1	1.163750
17.033333	1	1.162375
17.050000	1	1.161250
17.066667	1	1.159750
17.083333	1	1.158375
17.100000	1	1.157500
17.116667	1	1.156625
17.133333	1	1.156750
17.150000	1	1.157375
17.166667	1	1.158375
17.183333	1	1.160375
17.200000	1	1.161750
17.216667	1	1.164500
17.233333	1	1.166500
17.250000	1	1.169375
17.266667	1	1.172000
17.283333	1	1.175375
17.300000	1	1.178375
17.316667	1	1.182000
17.333333	1	1.185500
17.350000	1	1.189625
17.366667	1	1.192750
17.383333	1	1.196625
17.400000	1	1.198500
17.416667	1	1.200000
17.433333	1	1.199750
17.450000	1	1.198625
17.466667	1	1.196375
17.483333	1	1.191750
17.500000	1	1.186000
17.516667	1	1.177875
17.533333	1	1.167625
17.550000	1	1.155875
17.566667	1	1.143750
17.583333	1	1.129875
17.600000	1	1.114750
17.616667	1	1.098750
17.633333	1	1.082125
17.650000	1	1.064750
17.666667	1	1.048000
17.683333	1	1.031750
17.700000	1	1.015375
17.716667	1	0.999875
17.733333	1	0.985500
17.750000	1	0.971875
17.766667	1	0.959250
17.783333	1	0.948125
17.800000	1	0.937625
17.816667	1	0.927875
17.833333	1	0.919250
17.850000	1	0.911750
17.866667	1	0.904375
17.883333	1	0.898250
17.900000	1	0.892250
17.916667	1	0.886625
17.933333	1	0.881250
17.950000	1	0.875500
17.966667	1	0.870250
17.983333	1	0.864750
18.000000	1	0.858375
18.016667	1	0.852625
18.033333	1	0.847000
18.050000	1	0.841875
18.066667	1	0.836000
18.083333	1	0.830875
18.100000	1	0.826000
18.116667	1	0.821750
18.133333	1	0.818250
18.150000	1	0.815500
18.166667	1	0.813875
18.183333	1	0.811500
18.200000	1	0.810250
18.216667	1	0.807625
18.233333	1	0.806875
18.250000	1	0.806125
18.266667	1	0.805750
18.283333	1	0.805375
18.300000	1	0.804250
18.316667	1	0.803250
18.333333	1	0.803375
18.350000	1	0.803500
18.366667	1	0.805000
18.383333	1	0.807000
18.400000	1	0.809875
18.416667	1	0.814000
18.433333	1	0.820250
18.450000	1	0.828125
18.466667	1	0.837875
18.483333	1	0.849375
18.500000	1	0.863500
18.516667	1	0.879125
18.533333	1	0.896750
18.550000	1	0.916750
18.566667	1	0.939125
18.583333	1	0.963750
18.600000	1	0.989875
18.616667	1	1.017625
18.633333	1	1.046875
18.650000	1	1.077500
18.666667	1	1.110375
18.683333	1	1.144625
18.700000	1	1.179500
18.716667	1	1.215125
18.733333	1	1.250375
18.750000	1	1.285875
18.766667	1	1.321375
18.783333	1	1.355000
18.800000	1	1.387375
18.816667	1	1.417125
18.833333	1	1.443500
18.850000	1	1.465750
18.866667	1	1.483375
18.883333	1	1.495625
18.900000	1	1.502375
18.916667	1	1.503000
18.933333	1	1.497250
18.950000	1	1.484625
18.966667	1	1.465625
18.983333	1	1.441250
19.000000	1	1.411125
19.016667	1	1.376125
19.033333	1	1.337250
19.050000	1	1.294125
19.066667	1	1.248750
19.083333	1	1.202875
19.100000	1	1.156125
19.116667	1	1.109375
19.133333	1	1.064875
19.150000	1	1.023125
19.166667	1	0.984250
19.183333	1	0.948750
19.200000	1	0.917500
19.216667	1	0.891000
19.233333	1	0.869375
19.250000	1	0.854250
19.266667	1	0.845000
19.283333	1	0.841125
19.300000	1	0.842875
19.316667	1	0.851750
19.333333	1	0.866250
19.350000	1	0.886500
19.366667	1	0.911625
19.383333	1	0.940625
19.400000	1	0.972250
19.416667	1	1.007125
19.433333	1	1.043125
19.450000	1	1.078875
19.466667	1	1.114625
19.483333	1	1.148875
19.500000	1	1.180000
19.516667	1	1.208375
19.533333	1	1.232875
19.550000	1	1.252375
19.566667	1	1.268125
19.583333	1	1.278750
19.600000	1	1.283875
19.616667	1	1.284625
19.633333	1	1.280375
19.650000	1	1.271500
19.666667	1	1.258250
19.683333	1	1.241750
19.700000	1	1.221250
19.716667	1	1.197625
19.733333	1	1.171750
19.750000	1	1.143625
19.766667	1	1.113000
19.783333	1	1.081875
19.800000	1	1.048625
19.816667	1	1.015125
19.833333	1	0.982250
19.850000	1	0.949250
19.866667	1	0.917250
19.883333	1	0.885750
19.900000	1	0.856250
19.916667	1	0.829125
19.933333	1	0.804625
19.950000	1	0.783500
19.966667	1	0.765750
19.983333	1	0.752625
20.000000	1	0.743875
20.016667	1	0.740875
20.033333	1	0.743500
20.050000	1	0.752625
20.066667	1	0.768000
20.083333	1	0.789750
20.100000	1	0.818250
20.116667	1	0.852750
20.133333	1	0.892625
20.150000	1	0.937250
20.166667	1	0.985375
20.183333	1	1.035625
20.200000	1	1.085875
20.216667	1	1.133750
20.233333	1	1.179875
20.250000	1	1.220125
20.266667	1	1.254125
20.283333	1	1.279750
20.300000	1	1.296875
20.316667	1	1.305375
20.333333	1	1.304625
20.350000	1	1.294125
20.366667	1	1.275500
20.383333	1	1.249250
20.400000	1	1.216750
20.416667	1	1.178500
20.433333	1	1.137000
20.450000	1	1.093500
20.466667	1	1.049250
20.483333	1	1.006125
20.500000	1	0.966000
20.516667	1	0.929500
20.533333	1	0.898250
20.550000	1	0.873250
20.566667	1	0.854625
20.583333	1	0.844375
20.600000	1	0.842500
20.616667	1	0.850750
20.633333	1	0.867875
20.650000	1	0.895750
20.666667	1	0.933250
20.683333	1	0.980250
20.700000	1	1.036125
20.716667	1	1.099625
20.733333	1	1.169000
20.750000	1	1.243125
20.766667	1	1.319125
20.783333	1	1.395000
20.800000	1	1.467500
20.816667	1	1.535375
20.833333	1	1.595250
20.850000	1	1.644500
20.866667	1	1.682500
20.883333	1	1.707500
20.900000	1	1.719125
20.916667	1	1.717250
20.933333	1	1.702000
20.950000	1	1.674250
20.966667	1	1.635500
20.983333	1	1.586625
21.000000	1	1.530250
21.016667	1	1.467250
21.033333	1	1.401125
21.050000	1	1.331375
21.066667	1	1.262000
21.083333	1	1.192875
21.100000	1	1.125500
21.116667	1	1.061000
21.133333	1	1.000000
21.150000	1	0.941875
21.166667	1	0.888000
21.183333	1	0.838875
21.200000	1	0.793500
21.216667	1	0.751750
21.233333	1	0.713875
21.250000	1	0.679625
21.266667	1	0.649125
21.283333	1	0.621500
21.300000	1	0.596625
21.316667	1	0.574750
21.333333	1	0.554250
21.350000	1	0.537250
21.366667	1	0.522000
21.383333	1	0.508375
21.400000	1	0.495875
21.416667	1	0.484875
21.433333	1	0.475750
21.450000	1	0.468250
21.466667	1	0.461875
21.483333	1	0.456125
21.500000	1	0.452250
21.516667	1	0.450500
21.533333	1	0.449125
21.550000	1	0.449375
21.566667	1	0.453375
21.583333	1	0.459125
21.600000	1	0.466625
21.616667	1	0.475875
21.633333	1	0.488375
21.650000	1	0.503250
21.666667	1	0.521625
21.683333	1	0.543500
21.700000	1	0.568625
21.716667	1	0.595875
21.733333	1	0.626875
21.750000	1	0.660625
21.766667	1	0.696875
21.783333	1	0.733250
21.800000	1	0.771625
21.816667	1	0.810875
21.833333	1	0.849125
21.850000	1	0.885875
21.866667	1	0.921000
21.883333	1	0.953125
21.900000	1	0.982250
21.916667	1	1.007250
21.933333	1	1.027625
21.950000	1	1.043750
21.966667	1	1.054375
21.983333	1	1.061000
22.000000	1	1.061250
22.016667	1	1.058750
22.033333	1	1.050750
22.050000	1	1.039625
22.066667	1	1.024250
22.083333	1	1.007000
22.100000	1	0.987625
22.116667	1	0.966625
22.133333	1	0.944000
22.150000	1	0.919875
22.166667	1	0.895375
22.183333	1	0.870125
22.200000	1	0.845250
22.216667	1	0.820875
22.233333	1	0.795875
22.250000	1	0.770625
22.266667	1	0.745625
22.283333	1	0.721250
22.300000	1	0.698000
22.316667	1	0.675750
22.333333	1	0.654250
22.350000	1	0.633750
22.366667	1	0.613875
22.383333	1	0.595500
22.400000	1	0.578625
22.416667	1	0.562500
22.433333	1	0.548000
22.450000	1	0.535000
22.466667	1	0.522875
22.483333	1	0.512500
22.500000	1	0.503250
22.516667	1	0.494875
22.533333	1	0.487500
22.550000	1	0.480875
22.566667	1	0.474625
22.583333	1	0.468625
22.600000	1	0.463875
22.616667	1	0.459000
22.633333	1	0.454625
22.650000	1	0.450000
22.666667	1	0.444125
22.683333	1	0.438000
22.700000	1	0.431750
22.716667	1	0.426000
22.733333	1	0.419375
22.750000	1	0.413000
22.766667	1	0.405500
22.783333	1	0.398375
22.800000	1	0.391625
22.816667	1	0.384250
22.833333	1	0.376375
22.850000	1	0.369375
22.866667	1	0.362250
22.883333	1	0.355875
22.900000	1	0.349625
22.916667	1	0.343375
22.933333	1	0.337625
22.950000	1	0.332875
22.966667	1	0.328750
22.983333	1	0.325375
23.000000	1	0.322500
23.016667	1	0.319500
23.033333	1	0.317750
23.050000	1	0.317125
23.066667	1	0.317000
23.083333	1	0.316625
23.100000	1	0.317875
23.116667	1	0.318875
23.133333	1	0.320000
23.150000	1	0.322000
23.166667	1	0.323375
23.183333	1	0.325125
23.200000	1	0.327625
23.216667	1	0.329875
23.233333	1	0.332250
23.250000	1	0.335250
23.266667	1	0.338500
23.283333	1	0.342625
23.300000	1	0.347750
23.316667	1	0.354625
23.333333	1	0.363750
23.350000	1	0.375125
23.366667	1	0.390125
23.383333	1	0.410125
23.400000	1	0.436000
23.416667	1	0.469750
23.433333	1	0.512125
23.450000	1	0.564875
23.466667	1	0.631000
23.483333	1	0.711500
23.500000	1	0.809000
23.516667	1	0.925625
23.533333	1	1.062000
23.550000	1	1.220750
23.566667	1	1.400750
23.583333	1	1.604375
23.600000	1	1.829250
23.616667	1	2.075125
23.633333	1	2.340000
23.650000	1	2.619750
23.666667	1	2.911000
23.683333	1	3.209375
23.700000	1	3.509000
23.716667	1	3.803750
23.733333	1	4.088250
23.750000	1	4.355375
23.766667	1	4.599125
23.783333	1	4.813625
23.800000	1	4.995375
23.816667	1	5.139375
23.833333	1	5.243625
23.850000	1	5.306375
23.866667	1	5.327250
23.883333	1	5.307250
23.900000	1	5.248750
23.916667	1	5.154750
23.933333	1	5.027125
23.950000	1	4.871250
23.966667	1	4.692125
23.983333	1	4.494250
24.000000	1	4.281875
24.016667	1	4.060375
24.033333	1	3.834000
24.050000	1	3.606500
24.066667	1	3.381000
24.083333	1	3.160000
24.100000	1	2.945375
24.116667	1	2.738625
24.133333	1	2.541875
24.150000	1	2.355250
24.166667	1	2.180125
24.183333	1	2.015250
24.200000	1	1.861625
24.216667	1	1.719500
24.233333	1	1.587375
24.250000	1	1.465750
24.266667	1	1.353875
24.283333	1	1.251875
24.300000	1	1.158750
24.316667	1	1.074250
24.333333	1	0.997250
24.350000	1	0.927125
24.366667	1	0.864250
24.383333	1	0.808625
24.400000	1	0.758625
24.416667	1	0.715250
24.433333	1	0.676250
24.450000	1	0.642875
24.466667	1	0.613500
24.483333	1	0.587625
24.500000	1	0.565125
24.516667	1	0.546625
24.533333	1	0.529750
24.550000	1	0.515625
24.566667	1	0.503125
24.583333	1	0.492000
24.600000	1	0.482125
24.616667	1	0.474125
24.633333	1	0.466250
24.650000	1	0.459250
24.666667	1	0.451875
24.683333	1	0.444750
24.700000	1	0.438500
24.716667	1	0.432375
24.733333	1	0.425375
24.750000	1	0.419250
24.766667	1	0.412625
24.783333	1	0.406000
24.800000	1	0.399875
24.816667	1	0.394000
24.833333	1	0.388375
24.850000	1	0.382375
24.866667	1	0.376250
24.883333	1	0.370875
24.900000	1	0.366375
24.916667	1	0.362625
24.933333	1	0.357500
24.950000	1	0.353250
24.966667	1	0.349000
24.983333	1	0.345625
25.000000	1	0.342000
25.016667	1	0.338250
25.033333	1	0.335625
25.050000	1	0.332500
25.066667	1	0.330250
25.083333	1	0.327500
25.100000	1	0.325750
25.116667	1	0.323625
25.133333	1	0.321125
25.150000	1	0.319125
25.166667	1	0.317000
25.183333	1	0.313875
25.200000	1	0.311250
25.216667	1	0.308625
25.233333	1	0.306000
25.250000	1	0.303875
25.266667	1	0.301625
25.283333	1	0.299875
25.300000	1	0.297750
25.316667	1	0.295500
25.333333	1	0.293625
25.350000	1	0.291875
25.366667	1	0.290250
25.383333	1	0.289375
25.400000	1	0.287625
25.416667	1	0.285875
25.433333	1	0.284750
25.450000	1	0.284125
25.466667	1	0.284375
25.483333	1	0.284000
25.500000	1	0.283500
25.516667	1	0.283875
25.533333	1	0.284250
25.550000	1	0.284875
25.566667	1	0.285125
25.583333	1	0.285750
25.600000	1	0.285875
25.616667	1	0.285875
25.633333	1	0.285625
25.650000	1	0.286125
25.666667	1	0.286750
25.683333	1	0.287000
25.700000	1	0.287000
25.716667	1	0.287125
25.733333	1	0.286500
25.750000	1	0.285125
25.766667	1	0.284625
25.783333	1	0.283750
25.800000	1	0.283250
25.816667	1	0.282375
25.833333	1	0.281625
25.850000	1	0.281250
25.866667	1	0.281000
25.883333	1	0.280625
25.900000	1	0.281125
25.916667	1	0.280875
25.933333	1	0.282125
25.950000	1	0.283375
25.966667	1	0.285250
25.983333	1	0.287000
26.000000	1	0.288375
26.016667	1	0.291125
26.033333	1	0.294500
26.050000	1	0.297750
26.066667	1	0.301500
26.083333	1	0.306375
26.100000	1	0.311250
26.116667	1	0.315625
26.133333	1	0.320875
26.150000	1	0.325875
26.166667	1	0.331125
26.183333	1	0.336375
26.200000	1	0.341000
26.216667	1	0.346375
26.233333	1	0.351250
26.250000	1	0.356250
26.266667	1	0.360625
26.283333	1	0.365250
26.300000	1	0.369125
26.316667	1	0.372250
26.333333	1	0.375000
26.350000	1	0.377000
26.366667	1	0.378875
26.383333	1	0.379875
26.400000	1	0.380250
26.416667	1	0.380000
26.433333	1	0.379500
26.450000	1	0.378250
26.466667	1	0.376000
26.483333	1	0.373375
26.500000	1	0.370750
26.516667	1	0.367375
26.533333	1	0.363375
26.550000	1	0.359000
26.566667	1	0.354625
26.583333	1	0.349750
26.600000	1	0.344375
26.616667	1	0.339625
26.633333	1	0.334750
26.650000	1	0.330000
26.666667	1	0.324250
26.683333	1	0.319250
26.700000	1	0.314625
26.716667	1	0.310250
26.733333	1	0.305875
26.750000	1	0.301625
26.766667	1	0.297875
26.783333	1	0.294000
26.800000	1	0.290500
26.816667	1	0.287875
26.833333	1	0.286125
26.850000	1	0.284250
26.866667	1	0.282375
26.883333	1	0.281125
26.900000	1	0.280625
26.916667	1	0.280375
26.933333	1	0.279125
26.950000	1	0.278250
26.966667	1	0.278625
26.983333	1	0.278625
27.000000	1	0.279375
27.016667	1	0.281125
27.033333	1	0.282375
27.050000	1	0.284250
27.066667	1	0.286250
27.083333	1	0.288500
27.100000	1	0.291125
27.116667	1	0.294000
27.133333	1	0.297375
27.150000	1	0.301500
27.166667	1	0.306250
27.183333	1	0.311375
27.200000	1	0.317625
27.216667	1	0.325375
27.233333	1	0.334500
27.250000	1	0.345500
27.266667	1	0.358750
27.283333	1	0.374750
27.300000	1	0.394125
27.316667	1	0.416375
27.333333	1	0.442125
27.350000	1	0.473375
27.366667	1	0.509625
27.383333	1	0.552500
27.400000	1	0.602625
27.416667	1	0.660375
27.433333	1	0.727875
27.450000	1	0.804875
27.466667	1	0.891000
27.483333	1	0.988750
27.500000	1	1.098875
27.516667	1	1.220750
27.533333	1	1.354375
27.550000	1	1.499875
27.566667	1	1.656375
27.583333	1	1.823875
27.600000	1	2.000750
27.616667	1	2.186500
27.633333	1	2.379750
27.650000	1	2.578750
27.666667	1	2.779500
27.683333	1	2.980875
27.700000	1	3.180250
27.716667	1	3.373500
27.733333	1	3.557500
27.750000	1	3.731000
27.766667	1	3.889500
27.783333	1	4.031500
27.800000	1	4.153500
27.816667	1	4.254500
27.833333	1	4.332375
27.850000	1	4.384875
27.866667	1	4.412250
27.883333	1	4.413500
27.900000	1	4.389750
27.916667	1	4.339500
27.933333	1	4.266625
27.950000	1	4.171500
27.966667	1	4.056875
27.983333	1	3.925250
28.000000	1	3.779500
28.016667	1	3.621500
28.033333	1	3.454000
28.050000	1	3.279625
28.066667	1	3.102000
28.083333	1	2.922250
28.100000	1	2.743250
28.116667	1	2.567375
28.133333	1	2.396125
28.150000	1	2.231375
28.166667	1	2.072375
28.183333	1	1.921125
28.200000	1	1.778000
28.216667	1	1.644250
28.233333	1	1.519125
28.250000	1	1.403250
28.266667	1	1.295125
28.283333	1	1.196625
28.300000	1	1.104750
28.316667	1	1.021250
28.333333	1	0.946125
28.350000	1	0.877875
28.366667	1	0.816375
28.383333	1	0.762000
28.400000	1	0.712875
28.416667	1	0.669125
28.433333	1	0.631250
28.450000	1	0.598000
28.466667	1	0.569625
28.483333	1	0.544750
28.500000	1	0.525125
28.516667	1	0.509000
28.533333	1	0.495625
28.550000	1	0.485125
28.566667	1	0.478250
28.583333	1	0.474375
28.600000	1	0.472750
28.616667	1	0.473250
28.633333	1	0.476125
28.650000	1	0.480250
28.666667	1	0.485000
28.683333	1	0.490625
28.700000	1	0.498375
28.716667	1	0.507375
28.733333	1	0.516375
28.750000	1	0.525375
28.766667	1	0.534875
28.783333	1	0.544500
28.800000	1	0.554500
28.816667	1	0.564750
28.833333	1	0.573375
28.850000	1	0.581500
28.866667	1	0.589500
28.883333	1	0.596750
28.900000	1	0.602625
28.916667	1	0.607250
28.933333	1	0.611000
28.950000	1	0.613375
28.966667	1	0.614250
28.983333	1	0.613625
29.000000	1	0.612000
29.016667	1	0.608750
29.033333	1	0.603750
29.050000	1	0.596750
29.066667	1	0.588500
29.083333	1	0.578250
29.100000	1	0.565625
29.116667	1	0.551125
29.133333	1	0.534875
29.150000	1	0.516375
29.166667	1	0.495625
29.183333	1	0.472875
29.200000	1	0.448125
29.216667	1	0.420500
29.233333	1	0.391375
29.250000	1	0.360125
29.266667	1	0.325625
29.283333	1	0.289750
29.300000	1	0.251000
29.316667	1	0.210125
29.333333	1	0.166875
29.350000	1	0.121750
29.366667	1	0.074750
29.383333	1	0.025875
29.400000	1	-0.025125
29.416667	1	-0.077875
29.433333	1	-0.130875
29.450000	1	-0.185250
29.466667	1	-0.240125
29.483333	1	-0.295750
29.500000	1	-0.351375
29.516667	1	-0.406375
29.533333	1	-0.460500
29.550000	1	-0.512750
29.566667	1	-0.563125
29.583333	1	-0.611125
29.600000	1	-0.657250
29.616667	1	-0.699375
29.633333	1	-0.737750
29.650000	1	-0.772250
29.666667	1	-0.803750
29.683333	1	-0.830250
29.700000	1	-0.853125
29.716667	1	-0.870625
29.733333	1	-0.884250
29.750000	1	-0.892125
29.766667	1	-0.895375
29.783333	1	-0.894500
29.800000	1	-0.887875
29.816667	1	-0.877625
29.833333	1	-0.863875
29.850000	1	-0.846125
29.866667	1	-0.824375
29.883333	1	-0.800000
29.900000	1	-0.771875
29.916667	1	-0.742000
29.933333	1	-0.709875
29.950000	1	-0.676750
29.966667	1	-0.641250
29.983333	1	-0.605375
30.000000	1	-0.568000
30.016667	1	-0.530750
30.033333	1	-0.493125
30.050000	1	-0.456000
30.066667	1	-0.419000
30.083333	1	-0.383625
30.100000	1	-0.348000
30.116667	1	-0.314500
30.133333	1	-0.281125
30.150000	1	-0.250125
30.166667	1	-0.218875
30.183333	1	-0.190375
30.200000	1	-0.162750
30.216667	1	-0.136625
30.233333	1	-0.112000
30.250000	1	-0.089750
30.266667	1	-0.069000
30.283333	1	-0.049000
30.300000	1	-0.030750
30.316667	1	-0.013375
30.333333	1	0.002000
30.350000	1	0.016000
30.366667	1	0.029125
30.383333	1	0.040500
30.400000	1	0.051750
30.416667	1	0.061500
30.433333	1	0.070250
30.450000	1	0.078375
30.466667	1	0.086125
30.483333	1	0.092875
30.500000	1	0.099250
30.516667	1	0.105375
30.533333	1	0.110750
30.550000	1	0.116125
30.566667	1	0.120500
30.583333	1	0.125375
30.600000	1	0.130500
30.616667	1	0.135000
30.633333	1	0.140000
30.650000	1	0.145125
30.666667	1	0.150125
30.683333	1	0.155250
30.700000	1	0.160625
30.716667	1	0.166375
30.733333	1	0.172375
30.750000	1	0.179250
30.766667	1	0.186750
30.783333	1	0.194875
30.800000	1	0.203500
30.816667	1	0.212500
30.833333	1	0.221375
30.850000	1	0.230625
30.866667	1	0.241000
30.883333	1	0.252875
30.900000	1	0.265250
30.916667	1	0.279250
30.933333	1	0.294750
30.950000	1	0.312250
30.966667	1	0.331875
30.983333	1	0.354625
31.000000	1	0.379875
31.016667	1	0.407875
31.033333	1	0.440750
31.050000	1	0.477625
31.066667	1	0.520125
31.083333	1	0.568625
31.100000	1	0.623375
31.116667	1	0.685875
31.133333	1	0.756000
31.150000	1	0.835375
31.166667	1	0.924000
31.183333	1	1.023000
31.200000	1	1.133000
31.216667	1	1.254000
31.233333	1	1.387000
31.250000	1	1.530625
31.266667	1	1.686375
31.283333	1	1.852875
31.300000	1	2.029875
31.316667	1	2.216125
31.333333	1	2.410750
31.350000	1	2.611875
31.366667	1	2.818750
31.383333	1	3.029000
31.400000	1	3.241125
31.416667	1	3.452875
31.433333	1	3.661625
31.450000	1	3.864125
31.466667	1	4.058625
31.483333	1	4.242250
31.500000	1	4.412500
31.516667	1	4.568000
31.533333	1	4.705250
31.550000	1	4.823625
31.566667	1	4.921750
31.583333	1	4.999000
31.600000	1	5.053375
31.616667	1	5.085625
31.633333	1	5.094375
31.650000	1	5.081000
31.666667	1	5.045500
31.683333	1	4.989125
31.700000	1	4.913250
31.716667	1	4.819500
31.733333	1	4.709125
31.750000	1	4.584000
31.766667	1	4.446125
31.783333	1	4.297000
31.800000	1	4.138750
31.816667	1	3.973625
31.833333	1	3.803375
31.850000	1	3.629250
31.866667	1	3.453875
31.883333	1	3.278125
31.900000	1	3.102875
31.916667	1	2.930875
31.933333	1	2.762500
31.950000	1	2.598250
31.966667	1	2.438750
31.983333	1	2.284875
32.000000	1	2.136750
32.016667	1	1.994250
32.033333	1	1.858375
32.050000	1	1.729500
32.066667	1	1.607375
32.083333	1	1.491875
32.100000	1	1.382625
32.116667	1	1.280000
32.133333	1	1.183125
32.150000	1	1.092375
32.166667	1	1.007125
32.183333	1	0.927625
32.200000	1	0.853000
32.216667	1	0.783875
32.233333	1	0.719375
32.250000	1	0.659500
32.266667	1	0.603375
32.283333	1	0.551500
32.300000	1	0.504000
32.316667	1	0.460000
32.333333	1	0.419750
32.350000	1	0.382125
32.366667	1	0.347500
32.383333	1	0.316750
32.400000	1	0.287875
32.416667	1	0.261875
32.433333	1	0.238625
32.450000	1	0.216250
32.466667	1	0.196500
32.483333	1	0.178625
32.500000	1	0.161875
32.516667	1	0.146625
32.533333	1	0.134000
32.550000	1	0.122375
32.566667	1	0.111500
32.583333	1	0.102000
32.600000	1	0.093250
32.616667	1	0.084875
32.633333	1	0.077375
32.650000	1	0.070250
32.666667	1	0.063750
32.683333	1	0.058125
32.700000	1	0.053000
32.716667	1	0.047875
32.733333	1	0.043375
32.750000	1	0.038625
32.766667	1	0.034625
32.783333	1	0.030750
32.800000	1	0.026750
32.816667	1	0.023250
32.833333	1	0.019875
32.850000	1	0.016375
32.866667	1	0.013125
32.883333	1	0.010000
32.900000	1	0.007375
32.916667	1	0.005000
32.933333	1	0.002500
32.950000	1	0.000625
32.966667	1	-0.000875
32.983333	1	-0.002750
33.000000	1	-0.005125
33.016667	1	-0.006875
33.033333	1	-0.008375
33.050000	1	-0.010125
33.066667	1	-0.011750
33.083333	1	-0.012125
33.100000	1	-0.013000
33.116667	1	-0.014125
33.133333	1	-0.014375
33.150000	1	-0.014125
33.166667	1	-0.014375
33.183333	1	-0.014500
33.200000	1	-0.014000
33.216667	1	-0.013375
33.233333	1	-0.013000
33.250000	1	-0.012875
33.266667	1	-0.012000
33.283333	1	-0.011125
33.300000	1	-0.010250
33.316667	1	-0.008875
33.333333	1	-0.007750
33.350000	1	-0.006875
33.366667	1	-0.005125
33.383333	1	-0.003625
33.400000	1	-0.002500
33.416667	1	-0.000750
33.433333	1	0.001000
33.450000	1	0.002750
33.466667	1	0.004750
33.483333	1	0.006750
33.500000	1	0.008625
33.516667	1	0.010750
33.533333	1	0.013500
33.550000	1	0.016125
33.566667	1	0.018500
33.583333	1	0.020625
33.600000	1	0.023250
33.616667	1	0.025875
33.633333	1	0.028875
33.650000	1	0.032250
33.666667	1	0.036000
33.683333	1	0.039250
33.700000	1	0.043000
33.716667	1	0.046125
33.733333	1	0.049625
33.750000	1	0.053375
33.766667	1	0.057375
33.783333	1	0.061875
33.800000	1	0.065875
33.816667	1	0.070750
33.833333	1	0.074875
33.850000	1	0.078500
33.866667	1	0.082250
33.883333	1	0.086500
33.900000	1	0.090250
33.916667	1	0.094250
33.933333	1	0.098500
33.950000	1	0.102250
33.966667	1	0.105750
33.983333	1	0.109000
34.000000	1	0.112250
34.016667	1	0.115000
34.033333	1	0.118000
34.050000	1	0.119750
34.066667	1	0.121250
34.083333	1	0.122250
34.100000	1	0.124375
34.116667	1	0.126125
34.133333	1	0.127250
34.150000	1	0.128500
34.166667	1	0.129625
34.183333	1	0.130000
34.200000	1	0.130500
34.216667	1	0.131125
34.233333	1	0.131250
34.250000	1	0.130875
34.266667	1	0.130250
34.283333	1	0.129750
34.300000	1	0.128750
34.316667	1	0.128375
34.333333	1	0.128000
34.350000	1	0.127750
34.366667	1	0.127375
34.383333	1	0.126250
34.400000	1	0.125750
34.416667	1	0.125625
34.433333	1	0.124750
34.450000	1	0.124000
34.466667	1	0.123125
34.483333	1	0.123125
34.500000	1	0.122500
34.516667	1	0.122250
34.533333	1	0.122125
34.550000	1	0.121250
34.566667	1	0.119750
34.583333	1	0.119500
34.600000	1	0.118750
34.616667	1	0.118750
34.633333	1	0.118375
34.650000	1	0.117375
34.666667	1	0.117000
34.683333	1	0.116375
34.700000	1	0.115750
34.716667	1	0.114500
34.733333	1	0.114375
34.750000	1	0.113500
34.766667	1	0.112500
34.783333	1	0.112250
34.800000	1	0.111500
34.816667	1	0.111125
34.833333	1	0.109875
34.850000	1	0.108875
34.866667	1	0.108250
34.883333	1	0.106875
34.900000	1	0.105625
34.916667	1	0.104250
34.933333	1	0.103000
34.950000	1	0.102250
34.966667	1	0.100750
34.983333	1	0.099000
35.000000	1	0.097750
35.016667	1	0.095875
35.033333	1	0.093750
35.050000	1	0.092125
35.066667	1	0.090875
35.083333	1	0.089625
35.100000	1	0.088125
35.116667	1	0.086875
35.133333	1	0.086375
35.150000	1	0.085500
35.166667	1	0.084500
35.183333	1	0.083500
35.200000	1	0.082000
35.216667	1	0.081250
35.233333	1	0.081000
35.250000	1	0.080750
35.266667	1	0.080375
35.283333	1	0.080000
35.300000	1	0.080125
35.316667	1	0.080125
35.333333	1	0.080500
35.350000	1	0.081000
35.366667	1	0.081875
35.383333	1	0.082250
35.400000	1	0.082625
35.416667	1	0.083750
35.433333	1	0.084625
35.450000	1	0.085875
35.466667	1	0.087625
35.483333	1	0.088750
35.500000	1	0.091250
35.516667	1	0.092750
35.533333	1	0.094375
35.550000	1	0.096125
35.566667	1	0.097625
35.583333	1	0.099500
35.600000	1	0.101500
35.616667	1	0.102625
35.633333	1	0.104625
35.650000	1	0.106250
35.666667	1	0.108500
35.683333	1	0.111000
35.700000	1	0.112875
35.716667	1	0.114625
35.733333	1	0.116250
35.750000	1	0.117875
35.766667	1	0.119125
35.783333	1	0.120625
35.800000	1	0.122375
35.816667	1	0.124250
35.833333	1	0.125375
35.850000	1	0.125875
35.866667	1	0.126375
35.883333	1	0.127625
35.900000	1	0.128500
35.916667	1	0.129375
35.933333	1	0.130375
35.950000	1	0.130500
35.966667	1	0.130125
35.983333	1	0.130375
36.000000	1	0.131250
36.016667	1	0.131125
36.033333	1	0.131000
36.050000	1	0.130875
36.066667	1	0.130875
36.083333	1	0.131000
36.100000	1	0.131750
36.116667	1	0.131500
36.133333	1	0.131625
36.150000	1	0.130875
36.166667	1	0.130875
36.183333	1	0.130875
36.200000	1	0.130125
36.216667	1	0.130125
36.233333	1	0.129875
36.250000	1	0.129875
36.266667	1	0.129375
36.283333	1	0.129375
36.300000	1	0.129250
36.316667	1	0.129125
36.333333	1	0.129125
36.350000	1	0.129250
36.366667	1	0.129000
36.383333	1	0.129250
36.400000	1	0.129500
36.416667	1	0.130000
36.433333	1	0.130000
36.450000	1	0.130250
36.466667	1	0.131000
36.483333	1	0.131125
36.500000	1	0.132000
36.516667	1	0.132125
36.533333	1	0.132500
36.550000	1	0.132375
36.566667	1	0.132875
36.583333	1	0.133000
36.600000	1	0.133250
36.616667	1	0.132875
36.633333	1	0.132500
36.650000	1	0.132000
36.666667	1	0.130875
36.683333	1	0.130250
36.700000	1	0.129250
36.716667	1	0.128000
36.733333	1	0.126750
36.750000	1	0.125500
36.766667	1	0.124500
36.783333	1	0.123250
36.800000	1	0.121250
36.816667	1	0.118500
36.833333	1	0.116375
36.850000	1	0.114125
36.866667	1	0.110875
36.883333	1	0.108750
36.900000	1	0.106250
36.916667	1	0.103250
36.933333	1	0.100500
36.950000	1	0.096875
36.966667	1	0.094000
36.983333	1	0.091375
37.000000	1	0.088125
37.016667	1	0.084875
37.033333	1	0.081625
37.050000	1	0.079000
37.066667	1	0.075750
37.083333	1	0.072750
37.100000	1	0.070875
37.116667	1	0.069000
37.133333	1	0.067000
37.150000	1	0.064250
37.166667	1	0.062625
37.183333	1	0.061000
37.200000	1	0.059125
37.216667	1	0.058125
37.233333	1	0.057000
37.250000	1	0.057000
37.266667	1	0.057125
37.283333	1	0.057875
37.300000	1	0.057875
37.316667	1	0.057750
37.333333	1	0.058500
37.350000	1	0.059750
37.366667	1	0.059750
37.383333	1	0.060750
37.400000	1	0.061875
37.416667	1	0.062500
37.433333	1	0.063000
37.450000	1	0.063750
37.466667	1	0.063875
37.483333	1	0.064750
37.500000	1	0.065250
37.516667	1	0.065375
37.533333	1	0.065625
37.550000	1	0.065000
37.566667	1	0.065125
37.583333	1	0.065000
37.600000	1	0.064500
37.616667	1	0.063375
37.633333	1	0.062125
37.650000	1	0.061250
37.666667	1	0.060000
37.683333	1	0.057875
37.700000	1	0.055875
37.716667	1	0.054125
37.733333	1	0.051625
37.750000	1	0.049250
37.766667	1	0.047000
37.783333	1	0.044125
37.800000	1	0.042000
37.816667	1	0.039125
37.833333	1	0.036500
37.850000	1	0.033875
37.866667	1	0.030750
37.883333	1	0.028000
37.900000	1	0.025500
37.916667	1	0.023750
37.933333	1	0.021625
37.950000	1	0.020000
37.966667	1	0.017875
37.983333	1	0.016000
38.000000	1	0.014125
38.016667	1	0.013625
38.033333	1	0.012250
38.050000	1	0.010875
38.066667	1	0.009625
38.083333	1	0.009000
38.100000	1	0.008875
38.116667	1	0.009125
38.133333	1	0.009000
38.150000	1	0.008375
38.166667	1	0.009000
38.183333	1	0.009375
38.200000	1	0.009375
38.216667	1	0.009875
38.233333	1	0.009500
38.250000	1	0.009875
38.266667	1	0.010625
38.283333	1	0.010875
38.300000	1	0.011625
38.316667	1	0.012750
38.333333	1	0.013500
38.350000	1	0.013625
38.366667	1	0.014500
38.383333	1	0.015000
38.400000	1	0.015000
38.416667	1	0.015125
38.433333	1	0.015500
38.450000	1	0.016500
38.466667	1	0.017500
38.483333	1	0.018500
38.500000	1	0.019250
38.516667	1	0.020500
38.533333	1	0.021000
38.550000	1	0.021625
38.566667	1	0.022375
38.583333	1	0.023000
38.600000	1	0.023625
38.616667	1	0.024625
38.633333	1	0.026125
38.650000	1	0.028000
38.666667	1	0.028625
38.683333	1	0.029375
38.700000	1	0.030375
38.716667	1	0.031875
38.733333	1	0.033000
38.750000	1	0.035125
38.766667	1	0.037000
38.783333	1	0.037750
38.800000	1	0.038500
38.816667	1	0.039625
38.833333	1	0.041125
38.850000	1	0.042500
38.866667	1	0.044375
38.883333	1	0.045875
38.900000	1	0.046625
38.916667	1	0.047625
38.933333	1	0.048500
38.950000	1	0.048875
38.966667	1	0.049750
38.983333	1	0.050375
39.000000	1	0.051625
39.016667	1	0.052125
39.033333	1	0.052000
39.050000	1	0.051750
39.066667	1	0.052500
39.083333	1	0.052750
39.100000	1	0.052375
39.116667	1	0.052250
39.133333	1	0.052500
39.150000	1	0.052250
39.166667	1	0.052500
39.183333	1	0.051750
39.200000	1	0.051500
39.216667	1	0.051250
39.233333	1	0.050750
39.250000	1	0.050500
39.266667	1	0.049750
39.283333	1	0.049375
39.300000	1	0.048625
39.316667	1	0.049000
39.333333	1	0.048500
39.350000	1	0.048000
39.366667	1	0.047250
39.383333	1	0.047125
39.400000	1	0.046375
39.416667	1	0.045875
39.433333	1	0.045750
39.450000	1	0.044875
39.466667	1	0.044625
39.483333	1	0.044125
39.500000	1	0.043500
39.516667	1	0.042750
39.533333	1	0.042000
39.550000	1	0.041500
39.566667	1	0.040250
39.583333	1	0.039125
39.600000	1	0.037750
39.616667	1	0.037250
39.633333	1	0.036000
39.650000	1	0.035000
39.666667	1	0.034625
39.683333	1	0.034000
39.700000	1	0.033375
39.716667	1	0.032000
39.733333	1	0.030750
39.750000	1	0.029250
39.766667	1	0.027500
39.783333	1	0.025750
39.800000	1	0.024375
39.816667	1	0.021875
39.833333	1	0.021000
39.850000	1	0.019125
39.866667	1	0.017375
39.883333	1	0.015000
39.900000	1	0.013625
39.916667	1	0.011500
39.933333	1	0.010000
39.950000	1	0.007875
39.966667	1	0.005750
39.983333	1	0.004000
40.000000	1	0.001750
