URL	chrom://7040-86g6c92/XVault/Ultimate_3000/20/20240517_CMO_FP23_FP25_MarkusDeplate.seq/622.smp/RI_1.channel/RI_1.chm
Channel	RI_1

Injection Information:
Data Vault	XVault
Sequence	20240517_CMO_FP23_FP25_MarkusDeplate
Name	FP25_24_s4
Number	51
Position	BE3
Comment	
Processing Method	
Instrument Method	run_25B_method
Type	Unknown
Status	Finished
Inject Time	29.05.2024 04:10:57 +02:00
Volume (µl)	20.0000
Dilution Factor	1.0000
Weight	1.0000

Chromatogram Data Information:
Time Min. (min)	0.000000
Time Max. (min)	40.000000
Data Points	2401
Detector	RI
Generating Data System	Chromeleon 7.3.2.11814
Exporting Data System	Chromeleon 7.3.2.0
Operator	Instrument Controller
Signal Quantity	Refractive 
Signal Unit	µRIU
Signal Min.	-0.603125
Signal Max.	53.623250
Channel	RI_1
Driver Name	RID520Driver.dll
Channel Type	Evaluation
Min. Step (s)	1
Max. Step (s)	1
Average Step (s)	1

Signal Parameter Information:
Signal Info	

Chromatogram Data:
Time (min)	Step (s)	Value (µRIU)
0.000000	n.a.	-0.006750
0.016667	1	-0.008625
0.033333	1	-0.009250
0.050000	1	-0.010000
0.066667	1	-0.010875
0.083333	1	-0.011500
0.100000	1	-0.012750
0.116667	1	-0.013500
0.133333	1	-0.015125
0.150000	1	-0.016000
0.166667	1	-0.017000
0.183333	1	-0.017500
0.200000	1	-0.017875
0.216667	1	-0.018125
0.233333	1	-0.018875
0.250000	1	-0.019000
0.266667	1	-0.019500
0.283333	1	-0.019250
0.300000	1	-0.018125
0.316667	1	-0.017500
0.333333	1	-0.017000
0.350000	1	-0.016250
0.366667	1	-0.016625
0.383333	1	-0.017375
0.400000	1	-0.018000
0.416667	1	-0.018125
0.433333	1	-0.016500
0.450000	1	-0.013625
0.466667	1	-0.010625
0.483333	1	-0.007750
0.500000	1	-0.005875
0.516667	1	-0.003750
0.533333	1	-0.002250
0.550000	1	-0.000500
0.566667	1	0.000625
0.583333	1	0.000250
0.600000	1	-0.000250
0.616667	1	-0.000875
0.633333	1	-0.000875
0.650000	1	-0.000125
0.666667	1	0.001125
0.683333	1	0.002500
0.700000	1	0.004250
0.716667	1	0.006625
0.733333	1	0.009250
0.750000	1	0.012000
0.766667	1	0.013625
0.783333	1	0.015625
0.800000	1	0.017750
0.816667	1	0.019750
0.833333	1	0.021125
0.850000	1	0.023375
0.866667	1	0.024875
0.883333	1	0.027250
0.900000	1	0.028875
0.916667	1	0.030500
0.933333	1	0.032125
0.950000	1	0.033500
0.966667	1	0.034500
0.983333	1	0.036125
1.000000	1	0.037250
1.016667	1	0.039125
1.033333	1	0.040875
1.050000	1	0.042125
1.066667	1	0.043875
1.083333	1	0.044750
1.100000	1	0.046125
1.116667	1	0.046625
1.133333	1	0.047500
1.150000	1	0.048250
1.166667	1	0.049250
1.183333	1	0.050000
1.200000	1	0.050500
1.216667	1	0.051000
1.233333	1	0.051625
1.250000	1	0.052125
1.266667	1	0.052625
1.283333	1	0.052250
1.300000	1	0.052625
1.316667	1	0.052000
1.333333	1	0.051875
1.350000	1	0.051250
1.366667	1	0.050500
1.383333	1	0.050000
1.400000	1	0.049125
1.416667	1	0.048625
1.433333	1	0.047500
1.450000	1	0.047375
1.466667	1	0.046375
1.483333	1	0.045625
1.500000	1	0.044125
1.516667	1	0.042750
1.533333	1	0.041500
1.550000	1	0.040500
1.566667	1	0.038750
1.583333	1	0.038125
1.600000	1	0.036875
1.616667	1	0.035625
1.633333	1	0.034750
1.650000	1	0.034125
1.666667	1	0.033500
1.683333	1	0.032750
1.700000	1	0.031875
1.716667	1	0.031000
1.733333	1	0.029750
1.750000	1	0.029250
1.766667	1	0.028500
1.783333	1	0.027250
1.800000	1	0.026625
1.816667	1	0.026625
1.833333	1	0.026625
1.850000	1	0.026500
1.866667	1	0.026000
1.883333	1	0.026125
1.900000	1	0.026000
1.916667	1	0.024875
1.933333	1	0.025250
1.950000	1	0.025000
1.966667	1	0.024375
1.983333	1	0.024125
2.000000	1	0.023750
2.016667	1	0.022875
2.033333	1	0.023000
2.050000	1	0.022625
2.066667	1	0.022750
2.083333	1	0.022375
2.100000	1	0.022125
2.116667	1	0.021500
2.133333	1	0.020750
2.150000	1	0.020000
2.166667	1	0.019500
2.183333	1	0.019375
2.200000	1	0.018000
2.216667	1	0.017000
2.233333	1	0.016125
2.250000	1	0.015875
2.266667	1	0.014625
2.283333	1	0.014125
2.300000	1	0.013250
2.316667	1	0.012750
2.333333	1	0.011375
2.350000	1	0.010500
2.366667	1	0.009000
2.383333	1	0.007500
2.400000	1	0.005750
2.416667	1	0.004750
2.433333	1	0.003375
2.450000	1	0.002375
2.466667	1	0.000500
2.483333	1	-0.000750
2.500000	1	-0.001750
2.516667	1	-0.002625
2.533333	1	-0.003875
2.550000	1	-0.005000
2.566667	1	-0.005250
2.583333	1	-0.006000
2.600000	1	-0.006875
2.616667	1	-0.007625
2.633333	1	-0.008125
2.650000	1	-0.008375
2.666667	1	-0.008125
2.683333	1	-0.007875
2.700000	1	-0.008250
2.716667	1	-0.008125
2.733333	1	-0.007750
2.750000	1	-0.007375
2.766667	1	-0.007625
2.783333	1	-0.007500
2.800000	1	-0.006125
2.816667	1	-0.005125
2.833333	1	-0.005375
2.850000	1	-0.005500
2.866667	1	-0.004875
2.883333	1	-0.004125
2.900000	1	-0.003000
2.916667	1	-0.002625
2.933333	1	-0.001875
2.950000	1	-0.001875
2.966667	1	-0.001125
2.983333	1	-0.000375
3.000000	1	0.000500
3.016667	1	0.001250
3.033333	1	0.001625
3.050000	1	0.002125
3.066667	1	0.002750
3.083333	1	0.003500
3.100000	1	0.004250
3.116667	1	0.005375
3.133333	1	0.005875
3.150000	1	0.005750
3.166667	1	0.006500
3.183333	1	0.007000
3.200000	1	0.007625
3.216667	1	0.008500
3.233333	1	0.009250
3.250000	1	0.010125
3.266667	1	0.011000
3.283333	1	0.011875
3.300000	1	0.013000
3.316667	1	0.013375
3.333333	1	0.013625
3.350000	1	0.014375
3.366667	1	0.015500
3.383333	1	0.016500
3.400000	1	0.017375
3.416667	1	0.018000
3.433333	1	0.019125
3.450000	1	0.019875
3.466667	1	0.020625
3.483333	1	0.021000
3.500000	1	0.021750
3.516667	1	0.022250
3.533333	1	0.022750
3.550000	1	0.023000
3.566667	1	0.023250
3.583333	1	0.023875
3.600000	1	0.024375
3.616667	1	0.025000
3.633333	1	0.025500
3.650000	1	0.026375
3.666667	1	0.027625
3.683333	1	0.027875
3.700000	1	0.028625
3.716667	1	0.029750
3.733333	1	0.030000
3.750000	1	0.030625
3.766667	1	0.030875
3.783333	1	0.031375
3.800000	1	0.031875
3.816667	1	0.032500
3.833333	1	0.033375
3.850000	1	0.033875
3.866667	1	0.034375
3.883333	1	0.034125
3.900000	1	0.034625
3.916667	1	0.034625
3.933333	1	0.035375
3.950000	1	0.036000
3.966667	1	0.036625
3.983333	1	0.037125
4.000000	1	0.037625
4.016667	1	0.038000
4.033333	1	0.038250
4.050000	1	0.038750
4.066667	1	0.039750
4.083333	1	0.039625
4.100000	1	0.039625
4.116667	1	0.040250
4.133333	1	0.041000
4.150000	1	0.041750
4.166667	1	0.042750
4.183333	1	0.043500
4.200000	1	0.044625
4.216667	1	0.046000
4.233333	1	0.047250
4.250000	1	0.049000
4.266667	1	0.050375
4.283333	1	0.052875
4.300000	1	0.054625
4.316667	1	0.056625
4.333333	1	0.058375
4.350000	1	0.060500
4.366667	1	0.062250
4.383333	1	0.064500
4.400000	1	0.066750
4.416667	1	0.069375
4.433333	1	0.071875
4.450000	1	0.074625
4.466667	1	0.076500
4.483333	1	0.079000
4.500000	1	0.082000
4.516667	1	0.084625
4.533333	1	0.086125
4.550000	1	0.088875
4.566667	1	0.091125
4.583333	1	0.094125
4.600000	1	0.096250
4.616667	1	0.097750
4.633333	1	0.100000
4.650000	1	0.101500
4.666667	1	0.103000
4.683333	1	0.104500
4.700000	1	0.106125
4.716667	1	0.107375
4.733333	1	0.108750
4.750000	1	0.109125
4.766667	1	0.110000
4.783333	1	0.110625
4.800000	1	0.111500
4.816667	1	0.111500
4.833333	1	0.112375
4.850000	1	0.112000
4.866667	1	0.111625
4.883333	1	0.111125
4.900000	1	0.111625
4.916667	1	0.111000
4.933333	1	0.110500
4.950000	1	0.109625
4.966667	1	0.109625
4.983333	1	0.109375
5.000000	1	0.108750
5.016667	1	0.108625
5.033333	1	0.108250
5.050000	1	0.108750
5.066667	1	0.108750
5.083333	1	0.108000
5.100000	1	0.108125
5.116667	1	0.108625
5.133333	1	0.109000
5.150000	1	0.110500
5.166667	1	0.111125
5.183333	1	0.112250
5.200000	1	0.113625
5.216667	1	0.115500
5.233333	1	0.116875
5.250000	1	0.118875
5.266667	1	0.121250
5.283333	1	0.123625
5.300000	1	0.126000
5.316667	1	0.128625
5.333333	1	0.132125
5.350000	1	0.135250
5.366667	1	0.139375
5.383333	1	0.143875
5.400000	1	0.147375
5.416667	1	0.151250
5.433333	1	0.155375
5.450000	1	0.159750
5.466667	1	0.164125
5.483333	1	0.169375
5.500000	1	0.174000
5.516667	1	0.178750
5.533333	1	0.183625
5.550000	1	0.188750
5.566667	1	0.193500
5.583333	1	0.198750
5.600000	1	0.203875
5.616667	1	0.208750
5.633333	1	0.213125
5.650000	1	0.217250
5.666667	1	0.221750
5.683333	1	0.225750
5.700000	1	0.229125
5.716667	1	0.232250
5.733333	1	0.235125
5.750000	1	0.238750
5.766667	1	0.241375
5.783333	1	0.243625
5.800000	1	0.245125
5.816667	1	0.247375
5.833333	1	0.248750
5.850000	1	0.250375
5.866667	1	0.250750
5.883333	1	0.251250
5.900000	1	0.250875
5.916667	1	0.250125
5.933333	1	0.249875
5.950000	1	0.249250
5.966667	1	0.247750
5.983333	1	0.246625
6.000000	1	0.245250
6.016667	1	0.243500
6.033333	1	0.242125
6.050000	1	0.239875
6.066667	1	0.237875
6.083333	1	0.235500
6.100000	1	0.233125
6.116667	1	0.230375
6.133333	1	0.228000
6.150000	1	0.225375
6.166667	1	0.223000
6.183333	1	0.220875
6.200000	1	0.218125
6.216667	1	0.215250
6.233333	1	0.212750
6.250000	1	0.210250
6.266667	1	0.208375
6.283333	1	0.205750
6.300000	1	0.203375
6.316667	1	0.200875
6.333333	1	0.199625
6.350000	1	0.197125
6.366667	1	0.195125
6.383333	1	0.193375
6.400000	1	0.191500
6.416667	1	0.189125
6.433333	1	0.186500
6.450000	1	0.184500
6.466667	1	0.182250
6.483333	1	0.179750
6.500000	1	0.177625
6.516667	1	0.174875
6.533333	1	0.172250
6.550000	1	0.169750
6.566667	1	0.167250
6.583333	1	0.164750
6.600000	1	0.162125
6.616667	1	0.159250
6.633333	1	0.156500
6.650000	1	0.154375
6.666667	1	0.152000
6.683333	1	0.148875
6.700000	1	0.146875
6.716667	1	0.144250
6.733333	1	0.141875
6.750000	1	0.139375
6.766667	1	0.137250
6.783333	1	0.134625
6.800000	1	0.133000
6.816667	1	0.131375
6.833333	1	0.130000
6.850000	1	0.128125
6.866667	1	0.127375
6.883333	1	0.125625
6.900000	1	0.124750
6.916667	1	0.123125
6.933333	1	0.122000
6.950000	1	0.121625
6.966667	1	0.121375
6.983333	1	0.121000
7.000000	1	0.121500
7.016667	1	0.121250
7.033333	1	0.121625
7.050000	1	0.121750
7.066667	1	0.122250
7.083333	1	0.123125
7.100000	1	0.123625
7.116667	1	0.123625
7.133333	1	0.124750
7.150000	1	0.126375
7.166667	1	0.127875
7.183333	1	0.129000
7.200000	1	0.131000
7.216667	1	0.132250
7.233333	1	0.134125
7.250000	1	0.135750
7.266667	1	0.137500
7.283333	1	0.139875
7.300000	1	0.142625
7.316667	1	0.144875
7.333333	1	0.147750
7.350000	1	0.150500
7.366667	1	0.153750
7.383333	1	0.156750
7.400000	1	0.159875
7.416667	1	0.163625
7.433333	1	0.166875
7.450000	1	0.170375
7.466667	1	0.174250
7.483333	1	0.178000
7.500000	1	0.181625
7.516667	1	0.185750
7.533333	1	0.189625
7.550000	1	0.193000
7.566667	1	0.196875
7.583333	1	0.200250
7.600000	1	0.203500
7.616667	1	0.205625
7.633333	1	0.208250
7.650000	1	0.210000
7.666667	1	0.211625
7.683333	1	0.212750
7.700000	1	0.214000
7.716667	1	0.215000
7.733333	1	0.215750
7.750000	1	0.216000
7.766667	1	0.215500
7.783333	1	0.215375
7.800000	1	0.214625
7.816667	1	0.213125
7.833333	1	0.210625
7.850000	1	0.207875
7.866667	1	0.204500
7.883333	1	0.201125
7.900000	1	0.197500
7.916667	1	0.194250
7.933333	1	0.190250
7.950000	1	0.185875
7.966667	1	0.180875
7.983333	1	0.176250
8.000000	1	0.172125
8.016667	1	0.166750
8.033333	1	0.161750
8.050000	1	0.156500
8.066667	1	0.150875
8.083333	1	0.145250
8.100000	1	0.139625
8.116667	1	0.134250
8.133333	1	0.129500
8.150000	1	0.123625
8.166667	1	0.118250
8.183333	1	0.112750
8.200000	1	0.108125
8.216667	1	0.103000
8.233333	1	0.098625
8.250000	1	0.094000
8.266667	1	0.090000
8.283333	1	0.085500
8.300000	1	0.081250
8.316667	1	0.078125
8.333333	1	0.075125
8.350000	1	0.071875
8.366667	1	0.068750
8.383333	1	0.065750
8.400000	1	0.063000
8.416667	1	0.060375
8.433333	1	0.057500
8.450000	1	0.054875
8.466667	1	0.052250
8.483333	1	0.050250
8.500000	1	0.048875
8.516667	1	0.047375
8.533333	1	0.046125
8.550000	1	0.044500
8.566667	1	0.043500
8.583333	1	0.042875
8.600000	1	0.041500
8.616667	1	0.040875
8.633333	1	0.039625
8.650000	1	0.038625
8.666667	1	0.037125
8.683333	1	0.036750
8.700000	1	0.036875
8.716667	1	0.037000
8.733333	1	0.036625
8.750000	1	0.036500
8.766667	1	0.036250
8.783333	1	0.037000
8.800000	1	0.038125
8.816667	1	0.039250
8.833333	1	0.040375
8.850000	1	0.041500
8.866667	1	0.042625
8.883333	1	0.043750
8.900000	1	0.046125
8.916667	1	0.048500
8.933333	1	0.050875
8.950000	1	0.053875
8.966667	1	0.056750
8.983333	1	0.059250
9.000000	1	0.061625
9.016667	1	0.063875
9.033333	1	0.066625
9.050000	1	0.069250
9.066667	1	0.072125
9.083333	1	0.075125
9.100000	1	0.077500
9.116667	1	0.080250
9.133333	1	0.082875
9.150000	1	0.085500
9.166667	1	0.088125
9.183333	1	0.090375
9.200000	1	0.092125
9.216667	1	0.093750
9.233333	1	0.095250
9.250000	1	0.096500
9.266667	1	0.098000
9.283333	1	0.099250
9.300000	1	0.100375
9.316667	1	0.100875
9.333333	1	0.101000
9.350000	1	0.101750
9.366667	1	0.102125
9.383333	1	0.102625
9.400000	1	0.102625
9.416667	1	0.102750
9.433333	1	0.102625
9.450000	1	0.103000
9.466667	1	0.102875
9.483333	1	0.101625
9.500000	1	0.101000
9.516667	1	0.100250
9.533333	1	0.099500
9.550000	1	0.098875
9.566667	1	0.097750
9.583333	1	0.096500
9.600000	1	0.095375
9.616667	1	0.094875
9.633333	1	0.094000
9.650000	1	0.092500
9.666667	1	0.091250
9.683333	1	0.090000
9.700000	1	0.088250
9.716667	1	0.086000
9.733333	1	0.083625
9.750000	1	0.081875
9.766667	1	0.079375
9.783333	1	0.077250
9.800000	1	0.074875
9.816667	1	0.072250
9.833333	1	0.070125
9.850000	1	0.067375
9.866667	1	0.065500
9.883333	1	0.063000
9.900000	1	0.060750
9.916667	1	0.058875
9.933333	1	0.057125
9.950000	1	0.055000
9.966667	1	0.052375
9.983333	1	0.051625
10.000000	1	0.050250
10.016667	1	0.048250
10.033333	1	0.047250
10.050000	1	0.047000
10.066667	1	0.047625
10.083333	1	0.048250
10.100000	1	0.049625
10.116667	1	0.051875
10.133333	1	0.054875
10.150000	1	0.059750
10.166667	1	0.065125
10.183333	1	0.071500
10.200000	1	0.080125
10.216667	1	0.089875
10.233333	1	0.101250
10.250000	1	0.114250
10.266667	1	0.130000
10.283333	1	0.148375
10.300000	1	0.168625
10.316667	1	0.192125
10.333333	1	0.218500
10.350000	1	0.248375
10.366667	1	0.281625
10.383333	1	0.318875
10.400000	1	0.359125
10.416667	1	0.398875
10.433333	1	0.433625
10.450000	1	0.451875
10.466667	1	0.445375
10.483333	1	0.403875
10.500000	1	0.332750
10.516667	1	0.257250
10.533333	1	0.227375
10.550000	1	0.318625
10.566667	1	0.623750
10.583333	1	1.242625
10.600000	1	2.267500
10.616667	1	3.775750
10.633333	1	5.824125
10.650000	1	8.444375
10.666667	1	11.652875
10.683333	1	15.441875
10.700000	1	19.777875
10.716667	1	24.592875
10.733333	1	29.771375
10.750000	1	35.138250
10.766667	1	40.434000
10.783333	1	45.309000
10.800000	1	49.334250
10.816667	1	52.060500
10.833333	1	53.122000
10.850000	1	52.357500
10.866667	1	49.870125
10.883333	1	46.008250
10.900000	1	41.264000
10.916667	1	36.141750
10.933333	1	31.058750
10.950000	1	26.299500
10.966667	1	22.027625
10.983333	1	18.312000
11.000000	1	15.158375
11.016667	1	12.532125
11.033333	1	10.380625
11.050000	1	8.639500
11.066667	1	7.241625
11.083333	1	6.124875
11.100000	1	5.234625
11.116667	1	4.523750
11.133333	1	3.953750
11.150000	1	3.494875
11.166667	1	3.122750
11.183333	1	2.818000
11.200000	1	2.566250
11.216667	1	2.355750
11.233333	1	2.178125
11.250000	1	2.028625
11.266667	1	1.899875
11.283333	1	1.788750
11.300000	1	1.692500
11.316667	1	1.608625
11.333333	1	1.536125
11.350000	1	1.472500
11.366667	1	1.415750
11.383333	1	1.366375
11.400000	1	1.321625
11.416667	1	1.282500
11.433333	1	1.247125
11.450000	1	1.216375
11.466667	1	1.188125
11.483333	1	1.163000
11.500000	1	1.139750
11.516667	1	1.119250
11.533333	1	1.100625
11.550000	1	1.083750
11.566667	1	1.068875
11.583333	1	1.055875
11.600000	1	1.043875
11.616667	1	1.034000
11.633333	1	1.025500
11.650000	1	1.019500
11.666667	1	1.015250
11.683333	1	1.012875
11.700000	1	1.012125
11.716667	1	1.012875
11.733333	1	1.015750
11.750000	1	1.019750
11.766667	1	1.025000
11.783333	1	1.031250
11.800000	1	1.038000
11.816667	1	1.044625
11.833333	1	1.051500
11.850000	1	1.057375
11.866667	1	1.062750
11.883333	1	1.068625
11.900000	1	1.073750
11.916667	1	1.077875
11.933333	1	1.082125
11.950000	1	1.086000
11.966667	1	1.089000
11.983333	1	1.092875
12.000000	1	1.096500
12.016667	1	1.101000
12.033333	1	1.105375
12.050000	1	1.109750
12.066667	1	1.115000
12.083333	1	1.120875
12.100000	1	1.126625
12.116667	1	1.133875
12.133333	1	1.141250
12.150000	1	1.149750
12.166667	1	1.158625
12.183333	1	1.168375
12.200000	1	1.179875
12.216667	1	1.192750
12.233333	1	1.207625
12.250000	1	1.224250
12.266667	1	1.241875
12.283333	1	1.261625
12.300000	1	1.284125
12.316667	1	1.307625
12.333333	1	1.336125
12.350000	1	1.368625
12.366667	1	1.408500
12.383333	1	1.459000
12.400000	1	1.525500
12.416667	1	1.613375
12.433333	1	1.730500
12.450000	1	1.885500
12.466667	1	2.086625
12.483333	1	2.341500
12.500000	1	2.657000
12.516667	1	3.035375
12.533333	1	3.477125
12.550000	1	3.977500
12.566667	1	4.529125
12.583333	1	5.121000
12.600000	1	5.738500
12.616667	1	6.367000
12.633333	1	6.991875
12.650000	1	7.601125
12.666667	1	8.185625
12.683333	1	8.739625
12.700000	1	9.262750
12.716667	1	9.758250
12.733333	1	10.230625
12.750000	1	10.687750
12.766667	1	11.139000
12.783333	1	11.592750
12.800000	1	12.054250
12.816667	1	12.524375
12.833333	1	12.991250
12.850000	1	13.422750
12.866667	1	13.751500
12.883333	1	13.884750
12.900000	1	13.726125
12.916667	1	13.218625
12.933333	1	12.373875
12.950000	1	11.274375
12.966667	1	10.041625
12.983333	1	8.795625
13.000000	1	7.624875
13.016667	1	6.577750
13.033333	1	5.670875
13.050000	1	4.902500
13.066667	1	4.262500
13.083333	1	3.737375
13.100000	1	3.310625
13.116667	1	2.966250
13.133333	1	2.690500
13.150000	1	2.469625
13.166667	1	2.292250
13.183333	1	2.149625
13.200000	1	2.033375
13.216667	1	1.937875
13.233333	1	1.858250
13.250000	1	1.790250
13.266667	1	1.731000
13.283333	1	1.678750
13.300000	1	1.632000
13.316667	1	1.590125
13.333333	1	1.551500
13.350000	1	1.516875
13.366667	1	1.485250
13.383333	1	1.456250
13.400000	1	1.430375
13.416667	1	1.407250
13.433333	1	1.386500
13.450000	1	1.369125
13.466667	1	1.354250
13.483333	1	1.343000
13.500000	1	1.333375
13.516667	1	1.326000
13.533333	1	1.320875
13.550000	1	1.317875
13.566667	1	1.314875
13.583333	1	1.312250
13.600000	1	1.308500
13.616667	1	1.304125
13.633333	1	1.298000
13.650000	1	1.289750
13.666667	1	1.279625
13.683333	1	1.267375
13.700000	1	1.252500
13.716667	1	1.236500
13.733333	1	1.220250
13.750000	1	1.202000
13.766667	1	1.184250
13.783333	1	1.166625
13.800000	1	1.149250
13.816667	1	1.131375
13.833333	1	1.114750
13.850000	1	1.098625
13.866667	1	1.083125
13.883333	1	1.067875
13.900000	1	1.053125
13.916667	1	1.039500
13.933333	1	1.026375
13.950000	1	1.013875
13.966667	1	1.002000
13.983333	1	0.990250
14.000000	1	0.979625
14.016667	1	0.969125
14.033333	1	0.958500
14.050000	1	0.948250
14.066667	1	0.938375
14.083333	1	0.928250
14.100000	1	0.919125
14.116667	1	0.911250
14.133333	1	0.903500
14.150000	1	0.896125
14.166667	1	0.888750
14.183333	1	0.882500
14.200000	1	0.875500
14.216667	1	0.870375
14.233333	1	0.865875
14.250000	1	0.863000
14.266667	1	0.861000
14.283333	1	0.859875
14.300000	1	0.860125
14.316667	1	0.861000
14.333333	1	0.863750
14.350000	1	0.868375
14.366667	1	0.874125
14.383333	1	0.881125
14.400000	1	0.890375
14.416667	1	0.902125
14.433333	1	0.918625
14.450000	1	0.941625
14.466667	1	0.976250
14.483333	1	1.029875
14.500000	1	1.113125
14.516667	1	1.242000
14.533333	1	1.441500
14.550000	1	1.742625
14.566667	1	2.185125
14.583333	1	2.820250
14.600000	1	3.705125
14.616667	1	4.905750
14.633333	1	6.491000
14.650000	1	8.524375
14.666667	1	11.055000
14.683333	1	14.108000
14.700000	1	17.674625
14.716667	1	21.703250
14.733333	1	26.099875
14.750000	1	30.726375
14.766667	1	35.406000
14.783333	1	39.933000
14.800000	1	44.096875
14.816667	1	47.697250
14.833333	1	50.557125
14.850000	1	52.542000
14.866667	1	53.570250
14.883333	1	53.623250
14.900000	1	52.742000
14.916667	1	51.026000
14.933333	1	48.611500
14.950000	1	45.659375
14.966667	1	42.339000
14.983333	1	38.814500
15.000000	1	35.227250
15.016667	1	31.693500
15.033333	1	28.301375
15.050000	1	25.114500
15.066667	1	22.173125
15.083333	1	19.496500
15.100000	1	17.091125
15.116667	1	14.950125
15.133333	1	13.057750
15.150000	1	11.392875
15.166667	1	9.935750
15.183333	1	8.665250
15.200000	1	7.560250
15.216667	1	6.601250
15.233333	1	5.772000
15.250000	1	5.057625
15.266667	1	4.445500
15.283333	1	3.924625
15.300000	1	3.486000
15.316667	1	3.119250
15.333333	1	2.816750
15.350000	1	2.572125
15.366667	1	2.376625
15.383333	1	2.223250
15.400000	1	2.105750
15.416667	1	2.016000
15.433333	1	1.948625
15.450000	1	1.897625
15.466667	1	1.857000
15.483333	1	1.822750
15.500000	1	1.790500
15.516667	1	1.757625
15.533333	1	1.722500
15.550000	1	1.684625
15.566667	1	1.644375
15.583333	1	1.601250
15.600000	1	1.556750
15.616667	1	1.511375
15.633333	1	1.466375
15.650000	1	1.422500
15.666667	1	1.381250
15.683333	1	1.342125
15.700000	1	1.305500
15.716667	1	1.271500
15.733333	1	1.239250
15.750000	1	1.208375
15.766667	1	1.179750
15.783333	1	1.152375
15.800000	1	1.126750
15.816667	1	1.102625
15.833333	1	1.080125
15.850000	1	1.058250
15.866667	1	1.038000
15.883333	1	1.019750
15.900000	1	1.003250
15.916667	1	0.989125
15.933333	1	0.977125
15.950000	1	0.965875
15.966667	1	0.957875
15.983333	1	0.952125
16.000000	1	0.947625
16.016667	1	0.945250
16.033333	1	0.944375
16.050000	1	0.944875
16.066667	1	0.945500
16.083333	1	0.947375
16.100000	1	0.950375
16.116667	1	0.953125
16.133333	1	0.955500
16.150000	1	0.959000
16.166667	1	0.961125
16.183333	1	0.963375
16.200000	1	0.964750
16.216667	1	0.965000
16.233333	1	0.964625
16.250000	1	0.963750
16.266667	1	0.962500
16.283333	1	0.961375
16.300000	1	0.959875
16.316667	1	0.958125
16.333333	1	0.956750
16.350000	1	0.955500
16.366667	1	0.955625
16.383333	1	0.957000
16.400000	1	0.960750
16.416667	1	0.964750
16.433333	1	0.971875
16.450000	1	0.979500
16.466667	1	0.988000
16.483333	1	0.995875
16.500000	1	1.005000
16.516667	1	1.013375
16.533333	1	1.020500
16.550000	1	1.026750
16.566667	1	1.030375
16.583333	1	1.032750
16.600000	1	1.033500
16.616667	1	1.032125
16.633333	1	1.029875
16.650000	1	1.026750
16.666667	1	1.023250
16.683333	1	1.019875
16.700000	1	1.017125
16.716667	1	1.015750
16.733333	1	1.015750
16.750000	1	1.017125
16.766667	1	1.020875
16.783333	1	1.026250
16.800000	1	1.033125
16.816667	1	1.040750
16.833333	1	1.047625
16.850000	1	1.054375
16.866667	1	1.061250
16.883333	1	1.066000
16.900000	1	1.069000
16.916667	1	1.070500
16.933333	1	1.070375
16.950000	1	1.067875
16.966667	1	1.063500
16.983333	1	1.058750
17.000000	1	1.053250
17.016667	1	1.046750
17.033333	1	1.039875
17.050000	1	1.032750
17.066667	1	1.026625
17.083333	1	1.021125
17.100000	1	1.015875
17.116667	1	1.011750
17.133333	1	1.008625
17.150000	1	1.006375
17.166667	1	1.005125
17.183333	1	1.005375
17.200000	1	1.006250
17.216667	1	1.007000
17.233333	1	1.008750
17.250000	1	1.011625
17.266667	1	1.014750
17.283333	1	1.018250
17.300000	1	1.022500
17.316667	1	1.027125
17.333333	1	1.031750
17.350000	1	1.037000
17.366667	1	1.041500
17.383333	1	1.046375
17.400000	1	1.051500
17.416667	1	1.055625
17.433333	1	1.058125
17.450000	1	1.061000
17.466667	1	1.061375
17.483333	1	1.061125
17.500000	1	1.058875
17.516667	1	1.054875
17.533333	1	1.049000
17.550000	1	1.041875
17.566667	1	1.032125
17.583333	1	1.022500
17.600000	1	1.010875
17.616667	1	0.998500
17.633333	1	0.985875
17.650000	1	0.972000
17.666667	1	0.957375
17.683333	1	0.943375
17.700000	1	0.928250
17.716667	1	0.913125
17.733333	1	0.898625
17.750000	1	0.885625
17.766667	1	0.873125
17.783333	1	0.861625
17.800000	1	0.851250
17.816667	1	0.841250
17.833333	1	0.832500
17.850000	1	0.824375
17.866667	1	0.817500
17.883333	1	0.812000
17.900000	1	0.807125
17.916667	1	0.802375
17.933333	1	0.798250
17.950000	1	0.794250
17.966667	1	0.790625
17.983333	1	0.787000
18.000000	1	0.782750
18.016667	1	0.779250
18.033333	1	0.775625
18.050000	1	0.771875
18.066667	1	0.769250
18.083333	1	0.766500
18.100000	1	0.763625
18.116667	1	0.762000
18.133333	1	0.760500
18.150000	1	0.759625
18.166667	1	0.758625
18.183333	1	0.759000
18.200000	1	0.760000
18.216667	1	0.760875
18.233333	1	0.762000
18.250000	1	0.763250
18.266667	1	0.764000
18.283333	1	0.764875
18.300000	1	0.765375
18.316667	1	0.767250
18.333333	1	0.768125
18.350000	1	0.769500
18.366667	1	0.770625
18.383333	1	0.773625
18.400000	1	0.777000
18.416667	1	0.780875
18.433333	1	0.786625
18.450000	1	0.793625
18.466667	1	0.802375
18.483333	1	0.812750
18.500000	1	0.825500
18.516667	1	0.841000
18.533333	1	0.857875
18.550000	1	0.877125
18.566667	1	0.898500
18.583333	1	0.922250
18.600000	1	0.947250
18.616667	1	0.974375
18.633333	1	1.003500
18.650000	1	1.034375
18.666667	1	1.066250
18.683333	1	1.099125
18.700000	1	1.133625
18.716667	1	1.169250
18.733333	1	1.205000
18.750000	1	1.241375
18.766667	1	1.277250
18.783333	1	1.312375
18.800000	1	1.346750
18.816667	1	1.378750
18.833333	1	1.407500
18.850000	1	1.432875
18.866667	1	1.453375
18.883333	1	1.468500
18.900000	1	1.478625
18.916667	1	1.483125
18.933333	1	1.480750
18.950000	1	1.472625
18.966667	1	1.457000
18.983333	1	1.435875
19.000000	1	1.409000
19.016667	1	1.377375
19.033333	1	1.341250
19.050000	1	1.301750
19.066667	1	1.260125
19.083333	1	1.218125
19.100000	1	1.176875
19.116667	1	1.137375
19.133333	1	1.102125
19.150000	1	1.072500
19.166667	1	1.050625
19.183333	1	1.037375
19.200000	1	1.035750
19.216667	1	1.048000
19.233333	1	1.075875
19.250000	1	1.120875
19.266667	1	1.185875
19.283333	1	1.270625
19.300000	1	1.376375
19.316667	1	1.503125
19.333333	1	1.650250
19.350000	1	1.815000
19.366667	1	1.995625
19.383333	1	2.186625
19.400000	1	2.384250
19.416667	1	2.582125
19.433333	1	2.773125
19.450000	1	2.953000
19.466667	1	3.114250
19.483333	1	3.252875
19.500000	1	3.363125
19.516667	1	3.441875
19.533333	1	3.488250
19.550000	1	3.502500
19.566667	1	3.484625
19.583333	1	3.437875
19.600000	1	3.363750
19.616667	1	3.266125
19.633333	1	3.149625
19.650000	1	3.019000
19.666667	1	2.877375
19.683333	1	2.730625
19.700000	1	2.581000
19.716667	1	2.431250
19.733333	1	2.284250
19.750000	1	2.141750
19.766667	1	2.004375
19.783333	1	1.874875
19.800000	1	1.751375
19.816667	1	1.635375
19.833333	1	1.527000
19.850000	1	1.425750
19.866667	1	1.332125
19.883333	1	1.245750
19.900000	1	1.166500
19.916667	1	1.095000
19.933333	1	1.031000
19.950000	1	0.973750
19.966667	1	0.924625
19.983333	1	0.883125
20.000000	1	0.849125
20.016667	1	0.824000
20.033333	1	0.808125
20.050000	1	0.801000
20.066667	1	0.803750
20.083333	1	0.814625
20.100000	1	0.835750
20.116667	1	0.865375
20.133333	1	0.903875
20.150000	1	0.948750
20.166667	1	0.999875
20.183333	1	1.054875
20.200000	1	1.112125
20.216667	1	1.169375
20.233333	1	1.223875
20.250000	1	1.274000
20.266667	1	1.317750
20.283333	1	1.352500
20.300000	1	1.377875
20.316667	1	1.392625
20.333333	1	1.396125
20.350000	1	1.389000
20.366667	1	1.371375
20.383333	1	1.344000
20.400000	1	1.308375
20.416667	1	1.265750
20.433333	1	1.218625
20.450000	1	1.167375
20.466667	1	1.114500
20.483333	1	1.062625
20.500000	1	1.012875
20.516667	1	0.966250
20.533333	1	0.924875
20.550000	1	0.888875
20.566667	1	0.859750
20.583333	1	0.837875
20.600000	1	0.826250
20.616667	1	0.822500
20.633333	1	0.829500
20.650000	1	0.848250
20.666667	1	0.876375
20.683333	1	0.915125
20.700000	1	0.963750
20.716667	1	1.021500
20.733333	1	1.087250
20.750000	1	1.158125
20.766667	1	1.233625
20.783333	1	1.311125
20.800000	1	1.387750
20.816667	1	1.459625
20.833333	1	1.525625
20.850000	1	1.582625
20.866667	1	1.628875
20.883333	1	1.662125
20.900000	1	1.681875
20.916667	1	1.687875
20.933333	1	1.680250
20.950000	1	1.659000
20.966667	1	1.626000
20.983333	1	1.582625
21.000000	1	1.530500
21.016667	1	1.470625
21.033333	1	1.407125
21.050000	1	1.340000
21.066667	1	1.272250
21.083333	1	1.205125
21.100000	1	1.139625
21.116667	1	1.077250
21.133333	1	1.017750
21.150000	1	0.961125
21.166667	1	0.908625
21.183333	1	0.859750
21.200000	1	0.816125
21.216667	1	0.775750
21.233333	1	0.739250
21.250000	1	0.706625
21.266667	1	0.677125
21.283333	1	0.650625
21.300000	1	0.627250
21.316667	1	0.605625
21.333333	1	0.586875
21.350000	1	0.569000
21.366667	1	0.553875
21.383333	1	0.540125
21.400000	1	0.527875
21.416667	1	0.516125
21.433333	1	0.505625
21.450000	1	0.496375
21.466667	1	0.488125
21.483333	1	0.481625
21.500000	1	0.475875
21.516667	1	0.471750
21.533333	1	0.467125
21.550000	1	0.464250
21.566667	1	0.463250
21.583333	1	0.463625
21.600000	1	0.465375
21.616667	1	0.468375
21.633333	1	0.473250
21.650000	1	0.480750
21.666667	1	0.490375
21.683333	1	0.502250
21.700000	1	0.516000
21.716667	1	0.532000
21.733333	1	0.550000
21.750000	1	0.570250
21.766667	1	0.591875
21.783333	1	0.615500
21.800000	1	0.639250
21.816667	1	0.664250
21.833333	1	0.689375
21.850000	1	0.714375
21.866667	1	0.738625
21.883333	1	0.760625
21.900000	1	0.781375
21.916667	1	0.800125
21.933333	1	0.815750
21.950000	1	0.828875
21.966667	1	0.839375
21.983333	1	0.846375
22.000000	1	0.850625
22.016667	1	0.852125
22.033333	1	0.851125
22.050000	1	0.847750
22.066667	1	0.842500
22.083333	1	0.835000
22.100000	1	0.826375
22.116667	1	0.816625
22.133333	1	0.806000
22.150000	1	0.794250
22.166667	1	0.781250
22.183333	1	0.767250
22.200000	1	0.752875
22.216667	1	0.737750
22.233333	1	0.721750
22.250000	1	0.705375
22.266667	1	0.688250
22.283333	1	0.671125
22.300000	1	0.652750
22.316667	1	0.634750
22.333333	1	0.616625
22.350000	1	0.598750
22.366667	1	0.580500
22.383333	1	0.563375
22.400000	1	0.546000
22.416667	1	0.528625
22.433333	1	0.512625
22.450000	1	0.496625
22.466667	1	0.481750
22.483333	1	0.468000
22.500000	1	0.454875
22.516667	1	0.443375
22.533333	1	0.432500
22.550000	1	0.422875
22.566667	1	0.414000
22.583333	1	0.405875
22.600000	1	0.397875
22.616667	1	0.390500
22.633333	1	0.383500
22.650000	1	0.377500
22.666667	1	0.371375
22.683333	1	0.366000
22.700000	1	0.361875
22.716667	1	0.357375
22.733333	1	0.352875
22.750000	1	0.349125
22.766667	1	0.346000
22.783333	1	0.342875
22.800000	1	0.340500
22.816667	1	0.338125
22.833333	1	0.336375
22.850000	1	0.334875
22.866667	1	0.333750
22.883333	1	0.333375
22.900000	1	0.332750
22.916667	1	0.332500
22.933333	1	0.333125
22.950000	1	0.334500
22.966667	1	0.335875
22.983333	1	0.337375
23.000000	1	0.338750
23.016667	1	0.341375
23.033333	1	0.343375
23.050000	1	0.346625
23.066667	1	0.350500
23.083333	1	0.354375
23.100000	1	0.357125
23.116667	1	0.360500
23.133333	1	0.362875
23.150000	1	0.365750
23.166667	1	0.368125
23.183333	1	0.371000
23.200000	1	0.373250
23.216667	1	0.375250
23.233333	1	0.377375
23.250000	1	0.379750
23.266667	1	0.382000
23.283333	1	0.385250
23.300000	1	0.389125
23.316667	1	0.395375
23.333333	1	0.403250
23.350000	1	0.415875
23.366667	1	0.432750
23.383333	1	0.456125
23.400000	1	0.488500
23.416667	1	0.531000
23.433333	1	0.586500
23.450000	1	0.657750
23.466667	1	0.747125
23.483333	1	0.860000
23.500000	1	0.999875
23.516667	1	1.168500
23.533333	1	1.370000
23.550000	1	1.608375
23.566667	1	1.884500
23.583333	1	2.200125
23.600000	1	2.555000
23.616667	1	2.948125
23.633333	1	3.376250
23.650000	1	3.835375
23.666667	1	4.318375
23.683333	1	4.818000
23.700000	1	5.326875
23.716667	1	5.833625
23.733333	1	6.327750
23.750000	1	6.798500
23.766667	1	7.233000
23.783333	1	7.622000
23.800000	1	7.956000
23.816667	1	8.228250
23.833333	1	8.432875
23.850000	1	8.565625
23.866667	1	8.626250
23.883333	1	8.615875
23.900000	1	8.537000
23.916667	1	8.394000
23.933333	1	8.192750
23.950000	1	7.940875
23.966667	1	7.645125
23.983333	1	7.315875
24.000000	1	6.960375
24.016667	1	6.587000
24.033333	1	6.203500
24.050000	1	5.816625
24.066667	1	5.433250
24.083333	1	5.056625
24.100000	1	4.690375
24.116667	1	4.338250
24.133333	1	4.002500
24.150000	1	3.685000
24.166667	1	3.386500
24.183333	1	3.107875
24.200000	1	2.848375
24.216667	1	2.607500
24.233333	1	2.385500
24.250000	1	2.181875
24.266667	1	1.993875
24.283333	1	1.822125
24.300000	1	1.665875
24.316667	1	1.523375
24.333333	1	1.393625
24.350000	1	1.277375
24.366667	1	1.173375
24.383333	1	1.079875
24.400000	1	0.996250
24.416667	1	0.922250
24.433333	1	0.857625
24.450000	1	0.801000
24.466667	1	0.752000
24.483333	1	0.709375
24.500000	1	0.672375
24.516667	1	0.641000
24.533333	1	0.614875
24.550000	1	0.592375
24.566667	1	0.572750
24.583333	1	0.556750
24.600000	1	0.543000
24.616667	1	0.531125
24.633333	1	0.520875
24.650000	1	0.511875
24.666667	1	0.503875
24.683333	1	0.496375
24.700000	1	0.490375
24.716667	1	0.484250
24.733333	1	0.478125
24.750000	1	0.472625
24.766667	1	0.466625
24.783333	1	0.460875
24.800000	1	0.455125
24.816667	1	0.449250
24.833333	1	0.442750
24.850000	1	0.436875
24.866667	1	0.430750
24.883333	1	0.425000
24.900000	1	0.420125
24.916667	1	0.414375
24.933333	1	0.408750
24.950000	1	0.403000
24.966667	1	0.397250
24.983333	1	0.392500
25.000000	1	0.386875
25.016667	1	0.380750
25.033333	1	0.375000
25.050000	1	0.369500
25.066667	1	0.363500
25.083333	1	0.358625
25.100000	1	0.353250
25.116667	1	0.348000
25.133333	1	0.343125
25.150000	1	0.337750
25.166667	1	0.332500
25.183333	1	0.326750
25.200000	1	0.321125
25.216667	1	0.315875
25.233333	1	0.310500
25.250000	1	0.305875
25.266667	1	0.300625
25.283333	1	0.296000
25.300000	1	0.291625
25.316667	1	0.287000
25.333333	1	0.282500
25.350000	1	0.277750
25.366667	1	0.273250
25.383333	1	0.269125
25.400000	1	0.265750
25.416667	1	0.262125
25.433333	1	0.259500
25.450000	1	0.256750
25.466667	1	0.255000
25.483333	1	0.253125
25.500000	1	0.252125
25.516667	1	0.251250
25.533333	1	0.250500
25.550000	1	0.250125
25.566667	1	0.250750
25.583333	1	0.250250
25.600000	1	0.250750
25.616667	1	0.251125
25.633333	1	0.251250
25.650000	1	0.251625
25.666667	1	0.252000
25.683333	1	0.252875
25.700000	1	0.253125
25.716667	1	0.253625
25.733333	1	0.254375
25.750000	1	0.255000
25.766667	1	0.255125
25.783333	1	0.255625
25.800000	1	0.255750
25.816667	1	0.256000
25.833333	1	0.256250
25.850000	1	0.256625
25.866667	1	0.257375
25.883333	1	0.257625
25.900000	1	0.258750
25.916667	1	0.260125
25.933333	1	0.261625
25.950000	1	0.263125
25.966667	1	0.265250
25.983333	1	0.267500
26.000000	1	0.270375
26.016667	1	0.273125
26.033333	1	0.276375
26.050000	1	0.281250
26.066667	1	0.286000
26.083333	1	0.290750
26.100000	1	0.296125
26.116667	1	0.301500
26.133333	1	0.307625
26.150000	1	0.313875
26.166667	1	0.320125
26.183333	1	0.326125
26.200000	1	0.332750
26.216667	1	0.338625
26.233333	1	0.345500
26.250000	1	0.351500
26.266667	1	0.358000
26.283333	1	0.363125
26.300000	1	0.368000
26.316667	1	0.372375
26.333333	1	0.377125
26.350000	1	0.380875
26.366667	1	0.383375
26.383333	1	0.386125
26.400000	1	0.387250
26.416667	1	0.387625
26.433333	1	0.388125
26.450000	1	0.388250
26.466667	1	0.386750
26.483333	1	0.385250
26.500000	1	0.382750
26.516667	1	0.380000
26.533333	1	0.376750
26.550000	1	0.373000
26.566667	1	0.367875
26.583333	1	0.362625
26.600000	1	0.357500
26.616667	1	0.352625
26.633333	1	0.347250
26.650000	1	0.342375
26.666667	1	0.337000
26.683333	1	0.331500
26.700000	1	0.326125
26.716667	1	0.321125
26.733333	1	0.315500
26.750000	1	0.310500
26.766667	1	0.306375
26.783333	1	0.302250
26.800000	1	0.298125
26.816667	1	0.294750
26.833333	1	0.291250
26.850000	1	0.288000
26.866667	1	0.285250
26.883333	1	0.282625
26.900000	1	0.279375
26.916667	1	0.277500
26.933333	1	0.276125
26.950000	1	0.273875
26.966667	1	0.272000
26.983333	1	0.270500
27.000000	1	0.269125
27.016667	1	0.268125
27.033333	1	0.268000
27.050000	1	0.267250
27.066667	1	0.267000
27.083333	1	0.267625
27.100000	1	0.268125
27.116667	1	0.269000
27.133333	1	0.270625
27.150000	1	0.273125
27.166667	1	0.275875
27.183333	1	0.279250
27.200000	1	0.283000
27.216667	1	0.288625
27.233333	1	0.295125
27.250000	1	0.303750
27.266667	1	0.313750
27.283333	1	0.325250
27.300000	1	0.339500
27.316667	1	0.357375
27.333333	1	0.378750
27.350000	1	0.404500
27.366667	1	0.434000
27.383333	1	0.469500
27.400000	1	0.510750
27.416667	1	0.560000
27.433333	1	0.616125
27.450000	1	0.681500
27.466667	1	0.756625
27.483333	1	0.841875
27.500000	1	0.938375
27.516667	1	1.046125
27.533333	1	1.166250
27.550000	1	1.297750
27.566667	1	1.440875
27.583333	1	1.595500
27.600000	1	1.761125
27.616667	1	1.936875
27.633333	1	2.120875
27.650000	1	2.312125
27.666667	1	2.509125
27.683333	1	2.707750
27.700000	1	2.907375
27.716667	1	3.103625
27.733333	1	3.293500
27.750000	1	3.474625
27.766667	1	3.644125
27.783333	1	3.798625
27.800000	1	3.935250
27.816667	1	4.052125
27.833333	1	4.147125
27.850000	1	4.218625
27.866667	1	4.265125
27.883333	1	4.285625
27.900000	1	4.280250
27.916667	1	4.249625
27.933333	1	4.194500
27.950000	1	4.116875
27.966667	1	4.017500
27.983333	1	3.900500
28.000000	1	3.767250
28.016667	1	3.620375
28.033333	1	3.462500
28.050000	1	3.297000
28.066667	1	3.125125
28.083333	1	2.951000
28.100000	1	2.775625
28.116667	1	2.602250
28.133333	1	2.433125
28.150000	1	2.268625
28.166667	1	2.110875
28.183333	1	1.960500
28.200000	1	1.818375
28.216667	1	1.683750
28.233333	1	1.557500
28.250000	1	1.440125
28.266667	1	1.330750
28.283333	1	1.230000
28.300000	1	1.137500
28.316667	1	1.052375
28.333333	1	0.974500
28.350000	1	0.904375
28.366667	1	0.841500
28.383333	1	0.783625
28.400000	1	0.732250
28.416667	1	0.686125
28.433333	1	0.645500
28.450000	1	0.610500
28.466667	1	0.579625
28.483333	1	0.553250
28.500000	1	0.531250
28.516667	1	0.512625
28.533333	1	0.497125
28.550000	1	0.485750
28.566667	1	0.476125
28.583333	1	0.469875
28.600000	1	0.466625
28.616667	1	0.465875
28.633333	1	0.467125
28.650000	1	0.469625
28.666667	1	0.473625
28.683333	1	0.479250
28.700000	1	0.485500
28.716667	1	0.493625
28.733333	1	0.501875
28.750000	1	0.511125
28.766667	1	0.520750
28.783333	1	0.530625
28.800000	1	0.539750
28.816667	1	0.549125
28.833333	1	0.558125
28.850000	1	0.567125
28.866667	1	0.575375
28.883333	1	0.582000
28.900000	1	0.588125
28.916667	1	0.593125
28.933333	1	0.597500
28.950000	1	0.600000
28.966667	1	0.601750
28.983333	1	0.601625
29.000000	1	0.600750
29.016667	1	0.598125
29.033333	1	0.594500
29.050000	1	0.588750
29.066667	1	0.581875
29.083333	1	0.573250
29.100000	1	0.562625
29.116667	1	0.550375
29.133333	1	0.537125
29.150000	1	0.522625
29.166667	1	0.505750
29.183333	1	0.487125
29.200000	1	0.467125
29.216667	1	0.445500
29.233333	1	0.421625
29.250000	1	0.396750
29.266667	1	0.370000
29.283333	1	0.342125
29.300000	1	0.312125
29.316667	1	0.280125
29.333333	1	0.246500
29.350000	1	0.211125
29.366667	1	0.174125
29.383333	1	0.136625
29.400000	1	0.097125
29.416667	1	0.056875
29.433333	1	0.015750
29.450000	1	-0.026750
29.466667	1	-0.069500
29.483333	1	-0.112625
29.500000	1	-0.155750
29.516667	1	-0.199000
29.533333	1	-0.240875
29.550000	1	-0.282125
29.566667	1	-0.322375
29.583333	1	-0.360500
29.600000	1	-0.397000
29.616667	1	-0.431875
29.633333	1	-0.463125
29.650000	1	-0.492750
29.666667	1	-0.518625
29.683333	1	-0.541625
29.700000	1	-0.561000
29.716667	1	-0.576125
29.733333	1	-0.588375
29.750000	1	-0.596875
29.766667	1	-0.601500
29.783333	1	-0.603125
29.800000	1	-0.601250
29.816667	1	-0.595250
29.833333	1	-0.586250
29.850000	1	-0.574500
29.866667	1	-0.560250
29.883333	1	-0.543500
29.900000	1	-0.524375
29.916667	1	-0.503250
29.933333	1	-0.480250
29.950000	1	-0.455750
29.966667	1	-0.430125
29.983333	1	-0.403625
30.000000	1	-0.376750
30.016667	1	-0.349625
30.033333	1	-0.322250
30.050000	1	-0.294875
30.066667	1	-0.268000
30.083333	1	-0.241625
30.100000	1	-0.215750
30.116667	1	-0.191000
30.133333	1	-0.166125
30.150000	1	-0.143250
30.166667	1	-0.121125
30.183333	1	-0.100375
30.200000	1	-0.079750
30.216667	1	-0.061125
30.233333	1	-0.043625
30.250000	1	-0.027375
30.266667	1	-0.011500
30.283333	1	0.002500
30.300000	1	0.015375
30.316667	1	0.027250
30.333333	1	0.038750
30.350000	1	0.049625
30.366667	1	0.058875
30.383333	1	0.068375
30.400000	1	0.076250
30.416667	1	0.083375
30.433333	1	0.090500
30.450000	1	0.097000
30.466667	1	0.103250
30.483333	1	0.108875
30.500000	1	0.113875
30.516667	1	0.118625
30.533333	1	0.123000
30.550000	1	0.127750
30.566667	1	0.132750
30.583333	1	0.138000
30.600000	1	0.142750
30.616667	1	0.148375
30.633333	1	0.153750
30.650000	1	0.159375
30.666667	1	0.165000
30.683333	1	0.171125
30.700000	1	0.177250
30.716667	1	0.183625
30.733333	1	0.190875
30.750000	1	0.198000
30.766667	1	0.206375
30.783333	1	0.214375
30.800000	1	0.223250
30.816667	1	0.232125
30.833333	1	0.240750
30.850000	1	0.250500
30.866667	1	0.261250
30.883333	1	0.272375
30.900000	1	0.284250
30.916667	1	0.296875
30.933333	1	0.309875
30.950000	1	0.324250
30.966667	1	0.340500
30.983333	1	0.358625
31.000000	1	0.378875
31.016667	1	0.402250
31.033333	1	0.428375
31.050000	1	0.458250
31.066667	1	0.491750
31.083333	1	0.531250
31.100000	1	0.576250
31.116667	1	0.627625
31.133333	1	0.686875
31.150000	1	0.752625
31.166667	1	0.827875
31.183333	1	0.912750
31.200000	1	1.008375
31.216667	1	1.114000
31.233333	1	1.231500
31.250000	1	1.359750
31.266667	1	1.499875
31.283333	1	1.651250
31.300000	1	1.813250
31.316667	1	1.985875
31.333333	1	2.167625
31.350000	1	2.357500
31.366667	1	2.554125
31.383333	1	2.757250
31.400000	1	2.962750
31.416667	1	3.170625
31.433333	1	3.377250
31.450000	1	3.579625
31.466667	1	3.776750
31.483333	1	3.963875
31.500000	1	4.140750
31.516667	1	4.304375
31.533333	1	4.451125
31.550000	1	4.581000
31.566667	1	4.692750
31.583333	1	4.782625
31.600000	1	4.851875
31.616667	1	4.898875
31.633333	1	4.924625
31.650000	1	4.926375
31.666667	1	4.906750
31.683333	1	4.865250
31.700000	1	4.804250
31.716667	1	4.723500
31.733333	1	4.626000
31.750000	1	4.513375
31.766667	1	4.386500
31.783333	1	4.247750
31.800000	1	4.099250
31.816667	1	3.942375
31.833333	1	3.779625
31.850000	1	3.613000
31.866667	1	3.443500
31.883333	1	3.272875
31.900000	1	3.102375
31.916667	1	2.933750
31.933333	1	2.768375
31.950000	1	2.607625
31.966667	1	2.451125
31.983333	1	2.299500
32.000000	1	2.152875
32.016667	1	2.013500
32.033333	1	1.880125
32.050000	1	1.752750
32.066667	1	1.632250
32.083333	1	1.517625
32.100000	1	1.410250
32.116667	1	1.309250
32.133333	1	1.213750
32.150000	1	1.124625
32.166667	1	1.040875
32.183333	1	0.962375
32.200000	1	0.889125
32.216667	1	0.820000
32.233333	1	0.755250
32.250000	1	0.694875
32.266667	1	0.638000
32.283333	1	0.585875
32.300000	1	0.537250
32.316667	1	0.492625
32.333333	1	0.452125
32.350000	1	0.413875
32.366667	1	0.378375
32.383333	1	0.345250
32.400000	1	0.314875
32.416667	1	0.286750
32.433333	1	0.261000
32.450000	1	0.237375
32.466667	1	0.215125
32.483333	1	0.194875
32.500000	1	0.177000
32.516667	1	0.159750
32.533333	1	0.145000
32.550000	1	0.131750
32.566667	1	0.120000
32.583333	1	0.109250
32.600000	1	0.099000
32.616667	1	0.090250
32.633333	1	0.082000
32.650000	1	0.075000
32.666667	1	0.068500
32.683333	1	0.063500
32.700000	1	0.058625
32.716667	1	0.054500
32.733333	1	0.051500
32.750000	1	0.049000
32.766667	1	0.046875
32.783333	1	0.044000
32.800000	1	0.041750
32.816667	1	0.040000
32.833333	1	0.039250
32.850000	1	0.038250
32.866667	1	0.037250
32.883333	1	0.036375
32.900000	1	0.034875
32.916667	1	0.034625
32.933333	1	0.034250
32.950000	1	0.033375
32.966667	1	0.033000
32.983333	1	0.032000
33.000000	1	0.031500
33.016667	1	0.031375
33.033333	1	0.030625
33.050000	1	0.029250
33.066667	1	0.028000
33.083333	1	0.026750
33.100000	1	0.026375
33.116667	1	0.025750
33.133333	1	0.024875
33.150000	1	0.024000
33.166667	1	0.023500
33.183333	1	0.023000
33.200000	1	0.023125
33.216667	1	0.021875
33.233333	1	0.021625
33.250000	1	0.021500
33.266667	1	0.021500
33.283333	1	0.021000
33.300000	1	0.021125
33.316667	1	0.022750
33.333333	1	0.023125
33.350000	1	0.024500
33.366667	1	0.025625
33.383333	1	0.027250
33.400000	1	0.029250
33.416667	1	0.031250
33.433333	1	0.033250
33.450000	1	0.035250
33.466667	1	0.038500
33.483333	1	0.042000
33.500000	1	0.045375
33.516667	1	0.048625
33.533333	1	0.052250
33.550000	1	0.056625
33.566667	1	0.060750
33.583333	1	0.064750
33.600000	1	0.069000
33.616667	1	0.073000
33.633333	1	0.077250
33.650000	1	0.081500
33.666667	1	0.085875
33.683333	1	0.090250
33.700000	1	0.094875
33.716667	1	0.098875
33.733333	1	0.103375
33.750000	1	0.107125
33.766667	1	0.111250
33.783333	1	0.115125
33.800000	1	0.118375
33.816667	1	0.121250
33.833333	1	0.124375
33.850000	1	0.127375
33.866667	1	0.130000
33.883333	1	0.132750
33.900000	1	0.135000
33.916667	1	0.136625
33.933333	1	0.138625
33.950000	1	0.140625
33.966667	1	0.142000
33.983333	1	0.143875
34.000000	1	0.144375
34.016667	1	0.144625
34.033333	1	0.144375
34.050000	1	0.144000
34.066667	1	0.143625
34.083333	1	0.143375
34.100000	1	0.142500
34.116667	1	0.141625
34.133333	1	0.140875
34.150000	1	0.139125
34.166667	1	0.137000
34.183333	1	0.134750
34.200000	1	0.132500
34.216667	1	0.130625
34.233333	1	0.128250
34.250000	1	0.125125
34.266667	1	0.121750
34.283333	1	0.118375
34.300000	1	0.115500
34.316667	1	0.112625
34.333333	1	0.110250
34.350000	1	0.107125
34.366667	1	0.105125
34.383333	1	0.102375
34.400000	1	0.100500
34.416667	1	0.098750
34.433333	1	0.097500
34.450000	1	0.095750
34.466667	1	0.094875
34.483333	1	0.094375
34.500000	1	0.094125
34.516667	1	0.094250
34.533333	1	0.095625
34.550000	1	0.096250
34.566667	1	0.098125
34.583333	1	0.099875
34.600000	1	0.101250
34.616667	1	0.103625
34.633333	1	0.106000
34.650000	1	0.108375
34.666667	1	0.111875
34.683333	1	0.114625
34.700000	1	0.117125
34.716667	1	0.119875
34.733333	1	0.122750
34.750000	1	0.126000
34.766667	1	0.128500
34.783333	1	0.131125
34.800000	1	0.132625
34.816667	1	0.134125
34.833333	1	0.135000
34.850000	1	0.135750
34.866667	1	0.135625
34.883333	1	0.136500
34.900000	1	0.136500
34.916667	1	0.135875
34.933333	1	0.134500
34.950000	1	0.134125
34.966667	1	0.133000
34.983333	1	0.131375
35.000000	1	0.128750
35.016667	1	0.126000
35.033333	1	0.123125
35.050000	1	0.120625
35.066667	1	0.118000
35.083333	1	0.114500
35.100000	1	0.111250
35.116667	1	0.108125
35.133333	1	0.104750
35.150000	1	0.100875
35.166667	1	0.097500
35.183333	1	0.093875
35.200000	1	0.089750
35.216667	1	0.086250
35.233333	1	0.082875
35.250000	1	0.079875
35.266667	1	0.076375
35.283333	1	0.073500
35.300000	1	0.070375
35.316667	1	0.067000
35.333333	1	0.064750
35.350000	1	0.062375
35.366667	1	0.060625
35.383333	1	0.058375
35.400000	1	0.056625
35.416667	1	0.055375
35.433333	1	0.054125
35.450000	1	0.053625
35.466667	1	0.053750
35.483333	1	0.054250
35.500000	1	0.055000
35.516667	1	0.056625
35.533333	1	0.058375
35.550000	1	0.060375
35.566667	1	0.062875
35.583333	1	0.066250
35.600000	1	0.068875
35.616667	1	0.072250
35.633333	1	0.075875
35.650000	1	0.079125
35.666667	1	0.083125
35.683333	1	0.087250
35.700000	1	0.090750
35.716667	1	0.094750
35.733333	1	0.098000
35.750000	1	0.101750
35.766667	1	0.105750
35.783333	1	0.109125
35.800000	1	0.112625
35.816667	1	0.115500
35.833333	1	0.118750
35.850000	1	0.122250
35.866667	1	0.124375
35.883333	1	0.126750
35.900000	1	0.128375
35.916667	1	0.129750
35.933333	1	0.131250
35.950000	1	0.132500
35.966667	1	0.133875
35.983333	1	0.134375
36.000000	1	0.135250
36.016667	1	0.135125
36.033333	1	0.134875
36.050000	1	0.134500
36.066667	1	0.134125
36.083333	1	0.134250
36.100000	1	0.133875
36.116667	1	0.133375
36.133333	1	0.132125
36.150000	1	0.131875
36.166667	1	0.130625
36.183333	1	0.130000
36.200000	1	0.129000
36.216667	1	0.128125
36.233333	1	0.127625
36.250000	1	0.127250
36.266667	1	0.127000
36.283333	1	0.127000
36.300000	1	0.127500
36.316667	1	0.127500
36.333333	1	0.127625
36.350000	1	0.128375
36.366667	1	0.128875
36.383333	1	0.129750
36.400000	1	0.130250
36.416667	1	0.131000
36.433333	1	0.131875
36.450000	1	0.132375
36.466667	1	0.134000
36.483333	1	0.135000
36.500000	1	0.136750
36.516667	1	0.137750
36.533333	1	0.138500
36.550000	1	0.139375
36.566667	1	0.140125
36.583333	1	0.140875
36.600000	1	0.141750
36.616667	1	0.141750
36.633333	1	0.142500
36.650000	1	0.142750
36.666667	1	0.142625
36.683333	1	0.142125
36.700000	1	0.141125
36.716667	1	0.140625
36.733333	1	0.139125
36.750000	1	0.137625
36.766667	1	0.136500
36.783333	1	0.135250
36.800000	1	0.133000
36.816667	1	0.130875
36.833333	1	0.128875
36.850000	1	0.126125
36.866667	1	0.123375
36.883333	1	0.120125
36.900000	1	0.117500
36.916667	1	0.114875
36.933333	1	0.112375
36.950000	1	0.109750
36.966667	1	0.108125
36.983333	1	0.106250
37.000000	1	0.104250
37.016667	1	0.102375
37.033333	1	0.100375
37.050000	1	0.099500
37.066667	1	0.098625
37.083333	1	0.098375
37.100000	1	0.098250
37.116667	1	0.097875
37.133333	1	0.097125
37.150000	1	0.096750
37.166667	1	0.096625
37.183333	1	0.097000
37.200000	1	0.096000
37.216667	1	0.096250
37.233333	1	0.095875
37.250000	1	0.095875
37.266667	1	0.096500
37.283333	1	0.095875
37.300000	1	0.095875
37.316667	1	0.095250
37.333333	1	0.094625
37.350000	1	0.094125
37.366667	1	0.093375
37.383333	1	0.091375
37.400000	1	0.090000
37.416667	1	0.087625
37.433333	1	0.085375
37.450000	1	0.083000
37.466667	1	0.080875
37.483333	1	0.078250
37.500000	1	0.075625
37.516667	1	0.073500
37.533333	1	0.071000
37.550000	1	0.068000
37.566667	1	0.065000
37.583333	1	0.061875
37.600000	1	0.058625
37.616667	1	0.055125
37.633333	1	0.051875
37.650000	1	0.048625
37.666667	1	0.045375
37.683333	1	0.042875
37.700000	1	0.039625
37.716667	1	0.036625
37.733333	1	0.033625
37.750000	1	0.030750
37.766667	1	0.028375
37.783333	1	0.025750
37.800000	1	0.023500
37.816667	1	0.021375
37.833333	1	0.019250
37.850000	1	0.016625
37.866667	1	0.014500
37.883333	1	0.012750
37.900000	1	0.011375
37.916667	1	0.010250
37.933333	1	0.009250
37.950000	1	0.007750
37.966667	1	0.007375
37.983333	1	0.006375
38.000000	1	0.005625
38.016667	1	0.005125
38.033333	1	0.005500
38.050000	1	0.005500
38.066667	1	0.005625
38.083333	1	0.006500
38.100000	1	0.008125
38.116667	1	0.008875
38.133333	1	0.009750
38.150000	1	0.011375
38.166667	1	0.012875
38.183333	1	0.015375
38.200000	1	0.017125
38.216667	1	0.019625
38.233333	1	0.022250
38.250000	1	0.024625
38.266667	1	0.026875
38.283333	1	0.029750
38.300000	1	0.032125
38.316667	1	0.035250
38.333333	1	0.038250
38.350000	1	0.040875
38.366667	1	0.043875
38.383333	1	0.047750
38.400000	1	0.051250
38.416667	1	0.054625
38.433333	1	0.057875
38.450000	1	0.060750
38.466667	1	0.063250
38.483333	1	0.066375
38.500000	1	0.069000
38.516667	1	0.071750
38.533333	1	0.074500
38.550000	1	0.076875
38.566667	1	0.079250
38.583333	1	0.081375
38.600000	1	0.083125
38.616667	1	0.085125
38.633333	1	0.086875
38.650000	1	0.087875
38.666667	1	0.089125
38.683333	1	0.089875
38.700000	1	0.090250
38.716667	1	0.090500
38.733333	1	0.090750
38.750000	1	0.089875
38.766667	1	0.088875
38.783333	1	0.088125
38.800000	1	0.086875
38.816667	1	0.085500
38.833333	1	0.083500
38.850000	1	0.081500
38.866667	1	0.080000
38.883333	1	0.077500
38.900000	1	0.074875
38.916667	1	0.072125
38.933333	1	0.069875
38.950000	1	0.067375
38.966667	1	0.064875
38.983333	1	0.062250
39.000000	1	0.059500
39.016667	1	0.057500
39.033333	1	0.055000
39.050000	1	0.052375
39.066667	1	0.049625
39.083333	1	0.047250
39.100000	1	0.044875
39.116667	1	0.043250
39.133333	1	0.041625
39.150000	1	0.039375
39.166667	1	0.037250
39.183333	1	0.035125
39.200000	1	0.032875
39.216667	1	0.030750
39.233333	1	0.028875
39.250000	1	0.027000
39.266667	1	0.024625
39.283333	1	0.023000
39.300000	1	0.021375
39.316667	1	0.019125
39.333333	1	0.017500
39.350000	1	0.015250
39.366667	1	0.014000
39.383333	1	0.012625
39.400000	1	0.010500
39.416667	1	0.009000
39.433333	1	0.007000
39.450000	1	0.005000
39.466667	1	0.003125
39.483333	1	0.002250
39.500000	1	0.001250
39.516667	1	0.000125
39.533333	1	-0.001000
39.550000	1	-0.001750
39.566667	1	-0.002500
39.583333	1	-0.004625
39.600000	1	-0.005500
39.616667	1	-0.006375
39.633333	1	-0.007250
39.650000	1	-0.008250
39.666667	1	-0.008250
39.683333	1	-0.008500
39.700000	1	-0.008625
39.716667	1	-0.009125
39.733333	1	-0.010000
39.750000	1	-0.010500
39.766667	1	-0.010500
39.783333	1	-0.010750
39.800000	1	-0.010875
39.816667	1	-0.010625
39.833333	1	-0.010500
39.850000	1	-0.010125
39.866667	1	-0.009875
39.883333	1	-0.009500
39.900000	1	-0.009250
39.916667	1	-0.008625
39.933333	1	-0.007875
39.950000	1	-0.008000
39.966667	1	-0.007625
39.983333	1	-0.007250
40.000000	1	-0.006125
