URL	chrom://7040-86g6c92/XVault/Ultimate_3000/20/20240517_CMO_FP23_FP25_MarkusDeplate.seq/358.smp/RI_1.channel/RI_1.chm
Channel	RI_1

Injection Information:
Data Vault	XVault
Sequence	20240517_CMO_FP23_FP25_MarkusDeplate
Name	FP25_22.2_s2
Number	80
Position	BG8
Comment	
Processing Method	
Instrument Method	run_25B_method
Type	Unknown
Status	Finished
Inject Time	30.05.2024 00:39:49 +02:00
Volume (µl)	20.0000
Dilution Factor	1.0000
Weight	1.0000

Chromatogram Data Information:
Time Min. (min)	0.000000
Time Max. (min)	40.000000
Data Points	2401
Detector	RI
Generating Data System	Chromeleon 7.3.2.11814
Exporting Data System	Chromeleon 7.3.2.0
Operator	Instrument Controller
Signal Quantity	Refractive 
Signal Unit	µRIU
Signal Min.	-0.940250
Signal Max.	62.586625
Channel	RI_1
Driver Name	RID520Driver.dll
Channel Type	Evaluation
Min. Step (s)	1
Max. Step (s)	1
Average Step (s)	1

Signal Parameter Information:
Signal Info	

Chromatogram Data:
Time (min)	Step (s)	Value (µRIU)
0.000000	n.a.	-0.015250
0.016667	1	-0.012625
0.033333	1	-0.010250
0.050000	1	-0.006875
0.066667	1	-0.003375
0.083333	1	0.000000
0.100000	1	0.003125
0.116667	1	0.006625
0.133333	1	0.009375
0.150000	1	0.012125
0.166667	1	0.014750
0.183333	1	0.017875
0.200000	1	0.020250
0.216667	1	0.023375
0.233333	1	0.026375
0.250000	1	0.029375
0.266667	1	0.031625
0.283333	1	0.034375
0.300000	1	0.037125
0.316667	1	0.039750
0.333333	1	0.041875
0.350000	1	0.043500
0.366667	1	0.044250
0.383333	1	0.045625
0.400000	1	0.046000
0.416667	1	0.047625
0.433333	1	0.049375
0.450000	1	0.052500
0.466667	1	0.056125
0.483333	1	0.059500
0.500000	1	0.061250
0.516667	1	0.062875
0.533333	1	0.063500
0.550000	1	0.063625
0.566667	1	0.062750
0.583333	1	0.061625
0.600000	1	0.059375
0.616667	1	0.056500
0.633333	1	0.054500
0.650000	1	0.051875
0.666667	1	0.050250
0.683333	1	0.049125
0.700000	1	0.048000
0.716667	1	0.046125
0.733333	1	0.044625
0.750000	1	0.042625
0.766667	1	0.041500
0.783333	1	0.039750
0.800000	1	0.038375
0.816667	1	0.037000
0.833333	1	0.035250
0.850000	1	0.033750
0.866667	1	0.032750
0.883333	1	0.030625
0.900000	1	0.028750
0.916667	1	0.027000
0.933333	1	0.025625
0.950000	1	0.024125
0.966667	1	0.022750
0.983333	1	0.021375
1.000000	1	0.020000
1.016667	1	0.019625
1.033333	1	0.018000
1.050000	1	0.017250
1.066667	1	0.016250
1.083333	1	0.015250
1.100000	1	0.014250
1.116667	1	0.013625
1.133333	1	0.012750
1.150000	1	0.012625
1.166667	1	0.012500
1.183333	1	0.012500
1.200000	1	0.012875
1.216667	1	0.012250
1.233333	1	0.013000
1.250000	1	0.013000
1.266667	1	0.014250
1.283333	1	0.015375
1.300000	1	0.016000
1.316667	1	0.016375
1.333333	1	0.017000
1.350000	1	0.018250
1.366667	1	0.019375
1.383333	1	0.021125
1.400000	1	0.022500
1.416667	1	0.023625
1.433333	1	0.025125
1.450000	1	0.026625
1.466667	1	0.028000
1.483333	1	0.029375
1.500000	1	0.030250
1.516667	1	0.031375
1.533333	1	0.032625
1.550000	1	0.033375
1.566667	1	0.033250
1.583333	1	0.033750
1.600000	1	0.034250
1.616667	1	0.034500
1.633333	1	0.034500
1.650000	1	0.034000
1.666667	1	0.033125
1.683333	1	0.032500
1.700000	1	0.031625
1.716667	1	0.030250
1.733333	1	0.029750
1.750000	1	0.028500
1.766667	1	0.026625
1.783333	1	0.025000
1.800000	1	0.022875
1.816667	1	0.021375
1.833333	1	0.019750
1.850000	1	0.017875
1.866667	1	0.016000
1.883333	1	0.014500
1.900000	1	0.011750
1.916667	1	0.009500
1.933333	1	0.007750
1.950000	1	0.006000
1.966667	1	0.004375
1.983333	1	0.002000
2.000000	1	0.000000
2.016667	1	-0.002125
2.033333	1	-0.003250
2.050000	1	-0.004750
2.066667	1	-0.005875
2.083333	1	-0.007250
2.100000	1	-0.008000
2.116667	1	-0.009125
2.133333	1	-0.010625
2.150000	1	-0.011375
2.166667	1	-0.012000
2.183333	1	-0.012875
2.200000	1	-0.013375
2.216667	1	-0.013875
2.233333	1	-0.014125
2.250000	1	-0.014500
2.266667	1	-0.014375
2.283333	1	-0.014375
2.300000	1	-0.014875
2.316667	1	-0.014625
2.333333	1	-0.015375
2.350000	1	-0.015625
2.366667	1	-0.015625
2.383333	1	-0.015875
2.400000	1	-0.016500
2.416667	1	-0.016375
2.433333	1	-0.016375
2.450000	1	-0.016375
2.466667	1	-0.016250
2.483333	1	-0.016250
2.500000	1	-0.016000
2.516667	1	-0.016375
2.533333	1	-0.016250
2.550000	1	-0.016875
2.566667	1	-0.016625
2.583333	1	-0.017250
2.600000	1	-0.017250
2.616667	1	-0.017125
2.633333	1	-0.017000
2.650000	1	-0.017500
2.666667	1	-0.017625
2.683333	1	-0.017250
2.700000	1	-0.017375
2.716667	1	-0.017625
2.733333	1	-0.017375
2.750000	1	-0.017750
2.766667	1	-0.017500
2.783333	1	-0.018125
2.800000	1	-0.018875
2.816667	1	-0.019125
2.833333	1	-0.018750
2.850000	1	-0.018625
2.866667	1	-0.019125
2.883333	1	-0.018750
2.900000	1	-0.019125
2.916667	1	-0.019125
2.933333	1	-0.019250
2.950000	1	-0.019125
2.966667	1	-0.019500
2.983333	1	-0.019375
3.000000	1	-0.019125
3.016667	1	-0.018750
3.033333	1	-0.018875
3.050000	1	-0.018625
3.066667	1	-0.018125
3.083333	1	-0.017250
3.100000	1	-0.016875
3.116667	1	-0.016875
3.133333	1	-0.016250
3.150000	1	-0.016500
3.166667	1	-0.016250
3.183333	1	-0.015625
3.200000	1	-0.013875
3.216667	1	-0.012750
3.233333	1	-0.011625
3.250000	1	-0.010750
3.266667	1	-0.009500
3.283333	1	-0.008375
3.300000	1	-0.006875
3.316667	1	-0.005625
3.333333	1	-0.004000
3.350000	1	-0.003000
3.366667	1	-0.000750
3.383333	1	0.000375
3.400000	1	0.002500
3.416667	1	0.004500
3.433333	1	0.005875
3.450000	1	0.008375
3.466667	1	0.010625
3.483333	1	0.012500
3.500000	1	0.014125
3.516667	1	0.016375
3.533333	1	0.018375
3.550000	1	0.020500
3.566667	1	0.022250
3.583333	1	0.024250
3.600000	1	0.026750
3.616667	1	0.028875
3.633333	1	0.031125
3.650000	1	0.033625
3.666667	1	0.035000
3.683333	1	0.036750
3.700000	1	0.038250
3.716667	1	0.040875
3.733333	1	0.042500
3.750000	1	0.044125
3.766667	1	0.045125
3.783333	1	0.046625
3.800000	1	0.048000
3.816667	1	0.049625
3.833333	1	0.050250
3.850000	1	0.050625
3.866667	1	0.051500
3.883333	1	0.051375
3.900000	1	0.051125
3.916667	1	0.051375
3.933333	1	0.050750
3.950000	1	0.049750
3.966667	1	0.048750
3.983333	1	0.047875
4.000000	1	0.047000
4.016667	1	0.045625
4.033333	1	0.043875
4.050000	1	0.042375
4.066667	1	0.041125
4.083333	1	0.039125
4.100000	1	0.037625
4.116667	1	0.036750
4.133333	1	0.035625
4.150000	1	0.034000
4.166667	1	0.033125
4.183333	1	0.032000
4.200000	1	0.031375
4.216667	1	0.030750
4.233333	1	0.030500
4.250000	1	0.029875
4.266667	1	0.030250
4.283333	1	0.030250
4.300000	1	0.030250
4.316667	1	0.030625
4.333333	1	0.031125
4.350000	1	0.031750
4.366667	1	0.032500
4.383333	1	0.033625
4.400000	1	0.035125
4.416667	1	0.036000
4.433333	1	0.037375
4.450000	1	0.038625
4.466667	1	0.040125
4.483333	1	0.041000
4.500000	1	0.042500
4.516667	1	0.044125
4.533333	1	0.045625
4.550000	1	0.047500
4.566667	1	0.048875
4.583333	1	0.050125
4.600000	1	0.051625
4.616667	1	0.053000
4.633333	1	0.054875
4.650000	1	0.055625
4.666667	1	0.056750
4.683333	1	0.057500
4.700000	1	0.058625
4.716667	1	0.059125
4.733333	1	0.059625
4.750000	1	0.060125
4.766667	1	0.060875
4.783333	1	0.061375
4.800000	1	0.062375
4.816667	1	0.062750
4.833333	1	0.063125
4.850000	1	0.064125
4.866667	1	0.065250
4.883333	1	0.065750
4.900000	1	0.066375
4.916667	1	0.067500
4.933333	1	0.068500
4.950000	1	0.070375
4.966667	1	0.072500
4.983333	1	0.074125
5.000000	1	0.076375
5.016667	1	0.078375
5.033333	1	0.081250
5.050000	1	0.084375
5.066667	1	0.087125
5.083333	1	0.090375
5.100000	1	0.094125
5.116667	1	0.098125
5.133333	1	0.102000
5.150000	1	0.107250
5.166667	1	0.111250
5.183333	1	0.115875
5.200000	1	0.121000
5.216667	1	0.126125
5.233333	1	0.131500
5.250000	1	0.136875
5.266667	1	0.142250
5.283333	1	0.147500
5.300000	1	0.153125
5.316667	1	0.158750
5.333333	1	0.164750
5.350000	1	0.170875
5.366667	1	0.176875
5.383333	1	0.182875
5.400000	1	0.188875
5.416667	1	0.194500
5.433333	1	0.200625
5.450000	1	0.206500
5.466667	1	0.212250
5.483333	1	0.217125
5.500000	1	0.222250
5.516667	1	0.227125
5.533333	1	0.230875
5.550000	1	0.235750
5.566667	1	0.240125
5.583333	1	0.244000
5.600000	1	0.247875
5.616667	1	0.251000
5.633333	1	0.253875
5.650000	1	0.256375
5.666667	1	0.258625
5.683333	1	0.260125
5.700000	1	0.262375
5.716667	1	0.263875
5.733333	1	0.264375
5.750000	1	0.265375
5.766667	1	0.266125
5.783333	1	0.265750
5.800000	1	0.265250
5.816667	1	0.265000
5.833333	1	0.264625
5.850000	1	0.264250
5.866667	1	0.263375
5.883333	1	0.262125
5.900000	1	0.261125
5.916667	1	0.260750
5.933333	1	0.259375
5.950000	1	0.258500
5.966667	1	0.257125
5.983333	1	0.255625
6.000000	1	0.253625
6.016667	1	0.252125
6.033333	1	0.249875
6.050000	1	0.247250
6.066667	1	0.245125
6.083333	1	0.242750
6.100000	1	0.240125
6.116667	1	0.237625
6.133333	1	0.234500
6.150000	1	0.231250
6.166667	1	0.227875
6.183333	1	0.224875
6.200000	1	0.221500
6.216667	1	0.217500
6.233333	1	0.214000
6.250000	1	0.210250
6.266667	1	0.207125
6.283333	1	0.203500
6.300000	1	0.199125
6.316667	1	0.194750
6.333333	1	0.192375
6.350000	1	0.188875
6.366667	1	0.185375
6.383333	1	0.182000
6.400000	1	0.178875
6.416667	1	0.175250
6.433333	1	0.171250
6.450000	1	0.167875
6.466667	1	0.164250
6.483333	1	0.160875
6.500000	1	0.157250
6.516667	1	0.154125
6.533333	1	0.150250
6.550000	1	0.146875
6.566667	1	0.144000
6.583333	1	0.141625
6.600000	1	0.138250
6.616667	1	0.136000
6.633333	1	0.133375
6.650000	1	0.129750
6.666667	1	0.127250
6.683333	1	0.124750
6.700000	1	0.122000
6.716667	1	0.119500
6.733333	1	0.117375
6.750000	1	0.114750
6.766667	1	0.113000
6.783333	1	0.111000
6.800000	1	0.109750
6.816667	1	0.108625
6.833333	1	0.107625
6.850000	1	0.106125
6.866667	1	0.104750
6.883333	1	0.103750
6.900000	1	0.103875
6.916667	1	0.103375
6.933333	1	0.103000
6.950000	1	0.103625
6.966667	1	0.104625
6.983333	1	0.105625
7.000000	1	0.107125
7.016667	1	0.108125
7.033333	1	0.109375
7.050000	1	0.110125
7.066667	1	0.111750
7.083333	1	0.113375
7.100000	1	0.115625
7.116667	1	0.117750
7.133333	1	0.119250
7.150000	1	0.120750
7.166667	1	0.122375
7.183333	1	0.123875
7.200000	1	0.125375
7.216667	1	0.127000
7.233333	1	0.128250
7.250000	1	0.129875
7.266667	1	0.130750
7.283333	1	0.132000
7.300000	1	0.133625
7.316667	1	0.135125
7.333333	1	0.136625
7.350000	1	0.137000
7.366667	1	0.138375
7.383333	1	0.140250
7.400000	1	0.141125
7.416667	1	0.142125
7.433333	1	0.143250
7.450000	1	0.144250
7.466667	1	0.145125
7.483333	1	0.146125
7.500000	1	0.147250
7.516667	1	0.148250
7.533333	1	0.148250
7.550000	1	0.149250
7.566667	1	0.150125
7.583333	1	0.150125
7.600000	1	0.150250
7.616667	1	0.149750
7.633333	1	0.148875
7.650000	1	0.148500
7.666667	1	0.147625
7.683333	1	0.146750
7.700000	1	0.145875
7.716667	1	0.144625
7.733333	1	0.143750
7.750000	1	0.142250
7.766667	1	0.141375
7.783333	1	0.138875
7.800000	1	0.136625
7.816667	1	0.134500
7.833333	1	0.132250
7.850000	1	0.130000
7.866667	1	0.127375
7.883333	1	0.124625
7.900000	1	0.122125
7.916667	1	0.119125
7.933333	1	0.117500
7.950000	1	0.115250
7.966667	1	0.112375
7.983333	1	0.109875
8.000000	1	0.107000
8.016667	1	0.104250
8.033333	1	0.101500
8.050000	1	0.099125
8.066667	1	0.096375
8.083333	1	0.094000
8.100000	1	0.091875
8.116667	1	0.089750
8.133333	1	0.087375
8.150000	1	0.085500
8.166667	1	0.083125
8.183333	1	0.081250
8.200000	1	0.078625
8.216667	1	0.076125
8.233333	1	0.074125
8.250000	1	0.072250
8.266667	1	0.070375
8.283333	1	0.068125
8.300000	1	0.066250
8.316667	1	0.065500
8.333333	1	0.064625
8.350000	1	0.062750
8.366667	1	0.061500
8.383333	1	0.060000
8.400000	1	0.059000
8.416667	1	0.057250
8.433333	1	0.056125
8.450000	1	0.055250
8.466667	1	0.054125
8.483333	1	0.052750
8.500000	1	0.051875
8.516667	1	0.050750
8.533333	1	0.050000
8.550000	1	0.048500
8.566667	1	0.047250
8.583333	1	0.045625
8.600000	1	0.044375
8.616667	1	0.042875
8.633333	1	0.041000
8.650000	1	0.038875
8.666667	1	0.037250
8.683333	1	0.034875
8.700000	1	0.032875
8.716667	1	0.031625
8.733333	1	0.029375
8.750000	1	0.027500
8.766667	1	0.025375
8.783333	1	0.023375
8.800000	1	0.021500
8.816667	1	0.019000
8.833333	1	0.017750
8.850000	1	0.016375
8.866667	1	0.014500
8.883333	1	0.013125
8.900000	1	0.012250
8.916667	1	0.012125
8.933333	1	0.012125
8.950000	1	0.011625
8.966667	1	0.011500
8.983333	1	0.012625
9.000000	1	0.013500
9.016667	1	0.014125
9.033333	1	0.015000
9.050000	1	0.016125
9.066667	1	0.018125
9.083333	1	0.019750
9.100000	1	0.022000
9.116667	1	0.024125
9.133333	1	0.026250
9.150000	1	0.027750
9.166667	1	0.030125
9.183333	1	0.032000
9.200000	1	0.034250
9.216667	1	0.036125
9.233333	1	0.037750
9.250000	1	0.040375
9.266667	1	0.043000
9.283333	1	0.044000
9.300000	1	0.045000
9.316667	1	0.046375
9.333333	1	0.047750
9.350000	1	0.048750
9.366667	1	0.049125
9.383333	1	0.050375
9.400000	1	0.051125
9.416667	1	0.052125
9.433333	1	0.052250
9.450000	1	0.052500
9.466667	1	0.052500
9.483333	1	0.052000
9.500000	1	0.052125
9.516667	1	0.052125
9.533333	1	0.052500
9.550000	1	0.053125
9.566667	1	0.053250
9.583333	1	0.053375
9.600000	1	0.052875
9.616667	1	0.053000
9.633333	1	0.052750
9.650000	1	0.052750
9.666667	1	0.052625
9.683333	1	0.052250
9.700000	1	0.052625
9.716667	1	0.053000
9.733333	1	0.053750
9.750000	1	0.054500
9.766667	1	0.054375
9.783333	1	0.054250
9.800000	1	0.054625
9.816667	1	0.054750
9.833333	1	0.054375
9.850000	1	0.053875
9.866667	1	0.053375
9.883333	1	0.052750
9.900000	1	0.052375
9.916667	1	0.052000
9.933333	1	0.051625
9.950000	1	0.051250
9.966667	1	0.050750
9.983333	1	0.050625
10.000000	1	0.049625
10.016667	1	0.049250
10.033333	1	0.048125
10.050000	1	0.048625
10.066667	1	0.049000
10.083333	1	0.050500
10.100000	1	0.053000
10.116667	1	0.056250
10.133333	1	0.061000
10.150000	1	0.066000
10.166667	1	0.072500
10.183333	1	0.080125
10.200000	1	0.089375
10.216667	1	0.101625
10.233333	1	0.114625
10.250000	1	0.130625
10.266667	1	0.147375
10.283333	1	0.167750
10.300000	1	0.190500
10.316667	1	0.215750
10.333333	1	0.244875
10.350000	1	0.276750
10.366667	1	0.311375
10.383333	1	0.348750
10.400000	1	0.387125
10.416667	1	0.421625
10.433333	1	0.446500
10.450000	1	0.452375
10.466667	1	0.431375
10.483333	1	0.378625
10.500000	1	0.306000
10.516667	1	0.241000
10.533333	1	0.235375
10.550000	1	0.362625
10.566667	1	0.709750
10.583333	1	1.367750
10.600000	1	2.420500
10.616667	1	3.937250
10.633333	1	5.969125
10.650000	1	8.542500
10.666667	1	11.670125
10.683333	1	15.342500
10.700000	1	19.527750
10.716667	1	24.159625
10.733333	1	29.130625
10.750000	1	34.280875
10.766667	1	39.371125
10.783333	1	44.083000
10.800000	1	48.024875
10.816667	1	50.778625
10.833333	1	51.985875
10.850000	1	51.467625
10.866667	1	49.278875
10.883333	1	45.714375
10.900000	1	41.217000
10.916667	1	36.269125
10.933333	1	31.286375
10.950000	1	26.569125
10.966667	1	22.298000
10.983333	1	18.559625
11.000000	1	15.371875
11.016667	1	12.710000
11.033333	1	10.524500
11.050000	1	8.753875
11.066667	1	7.333125
11.083333	1	6.199375
11.100000	1	5.296750
11.116667	1	4.577750
11.133333	1	4.004250
11.150000	1	3.542625
11.166667	1	3.169875
11.183333	1	2.865500
11.200000	1	2.615000
11.216667	1	2.405875
11.233333	1	2.230125
11.250000	1	2.080500
11.266667	1	1.952125
11.283333	1	1.841500
11.300000	1	1.745375
11.316667	1	1.660875
11.333333	1	1.587250
11.350000	1	1.522125
11.366667	1	1.464375
11.383333	1	1.413750
11.400000	1	1.368000
11.416667	1	1.327375
11.433333	1	1.291250
11.450000	1	1.258500
11.466667	1	1.228750
11.483333	1	1.202625
11.500000	1	1.178875
11.516667	1	1.157125
11.533333	1	1.137250
11.550000	1	1.120125
11.566667	1	1.103875
11.583333	1	1.089125
11.600000	1	1.077000
11.616667	1	1.066000
11.633333	1	1.056625
11.650000	1	1.048875
11.666667	1	1.042500
11.683333	1	1.037625
11.700000	1	1.034625
11.716667	1	1.033125
11.733333	1	1.033000
11.750000	1	1.034000
11.766667	1	1.037250
11.783333	1	1.041375
11.800000	1	1.046875
11.816667	1	1.051875
11.833333	1	1.057875
11.850000	1	1.063125
11.866667	1	1.069125
11.883333	1	1.075500
11.900000	1	1.081375
11.916667	1	1.086500
11.933333	1	1.091875
11.950000	1	1.097625
11.966667	1	1.103125
11.983333	1	1.109250
12.000000	1	1.116625
12.016667	1	1.124500
12.033333	1	1.132250
12.050000	1	1.140125
12.066667	1	1.148875
12.083333	1	1.158250
12.100000	1	1.167875
12.116667	1	1.178250
12.133333	1	1.189000
12.150000	1	1.200000
12.166667	1	1.213125
12.183333	1	1.227000
12.200000	1	1.242875
12.216667	1	1.260750
12.233333	1	1.280000
12.250000	1	1.301000
12.266667	1	1.324875
12.283333	1	1.350625
12.300000	1	1.377750
12.316667	1	1.408125
12.333333	1	1.441375
12.350000	1	1.477750
12.366667	1	1.520250
12.383333	1	1.572375
12.400000	1	1.639500
12.416667	1	1.725625
12.433333	1	1.840000
12.450000	1	1.989500
12.466667	1	2.183000
12.483333	1	2.428750
12.500000	1	2.731500
12.516667	1	3.096625
12.533333	1	3.523375
12.550000	1	4.008625
12.566667	1	4.545000
12.583333	1	5.120500
12.600000	1	5.721875
12.616667	1	6.333250
12.633333	1	6.939750
12.650000	1	7.527625
12.666667	1	8.087500
12.683333	1	8.612250
12.700000	1	9.098750
12.716667	1	9.545125
12.733333	1	9.954375
12.750000	1	10.327250
12.766667	1	10.662250
12.783333	1	10.950125
12.800000	1	11.167375
12.816667	1	11.282875
12.833333	1	11.256750
12.850000	1	11.053875
12.866667	1	10.659375
12.883333	1	10.091625
12.900000	1	9.396750
12.916667	1	8.638625
12.933333	1	7.872375
12.950000	1	7.138125
12.966667	1	6.457375
12.983333	1	5.839250
13.000000	1	5.285250
13.016667	1	4.795125
13.033333	1	4.365625
13.050000	1	3.992250
13.066667	1	3.672125
13.083333	1	3.399750
13.100000	1	3.167875
13.116667	1	2.971250
13.133333	1	2.804375
13.150000	1	2.661125
13.166667	1	2.538375
13.183333	1	2.431375
13.200000	1	2.338625
13.216667	1	2.256375
13.233333	1	2.182500
13.250000	1	2.114250
13.266667	1	2.052000
13.283333	1	1.994500
13.300000	1	1.941125
13.316667	1	1.892500
13.333333	1	1.846875
13.350000	1	1.803625
13.366667	1	1.764500
13.383333	1	1.728250
13.400000	1	1.696125
13.416667	1	1.666875
13.433333	1	1.640375
13.450000	1	1.617250
13.466667	1	1.597125
13.483333	1	1.580750
13.500000	1	1.567875
13.516667	1	1.557125
13.533333	1	1.548625
13.550000	1	1.542250
13.566667	1	1.536875
13.583333	1	1.531875
13.600000	1	1.526000
13.616667	1	1.520000
13.633333	1	1.512250
13.650000	1	1.502375
13.666667	1	1.490125
13.683333	1	1.476750
13.700000	1	1.460750
13.716667	1	1.443625
13.733333	1	1.424875
13.750000	1	1.405625
13.766667	1	1.386375
13.783333	1	1.367000
13.800000	1	1.348125
13.816667	1	1.330000
13.833333	1	1.312375
13.850000	1	1.295500
13.866667	1	1.279875
13.883333	1	1.264625
13.900000	1	1.250375
13.916667	1	1.236750
13.933333	1	1.224125
13.950000	1	1.211750
13.966667	1	1.200625
13.983333	1	1.190125
14.000000	1	1.179750
14.016667	1	1.170375
14.033333	1	1.160500
14.050000	1	1.151500
14.066667	1	1.143125
14.083333	1	1.134875
14.100000	1	1.127125
14.116667	1	1.119500
14.133333	1	1.111750
14.150000	1	1.105000
14.166667	1	1.097750
14.183333	1	1.092000
14.200000	1	1.086875
14.216667	1	1.082750
14.233333	1	1.079625
14.250000	1	1.078375
14.266667	1	1.076875
14.283333	1	1.077500
14.300000	1	1.079000
14.316667	1	1.083000
14.333333	1	1.087875
14.350000	1	1.094375
14.366667	1	1.102250
14.383333	1	1.112125
14.400000	1	1.124500
14.416667	1	1.140875
14.433333	1	1.163625
14.450000	1	1.195000
14.466667	1	1.242875
14.483333	1	1.315750
14.500000	1	1.428500
14.516667	1	1.602500
14.533333	1	1.866375
14.550000	1	2.256375
14.566667	1	2.823000
14.583333	1	3.621625
14.600000	1	4.717500
14.616667	1	6.183875
14.633333	1	8.095875
14.650000	1	10.519250
14.666667	1	13.505000
14.683333	1	17.074625
14.700000	1	21.214500
14.716667	1	25.860750
14.733333	1	30.906625
14.750000	1	36.201375
14.766667	1	41.549375
14.783333	1	46.719750
14.800000	1	51.481875
14.816667	1	55.611250
14.833333	1	58.910125
14.850000	1	61.224625
14.866667	1	62.458875
14.883333	1	62.586625
14.900000	1	61.647875
14.916667	1	59.746250
14.933333	1	57.027500
14.950000	1	53.669625
14.966667	1	49.860250
14.983333	1	45.788125
15.000000	1	41.616125
15.016667	1	37.480375
15.033333	1	33.488375
15.050000	1	29.720500
15.066667	1	26.227625
15.083333	1	23.040500
15.100000	1	20.171000
15.116667	1	17.613750
15.133333	1	15.352250
15.150000	1	13.364875
15.166667	1	11.627000
15.183333	1	10.114000
15.200000	1	8.801000
15.216667	1	7.664750
15.233333	1	6.684875
15.250000	1	5.843750
15.266667	1	5.125375
15.283333	1	4.515500
15.300000	1	4.002625
15.316667	1	3.575375
15.333333	1	3.222500
15.350000	1	2.935250
15.366667	1	2.703750
15.383333	1	2.520500
15.400000	1	2.377375
15.416667	1	2.267000
15.433333	1	2.181375
15.450000	1	2.115500
15.466667	1	2.062875
15.483333	1	2.017750
15.500000	1	1.977000
15.516667	1	1.938500
15.533333	1	1.899125
15.550000	1	1.858250
15.566667	1	1.814750
15.583333	1	1.770375
15.600000	1	1.724750
15.616667	1	1.678375
15.633333	1	1.633125
15.650000	1	1.589375
15.666667	1	1.547250
15.683333	1	1.507500
15.700000	1	1.469375
15.716667	1	1.434375
15.733333	1	1.400625
15.750000	1	1.369375
15.766667	1	1.340125
15.783333	1	1.312250
15.800000	1	1.285125
15.816667	1	1.259250
15.833333	1	1.234750
15.850000	1	1.211750
15.866667	1	1.189375
15.883333	1	1.169125
15.900000	1	1.150750
15.916667	1	1.135000
15.933333	1	1.120875
15.950000	1	1.108250
15.966667	1	1.098500
15.983333	1	1.090375
16.000000	1	1.084000
16.016667	1	1.079750
16.033333	1	1.076750
16.050000	1	1.075625
16.066667	1	1.075625
16.083333	1	1.076125
16.100000	1	1.077875
16.116667	1	1.079125
16.133333	1	1.080875
16.150000	1	1.083125
16.166667	1	1.084875
16.183333	1	1.086250
16.200000	1	1.085875
16.216667	1	1.086250
16.233333	1	1.085250
16.250000	1	1.084000
16.266667	1	1.082250
16.283333	1	1.079875
16.300000	1	1.077125
16.316667	1	1.074625
16.333333	1	1.072125
16.350000	1	1.070750
16.366667	1	1.070375
16.383333	1	1.071125
16.400000	1	1.072625
16.416667	1	1.075875
16.433333	1	1.079375
16.450000	1	1.084125
16.466667	1	1.090500
16.483333	1	1.096875
16.500000	1	1.102750
16.516667	1	1.108375
16.533333	1	1.113000
16.550000	1	1.116125
16.566667	1	1.118625
16.583333	1	1.118750
16.600000	1	1.117500
16.616667	1	1.114875
16.633333	1	1.111625
16.650000	1	1.107250
16.666667	1	1.103250
16.683333	1	1.099500
16.700000	1	1.096250
16.716667	1	1.094875
16.733333	1	1.094875
16.750000	1	1.097125
16.766667	1	1.100500
16.783333	1	1.106500
16.800000	1	1.113375
16.816667	1	1.121375
16.833333	1	1.129750
16.850000	1	1.138375
16.866667	1	1.146250
16.883333	1	1.155000
16.900000	1	1.161375
16.916667	1	1.167250
16.933333	1	1.171125
16.950000	1	1.173500
16.966667	1	1.174125
16.983333	1	1.174125
17.000000	1	1.171875
17.016667	1	1.169250
17.033333	1	1.165500
17.050000	1	1.161875
17.066667	1	1.158250
17.083333	1	1.154000
17.100000	1	1.149875
17.116667	1	1.146375
17.133333	1	1.143125
17.150000	1	1.140750
17.166667	1	1.139250
17.183333	1	1.138500
17.200000	1	1.137875
17.216667	1	1.137750
17.233333	1	1.138375
17.250000	1	1.139625
17.266667	1	1.141875
17.283333	1	1.144375
17.300000	1	1.147250
17.316667	1	1.150000
17.333333	1	1.153250
17.350000	1	1.156375
17.366667	1	1.159500
17.383333	1	1.162875
17.400000	1	1.165375
17.416667	1	1.167625
17.433333	1	1.167750
17.450000	1	1.167000
17.466667	1	1.165250
17.483333	1	1.162375
17.500000	1	1.156875
17.516667	1	1.150500
17.533333	1	1.141750
17.550000	1	1.131125
17.566667	1	1.118875
17.583333	1	1.105000
17.600000	1	1.090750
17.616667	1	1.075500
17.633333	1	1.059250
17.650000	1	1.041750
17.666667	1	1.024250
17.683333	1	1.007250
17.700000	1	0.990750
17.716667	1	0.975125
17.733333	1	0.959125
17.750000	1	0.944375
17.766667	1	0.931500
17.783333	1	0.918875
17.800000	1	0.907375
17.816667	1	0.897375
17.833333	1	0.888750
17.850000	1	0.880625
17.866667	1	0.873250
17.883333	1	0.867125
17.900000	1	0.861250
17.916667	1	0.856125
17.933333	1	0.851375
17.950000	1	0.846625
17.966667	1	0.842000
17.983333	1	0.836500
18.000000	1	0.831625
18.016667	1	0.826125
18.033333	1	0.821250
18.050000	1	0.816750
18.066667	1	0.811375
18.083333	1	0.806875
18.100000	1	0.802750
18.116667	1	0.799250
18.133333	1	0.796250
18.150000	1	0.792750
18.166667	1	0.790875
18.183333	1	0.789250
18.200000	1	0.787250
18.216667	1	0.786500
18.233333	1	0.785375
18.250000	1	0.785000
18.266667	1	0.784250
18.283333	1	0.783250
18.300000	1	0.782500
18.316667	1	0.782500
18.333333	1	0.782875
18.350000	1	0.783125
18.366667	1	0.783875
18.383333	1	0.785500
18.400000	1	0.788125
18.416667	1	0.792375
18.433333	1	0.797000
18.450000	1	0.804125
18.466667	1	0.812625
18.483333	1	0.822875
18.500000	1	0.835375
18.516667	1	0.849500
18.533333	1	0.866125
18.550000	1	0.884375
18.566667	1	0.905125
18.583333	1	0.927750
18.600000	1	0.952750
18.616667	1	0.979000
18.633333	1	1.007000
18.650000	1	1.037125
18.666667	1	1.068625
18.683333	1	1.101125
18.700000	1	1.134625
18.716667	1	1.169625
18.733333	1	1.205000
18.750000	1	1.240875
18.766667	1	1.276375
18.783333	1	1.310625
18.800000	1	1.343250
18.816667	1	1.373250
18.833333	1	1.401375
18.850000	1	1.425625
18.866667	1	1.445500
18.883333	1	1.460500
18.900000	1	1.470250
18.916667	1	1.474375
18.933333	1	1.471750
18.950000	1	1.462375
18.966667	1	1.447125
18.983333	1	1.426000
19.000000	1	1.398375
19.016667	1	1.365750
19.033333	1	1.328875
19.050000	1	1.287500
19.066667	1	1.243750
19.083333	1	1.197750
19.100000	1	1.151375
19.116667	1	1.105750
19.133333	1	1.060375
19.150000	1	1.017250
19.166667	1	0.977125
19.183333	1	0.940000
19.200000	1	0.906500
19.216667	1	0.878250
19.233333	1	0.854250
19.250000	1	0.835625
19.266667	1	0.822375
19.283333	1	0.815625
19.300000	1	0.815250
19.316667	1	0.820125
19.333333	1	0.831625
19.350000	1	0.848000
19.366667	1	0.869750
19.383333	1	0.896000
19.400000	1	0.926125
19.416667	1	0.958625
19.433333	1	0.992625
19.450000	1	1.027750
19.466667	1	1.062875
19.483333	1	1.096375
19.500000	1	1.127875
19.516667	1	1.156875
19.533333	1	1.182250
19.550000	1	1.203750
19.566667	1	1.221000
19.583333	1	1.233375
19.600000	1	1.241375
19.616667	1	1.243750
19.633333	1	1.241875
19.650000	1	1.235000
19.666667	1	1.224000
19.683333	1	1.209375
19.700000	1	1.190250
19.716667	1	1.169000
19.733333	1	1.144500
19.750000	1	1.117875
19.766667	1	1.088875
19.783333	1	1.058625
19.800000	1	1.026750
19.816667	1	0.994000
19.833333	1	0.960625
19.850000	1	0.927750
19.866667	1	0.895375
19.883333	1	0.864375
19.900000	1	0.834625
19.916667	1	0.806625
19.933333	1	0.780750
19.950000	1	0.756875
19.966667	1	0.736625
19.983333	1	0.719000
20.000000	1	0.705875
20.016667	1	0.695875
20.033333	1	0.690875
20.050000	1	0.690750
20.066667	1	0.695625
20.083333	1	0.705750
20.100000	1	0.719875
20.116667	1	0.739000
20.133333	1	0.763000
20.150000	1	0.790625
20.166667	1	0.820750
20.183333	1	0.852000
20.200000	1	0.884250
20.216667	1	0.916500
20.233333	1	0.947500
20.250000	1	0.975250
20.266667	1	0.998750
20.283333	1	1.017500
20.300000	1	1.030375
20.316667	1	1.036625
20.333333	1	1.036250
20.350000	1	1.029750
20.366667	1	1.017000
20.383333	1	0.998125
20.400000	1	0.974625
20.416667	1	0.947875
20.433333	1	0.917750
20.450000	1	0.886125
20.466667	1	0.854375
20.483333	1	0.822500
20.500000	1	0.792250
20.516667	1	0.765750
20.533333	1	0.743375
20.550000	1	0.726250
20.566667	1	0.714750
20.583333	1	0.708875
20.600000	1	0.711625
20.616667	1	0.721750
20.633333	1	0.741625
20.650000	1	0.770875
20.666667	1	0.808875
20.683333	1	0.855875
20.700000	1	0.912125
20.716667	1	0.975625
20.733333	1	1.045625
20.750000	1	1.120125
20.766667	1	1.198125
20.783333	1	1.276625
20.800000	1	1.353125
20.816667	1	1.425750
20.833333	1	1.491250
20.850000	1	1.548125
20.866667	1	1.593500
20.883333	1	1.626625
20.900000	1	1.647375
20.916667	1	1.654125
20.933333	1	1.648125
20.950000	1	1.629500
20.966667	1	1.599625
20.983333	1	1.559000
21.000000	1	1.510250
21.016667	1	1.455125
21.033333	1	1.395750
21.050000	1	1.333750
21.066667	1	1.270000
21.083333	1	1.206875
21.100000	1	1.145250
21.116667	1	1.086500
21.133333	1	1.030250
21.150000	1	0.977500
21.166667	1	0.928500
21.183333	1	0.883750
21.200000	1	0.842250
21.216667	1	0.804875
21.233333	1	0.772375
21.250000	1	0.742375
21.266667	1	0.715250
21.283333	1	0.691000
21.300000	1	0.670250
21.316667	1	0.651625
21.333333	1	0.635000
21.350000	1	0.620750
21.366667	1	0.608125
21.383333	1	0.596625
21.400000	1	0.585500
21.416667	1	0.575750
21.433333	1	0.566875
21.450000	1	0.559500
21.466667	1	0.553375
21.483333	1	0.547500
21.500000	1	0.543000
21.516667	1	0.539000
21.533333	1	0.535625
21.550000	1	0.533375
21.566667	1	0.531750
21.583333	1	0.531500
21.600000	1	0.532750
21.616667	1	0.535000
21.633333	1	0.539250
21.650000	1	0.544625
21.666667	1	0.551875
21.683333	1	0.561875
21.700000	1	0.573125
21.716667	1	0.586750
21.733333	1	0.601500
21.750000	1	0.617875
21.766667	1	0.636250
21.783333	1	0.655875
21.800000	1	0.675625
21.816667	1	0.696125
21.833333	1	0.716125
21.850000	1	0.737000
21.866667	1	0.756750
21.883333	1	0.775000
21.900000	1	0.790500
21.916667	1	0.804750
21.933333	1	0.817125
21.950000	1	0.827375
21.966667	1	0.834750
21.983333	1	0.839750
22.000000	1	0.842000
22.016667	1	0.841750
22.033333	1	0.839000
22.050000	1	0.834625
22.066667	1	0.828125
22.083333	1	0.819000
22.100000	1	0.810125
22.116667	1	0.800125
22.133333	1	0.789250
22.150000	1	0.777500
22.166667	1	0.764500
22.183333	1	0.751375
22.200000	1	0.737000
22.216667	1	0.721875
22.233333	1	0.707125
22.250000	1	0.692375
22.266667	1	0.677000
22.283333	1	0.661500
22.300000	1	0.646375
22.316667	1	0.630500
22.333333	1	0.615125
22.350000	1	0.599750
22.366667	1	0.585000
22.383333	1	0.571000
22.400000	1	0.557250
22.416667	1	0.544500
22.433333	1	0.531750
22.450000	1	0.519875
22.466667	1	0.507875
22.483333	1	0.497625
22.500000	1	0.488625
22.516667	1	0.479875
22.533333	1	0.471625
22.550000	1	0.463875
22.566667	1	0.456375
22.583333	1	0.449250
22.600000	1	0.442750
22.616667	1	0.436500
22.633333	1	0.430000
22.650000	1	0.423750
22.666667	1	0.417750
22.683333	1	0.411125
22.700000	1	0.405000
22.716667	1	0.399500
22.733333	1	0.392750
22.750000	1	0.386500
22.766667	1	0.380750
22.783333	1	0.374500
22.800000	1	0.367875
22.816667	1	0.361750
22.833333	1	0.355250
22.850000	1	0.349500
22.866667	1	0.343875
22.883333	1	0.337875
22.900000	1	0.333125
22.916667	1	0.328500
22.933333	1	0.324875
22.950000	1	0.321125
22.966667	1	0.318375
22.983333	1	0.315250
23.000000	1	0.312875
23.016667	1	0.311125
23.033333	1	0.309750
23.050000	1	0.309375
23.066667	1	0.309875
23.083333	1	0.311000
23.100000	1	0.312250
23.116667	1	0.313125
23.133333	1	0.315000
23.150000	1	0.317000
23.166667	1	0.319750
23.183333	1	0.322250
23.200000	1	0.324750
23.216667	1	0.327000
23.233333	1	0.329250
23.250000	1	0.332125
23.266667	1	0.335625
23.283333	1	0.341000
23.300000	1	0.346000
23.316667	1	0.351750
23.333333	1	0.359625
23.350000	1	0.370500
23.366667	1	0.384500
23.383333	1	0.401250
23.400000	1	0.423625
23.416667	1	0.453125
23.433333	1	0.490750
23.450000	1	0.537000
23.466667	1	0.595125
23.483333	1	0.667125
23.500000	1	0.753625
23.516667	1	0.858000
23.533333	1	0.981125
23.550000	1	1.124375
23.566667	1	1.288750
23.583333	1	1.474125
23.600000	1	1.682000
23.616667	1	1.910125
23.633333	1	2.156875
23.650000	1	2.419750
23.666667	1	2.695125
23.683333	1	2.979500
23.700000	1	3.267375
23.716667	1	3.553000
23.733333	1	3.831375
23.750000	1	4.094750
23.766667	1	4.339125
23.783333	1	4.557125
23.800000	1	4.744375
23.816667	1	4.897500
23.833333	1	5.013000
23.850000	1	5.089375
23.866667	1	5.124750
23.883333	1	5.121250
23.900000	1	5.079125
23.916667	1	5.001500
23.933333	1	4.890750
23.950000	1	4.751500
23.966667	1	4.587625
23.983333	1	4.404000
24.000000	1	4.205125
24.016667	1	3.995625
24.033333	1	3.779500
24.050000	1	3.560250
24.066667	1	3.342250
24.083333	1	3.128000
24.100000	1	2.918750
24.116667	1	2.716750
24.133333	1	2.523500
24.150000	1	2.340000
24.166667	1	2.166750
24.183333	1	2.004000
24.200000	1	1.852625
24.216667	1	1.711375
24.233333	1	1.580375
24.250000	1	1.459125
24.266667	1	1.347750
24.283333	1	1.245250
24.300000	1	1.151625
24.316667	1	1.066875
24.333333	1	0.990000
24.350000	1	0.920500
24.366667	1	0.857500
24.383333	1	0.800625
24.400000	1	0.750625
24.416667	1	0.706000
24.433333	1	0.666625
24.450000	1	0.632375
24.466667	1	0.602625
24.483333	1	0.576625
24.500000	1	0.554000
24.516667	1	0.534750
24.533333	1	0.518250
24.550000	1	0.503875
24.566667	1	0.491750
24.583333	1	0.481500
24.600000	1	0.472375
24.616667	1	0.465000
24.633333	1	0.457500
24.650000	1	0.450500
24.666667	1	0.444750
24.683333	1	0.439375
24.700000	1	0.434250
24.716667	1	0.429375
24.733333	1	0.424375
24.750000	1	0.419875
24.766667	1	0.414750
24.783333	1	0.410250
24.800000	1	0.405625
24.816667	1	0.401250
24.833333	1	0.397125
24.850000	1	0.392375
24.866667	1	0.388250
24.883333	1	0.384500
24.900000	1	0.380500
24.916667	1	0.376750
24.933333	1	0.373250
24.950000	1	0.369750
24.966667	1	0.366875
24.983333	1	0.363375
25.000000	1	0.360500
25.016667	1	0.357750
25.033333	1	0.354375
25.050000	1	0.351875
25.066667	1	0.349500
25.083333	1	0.347125
25.100000	1	0.344500
25.116667	1	0.342500
25.133333	1	0.340125
25.150000	1	0.337375
25.166667	1	0.334625
25.183333	1	0.332500
25.200000	1	0.330000
25.216667	1	0.327875
25.233333	1	0.325625
25.250000	1	0.323125
25.266667	1	0.320375
25.283333	1	0.318375
25.300000	1	0.316750
25.316667	1	0.315125
25.333333	1	0.313000
25.350000	1	0.311500
25.366667	1	0.310375
25.383333	1	0.309375
25.400000	1	0.308375
25.416667	1	0.308000
25.433333	1	0.307875
25.450000	1	0.308500
25.466667	1	0.309000
25.483333	1	0.310125
25.500000	1	0.310750
25.516667	1	0.312375
25.533333	1	0.314000
25.550000	1	0.315500
25.566667	1	0.317625
25.583333	1	0.318625
25.600000	1	0.320625
25.616667	1	0.322500
25.633333	1	0.323875
25.650000	1	0.325750
25.666667	1	0.327000
25.683333	1	0.328250
25.700000	1	0.329875
25.716667	1	0.330875
25.733333	1	0.331875
25.750000	1	0.333000
25.766667	1	0.333500
25.783333	1	0.333375
25.800000	1	0.333500
25.816667	1	0.333125
25.833333	1	0.332750
25.850000	1	0.332250
25.866667	1	0.331750
25.883333	1	0.332125
25.900000	1	0.332000
25.916667	1	0.332000
25.933333	1	0.331500
25.950000	1	0.332500
25.966667	1	0.332625
25.983333	1	0.333875
26.000000	1	0.334250
26.016667	1	0.336250
26.033333	1	0.337250
26.050000	1	0.339000
26.066667	1	0.341625
26.083333	1	0.344750
26.100000	1	0.347750
26.116667	1	0.350875
26.133333	1	0.354125
26.150000	1	0.358000
26.166667	1	0.361750
26.183333	1	0.365750
26.200000	1	0.370375
26.216667	1	0.374250
26.233333	1	0.378625
26.250000	1	0.382750
26.266667	1	0.386750
26.283333	1	0.390750
26.300000	1	0.394875
26.316667	1	0.397875
26.333333	1	0.400500
26.350000	1	0.403125
26.366667	1	0.405500
26.383333	1	0.407250
26.400000	1	0.408375
26.416667	1	0.408875
26.433333	1	0.408500
26.450000	1	0.408125
26.466667	1	0.407500
26.483333	1	0.406125
26.500000	1	0.404125
26.516667	1	0.401500
26.533333	1	0.398750
26.550000	1	0.395625
26.566667	1	0.391250
26.583333	1	0.387625
26.600000	1	0.382500
26.616667	1	0.377875
26.633333	1	0.372625
26.650000	1	0.367625
26.666667	1	0.362125
26.683333	1	0.356875
26.700000	1	0.350875
26.716667	1	0.345625
26.733333	1	0.339750
26.750000	1	0.335000
26.766667	1	0.329500
26.783333	1	0.324375
26.800000	1	0.319375
26.816667	1	0.314875
26.833333	1	0.310500
26.850000	1	0.306000
26.866667	1	0.301750
26.883333	1	0.298375
26.900000	1	0.295500
26.916667	1	0.292875
26.933333	1	0.289625
26.950000	1	0.287750
26.966667	1	0.285750
26.983333	1	0.283625
27.000000	1	0.282250
27.016667	1	0.281875
27.033333	1	0.281875
27.050000	1	0.281500
27.066667	1	0.282625
27.083333	1	0.283625
27.100000	1	0.285375
27.116667	1	0.287375
27.133333	1	0.290250
27.150000	1	0.293125
27.166667	1	0.297250
27.183333	1	0.302625
27.200000	1	0.308750
27.216667	1	0.315750
27.233333	1	0.324250
27.250000	1	0.334500
27.266667	1	0.346625
27.283333	1	0.360750
27.300000	1	0.377750
27.316667	1	0.398000
27.333333	1	0.422625
27.350000	1	0.451625
27.366667	1	0.485000
27.383333	1	0.524375
27.400000	1	0.570375
27.416667	1	0.623625
27.433333	1	0.686250
27.450000	1	0.757125
27.466667	1	0.837500
27.483333	1	0.928750
27.500000	1	1.031250
27.516667	1	1.144625
27.533333	1	1.269625
27.550000	1	1.406625
27.566667	1	1.554125
27.583333	1	1.713250
27.600000	1	1.882000
27.616667	1	2.059375
27.633333	1	2.244250
27.650000	1	2.435000
27.666667	1	2.630250
27.683333	1	2.825875
27.700000	1	3.020875
27.716667	1	3.211375
27.733333	1	3.395125
27.750000	1	3.567750
27.766667	1	3.728125
27.783333	1	3.872375
27.800000	1	3.999000
27.816667	1	4.104250
27.833333	1	4.187750
27.850000	1	4.248750
27.866667	1	4.284625
27.883333	1	4.295250
27.900000	1	4.280875
27.916667	1	4.241500
27.933333	1	4.178375
27.950000	1	4.093250
27.966667	1	3.988625
27.983333	1	3.866625
28.000000	1	3.728625
28.016667	1	3.578500
28.033333	1	3.418000
28.050000	1	3.250500
28.066667	1	3.078875
28.083333	1	2.904375
28.100000	1	2.729250
28.116667	1	2.556875
28.133333	1	2.388000
28.150000	1	2.224750
28.166667	1	2.068250
28.183333	1	1.919000
28.200000	1	1.778500
28.216667	1	1.645625
28.233333	1	1.521000
28.250000	1	1.405500
28.266667	1	1.298125
28.283333	1	1.199000
28.300000	1	1.108500
28.316667	1	1.025500
28.333333	1	0.951000
28.350000	1	0.882875
28.366667	1	0.821250
28.383333	1	0.766500
28.400000	1	0.717375
28.416667	1	0.674500
28.433333	1	0.637000
28.450000	1	0.603500
28.466667	1	0.575250
28.483333	1	0.550875
28.500000	1	0.530625
28.516667	1	0.514375
28.533333	1	0.500750
28.550000	1	0.490250
28.566667	1	0.482125
28.583333	1	0.477500
28.600000	1	0.475875
28.616667	1	0.476125
28.633333	1	0.477250
28.650000	1	0.481250
28.666667	1	0.486250
28.683333	1	0.492375
28.700000	1	0.498750
28.716667	1	0.506750
28.733333	1	0.515250
28.750000	1	0.524625
28.766667	1	0.533125
28.783333	1	0.542500
28.800000	1	0.551625
28.816667	1	0.560375
28.833333	1	0.569000
28.850000	1	0.576375
28.866667	1	0.583625
28.883333	1	0.590750
28.900000	1	0.595750
28.916667	1	0.600375
28.933333	1	0.603250
28.950000	1	0.605750
28.966667	1	0.606750
28.983333	1	0.606875
29.000000	1	0.604875
29.016667	1	0.600875
29.033333	1	0.595500
29.050000	1	0.588875
29.066667	1	0.579875
29.083333	1	0.569875
29.100000	1	0.558125
29.116667	1	0.543875
29.133333	1	0.528125
29.150000	1	0.509500
29.166667	1	0.489750
29.183333	1	0.467500
29.200000	1	0.443750
29.216667	1	0.417000
29.233333	1	0.388125
29.250000	1	0.356500
29.266667	1	0.322625
29.283333	1	0.285875
29.300000	1	0.247500
29.316667	1	0.206500
29.333333	1	0.163125
29.350000	1	0.117500
29.366667	1	0.070375
29.383333	1	0.021375
29.400000	1	-0.030625
29.416667	1	-0.083125
29.433333	1	-0.137625
29.450000	1	-0.192625
29.466667	1	-0.249875
29.483333	1	-0.306750
29.500000	1	-0.363250
29.516667	1	-0.420375
29.533333	1	-0.476250
29.550000	1	-0.530625
29.566667	1	-0.583250
29.583333	1	-0.633750
29.600000	1	-0.682375
29.616667	1	-0.727000
29.633333	1	-0.768500
29.650000	1	-0.806375
29.666667	1	-0.839750
29.683333	1	-0.868500
29.700000	1	-0.892500
29.716667	1	-0.912125
29.733333	1	-0.926125
29.750000	1	-0.936500
29.766667	1	-0.940250
29.783333	1	-0.940125
29.800000	1	-0.934250
29.816667	1	-0.924250
29.833333	1	-0.909875
29.850000	1	-0.891375
29.866667	1	-0.869125
29.883333	1	-0.843625
29.900000	1	-0.815250
29.916667	1	-0.784875
29.933333	1	-0.750750
29.950000	1	-0.715500
29.966667	1	-0.678875
29.983333	1	-0.640875
30.000000	1	-0.602500
30.016667	1	-0.563625
30.033333	1	-0.524125
30.050000	1	-0.485500
30.066667	1	-0.447125
30.083333	1	-0.409500
30.100000	1	-0.373250
30.116667	1	-0.337875
30.133333	1	-0.304125
30.150000	1	-0.272000
30.166667	1	-0.241875
30.183333	1	-0.211875
30.200000	1	-0.184000
30.216667	1	-0.157000
30.233333	1	-0.131750
30.250000	1	-0.108500
30.266667	1	-0.086375
30.283333	1	-0.066250
30.300000	1	-0.047750
30.316667	1	-0.030750
30.333333	1	-0.014500
30.350000	1	0.000375
30.366667	1	0.013500
30.383333	1	0.025250
30.400000	1	0.037125
30.416667	1	0.047500
30.433333	1	0.057500
30.450000	1	0.066500
30.466667	1	0.075125
30.483333	1	0.082875
30.500000	1	0.090750
30.516667	1	0.098000
30.533333	1	0.104500
30.550000	1	0.111125
30.566667	1	0.117250
30.583333	1	0.123375
30.600000	1	0.129250
30.616667	1	0.135125
30.633333	1	0.141750
30.650000	1	0.148000
30.666667	1	0.154375
30.683333	1	0.161125
30.700000	1	0.168375
30.716667	1	0.175000
30.733333	1	0.181875
30.750000	1	0.189625
30.766667	1	0.197625
30.783333	1	0.206625
30.800000	1	0.214500
30.816667	1	0.223500
30.833333	1	0.233125
30.850000	1	0.243500
30.866667	1	0.254500
30.883333	1	0.265875
30.900000	1	0.278500
30.916667	1	0.292375
30.933333	1	0.307500
30.950000	1	0.323875
30.966667	1	0.343250
30.983333	1	0.364875
31.000000	1	0.389125
31.016667	1	0.416625
31.033333	1	0.448250
31.050000	1	0.483625
31.066667	1	0.524625
31.083333	1	0.571875
31.100000	1	0.625750
31.116667	1	0.687000
31.133333	1	0.756250
31.150000	1	0.834000
31.166667	1	0.922125
31.183333	1	1.019875
31.200000	1	1.129375
31.216667	1	1.250250
31.233333	1	1.384000
31.250000	1	1.530250
31.266667	1	1.687625
31.283333	1	1.856750
31.300000	1	2.037375
31.316667	1	2.228750
31.333333	1	2.429250
31.350000	1	2.636875
31.366667	1	2.851375
31.383333	1	3.071000
31.400000	1	3.293625
31.416667	1	3.515500
31.433333	1	3.736125
31.450000	1	3.951500
31.466667	1	4.159625
31.483333	1	4.357500
31.500000	1	4.542125
31.516667	1	4.711250
31.533333	1	4.862875
31.550000	1	4.996125
31.566667	1	5.108125
31.583333	1	5.198625
31.600000	1	5.266125
31.616667	1	5.310000
31.633333	1	5.329125
31.650000	1	5.325375
31.666667	1	5.298125
31.683333	1	5.247875
31.700000	1	5.176750
31.716667	1	5.086250
31.733333	1	4.977625
31.750000	1	4.853125
31.766667	1	4.715000
31.783333	1	4.564000
31.800000	1	4.403125
31.816667	1	4.233625
31.833333	1	4.058125
31.850000	1	3.877625
31.866667	1	3.694375
31.883333	1	3.509750
31.900000	1	3.326500
31.916667	1	3.145125
31.933333	1	2.967375
31.950000	1	2.793375
31.966667	1	2.624625
31.983333	1	2.460375
32.000000	1	2.302250
32.016667	1	2.150625
32.033333	1	2.006000
32.050000	1	1.868250
32.066667	1	1.737250
32.083333	1	1.613500
32.100000	1	1.496375
32.116667	1	1.386250
32.133333	1	1.282625
32.150000	1	1.185250
32.166667	1	1.094375
32.183333	1	1.008125
32.200000	1	0.928125
32.216667	1	0.852500
32.233333	1	0.782000
32.250000	1	0.716875
32.266667	1	0.656375
32.283333	1	0.600000
32.300000	1	0.548125
32.316667	1	0.499500
32.333333	1	0.455750
32.350000	1	0.413750
32.366667	1	0.375500
32.383333	1	0.340750
32.400000	1	0.308375
32.416667	1	0.277875
32.433333	1	0.250875
32.450000	1	0.226375
32.466667	1	0.203250
32.483333	1	0.181750
32.500000	1	0.162625
32.516667	1	0.144875
32.533333	1	0.128625
32.550000	1	0.114375
32.566667	1	0.101750
32.583333	1	0.090250
32.600000	1	0.079500
32.616667	1	0.070500
32.633333	1	0.061500
32.650000	1	0.052750
32.666667	1	0.045750
32.683333	1	0.039625
32.700000	1	0.034500
32.716667	1	0.030000
32.733333	1	0.025500
32.750000	1	0.022500
32.766667	1	0.019125
32.783333	1	0.017500
32.800000	1	0.015625
32.816667	1	0.014750
32.833333	1	0.013500
32.850000	1	0.013125
32.866667	1	0.012750
32.883333	1	0.013125
32.900000	1	0.013500
32.916667	1	0.014000
32.933333	1	0.013750
32.950000	1	0.015125
32.966667	1	0.016375
32.983333	1	0.017250
33.000000	1	0.018875
33.016667	1	0.020125
33.033333	1	0.021875
33.050000	1	0.023500
33.066667	1	0.025875
33.083333	1	0.027750
33.100000	1	0.030250
33.116667	1	0.032250
33.133333	1	0.035000
33.150000	1	0.037000
33.166667	1	0.039625
33.183333	1	0.041625
33.200000	1	0.044000
33.216667	1	0.046500
33.233333	1	0.049000
33.250000	1	0.050750
33.266667	1	0.052000
33.283333	1	0.054875
33.300000	1	0.056250
33.316667	1	0.057625
33.333333	1	0.059375
33.350000	1	0.061750
33.366667	1	0.062750
33.383333	1	0.064000
33.400000	1	0.065000
33.416667	1	0.066750
33.433333	1	0.068125
33.450000	1	0.069375
33.466667	1	0.070625
33.483333	1	0.071500
33.500000	1	0.071625
33.516667	1	0.072375
33.533333	1	0.073125
33.550000	1	0.074250
33.566667	1	0.075250
33.583333	1	0.077000
33.600000	1	0.077625
33.616667	1	0.078375
33.633333	1	0.079125
33.650000	1	0.080250
33.666667	1	0.081500
33.683333	1	0.082000
33.700000	1	0.083125
33.716667	1	0.084000
33.733333	1	0.085000
33.750000	1	0.086375
33.766667	1	0.087500
33.783333	1	0.088625
33.800000	1	0.090000
33.816667	1	0.091125
33.833333	1	0.092375
33.850000	1	0.093250
33.866667	1	0.094625
33.883333	1	0.095750
33.900000	1	0.096625
33.916667	1	0.097750
33.933333	1	0.098875
33.950000	1	0.099500
33.966667	1	0.100000
33.983333	1	0.100625
34.000000	1	0.102375
34.016667	1	0.103375
34.033333	1	0.103750
34.050000	1	0.104000
34.066667	1	0.104750
34.083333	1	0.104875
34.100000	1	0.105000
34.116667	1	0.105250
34.133333	1	0.105250
34.150000	1	0.106000
34.166667	1	0.106250
34.183333	1	0.106375
34.200000	1	0.105750
34.216667	1	0.105500
34.233333	1	0.105125
34.250000	1	0.105250
34.266667	1	0.104750
34.283333	1	0.104125
34.300000	1	0.103500
34.316667	1	0.103750
34.333333	1	0.103625
34.350000	1	0.103500
34.366667	1	0.103125
34.383333	1	0.103000
34.400000	1	0.102625
34.416667	1	0.102875
34.433333	1	0.103250
34.450000	1	0.103750
34.466667	1	0.103500
34.483333	1	0.104625
34.500000	1	0.105375
34.516667	1	0.106375
34.533333	1	0.107250
34.550000	1	0.109250
34.566667	1	0.111125
34.583333	1	0.112125
34.600000	1	0.113875
34.616667	1	0.115500
34.633333	1	0.117625
34.650000	1	0.119125
34.666667	1	0.121500
34.683333	1	0.123500
34.700000	1	0.126125
34.716667	1	0.127625
34.733333	1	0.130250
34.750000	1	0.132125
34.766667	1	0.133875
34.783333	1	0.135500
34.800000	1	0.137250
34.816667	1	0.139250
34.833333	1	0.140500
34.850000	1	0.142125
34.866667	1	0.143000
34.883333	1	0.143250
34.900000	1	0.143625
34.916667	1	0.143250
34.933333	1	0.143625
34.950000	1	0.143250
34.966667	1	0.142750
34.983333	1	0.142125
35.000000	1	0.140750
35.016667	1	0.139750
35.033333	1	0.138375
35.050000	1	0.137000
35.066667	1	0.135750
35.083333	1	0.133500
35.100000	1	0.132375
35.116667	1	0.130750
35.133333	1	0.129000
35.150000	1	0.127125
35.166667	1	0.124875
35.183333	1	0.122750
35.200000	1	0.120625
35.216667	1	0.118250
35.233333	1	0.116750
35.250000	1	0.114750
35.266667	1	0.113500
35.283333	1	0.112000
35.300000	1	0.110500
35.316667	1	0.109750
35.333333	1	0.109125
35.350000	1	0.109125
35.366667	1	0.108625
35.383333	1	0.108000
35.400000	1	0.108250
35.416667	1	0.108500
35.433333	1	0.109500
35.450000	1	0.110125
35.466667	1	0.111625
35.483333	1	0.113000
35.500000	1	0.114375
35.516667	1	0.116375
35.533333	1	0.119125
35.550000	1	0.120875
35.566667	1	0.123875
35.583333	1	0.127375
35.600000	1	0.130375
35.616667	1	0.133625
35.633333	1	0.136250
35.650000	1	0.140000
35.666667	1	0.142625
35.683333	1	0.145000
35.700000	1	0.147875
35.716667	1	0.151375
35.733333	1	0.154000
35.750000	1	0.156125
35.766667	1	0.158375
35.783333	1	0.160750
35.800000	1	0.162500
35.816667	1	0.163500
35.833333	1	0.164375
35.850000	1	0.165000
35.866667	1	0.164875
35.883333	1	0.164875
35.900000	1	0.165125
35.916667	1	0.164000
35.933333	1	0.163500
35.950000	1	0.162375
35.966667	1	0.161000
35.983333	1	0.159125
36.000000	1	0.157125
36.016667	1	0.153875
36.033333	1	0.151000
36.050000	1	0.147875
36.066667	1	0.145125
36.083333	1	0.142250
36.100000	1	0.138750
36.116667	1	0.135750
36.133333	1	0.132500
36.150000	1	0.129750
36.166667	1	0.127375
36.183333	1	0.125375
36.200000	1	0.123500
36.216667	1	0.121125
36.233333	1	0.118500
36.250000	1	0.116750
36.266667	1	0.115750
36.283333	1	0.114500
36.300000	1	0.113250
36.316667	1	0.113000
36.333333	1	0.113125
36.350000	1	0.113875
36.366667	1	0.113875
36.383333	1	0.114375
36.400000	1	0.115125
36.416667	1	0.116500
36.433333	1	0.117750
36.450000	1	0.119125
36.466667	1	0.120125
36.483333	1	0.121375
36.500000	1	0.123000
36.516667	1	0.125000
36.533333	1	0.126750
36.550000	1	0.128000
36.566667	1	0.129000
36.583333	1	0.129750
36.600000	1	0.130875
36.616667	1	0.131125
36.633333	1	0.131500
36.650000	1	0.131500
36.666667	1	0.132250
36.683333	1	0.131625
36.700000	1	0.131250
36.716667	1	0.130875
36.733333	1	0.130500
36.750000	1	0.129750
36.766667	1	0.129250
36.783333	1	0.128125
36.800000	1	0.127000
36.816667	1	0.125625
36.833333	1	0.124750
36.850000	1	0.122875
36.866667	1	0.121250
36.883333	1	0.119750
36.900000	1	0.118375
36.916667	1	0.117000
36.933333	1	0.116250
36.950000	1	0.115250
36.966667	1	0.113750
36.983333	1	0.112250
37.000000	1	0.110500
37.016667	1	0.109000
37.033333	1	0.107125
37.050000	1	0.106000
37.066667	1	0.104500
37.083333	1	0.103375
37.100000	1	0.101500
37.116667	1	0.100125
37.133333	1	0.098750
37.150000	1	0.097625
37.166667	1	0.096000
37.183333	1	0.094500
37.200000	1	0.092750
37.216667	1	0.092000
37.233333	1	0.090250
37.250000	1	0.089125
37.266667	1	0.088125
37.283333	1	0.087000
37.300000	1	0.085250
37.316667	1	0.084625
37.333333	1	0.083625
37.350000	1	0.081625
37.366667	1	0.080125
37.383333	1	0.078750
37.400000	1	0.077125
37.416667	1	0.075375
37.433333	1	0.074250
37.450000	1	0.072875
37.466667	1	0.071375
37.483333	1	0.070125
37.500000	1	0.068250
37.516667	1	0.066875
37.533333	1	0.065750
37.550000	1	0.064250
37.566667	1	0.062750
37.583333	1	0.061125
37.600000	1	0.059750
37.616667	1	0.057625
37.633333	1	0.056250
37.650000	1	0.054625
37.666667	1	0.052750
37.683333	1	0.050625
37.700000	1	0.049125
37.716667	1	0.047375
37.733333	1	0.045250
37.750000	1	0.044000
37.766667	1	0.041500
37.783333	1	0.040125
37.800000	1	0.037625
37.816667	1	0.035875
37.833333	1	0.033250
37.850000	1	0.031375
37.866667	1	0.029125
37.883333	1	0.027375
37.900000	1	0.025625
37.916667	1	0.023875
37.933333	1	0.022000
37.950000	1	0.020500
37.966667	1	0.018750
37.983333	1	0.016875
38.000000	1	0.015250
38.016667	1	0.013500
38.033333	1	0.012750
38.050000	1	0.012125
38.066667	1	0.011375
38.083333	1	0.011625
38.100000	1	0.011875
38.116667	1	0.011250
38.133333	1	0.011625
38.150000	1	0.011500
38.166667	1	0.012125
38.183333	1	0.012500
38.200000	1	0.013750
38.216667	1	0.014500
38.233333	1	0.015875
38.250000	1	0.017625
38.266667	1	0.019250
38.283333	1	0.021125
38.300000	1	0.023375
38.316667	1	0.025375
38.333333	1	0.028125
38.350000	1	0.030625
38.366667	1	0.032375
38.383333	1	0.035500
38.400000	1	0.038250
38.416667	1	0.040375
38.433333	1	0.042500
38.450000	1	0.045125
38.466667	1	0.047750
38.483333	1	0.050125
38.500000	1	0.052500
38.516667	1	0.054625
38.533333	1	0.056750
38.550000	1	0.058875
38.566667	1	0.060750
38.583333	1	0.062250
38.600000	1	0.063500
38.616667	1	0.064500
38.633333	1	0.065000
38.650000	1	0.066125
38.666667	1	0.066625
38.683333	1	0.067250
38.700000	1	0.067750
38.716667	1	0.068125
38.733333	1	0.068375
38.750000	1	0.069000
38.766667	1	0.068875
38.783333	1	0.068375
38.800000	1	0.067875
38.816667	1	0.067375
38.833333	1	0.067375
38.850000	1	0.066375
38.866667	1	0.065875
38.883333	1	0.065000
38.900000	1	0.064375
38.916667	1	0.064000
38.933333	1	0.061750
38.950000	1	0.060000
38.966667	1	0.058750
38.983333	1	0.057625
39.000000	1	0.056000
39.016667	1	0.054375
39.033333	1	0.053000
39.050000	1	0.050875
39.066667	1	0.049500
39.083333	1	0.048375
39.100000	1	0.047125
39.116667	1	0.045125
39.133333	1	0.044000
39.150000	1	0.042125
39.166667	1	0.040500
39.183333	1	0.038125
39.200000	1	0.036250
39.216667	1	0.035125
39.233333	1	0.034375
39.250000	1	0.033125
39.266667	1	0.031750
39.283333	1	0.030625
39.300000	1	0.029500
39.316667	1	0.027750
39.333333	1	0.027250
39.350000	1	0.026625
39.366667	1	0.026250
39.383333	1	0.026000
39.400000	1	0.025875
39.416667	1	0.026000
39.433333	1	0.026125
39.450000	1	0.025750
39.466667	1	0.026250
39.483333	1	0.026000
39.500000	1	0.026250
39.516667	1	0.026875
39.533333	1	0.027375
39.550000	1	0.027625
39.566667	1	0.027375
39.583333	1	0.027875
39.600000	1	0.028500
39.616667	1	0.028750
39.633333	1	0.029875
39.650000	1	0.030625
39.666667	1	0.031375
39.683333	1	0.032375
39.700000	1	0.034125
39.716667	1	0.034750
39.733333	1	0.035750
39.750000	1	0.036500
39.766667	1	0.037375
39.783333	1	0.037750
39.800000	1	0.038375
39.816667	1	0.039750
39.833333	1	0.040500
39.850000	1	0.041375
39.866667	1	0.042250
39.883333	1	0.042875
39.900000	1	0.043625
39.916667	1	0.044750
39.933333	1	0.044375
39.950000	1	0.044125
39.966667	1	0.043750
39.983333	1	0.043500
40.000000	1	0.043125
