URL	chrom://7040-86g6c92/XVault/Ultimate_3000/20/20240517_CMO_FP23_FP25_MarkusDeplate.seq/437.smp/RI_1.channel/RI_1.chm
Channel	RI_1

Injection Information:
Data Vault	XVault
Sequence	20240517_CMO_FP23_FP25_MarkusDeplate
Name	FP25_24.2_s2
Number	59
Position	BE11
Comment	
Processing Method	
Instrument Method	run_25B_method
Type	Unknown
Status	Finished
Inject Time	29.05.2024 09:38:45 +02:00
Volume (µl)	20.0000
Dilution Factor	1.0000
Weight	1.0000

Chromatogram Data Information:
Time Min. (min)	0.000000
Time Max. (min)	40.000000
Data Points	2401
Detector	RI
Generating Data System	Chromeleon 7.3.2.11814
Exporting Data System	Chromeleon 7.3.2.0
Operator	Instrument Controller
Signal Quantity	Refractive 
Signal Unit	µRIU
Signal Min.	-0.921375
Signal Max.	64.257500
Channel	RI_1
Driver Name	RID520Driver.dll
Channel Type	Evaluation
Min. Step (s)	1
Max. Step (s)	1
Average Step (s)	1

Signal Parameter Information:
Signal Info	

Chromatogram Data:
Time (min)	Step (s)	Value (µRIU)
0.000000	n.a.	-0.035125
0.016667	1	-0.036375
0.033333	1	-0.036000
0.050000	1	-0.034875
0.066667	1	-0.034375
0.083333	1	-0.033875
0.100000	1	-0.033750
0.116667	1	-0.033125
0.133333	1	-0.031750
0.150000	1	-0.030375
0.166667	1	-0.030125
0.183333	1	-0.029625
0.200000	1	-0.028875
0.216667	1	-0.027875
0.233333	1	-0.026625
0.250000	1	-0.025250
0.266667	1	-0.024000
0.283333	1	-0.022375
0.300000	1	-0.021250
0.316667	1	-0.020000
0.333333	1	-0.018625
0.350000	1	-0.018000
0.366667	1	-0.017875
0.383333	1	-0.017125
0.400000	1	-0.016625
0.416667	1	-0.015375
0.433333	1	-0.013375
0.450000	1	-0.010375
0.466667	1	-0.007250
0.483333	1	-0.004250
0.500000	1	-0.001625
0.516667	1	0.000000
0.533333	1	0.001125
0.550000	1	0.002000
0.566667	1	0.001750
0.583333	1	0.000625
0.600000	1	-0.001000
0.616667	1	-0.002500
0.633333	1	-0.004000
0.650000	1	-0.005000
0.666667	1	-0.005125
0.683333	1	-0.005375
0.700000	1	-0.005625
0.716667	1	-0.006625
0.733333	1	-0.005625
0.750000	1	-0.005625
0.766667	1	-0.006375
0.783333	1	-0.006875
0.800000	1	-0.006750
0.816667	1	-0.007250
0.833333	1	-0.007125
0.850000	1	-0.007625
0.866667	1	-0.008125
0.883333	1	-0.009250
0.900000	1	-0.010375
0.916667	1	-0.010375
0.933333	1	-0.011375
0.950000	1	-0.012125
0.966667	1	-0.012625
0.983333	1	-0.013625
1.000000	1	-0.014500
1.016667	1	-0.015500
1.033333	1	-0.016375
1.050000	1	-0.016875
1.066667	1	-0.017500
1.083333	1	-0.018375
1.100000	1	-0.019000
1.116667	1	-0.019500
1.133333	1	-0.020500
1.150000	1	-0.021125
1.166667	1	-0.021875
1.183333	1	-0.022375
1.200000	1	-0.023250
1.216667	1	-0.023875
1.233333	1	-0.025000
1.250000	1	-0.025375
1.266667	1	-0.026375
1.283333	1	-0.025875
1.300000	1	-0.026250
1.316667	1	-0.026875
1.333333	1	-0.027500
1.350000	1	-0.028000
1.366667	1	-0.028500
1.383333	1	-0.029500
1.400000	1	-0.029750
1.416667	1	-0.030125
1.433333	1	-0.030125
1.450000	1	-0.031000
1.466667	1	-0.031000
1.483333	1	-0.030750
1.500000	1	-0.030750
1.516667	1	-0.031125
1.533333	1	-0.031250
1.550000	1	-0.030375
1.566667	1	-0.030625
1.583333	1	-0.030375
1.600000	1	-0.030125
1.616667	1	-0.029875
1.633333	1	-0.029250
1.650000	1	-0.028875
1.666667	1	-0.027625
1.683333	1	-0.027250
1.700000	1	-0.026750
1.716667	1	-0.026625
1.733333	1	-0.025875
1.750000	1	-0.025000
1.766667	1	-0.024125
1.783333	1	-0.023000
1.800000	1	-0.022125
1.816667	1	-0.021500
1.833333	1	-0.020625
1.850000	1	-0.019625
1.866667	1	-0.018500
1.883333	1	-0.017250
1.900000	1	-0.016875
1.916667	1	-0.016250
1.933333	1	-0.015875
1.950000	1	-0.015250
1.966667	1	-0.015125
1.983333	1	-0.014750
2.000000	1	-0.014375
2.016667	1	-0.014000
2.033333	1	-0.014375
2.050000	1	-0.014750
2.066667	1	-0.015000
2.083333	1	-0.015375
2.100000	1	-0.015625
2.116667	1	-0.016375
2.133333	1	-0.017000
2.150000	1	-0.018125
2.166667	1	-0.019500
2.183333	1	-0.021000
2.200000	1	-0.022000
2.216667	1	-0.024000
2.233333	1	-0.025375
2.250000	1	-0.027375
2.266667	1	-0.029875
2.283333	1	-0.033125
2.300000	1	-0.035750
2.316667	1	-0.038750
2.333333	1	-0.042500
2.350000	1	-0.045500
2.366667	1	-0.048375
2.383333	1	-0.051750
2.400000	1	-0.055875
2.416667	1	-0.059625
2.433333	1	-0.063000
2.450000	1	-0.066875
2.466667	1	-0.070625
2.483333	1	-0.074500
2.500000	1	-0.078250
2.516667	1	-0.082250
2.533333	1	-0.086750
2.550000	1	-0.091500
2.566667	1	-0.095875
2.583333	1	-0.099125
2.600000	1	-0.102375
2.616667	1	-0.105500
2.633333	1	-0.108875
2.650000	1	-0.112125
2.666667	1	-0.114625
2.683333	1	-0.117375
2.700000	1	-0.120125
2.716667	1	-0.123125
2.733333	1	-0.124625
2.750000	1	-0.126375
2.766667	1	-0.127750
2.783333	1	-0.129250
2.800000	1	-0.129750
2.816667	1	-0.131375
2.833333	1	-0.131875
2.850000	1	-0.132750
2.866667	1	-0.133250
2.883333	1	-0.134250
2.900000	1	-0.134625
2.916667	1	-0.134375
2.933333	1	-0.133875
2.950000	1	-0.133500
2.966667	1	-0.133125
2.983333	1	-0.132500
3.000000	1	-0.131625
3.016667	1	-0.131125
3.033333	1	-0.129000
3.050000	1	-0.128500
3.066667	1	-0.127500
3.083333	1	-0.126250
3.100000	1	-0.125125
3.116667	1	-0.123875
3.133333	1	-0.122125
3.150000	1	-0.120500
3.166667	1	-0.118875
3.183333	1	-0.117125
3.200000	1	-0.115875
3.216667	1	-0.113625
3.233333	1	-0.110750
3.250000	1	-0.108125
3.266667	1	-0.105625
3.283333	1	-0.103375
3.300000	1	-0.100750
3.316667	1	-0.097625
3.333333	1	-0.094500
3.350000	1	-0.090875
3.366667	1	-0.087500
3.383333	1	-0.084000
3.400000	1	-0.080000
3.416667	1	-0.076375
3.433333	1	-0.072750
3.450000	1	-0.068750
3.466667	1	-0.064375
3.483333	1	-0.060625
3.500000	1	-0.057375
3.516667	1	-0.053750
3.533333	1	-0.050125
3.550000	1	-0.046625
3.566667	1	-0.043375
3.583333	1	-0.039750
3.600000	1	-0.036375
3.616667	1	-0.033625
3.633333	1	-0.031125
3.650000	1	-0.029250
3.666667	1	-0.027625
3.683333	1	-0.026125
3.700000	1	-0.025125
3.716667	1	-0.023750
3.733333	1	-0.022625
3.750000	1	-0.021750
3.766667	1	-0.021125
3.783333	1	-0.020750
3.800000	1	-0.020000
3.816667	1	-0.019375
3.833333	1	-0.018875
3.850000	1	-0.018625
3.866667	1	-0.018375
3.883333	1	-0.017875
3.900000	1	-0.017625
3.916667	1	-0.017125
3.933333	1	-0.016625
3.950000	1	-0.016375
3.966667	1	-0.016375
3.983333	1	-0.015750
4.000000	1	-0.015000
4.016667	1	-0.014250
4.033333	1	-0.013125
4.050000	1	-0.012125
4.066667	1	-0.011125
4.083333	1	-0.010250
4.100000	1	-0.009250
4.116667	1	-0.007875
4.133333	1	-0.006750
4.150000	1	-0.005875
4.166667	1	-0.004375
4.183333	1	-0.003125
4.200000	1	-0.001750
4.216667	1	0.000375
4.233333	1	0.002375
4.250000	1	0.004125
4.266667	1	0.006000
4.283333	1	0.007500
4.300000	1	0.008875
4.316667	1	0.010375
4.333333	1	0.011625
4.350000	1	0.013250
4.366667	1	0.014625
4.383333	1	0.015000
4.400000	1	0.015625
4.416667	1	0.016500
4.433333	1	0.017625
4.450000	1	0.018000
4.466667	1	0.017875
4.483333	1	0.017625
4.500000	1	0.017250
4.516667	1	0.017375
4.533333	1	0.016875
4.550000	1	0.017000
4.566667	1	0.016875
4.583333	1	0.016125
4.600000	1	0.015250
4.616667	1	0.015125
4.633333	1	0.014125
4.650000	1	0.013125
4.666667	1	0.012000
4.683333	1	0.011125
4.700000	1	0.010500
4.716667	1	0.010000
4.733333	1	0.009375
4.750000	1	0.008750
4.766667	1	0.007750
4.783333	1	0.007125
4.800000	1	0.006375
4.816667	1	0.005750
4.833333	1	0.005375
4.850000	1	0.004375
4.866667	1	0.004750
4.883333	1	0.004875
4.900000	1	0.005625
4.916667	1	0.005875
4.933333	1	0.006125
4.950000	1	0.006375
4.966667	1	0.007000
4.983333	1	0.007750
5.000000	1	0.009000
5.016667	1	0.009625
5.033333	1	0.011375
5.050000	1	0.012750
5.066667	1	0.014000
5.083333	1	0.015750
5.100000	1	0.017500
5.116667	1	0.019375
5.133333	1	0.021875
5.150000	1	0.024625
5.166667	1	0.027750
5.183333	1	0.030625
5.200000	1	0.033625
5.216667	1	0.036750
5.233333	1	0.040750
5.250000	1	0.044875
5.266667	1	0.048750
5.283333	1	0.053500
5.300000	1	0.058250
5.316667	1	0.063750
5.333333	1	0.068750
5.350000	1	0.073625
5.366667	1	0.078750
5.383333	1	0.084875
5.400000	1	0.090375
5.416667	1	0.096250
5.433333	1	0.101875
5.450000	1	0.107250
5.466667	1	0.113500
5.483333	1	0.118500
5.500000	1	0.123750
5.516667	1	0.128375
5.533333	1	0.132750
5.550000	1	0.136875
5.566667	1	0.142125
5.583333	1	0.146625
5.600000	1	0.150625
5.616667	1	0.154500
5.633333	1	0.157875
5.650000	1	0.160750
5.666667	1	0.163750
5.683333	1	0.166500
5.700000	1	0.169125
5.716667	1	0.171500
5.733333	1	0.174375
5.750000	1	0.176375
5.766667	1	0.178125
5.783333	1	0.179500
5.800000	1	0.180000
5.816667	1	0.180500
5.833333	1	0.180625
5.850000	1	0.180875
5.866667	1	0.181625
5.883333	1	0.181750
5.900000	1	0.182125
5.916667	1	0.181750
5.933333	1	0.180625
5.950000	1	0.179750
5.966667	1	0.178750
5.983333	1	0.177750
6.000000	1	0.176000
6.016667	1	0.174250
6.033333	1	0.172750
6.050000	1	0.170625
6.066667	1	0.168625
6.083333	1	0.166250
6.100000	1	0.163250
6.116667	1	0.160625
6.133333	1	0.157875
6.150000	1	0.155500
6.166667	1	0.153250
6.183333	1	0.151625
6.200000	1	0.148875
6.216667	1	0.146250
6.233333	1	0.144250
6.250000	1	0.141250
6.266667	1	0.138625
6.283333	1	0.135500
6.300000	1	0.133000
6.316667	1	0.130625
6.333333	1	0.127875
6.350000	1	0.125250
6.366667	1	0.122375
6.383333	1	0.120375
6.400000	1	0.117875
6.416667	1	0.114750
6.433333	1	0.112250
6.450000	1	0.109500
6.466667	1	0.106750
6.483333	1	0.103500
6.500000	1	0.100625
6.516667	1	0.097625
6.533333	1	0.094375
6.550000	1	0.092000
6.566667	1	0.088875
6.583333	1	0.086500
6.600000	1	0.083375
6.616667	1	0.080000
6.633333	1	0.077375
6.650000	1	0.075000
6.666667	1	0.072250
6.683333	1	0.070250
6.700000	1	0.067500
6.716667	1	0.065625
6.733333	1	0.063250
6.750000	1	0.061000
6.766667	1	0.058750
6.783333	1	0.057625
6.800000	1	0.056000
6.816667	1	0.055500
6.833333	1	0.054625
6.850000	1	0.053875
6.866667	1	0.053000
6.883333	1	0.052625
6.900000	1	0.052000
6.916667	1	0.051750
6.933333	1	0.051750
6.950000	1	0.051375
6.966667	1	0.052250
6.983333	1	0.052500
7.000000	1	0.052875
7.016667	1	0.053500
7.033333	1	0.054250
7.050000	1	0.054750
7.066667	1	0.055500
7.083333	1	0.055500
7.100000	1	0.056750
7.116667	1	0.057750
7.133333	1	0.059500
7.150000	1	0.059625
7.166667	1	0.061125
7.183333	1	0.062000
7.200000	1	0.062875
7.216667	1	0.064250
7.233333	1	0.065250
7.250000	1	0.066250
7.266667	1	0.067500
7.283333	1	0.069125
7.300000	1	0.070250
7.316667	1	0.070750
7.333333	1	0.072250
7.350000	1	0.073125
7.366667	1	0.074750
7.383333	1	0.075750
7.400000	1	0.077375
7.416667	1	0.078500
7.433333	1	0.080375
7.450000	1	0.081750
7.466667	1	0.082125
7.483333	1	0.082875
7.500000	1	0.084125
7.516667	1	0.085625
7.533333	1	0.086125
7.550000	1	0.087250
7.566667	1	0.088375
7.583333	1	0.089250
7.600000	1	0.089750
7.616667	1	0.090625
7.633333	1	0.091625
7.650000	1	0.091750
7.666667	1	0.091750
7.683333	1	0.091625
7.700000	1	0.091750
7.716667	1	0.091625
7.733333	1	0.091500
7.750000	1	0.091125
7.766667	1	0.090250
7.783333	1	0.089375
7.800000	1	0.088500
7.816667	1	0.086750
7.833333	1	0.085500
7.850000	1	0.083250
7.866667	1	0.081250
7.883333	1	0.078875
7.900000	1	0.076250
7.916667	1	0.073375
7.933333	1	0.071000
7.950000	1	0.068375
7.966667	1	0.065500
7.983333	1	0.062125
8.000000	1	0.058875
8.016667	1	0.055750
8.033333	1	0.052125
8.050000	1	0.048875
8.066667	1	0.045625
8.083333	1	0.042625
8.100000	1	0.039875
8.116667	1	0.037250
8.133333	1	0.034625
8.150000	1	0.032500
8.166667	1	0.030000
8.183333	1	0.027625
8.200000	1	0.025875
8.216667	1	0.023875
8.233333	1	0.022625
8.250000	1	0.021375
8.266667	1	0.020000
8.283333	1	0.019250
8.300000	1	0.018500
8.316667	1	0.018125
8.333333	1	0.017500
8.350000	1	0.017625
8.366667	1	0.016875
8.383333	1	0.016500
8.400000	1	0.017125
8.416667	1	0.017750
8.433333	1	0.018125
8.450000	1	0.018250
8.466667	1	0.018625
8.483333	1	0.019000
8.500000	1	0.019875
8.516667	1	0.020875
8.533333	1	0.021500
8.550000	1	0.022125
8.566667	1	0.022750
8.583333	1	0.023000
8.600000	1	0.024375
8.616667	1	0.024625
8.633333	1	0.023875
8.650000	1	0.024000
8.666667	1	0.023750
8.683333	1	0.023375
8.700000	1	0.023000
8.716667	1	0.022375
8.733333	1	0.021625
8.750000	1	0.020875
8.766667	1	0.019500
8.783333	1	0.018500
8.800000	1	0.016750
8.816667	1	0.015375
8.833333	1	0.013125
8.850000	1	0.011875
8.866667	1	0.010125
8.883333	1	0.008375
8.900000	1	0.005875
8.916667	1	0.004500
8.933333	1	0.002750
8.950000	1	0.000500
8.966667	1	-0.000375
8.983333	1	-0.001750
9.000000	1	-0.003625
9.016667	1	-0.005375
9.033333	1	-0.006875
9.050000	1	-0.007875
9.066667	1	-0.009500
9.083333	1	-0.010000
9.100000	1	-0.009750
9.116667	1	-0.010625
9.133333	1	-0.011000
9.150000	1	-0.010625
9.166667	1	-0.010250
9.183333	1	-0.010125
9.200000	1	-0.008750
9.216667	1	-0.008000
9.233333	1	-0.006875
9.250000	1	-0.005875
9.266667	1	-0.004125
9.283333	1	-0.002500
9.300000	1	-0.000750
9.316667	1	0.001375
9.333333	1	0.003125
9.350000	1	0.004875
9.366667	1	0.006750
9.383333	1	0.008625
9.400000	1	0.010625
9.416667	1	0.013000
9.433333	1	0.014500
9.450000	1	0.016500
9.466667	1	0.017875
9.483333	1	0.019375
9.500000	1	0.020750
9.516667	1	0.021750
9.533333	1	0.022750
9.550000	1	0.023750
9.566667	1	0.024125
9.583333	1	0.025000
9.600000	1	0.024375
9.616667	1	0.023250
9.633333	1	0.022625
9.650000	1	0.022125
9.666667	1	0.020625
9.683333	1	0.020000
9.700000	1	0.018250
9.716667	1	0.016500
9.733333	1	0.015375
9.750000	1	0.013875
9.766667	1	0.011750
9.783333	1	0.009125
9.800000	1	0.006875
9.816667	1	0.004625
9.833333	1	0.002625
9.850000	1	0.000250
9.866667	1	-0.001625
9.883333	1	-0.003750
9.900000	1	-0.005750
9.916667	1	-0.008125
9.933333	1	-0.010375
9.950000	1	-0.011625
9.966667	1	-0.012375
9.983333	1	-0.013375
10.000000	1	-0.014500
10.016667	1	-0.015000
10.033333	1	-0.015375
10.050000	1	-0.014875
10.066667	1	-0.013750
10.083333	1	-0.012125
10.100000	1	-0.009250
10.116667	1	-0.006375
10.133333	1	-0.002500
10.150000	1	0.001375
10.166667	1	0.006125
10.183333	1	0.012375
10.200000	1	0.019625
10.216667	1	0.028750
10.233333	1	0.039625
10.250000	1	0.052250
10.266667	1	0.067125
10.283333	1	0.084250
10.300000	1	0.104625
10.316667	1	0.127375
10.333333	1	0.153625
10.350000	1	0.182500
10.366667	1	0.214625
10.383333	1	0.250000
10.400000	1	0.287375
10.416667	1	0.324250
10.433333	1	0.353750
10.450000	1	0.366750
10.466667	1	0.353500
10.483333	1	0.306750
10.500000	1	0.232000
10.516667	1	0.155625
10.533333	1	0.126500
10.550000	1	0.221750
10.566667	1	0.529125
10.583333	1	1.145000
10.600000	1	2.160500
10.616667	1	3.650875
10.633333	1	5.670625
10.650000	1	8.250250
10.666667	1	11.403875
10.683333	1	15.121250
10.700000	1	19.371125
10.716667	1	24.082125
10.733333	1	29.139875
10.750000	1	34.368250
10.766667	1	39.510375
10.783333	1	44.223500
10.800000	1	48.094250
10.816667	1	50.690125
10.833333	1	51.669000
10.850000	1	50.882500
10.866667	1	48.436250
10.883333	1	44.671250
10.900000	1	40.058875
10.916667	1	35.084125
10.933333	1	30.145625
10.950000	1	25.520250
10.966667	1	21.365625
10.983333	1	17.751000
11.000000	1	14.681125
11.016667	1	12.125000
11.033333	1	10.029500
11.050000	1	8.333000
11.066667	1	6.971125
11.083333	1	5.883750
11.100000	1	5.015250
11.116667	1	4.322375
11.133333	1	3.767875
11.150000	1	3.320750
11.166667	1	2.958625
11.183333	1	2.662875
11.200000	1	2.417500
11.216667	1	2.213125
11.233333	1	2.040250
11.250000	1	1.893000
11.266667	1	1.767500
11.283333	1	1.658000
11.300000	1	1.563875
11.316667	1	1.480750
11.333333	1	1.408375
11.350000	1	1.344375
11.366667	1	1.288750
11.383333	1	1.238875
11.400000	1	1.194375
11.416667	1	1.155625
11.433333	1	1.121000
11.450000	1	1.090000
11.466667	1	1.062125
11.483333	1	1.037000
11.500000	1	1.014875
11.516667	1	0.995625
11.533333	1	0.978000
11.550000	1	0.962875
11.566667	1	0.948750
11.583333	1	0.936750
11.600000	1	0.926250
11.616667	1	0.918500
11.633333	1	0.912375
11.650000	1	0.908125
11.666667	1	0.905875
11.683333	1	0.905625
11.700000	1	0.907125
11.716667	1	0.910125
11.733333	1	0.915000
11.750000	1	0.921250
11.766667	1	0.928250
11.783333	1	0.936250
11.800000	1	0.945125
11.816667	1	0.954000
11.833333	1	0.963625
11.850000	1	0.972625
11.866667	1	0.980375
11.883333	1	0.988500
11.900000	1	0.995125
11.916667	1	1.001500
11.933333	1	1.008000
11.950000	1	1.013625
11.966667	1	1.020250
11.983333	1	1.026375
12.000000	1	1.032625
12.016667	1	1.039500
12.033333	1	1.046250
12.050000	1	1.053875
12.066667	1	1.061875
12.083333	1	1.071250
12.100000	1	1.081000
12.116667	1	1.090625
12.133333	1	1.101250
12.150000	1	1.112000
12.166667	1	1.124375
12.183333	1	1.138375
12.200000	1	1.153125
12.216667	1	1.169750
12.233333	1	1.187625
12.250000	1	1.208125
12.266667	1	1.229875
12.283333	1	1.253500
12.300000	1	1.279625
12.316667	1	1.307250
12.333333	1	1.338375
12.350000	1	1.372750
12.366667	1	1.413750
12.383333	1	1.464875
12.400000	1	1.530750
12.416667	1	1.618750
12.433333	1	1.734875
12.450000	1	1.888125
12.466667	1	2.087125
12.483333	1	2.339875
12.500000	1	2.651625
12.516667	1	3.027000
12.533333	1	3.464500
12.550000	1	3.961375
12.566667	1	4.510000
12.583333	1	5.097625
12.600000	1	5.711750
12.616667	1	6.335625
12.633333	1	6.955250
12.650000	1	7.558000
12.666667	1	8.135750
12.683333	1	8.682875
12.700000	1	9.197625
12.716667	1	9.682250
12.733333	1	10.142750
12.750000	1	10.586125
12.766667	1	11.021000
12.783333	1	11.453500
12.800000	1	11.887375
12.816667	1	12.313875
12.833333	1	12.705750
12.850000	1	13.010250
12.866667	1	13.148750
12.883333	1	13.034500
12.900000	1	12.612375
12.916667	1	11.882500
12.933333	1	10.908875
12.950000	1	9.797875
12.966667	1	8.658000
12.983333	1	7.573750
13.000000	1	6.591125
13.016667	1	5.730750
13.033333	1	4.993875
13.050000	1	4.371875
13.066667	1	3.853500
13.083333	1	3.426375
13.100000	1	3.076875
13.116667	1	2.793250
13.133333	1	2.563625
13.150000	1	2.377500
13.166667	1	2.225625
13.183333	1	2.100500
13.200000	1	1.996875
13.216667	1	1.909125
13.233333	1	1.833875
13.250000	1	1.768500
13.266667	1	1.710875
13.283333	1	1.659250
13.300000	1	1.612250
13.316667	1	1.568625
13.333333	1	1.529500
13.350000	1	1.493000
13.366667	1	1.459000
13.383333	1	1.427375
13.400000	1	1.399250
13.416667	1	1.374375
13.433333	1	1.352500
13.450000	1	1.332875
13.466667	1	1.316750
13.483333	1	1.303500
13.500000	1	1.292125
13.516667	1	1.283500
13.533333	1	1.277500
13.550000	1	1.271875
13.566667	1	1.267125
13.583333	1	1.263375
13.600000	1	1.258250
13.616667	1	1.253000
13.633333	1	1.245875
13.650000	1	1.236875
13.666667	1	1.226625
13.683333	1	1.214250
13.700000	1	1.199625
13.716667	1	1.184375
13.733333	1	1.167125
13.750000	1	1.149625
13.766667	1	1.131875
13.783333	1	1.113875
13.800000	1	1.095625
13.816667	1	1.078625
13.833333	1	1.061875
13.850000	1	1.045750
13.866667	1	1.030375
13.883333	1	1.016000
13.900000	1	1.002250
13.916667	1	0.989250
13.933333	1	0.976375
13.950000	1	0.964625
13.966667	1	0.953250
13.983333	1	0.942125
14.000000	1	0.931750
14.016667	1	0.922125
14.033333	1	0.912500
14.050000	1	0.902625
14.066667	1	0.893625
14.083333	1	0.884375
14.100000	1	0.876250
14.116667	1	0.868375
14.133333	1	0.860625
14.150000	1	0.853125
14.166667	1	0.846125
14.183333	1	0.840250
14.200000	1	0.834250
14.216667	1	0.829625
14.233333	1	0.825875
14.250000	1	0.823375
14.266667	1	0.820875
14.283333	1	0.819375
14.300000	1	0.818500
14.316667	1	0.819625
14.333333	1	0.821125
14.350000	1	0.824750
14.366667	1	0.829625
14.383333	1	0.836750
14.400000	1	0.846125
14.416667	1	0.859250
14.433333	1	0.878250
14.450000	1	0.906625
14.466667	1	0.948750
14.483333	1	1.015250
14.500000	1	1.119625
14.516667	1	1.281125
14.533333	1	1.529250
14.550000	1	1.900000
14.566667	1	2.442375
14.583333	1	3.216625
14.600000	1	4.290375
14.616667	1	5.742000
14.633333	1	7.650125
14.650000	1	10.089500
14.666667	1	13.118125
14.683333	1	16.765625
14.700000	1	21.023625
14.716667	1	25.830000
14.733333	1	31.075375
14.750000	1	36.597000
14.766667	1	42.189250
14.783333	1	47.608500
14.800000	1	52.605750
14.816667	1	56.942125
14.833333	1	60.407250
14.850000	1	62.837000
14.866667	1	64.129500
14.883333	1	64.257500
14.900000	1	63.265375
14.916667	1	61.265000
14.933333	1	58.418000
14.950000	1	54.915375
14.966667	1	50.957625
14.983333	1	46.741625
15.000000	1	42.436500
15.016667	1	38.183625
15.033333	1	34.091250
15.050000	1	30.237500
15.066667	1	26.673500
15.083333	1	23.426375
15.100000	1	20.504250
15.116667	1	17.900500
15.133333	1	15.597375
15.150000	1	13.571250
15.166667	1	11.797125
15.183333	1	10.250500
15.200000	1	8.905125
15.216667	1	7.737625
15.233333	1	6.728125
15.250000	1	5.859000
15.266667	1	5.113750
15.283333	1	4.478625
15.300000	1	3.942000
15.316667	1	3.492750
15.333333	1	3.121125
15.350000	1	2.816250
15.366667	1	2.571500
15.383333	1	2.376625
15.400000	1	2.224375
15.416667	1	2.106250
15.433333	1	2.015125
15.450000	1	1.944250
15.466667	1	1.887750
15.483333	1	1.840500
15.500000	1	1.797500
15.516667	1	1.756875
15.533333	1	1.716125
15.550000	1	1.673750
15.566667	1	1.630125
15.583333	1	1.585375
15.600000	1	1.539750
15.616667	1	1.494125
15.633333	1	1.449500
15.650000	1	1.406500
15.666667	1	1.365875
15.683333	1	1.328375
15.700000	1	1.291375
15.716667	1	1.258250
15.733333	1	1.227375
15.750000	1	1.198375
15.766667	1	1.171000
15.783333	1	1.145625
15.800000	1	1.121625
15.816667	1	1.099250
15.833333	1	1.077875
15.850000	1	1.057750
15.866667	1	1.038750
15.883333	1	1.021375
15.900000	1	1.006875
15.916667	1	0.993250
15.933333	1	0.982500
15.950000	1	0.973750
15.966667	1	0.966625
15.983333	1	0.961750
16.000000	1	0.958375
16.016667	1	0.957000
16.033333	1	0.957125
16.050000	1	0.958000
16.066667	1	0.960500
16.083333	1	0.962750
16.100000	1	0.965375
16.116667	1	0.968000
16.133333	1	0.970875
16.150000	1	0.973500
16.166667	1	0.975875
16.183333	1	0.977125
16.200000	1	0.978125
16.216667	1	0.977500
16.233333	1	0.976000
16.250000	1	0.973625
16.266667	1	0.970625
16.283333	1	0.966500
16.300000	1	0.962125
16.316667	1	0.958000
16.333333	1	0.954000
16.350000	1	0.951000
16.366667	1	0.948000
16.383333	1	0.946500
16.400000	1	0.946875
16.416667	1	0.948250
16.433333	1	0.950875
16.450000	1	0.954750
16.466667	1	0.959750
16.483333	1	0.965250
16.500000	1	0.969750
16.516667	1	0.974250
16.533333	1	0.978750
16.550000	1	0.981250
16.566667	1	0.981875
16.583333	1	0.981875
16.600000	1	0.980000
16.616667	1	0.976375
16.633333	1	0.971750
16.650000	1	0.966375
16.666667	1	0.960750
16.683333	1	0.956000
16.700000	1	0.952750
16.716667	1	0.950750
16.733333	1	0.950125
16.750000	1	0.950875
16.766667	1	0.954125
16.783333	1	0.958625
16.800000	1	0.965250
16.816667	1	0.972375
16.833333	1	0.979625
16.850000	1	0.986875
16.866667	1	0.993000
16.883333	1	0.998000
16.900000	1	1.002000
16.916667	1	1.004250
16.933333	1	1.004375
16.950000	1	1.003000
16.966667	1	1.000500
16.983333	1	0.996250
17.000000	1	0.991625
17.016667	1	0.986250
17.033333	1	0.980375
17.050000	1	0.974375
17.066667	1	0.968625
17.083333	1	0.963500
17.100000	1	0.959125
17.116667	1	0.955500
17.133333	1	0.952375
17.150000	1	0.950250
17.166667	1	0.949250
17.183333	1	0.949125
17.200000	1	0.949250
17.216667	1	0.950625
17.233333	1	0.952625
17.250000	1	0.954750
17.266667	1	0.957875
17.283333	1	0.961875
17.300000	1	0.965375
17.316667	1	0.969750
17.333333	1	0.974125
17.350000	1	0.978875
17.366667	1	0.984250
17.383333	1	0.989125
17.400000	1	0.993750
17.416667	1	0.997875
17.433333	1	1.000750
17.450000	1	1.002500
17.466667	1	1.003875
17.483333	1	1.003875
17.500000	1	1.001125
17.516667	1	0.997500
17.533333	1	0.992750
17.550000	1	0.986125
17.566667	1	0.978000
17.583333	1	0.969000
17.600000	1	0.957875
17.616667	1	0.946250
17.633333	1	0.933875
17.650000	1	0.920375
17.666667	1	0.906250
17.683333	1	0.892250
17.700000	1	0.878125
17.716667	1	0.863375
17.733333	1	0.849125
17.750000	1	0.836375
17.766667	1	0.823250
17.783333	1	0.810625
17.800000	1	0.799250
17.816667	1	0.789125
17.833333	1	0.780125
17.850000	1	0.771375
17.866667	1	0.763625
17.883333	1	0.756625
17.900000	1	0.749625
17.916667	1	0.743500
17.933333	1	0.737625
17.950000	1	0.732250
17.966667	1	0.726875
17.983333	1	0.721375
18.000000	1	0.716000
18.016667	1	0.710375
18.033333	1	0.704625
18.050000	1	0.699500
18.066667	1	0.695000
18.083333	1	0.690250
18.100000	1	0.685250
18.116667	1	0.682125
18.133333	1	0.679875
18.150000	1	0.677125
18.166667	1	0.675000
18.183333	1	0.674125
18.200000	1	0.673750
18.216667	1	0.673625
18.233333	1	0.673875
18.250000	1	0.674375
18.266667	1	0.675375
18.283333	1	0.676375
18.300000	1	0.677375
18.316667	1	0.678625
18.333333	1	0.680000
18.350000	1	0.681750
18.366667	1	0.684500
18.383333	1	0.688000
18.400000	1	0.692000
18.416667	1	0.698125
18.433333	1	0.704625
18.450000	1	0.712625
18.466667	1	0.722625
18.483333	1	0.735000
18.500000	1	0.749500
18.516667	1	0.765500
18.533333	1	0.783375
18.550000	1	0.802375
18.566667	1	0.823875
18.583333	1	0.847875
18.600000	1	0.873125
18.616667	1	0.900750
18.633333	1	0.929875
18.650000	1	0.959500
18.666667	1	0.991625
18.683333	1	1.024000
18.700000	1	1.057500
18.716667	1	1.091750
18.733333	1	1.126375
18.750000	1	1.160750
18.766667	1	1.194875
18.783333	1	1.228375
18.800000	1	1.260375
18.816667	1	1.289375
18.833333	1	1.315375
18.850000	1	1.338125
18.866667	1	1.356875
18.883333	1	1.369500
18.900000	1	1.377875
18.916667	1	1.380125
18.933333	1	1.375125
18.950000	1	1.363375
18.966667	1	1.345625
18.983333	1	1.322125
19.000000	1	1.292750
19.016667	1	1.258000
19.033333	1	1.219750
19.050000	1	1.177750
19.066667	1	1.134000
19.083333	1	1.089250
19.100000	1	1.044125
19.116667	1	0.999750
19.133333	1	0.958250
19.150000	1	0.920875
19.166667	1	0.888000
19.183333	1	0.861500
19.200000	1	0.841500
19.216667	1	0.831125
19.233333	1	0.829625
19.250000	1	0.837875
19.266667	1	0.858625
19.283333	1	0.891375
19.300000	1	0.936250
19.316667	1	0.992750
19.333333	1	1.061875
19.350000	1	1.141625
19.366667	1	1.229625
19.383333	1	1.325125
19.400000	1	1.426000
19.416667	1	1.528500
19.433333	1	1.629125
19.450000	1	1.725250
19.466667	1	1.814125
19.483333	1	1.893125
19.500000	1	1.958875
19.516667	1	2.011000
19.533333	1	2.048250
19.550000	1	2.069125
19.566667	1	2.074750
19.583333	1	2.065125
19.600000	1	2.041375
19.616667	1	2.005750
19.633333	1	1.959875
19.650000	1	1.905250
19.666667	1	1.844250
19.683333	1	1.778000
19.700000	1	1.708625
19.716667	1	1.637750
19.733333	1	1.565875
19.750000	1	1.494750
19.766667	1	1.423875
19.783333	1	1.354500
19.800000	1	1.287250
19.816667	1	1.221625
19.833333	1	1.159500
19.850000	1	1.100750
19.866667	1	1.044000
19.883333	1	0.991125
19.900000	1	0.942750
19.916667	1	0.897125
19.933333	1	0.855875
19.950000	1	0.818250
19.966667	1	0.786000
19.983333	1	0.757875
20.000000	1	0.735250
20.016667	1	0.717500
20.033333	1	0.705375
20.050000	1	0.698750
20.066667	1	0.698750
20.083333	1	0.705125
20.100000	1	0.717500
20.116667	1	0.734750
20.133333	1	0.757250
20.150000	1	0.784625
20.166667	1	0.816250
20.183333	1	0.850250
20.200000	1	0.885250
20.216667	1	0.920500
20.233333	1	0.954125
20.250000	1	0.984625
20.266667	1	1.011250
20.283333	1	1.032250
20.300000	1	1.046625
20.316667	1	1.053500
20.333333	1	1.053000
20.350000	1	1.045625
20.366667	1	1.031125
20.383333	1	1.010500
20.400000	1	0.985000
20.416667	1	0.955500
20.433333	1	0.922500
20.450000	1	0.888375
20.466667	1	0.853125
20.483333	1	0.818875
20.500000	1	0.786000
20.516667	1	0.756625
20.533333	1	0.731500
20.550000	1	0.710875
20.566667	1	0.697000
20.583333	1	0.688375
20.600000	1	0.688625
20.616667	1	0.697375
20.633333	1	0.714625
20.650000	1	0.741125
20.666667	1	0.777625
20.683333	1	0.822625
20.700000	1	0.876375
20.716667	1	0.938875
20.733333	1	1.008000
20.750000	1	1.082750
20.766667	1	1.160375
20.783333	1	1.239125
20.800000	1	1.316125
20.816667	1	1.388875
20.833333	1	1.454625
20.850000	1	1.510625
20.866667	1	1.555375
20.883333	1	1.588250
20.900000	1	1.607250
20.916667	1	1.612125
20.933333	1	1.604000
20.950000	1	1.582125
20.966667	1	1.549250
20.983333	1	1.505375
21.000000	1	1.452750
21.016667	1	1.394125
21.033333	1	1.330250
21.050000	1	1.263500
21.066667	1	1.195875
21.083333	1	1.128375
21.100000	1	1.062250
21.116667	1	0.998375
21.133333	1	0.938375
21.150000	1	0.882000
21.166667	1	0.829000
21.183333	1	0.779625
21.200000	1	0.734750
21.216667	1	0.693750
21.233333	1	0.656500
21.250000	1	0.622750
21.266667	1	0.592250
21.283333	1	0.564500
21.300000	1	0.540125
21.316667	1	0.517625
21.333333	1	0.498500
21.350000	1	0.481750
21.366667	1	0.466125
21.383333	1	0.451625
21.400000	1	0.437875
21.416667	1	0.426500
21.433333	1	0.415750
21.450000	1	0.405875
21.466667	1	0.396750
21.483333	1	0.388625
21.500000	1	0.381500
21.516667	1	0.375125
21.533333	1	0.370125
21.550000	1	0.365000
21.566667	1	0.360500
21.583333	1	0.357375
21.600000	1	0.355250
21.616667	1	0.354250
21.633333	1	0.354625
21.650000	1	0.356875
21.666667	1	0.359750
21.683333	1	0.363500
21.700000	1	0.369125
21.716667	1	0.375625
21.733333	1	0.384250
21.750000	1	0.393875
21.766667	1	0.404500
21.783333	1	0.416625
21.800000	1	0.429250
21.816667	1	0.442500
21.833333	1	0.456500
21.850000	1	0.471000
21.866667	1	0.484125
21.883333	1	0.497250
21.900000	1	0.510500
21.916667	1	0.522625
21.933333	1	0.533625
21.950000	1	0.544500
21.966667	1	0.553625
21.983333	1	0.561875
22.000000	1	0.568250
22.016667	1	0.573625
22.033333	1	0.577875
22.050000	1	0.582250
22.066667	1	0.585250
22.083333	1	0.587625
22.100000	1	0.588500
22.116667	1	0.588375
22.133333	1	0.588250
22.150000	1	0.586750
22.166667	1	0.584500
22.183333	1	0.580500
22.200000	1	0.575625
22.216667	1	0.570000
22.233333	1	0.563000
22.250000	1	0.554875
22.266667	1	0.545875
22.283333	1	0.536000
22.300000	1	0.525125
22.316667	1	0.513250
22.333333	1	0.501000
22.350000	1	0.488125
22.366667	1	0.475000
22.383333	1	0.461125
22.400000	1	0.447375
22.416667	1	0.433875
22.433333	1	0.420625
22.450000	1	0.407875
22.466667	1	0.395750
22.483333	1	0.384125
22.500000	1	0.372750
22.516667	1	0.361125
22.533333	1	0.350625
22.550000	1	0.340250
22.566667	1	0.330500
22.583333	1	0.321000
22.600000	1	0.312625
22.616667	1	0.304875
22.633333	1	0.296500
22.650000	1	0.288625
22.666667	1	0.281625
22.683333	1	0.274750
22.700000	1	0.268625
22.716667	1	0.262000
22.733333	1	0.256125
22.750000	1	0.251000
22.766667	1	0.244875
22.783333	1	0.240375
22.800000	1	0.237125
22.816667	1	0.233375
22.833333	1	0.229500
22.850000	1	0.225750
22.866667	1	0.223000
22.883333	1	0.221375
22.900000	1	0.220125
22.916667	1	0.219000
22.933333	1	0.218500
22.950000	1	0.218625
22.966667	1	0.219250
22.983333	1	0.219875
23.000000	1	0.221750
23.016667	1	0.224000
23.033333	1	0.226875
23.050000	1	0.228250
23.066667	1	0.230875
23.083333	1	0.234750
23.100000	1	0.238750
23.116667	1	0.242625
23.133333	1	0.246500
23.150000	1	0.250125
23.166667	1	0.252750
23.183333	1	0.256875
23.200000	1	0.260250
23.216667	1	0.263625
23.233333	1	0.267125
23.250000	1	0.270250
23.266667	1	0.274125
23.283333	1	0.277875
23.300000	1	0.282625
23.316667	1	0.289375
23.333333	1	0.297625
23.350000	1	0.309125
23.366667	1	0.324500
23.383333	1	0.344250
23.400000	1	0.369875
23.416667	1	0.404500
23.433333	1	0.448375
23.450000	1	0.504875
23.466667	1	0.575000
23.483333	1	0.662125
23.500000	1	0.769500
23.516667	1	0.899000
23.533333	1	1.052375
23.550000	1	1.232375
23.566667	1	1.441000
23.583333	1	1.678500
23.600000	1	1.945250
23.616667	1	2.240125
23.633333	1	2.561125
23.650000	1	2.903875
23.666667	1	3.264375
23.683333	1	3.637125
23.700000	1	4.015750
23.716667	1	4.393250
23.733333	1	4.761500
23.750000	1	5.112250
23.766667	1	5.436750
23.783333	1	5.727500
23.800000	1	5.978125
23.816667	1	6.183375
23.833333	1	6.338125
23.850000	1	6.440625
23.866667	1	6.489000
23.883333	1	6.484875
23.900000	1	6.429000
23.916667	1	6.325875
23.933333	1	6.179000
23.950000	1	5.993625
23.966667	1	5.775000
23.983333	1	5.531625
24.000000	1	5.267750
24.016667	1	4.990375
24.033333	1	4.703875
24.050000	1	4.415750
24.066667	1	4.128750
24.083333	1	3.846375
24.100000	1	3.571125
24.116667	1	3.306375
24.133333	1	3.053250
24.150000	1	2.813375
24.166667	1	2.587250
24.183333	1	2.375875
24.200000	1	2.179125
24.216667	1	1.996000
24.233333	1	1.826250
24.250000	1	1.670125
24.266667	1	1.526375
24.283333	1	1.395000
24.300000	1	1.274250
24.316667	1	1.164375
24.333333	1	1.065500
24.350000	1	0.975750
24.366667	1	0.895500
24.383333	1	0.824000
24.400000	1	0.760125
24.416667	1	0.703875
24.433333	1	0.654250
24.450000	1	0.611125
24.466667	1	0.573500
24.483333	1	0.542000
24.500000	1	0.514875
24.516667	1	0.491500
24.533333	1	0.471125
24.550000	1	0.453875
24.566667	1	0.439375
24.583333	1	0.427625
24.600000	1	0.416375
24.616667	1	0.407500
24.633333	1	0.400125
24.650000	1	0.393500
24.666667	1	0.387750
24.683333	1	0.381875
24.700000	1	0.376250
24.716667	1	0.372125
24.733333	1	0.367125
24.750000	1	0.361750
24.766667	1	0.357375
24.783333	1	0.352625
24.800000	1	0.348875
24.816667	1	0.344125
24.833333	1	0.339000
24.850000	1	0.335000
24.866667	1	0.330875
24.883333	1	0.327625
24.900000	1	0.323500
24.916667	1	0.320250
24.933333	1	0.316875
24.950000	1	0.313000
24.966667	1	0.309500
24.983333	1	0.306250
25.000000	1	0.303625
25.016667	1	0.301000
25.033333	1	0.298000
25.050000	1	0.293750
25.066667	1	0.290750
25.083333	1	0.287750
25.100000	1	0.284250
25.116667	1	0.281250
25.133333	1	0.277875
25.150000	1	0.274000
25.166667	1	0.270750
25.183333	1	0.266625
25.200000	1	0.262500
25.216667	1	0.258625
25.233333	1	0.255125
25.250000	1	0.251000
25.266667	1	0.246625
25.283333	1	0.242000
25.300000	1	0.237375
25.316667	1	0.233750
25.333333	1	0.230625
25.350000	1	0.227125
25.366667	1	0.223625
25.383333	1	0.221250
25.400000	1	0.218125
25.416667	1	0.215500
25.433333	1	0.214125
25.450000	1	0.213500
25.466667	1	0.213000
25.483333	1	0.212875
25.500000	1	0.212250
25.516667	1	0.212125
25.533333	1	0.213125
25.550000	1	0.214000
25.566667	1	0.215500
25.583333	1	0.216500
25.600000	1	0.218375
25.616667	1	0.219250
25.633333	1	0.221125
25.650000	1	0.223375
25.666667	1	0.225500
25.683333	1	0.226625
25.700000	1	0.228250
25.716667	1	0.229500
25.733333	1	0.230375
25.750000	1	0.231000
25.766667	1	0.232000
25.783333	1	0.232875
25.800000	1	0.233875
25.816667	1	0.234375
25.833333	1	0.235000
25.850000	1	0.235125
25.866667	1	0.235750
25.883333	1	0.236125
25.900000	1	0.236500
25.916667	1	0.236625
25.933333	1	0.238000
25.950000	1	0.238500
25.966667	1	0.238625
25.983333	1	0.239750
26.000000	1	0.241625
26.016667	1	0.244000
26.033333	1	0.245750
26.050000	1	0.248375
26.066667	1	0.252000
26.083333	1	0.255125
26.100000	1	0.258750
26.116667	1	0.262125
26.133333	1	0.266375
26.150000	1	0.271125
26.166667	1	0.276000
26.183333	1	0.281000
26.200000	1	0.284625
26.216667	1	0.288375
26.233333	1	0.292750
26.250000	1	0.297375
26.266667	1	0.302125
26.283333	1	0.306250
26.300000	1	0.309750
26.316667	1	0.313500
26.333333	1	0.316875
26.350000	1	0.320125
26.366667	1	0.322250
26.383333	1	0.322875
26.400000	1	0.324375
26.416667	1	0.324875
26.433333	1	0.325125
26.450000	1	0.323750
26.466667	1	0.322875
26.483333	1	0.321500
26.500000	1	0.318875
26.516667	1	0.316250
26.533333	1	0.313000
26.550000	1	0.308875
26.566667	1	0.305500
26.583333	1	0.300750
26.600000	1	0.296375
26.616667	1	0.291875
26.633333	1	0.286625
26.650000	1	0.281750
26.666667	1	0.277125
26.683333	1	0.271875
26.700000	1	0.266500
26.716667	1	0.261250
26.733333	1	0.255500
26.750000	1	0.250625
26.766667	1	0.245875
26.783333	1	0.240625
26.800000	1	0.236250
26.816667	1	0.231875
26.833333	1	0.227500
26.850000	1	0.223500
26.866667	1	0.219500
26.883333	1	0.216000
26.900000	1	0.212375
26.916667	1	0.209250
26.933333	1	0.206625
26.950000	1	0.203875
26.966667	1	0.201625
26.983333	1	0.199250
27.000000	1	0.197625
27.016667	1	0.195875
27.033333	1	0.194375
27.050000	1	0.194125
27.066667	1	0.193750
27.083333	1	0.194250
27.100000	1	0.194625
27.116667	1	0.195500
27.133333	1	0.196625
27.150000	1	0.198625
27.166667	1	0.201125
27.183333	1	0.204250
27.200000	1	0.207875
27.216667	1	0.213250
27.233333	1	0.219000
27.250000	1	0.226750
27.266667	1	0.236250
27.283333	1	0.248375
27.300000	1	0.263375
27.316667	1	0.281375
27.333333	1	0.302625
27.350000	1	0.328000
27.366667	1	0.357750
27.383333	1	0.394125
27.400000	1	0.435375
27.416667	1	0.485250
27.433333	1	0.542750
27.450000	1	0.610125
27.466667	1	0.686375
27.483333	1	0.774250
27.500000	1	0.872625
27.516667	1	0.983750
27.533333	1	1.106375
27.550000	1	1.240625
27.566667	1	1.386500
27.583333	1	1.544125
27.600000	1	1.712250
27.616667	1	1.890250
27.633333	1	2.076250
27.650000	1	2.269125
27.666667	1	2.467125
27.683333	1	2.666500
27.700000	1	2.865500
27.716667	1	3.061250
27.733333	1	3.250750
27.750000	1	3.430000
27.766667	1	3.597250
27.783333	1	3.749500
27.800000	1	3.884000
27.816667	1	3.998000
27.833333	1	4.089625
27.850000	1	4.158000
27.866667	1	4.200625
27.883333	1	4.218125
27.900000	1	4.209250
27.916667	1	4.175625
27.933333	1	4.118250
27.950000	1	4.037750
27.966667	1	3.936750
27.983333	1	3.817750
28.000000	1	3.683000
28.016667	1	3.535125
28.033333	1	3.377125
28.050000	1	3.210750
28.066667	1	3.039500
28.083333	1	2.865500
28.100000	1	2.690875
28.116667	1	2.518125
28.133333	1	2.349375
28.150000	1	2.185125
28.166667	1	2.027750
28.183333	1	1.877500
28.200000	1	1.734875
28.216667	1	1.600625
28.233333	1	1.475250
28.250000	1	1.358000
28.266667	1	1.248625
28.283333	1	1.147375
28.300000	1	1.054625
28.316667	1	0.969625
28.333333	1	0.892500
28.350000	1	0.822375
28.366667	1	0.758875
28.383333	1	0.702125
28.400000	1	0.651125
28.416667	1	0.605750
28.433333	1	0.565000
28.450000	1	0.529500
28.466667	1	0.499375
28.483333	1	0.472625
28.500000	1	0.450625
28.516667	1	0.431500
28.533333	1	0.417000
28.550000	1	0.404750
28.566667	1	0.395875
28.583333	1	0.390250
28.600000	1	0.386875
28.616667	1	0.386000
28.633333	1	0.386875
28.650000	1	0.389000
28.666667	1	0.393000
28.683333	1	0.398500
28.700000	1	0.404125
28.716667	1	0.412000
28.733333	1	0.420000
28.750000	1	0.428625
28.766667	1	0.437875
28.783333	1	0.447250
28.800000	1	0.456375
28.816667	1	0.465000
28.833333	1	0.473125
28.850000	1	0.481500
28.866667	1	0.488125
28.883333	1	0.494625
28.900000	1	0.500375
28.916667	1	0.505125
28.933333	1	0.508500
28.950000	1	0.510750
28.966667	1	0.511000
28.983333	1	0.511375
29.000000	1	0.510500
29.016667	1	0.508000
29.033333	1	0.503750
29.050000	1	0.497750
29.066667	1	0.490250
29.083333	1	0.480750
29.100000	1	0.469750
29.116667	1	0.456500
29.133333	1	0.442125
29.150000	1	0.426000
29.166667	1	0.408000
29.183333	1	0.388250
29.200000	1	0.366625
29.216667	1	0.342875
29.233333	1	0.317000
29.250000	1	0.288250
29.266667	1	0.257375
29.283333	1	0.224125
29.300000	1	0.189250
29.316667	1	0.152125
29.333333	1	0.112625
29.350000	1	0.070875
29.366667	1	0.027000
29.383333	1	-0.018750
29.400000	1	-0.066000
29.416667	1	-0.115125
29.433333	1	-0.165625
29.450000	1	-0.217500
29.466667	1	-0.269625
29.483333	1	-0.322250
29.500000	1	-0.375875
29.516667	1	-0.429125
29.533333	1	-0.481875
29.550000	1	-0.533250
29.566667	1	-0.583125
29.583333	1	-0.630000
29.600000	1	-0.674750
29.616667	1	-0.717000
29.633333	1	-0.756250
29.650000	1	-0.791875
29.666667	1	-0.823875
29.683333	1	-0.851250
29.700000	1	-0.874375
29.716667	1	-0.892625
29.733333	1	-0.906625
29.750000	1	-0.916375
29.766667	1	-0.921375
29.783333	1	-0.921250
29.800000	1	-0.916750
29.816667	1	-0.908375
29.833333	1	-0.894875
29.850000	1	-0.878500
29.866667	1	-0.857875
29.883333	1	-0.834500
29.900000	1	-0.808500
29.916667	1	-0.779750
29.933333	1	-0.749250
29.950000	1	-0.717125
29.966667	1	-0.682750
29.983333	1	-0.648125
30.000000	1	-0.612125
30.016667	1	-0.576500
30.033333	1	-0.539875
30.050000	1	-0.503875
30.066667	1	-0.467750
30.083333	1	-0.433625
30.100000	1	-0.399750
30.116667	1	-0.367000
30.133333	1	-0.335375
30.150000	1	-0.304625
30.166667	1	-0.275875
30.183333	1	-0.247875
30.200000	1	-0.222625
30.216667	1	-0.198000
30.233333	1	-0.175375
30.250000	1	-0.153125
30.266667	1	-0.132750
30.283333	1	-0.114250
30.300000	1	-0.097875
30.316667	1	-0.082250
30.333333	1	-0.068500
30.350000	1	-0.055875
30.366667	1	-0.043625
30.383333	1	-0.033125
30.400000	1	-0.023250
30.416667	1	-0.014000
30.433333	1	-0.005250
30.450000	1	0.002375
30.466667	1	0.009125
30.483333	1	0.014875
30.500000	1	0.021375
30.516667	1	0.026500
30.533333	1	0.032625
30.550000	1	0.037250
30.566667	1	0.042000
30.583333	1	0.047625
30.600000	1	0.053625
30.616667	1	0.058875
30.633333	1	0.064125
30.650000	1	0.069500
30.666667	1	0.074875
30.683333	1	0.080750
30.700000	1	0.086375
30.716667	1	0.092250
30.733333	1	0.098375
30.750000	1	0.105125
30.766667	1	0.112625
30.783333	1	0.120500
30.800000	1	0.128500
30.816667	1	0.136750
30.833333	1	0.145125
30.850000	1	0.154125
30.866667	1	0.163750
30.883333	1	0.174000
30.900000	1	0.184625
30.916667	1	0.196500
30.933333	1	0.209875
30.950000	1	0.224625
30.966667	1	0.241000
30.983333	1	0.259500
31.000000	1	0.280250
31.016667	1	0.304125
31.033333	1	0.330750
31.050000	1	0.362000
31.066667	1	0.397750
31.083333	1	0.439000
31.100000	1	0.485750
31.116667	1	0.538875
31.133333	1	0.599500
31.150000	1	0.668000
31.166667	1	0.744875
31.183333	1	0.832000
31.200000	1	0.929625
31.216667	1	1.037750
31.233333	1	1.157375
31.250000	1	1.288500
31.266667	1	1.430875
31.283333	1	1.585250
31.300000	1	1.750250
31.316667	1	1.924875
31.333333	1	2.109125
31.350000	1	2.301250
31.366667	1	2.500125
31.383333	1	2.704000
31.400000	1	2.911625
31.416667	1	3.120125
31.433333	1	3.327375
31.450000	1	3.531500
31.466667	1	3.728750
31.483333	1	3.917250
31.500000	1	4.094000
31.516667	1	4.257375
31.533333	1	4.405500
31.550000	1	4.536375
31.566667	1	4.647375
31.583333	1	4.738375
31.600000	1	4.807375
31.616667	1	4.855125
31.633333	1	4.880125
31.650000	1	4.882375
31.666667	1	4.863375
31.683333	1	4.823375
31.700000	1	4.763375
31.716667	1	4.684500
31.733333	1	4.589000
31.750000	1	4.477125
31.766667	1	4.351750
31.783333	1	4.214625
31.800000	1	4.067375
31.816667	1	3.911375
31.833333	1	3.750375
31.850000	1	3.584375
31.866667	1	3.416125
31.883333	1	3.246625
31.900000	1	3.078125
31.916667	1	2.910000
31.933333	1	2.745375
31.950000	1	2.584250
31.966667	1	2.427500
31.983333	1	2.275750
32.000000	1	2.129125
32.016667	1	1.989125
32.033333	1	1.854250
32.050000	1	1.725500
32.066667	1	1.603750
32.083333	1	1.488000
32.100000	1	1.378875
32.116667	1	1.276000
32.133333	1	1.178875
32.150000	1	1.087125
32.166667	1	1.000875
32.183333	1	0.920875
32.200000	1	0.845250
32.216667	1	0.774500
32.233333	1	0.708375
32.250000	1	0.646500
32.266667	1	0.588875
32.283333	1	0.535000
32.300000	1	0.484500
32.316667	1	0.438250
32.333333	1	0.395875
32.350000	1	0.355750
32.366667	1	0.319125
32.383333	1	0.285000
32.400000	1	0.253375
32.416667	1	0.224750
32.433333	1	0.197875
32.450000	1	0.172625
32.466667	1	0.150375
32.483333	1	0.129000
32.500000	1	0.110375
32.516667	1	0.091875
32.533333	1	0.076000
32.550000	1	0.061750
32.566667	1	0.048375
32.583333	1	0.036250
32.600000	1	0.025750
32.616667	1	0.015000
32.633333	1	0.005875
32.650000	1	-0.002000
32.666667	1	-0.009500
32.683333	1	-0.016375
32.700000	1	-0.023000
32.716667	1	-0.029250
32.733333	1	-0.034500
32.750000	1	-0.039375
32.766667	1	-0.043625
32.783333	1	-0.046875
32.800000	1	-0.050250
32.816667	1	-0.052750
32.833333	1	-0.055750
32.850000	1	-0.057500
32.866667	1	-0.059500
32.883333	1	-0.060625
32.900000	1	-0.062875
32.916667	1	-0.064625
32.933333	1	-0.065750
32.950000	1	-0.066000
32.966667	1	-0.066000
32.983333	1	-0.065875
33.000000	1	-0.065250
33.016667	1	-0.065125
33.033333	1	-0.065250
33.050000	1	-0.065000
33.066667	1	-0.064250
33.083333	1	-0.063125
33.100000	1	-0.062000
33.116667	1	-0.061000
33.133333	1	-0.059750
33.150000	1	-0.058250
33.166667	1	-0.057125
33.183333	1	-0.056000
33.200000	1	-0.054250
33.216667	1	-0.052875
33.233333	1	-0.051875
33.250000	1	-0.051500
33.266667	1	-0.050250
33.283333	1	-0.049625
33.300000	1	-0.049125
33.316667	1	-0.047500
33.333333	1	-0.046250
33.350000	1	-0.045375
33.366667	1	-0.044500
33.383333	1	-0.043875
33.400000	1	-0.043000
33.416667	1	-0.042750
33.433333	1	-0.042000
33.450000	1	-0.040625
33.466667	1	-0.039500
33.483333	1	-0.038500
33.500000	1	-0.037750
33.516667	1	-0.036625
33.533333	1	-0.035250
33.550000	1	-0.034375
33.566667	1	-0.032750
33.583333	1	-0.031000
33.600000	1	-0.029000
33.616667	1	-0.026750
33.633333	1	-0.024875
33.650000	1	-0.022000
33.666667	1	-0.019750
33.683333	1	-0.017000
33.700000	1	-0.014750
33.716667	1	-0.010625
33.733333	1	-0.007750
33.750000	1	-0.003875
33.766667	1	-0.000875
33.783333	1	0.002250
33.800000	1	0.005625
33.816667	1	0.009500
33.833333	1	0.013125
33.850000	1	0.016625
33.866667	1	0.020625
33.883333	1	0.024000
33.900000	1	0.027500
33.916667	1	0.030875
33.933333	1	0.034125
33.950000	1	0.037375
33.966667	1	0.039250
33.983333	1	0.041250
34.000000	1	0.043250
34.016667	1	0.045250
34.033333	1	0.047250
34.050000	1	0.049000
34.066667	1	0.050000
34.083333	1	0.050875
34.100000	1	0.051250
34.116667	1	0.051625
34.133333	1	0.051375
34.150000	1	0.051375
34.166667	1	0.051000
34.183333	1	0.050750
34.200000	1	0.050125
34.216667	1	0.048875
34.233333	1	0.047625
34.250000	1	0.047000
34.266667	1	0.045750
34.283333	1	0.045375
34.300000	1	0.043875
34.316667	1	0.043125
34.333333	1	0.042250
34.350000	1	0.041750
34.366667	1	0.041750
34.383333	1	0.041000
34.400000	1	0.040500
34.416667	1	0.040250
34.433333	1	0.040125
34.450000	1	0.041000
34.466667	1	0.041000
34.483333	1	0.041625
34.500000	1	0.043375
34.516667	1	0.043750
34.533333	1	0.045625
34.550000	1	0.047250
34.566667	1	0.048375
34.583333	1	0.049250
34.600000	1	0.051125
34.616667	1	0.052500
34.633333	1	0.053750
34.650000	1	0.054500
34.666667	1	0.055625
34.683333	1	0.056375
34.700000	1	0.057125
34.716667	1	0.057000
34.733333	1	0.057625
34.750000	1	0.058125
34.766667	1	0.058125
34.783333	1	0.057000
34.800000	1	0.056250
34.816667	1	0.054750
34.833333	1	0.053625
34.850000	1	0.053125
34.866667	1	0.051750
34.883333	1	0.050250
34.900000	1	0.048750
34.916667	1	0.046625
34.933333	1	0.044625
34.950000	1	0.042500
34.966667	1	0.040250
34.983333	1	0.038250
35.000000	1	0.035500
35.016667	1	0.032500
35.033333	1	0.029875
35.050000	1	0.027375
35.066667	1	0.024125
35.083333	1	0.021125
35.100000	1	0.019125
35.116667	1	0.016875
35.133333	1	0.014250
35.150000	1	0.012375
35.166667	1	0.009375
35.183333	1	0.006875
35.200000	1	0.005125
35.216667	1	0.002875
35.233333	1	0.000875
35.250000	1	-0.000625
35.266667	1	-0.002375
35.283333	1	-0.004000
35.300000	1	-0.005625
35.316667	1	-0.006875
35.333333	1	-0.008000
35.350000	1	-0.008750
35.366667	1	-0.009750
35.383333	1	-0.010625
35.400000	1	-0.011125
35.416667	1	-0.011750
35.433333	1	-0.012125
35.450000	1	-0.012750
35.466667	1	-0.012875
35.483333	1	-0.013125
35.500000	1	-0.013000
35.516667	1	-0.013000
35.533333	1	-0.012875
35.550000	1	-0.012500
35.566667	1	-0.011875
35.583333	1	-0.011000
35.600000	1	-0.009625
35.616667	1	-0.009000
35.633333	1	-0.008250
35.650000	1	-0.007125
35.666667	1	-0.006125
35.683333	1	-0.004875
35.700000	1	-0.003250
35.716667	1	-0.001000
35.733333	1	0.001250
35.750000	1	0.003250
35.766667	1	0.005625
35.783333	1	0.007750
35.800000	1	0.009375
35.816667	1	0.012625
35.833333	1	0.015125
35.850000	1	0.018000
35.866667	1	0.020375
35.883333	1	0.023125
35.900000	1	0.026000
35.916667	1	0.029125
35.933333	1	0.032625
35.950000	1	0.035750
35.966667	1	0.038875
35.983333	1	0.040500
36.000000	1	0.043250
36.016667	1	0.045000
36.033333	1	0.047500
36.050000	1	0.049625
36.066667	1	0.052375
36.083333	1	0.054750
36.100000	1	0.057000
36.116667	1	0.058500
36.133333	1	0.060000
36.150000	1	0.062500
36.166667	1	0.063750
36.183333	1	0.065250
36.200000	1	0.066250
36.216667	1	0.067375
36.233333	1	0.068500
36.250000	1	0.068875
36.266667	1	0.069250
36.283333	1	0.070750
36.300000	1	0.071625
36.316667	1	0.072250
36.333333	1	0.073500
36.350000	1	0.074500
36.366667	1	0.075500
36.383333	1	0.075875
36.400000	1	0.076000
36.416667	1	0.076500
36.433333	1	0.076750
36.450000	1	0.076875
36.466667	1	0.077375
36.483333	1	0.077750
36.500000	1	0.077500
36.516667	1	0.077125
36.533333	1	0.076500
36.550000	1	0.076000
36.566667	1	0.075500
36.583333	1	0.075000
36.600000	1	0.074000
36.616667	1	0.072750
36.633333	1	0.071125
36.650000	1	0.069125
36.666667	1	0.067250
36.683333	1	0.065750
36.700000	1	0.063875
36.716667	1	0.061625
36.733333	1	0.059500
36.750000	1	0.056625
36.766667	1	0.053750
36.783333	1	0.050625
36.800000	1	0.047750
36.816667	1	0.044875
36.833333	1	0.042500
36.850000	1	0.038750
36.866667	1	0.036375
36.883333	1	0.033750
36.900000	1	0.031125
36.916667	1	0.028000
36.933333	1	0.025125
36.950000	1	0.022000
36.966667	1	0.019125
36.983333	1	0.016375
37.000000	1	0.014125
37.016667	1	0.011750
37.033333	1	0.009250
37.050000	1	0.007250
37.066667	1	0.004750
37.083333	1	0.001875
37.100000	1	-0.000375
37.116667	1	-0.001875
37.133333	1	-0.004000
37.150000	1	-0.005500
37.166667	1	-0.008000
37.183333	1	-0.010000
37.200000	1	-0.012250
37.216667	1	-0.014500
37.233333	1	-0.016125
37.250000	1	-0.017500
37.266667	1	-0.018625
37.283333	1	-0.019625
37.300000	1	-0.020625
37.316667	1	-0.021625
37.333333	1	-0.022500
37.350000	1	-0.023000
37.366667	1	-0.023250
37.383333	1	-0.024125
37.400000	1	-0.024000
37.416667	1	-0.024000
37.433333	1	-0.024000
37.450000	1	-0.024125
37.466667	1	-0.023500
37.483333	1	-0.022750
37.500000	1	-0.022000
37.516667	1	-0.021500
37.533333	1	-0.020750
37.550000	1	-0.019750
37.566667	1	-0.019750
37.583333	1	-0.019000
37.600000	1	-0.018375
37.616667	1	-0.018125
37.633333	1	-0.018000
37.650000	1	-0.017750
37.666667	1	-0.018875
37.683333	1	-0.018750
37.700000	1	-0.019250
37.716667	1	-0.020750
37.733333	1	-0.021375
37.750000	1	-0.022625
37.766667	1	-0.024000
37.783333	1	-0.025750
37.800000	1	-0.027750
37.816667	1	-0.029750
37.833333	1	-0.032375
37.850000	1	-0.034875
37.866667	1	-0.037500
37.883333	1	-0.039625
37.900000	1	-0.042500
37.916667	1	-0.044625
37.933333	1	-0.047750
37.950000	1	-0.050875
37.966667	1	-0.054125
37.983333	1	-0.056500
38.000000	1	-0.059750
38.016667	1	-0.062875
38.033333	1	-0.065375
38.050000	1	-0.067875
38.066667	1	-0.070500
38.083333	1	-0.073250
38.100000	1	-0.075375
38.116667	1	-0.077500
38.133333	1	-0.079125
38.150000	1	-0.080125
38.166667	1	-0.081625
38.183333	1	-0.082625
38.200000	1	-0.083250
38.216667	1	-0.083750
38.233333	1	-0.084000
38.250000	1	-0.084000
38.266667	1	-0.083875
38.283333	1	-0.083750
38.300000	1	-0.083000
38.316667	1	-0.082500
38.333333	1	-0.081000
38.350000	1	-0.079375
38.366667	1	-0.077375
38.383333	1	-0.076500
38.400000	1	-0.074625
38.416667	1	-0.072625
38.433333	1	-0.071250
38.450000	1	-0.069500
38.466667	1	-0.067625
38.483333	1	-0.065625
38.500000	1	-0.063875
38.516667	1	-0.061875
38.533333	1	-0.059750
38.550000	1	-0.057750
38.566667	1	-0.056625
38.583333	1	-0.054250
38.600000	1	-0.052125
38.616667	1	-0.050375
38.633333	1	-0.048750
38.650000	1	-0.047250
38.666667	1	-0.045750
38.683333	1	-0.044125
38.700000	1	-0.041875
38.716667	1	-0.041000
38.733333	1	-0.039375
38.750000	1	-0.037875
38.766667	1	-0.037000
38.783333	1	-0.035375
38.800000	1	-0.034500
38.816667	1	-0.033625
38.833333	1	-0.031750
38.850000	1	-0.030375
38.866667	1	-0.028500
38.883333	1	-0.028000
38.900000	1	-0.027000
38.916667	1	-0.026875
38.933333	1	-0.025750
38.950000	1	-0.024625
38.966667	1	-0.023625
38.983333	1	-0.023125
39.000000	1	-0.022250
39.016667	1	-0.021875
39.033333	1	-0.021875
39.050000	1	-0.022375
39.066667	1	-0.021125
39.083333	1	-0.021375
39.100000	1	-0.021125
39.116667	1	-0.021250
39.133333	1	-0.021625
39.150000	1	-0.021625
39.166667	1	-0.022000
39.183333	1	-0.022250
39.200000	1	-0.022875
39.216667	1	-0.023125
39.233333	1	-0.023625
39.250000	1	-0.023750
39.266667	1	-0.024500
39.283333	1	-0.024625
39.300000	1	-0.025750
39.316667	1	-0.026375
39.333333	1	-0.027375
39.350000	1	-0.027500
39.366667	1	-0.028125
39.383333	1	-0.029875
39.400000	1	-0.030875
39.416667	1	-0.032375
39.433333	1	-0.033750
39.450000	1	-0.035750
39.466667	1	-0.036500
39.483333	1	-0.037000
39.500000	1	-0.038125
39.516667	1	-0.039250
39.533333	1	-0.040500
39.550000	1	-0.042500
39.566667	1	-0.044000
39.583333	1	-0.046375
39.600000	1	-0.047875
39.616667	1	-0.049000
39.633333	1	-0.049875
39.650000	1	-0.051375
39.666667	1	-0.053000
39.683333	1	-0.053375
39.700000	1	-0.054125
39.716667	1	-0.055125
39.733333	1	-0.055750
39.750000	1	-0.057000
39.766667	1	-0.057500
39.783333	1	-0.057375
39.800000	1	-0.057875
39.816667	1	-0.058625
39.833333	1	-0.059000
39.850000	1	-0.059625
39.866667	1	-0.060000
39.883333	1	-0.059000
39.900000	1	-0.059250
39.916667	1	-0.059375
39.933333	1	-0.060125
39.950000	1	-0.060000
39.966667	1	-0.060250
39.983333	1	-0.060125
40.000000	1	-0.060375
