URL	chrom://7040-86g6c92/XVault/Ultimate_3000/20/20240517_CMO_FP23_FP25_MarkusDeplate.seq/432.smp/RI_1.channel/RI_1.chm
Channel	RI_1

Injection Information:
Data Vault	XVault
Sequence	20240517_CMO_FP23_FP25_MarkusDeplate
Name	FP26_19_s5
Number	88
Position	BA5
Comment	
Processing Method	
Instrument Method	run_25B_method
Type	Unknown
Status	Finished
Inject Time	30.05.2024 06:07:36 +02:00
Volume (µl)	20.0000
Dilution Factor	1.0000
Weight	1.0000

Chromatogram Data Information:
Time Min. (min)	0.000000
Time Max. (min)	40.000000
Data Points	2401
Detector	RI
Generating Data System	Chromeleon 7.3.2.11814
Exporting Data System	Chromeleon 7.3.2.0
Operator	Instrument Controller
Signal Quantity	Refractive 
Signal Unit	µRIU
Signal Min.	-0.777250
Signal Max.	54.655250
Channel	RI_1
Driver Name	RID520Driver.dll
Channel Type	Evaluation
Min. Step (s)	1
Max. Step (s)	1
Average Step (s)	1

Signal Parameter Information:
Signal Info	

Chromatogram Data:
Time (min)	Step (s)	Value (µRIU)
0.000000	n.a.	0.038500
0.016667	1	0.039250
0.033333	1	0.040625
0.050000	1	0.044000
0.066667	1	0.047000
0.083333	1	0.049375
0.100000	1	0.051500
0.116667	1	0.053875
0.133333	1	0.056375
0.150000	1	0.058750
0.166667	1	0.060500
0.183333	1	0.063250
0.200000	1	0.066125
0.216667	1	0.068875
0.233333	1	0.070875
0.250000	1	0.073875
0.266667	1	0.076125
0.283333	1	0.078500
0.300000	1	0.080500
0.316667	1	0.082500
0.333333	1	0.083625
0.350000	1	0.084375
0.366667	1	0.085375
0.383333	1	0.084625
0.400000	1	0.084625
0.416667	1	0.085250
0.433333	1	0.087375
0.450000	1	0.089000
0.466667	1	0.090500
0.483333	1	0.091625
0.500000	1	0.092625
0.516667	1	0.091875
0.533333	1	0.091375
0.550000	1	0.089875
0.566667	1	0.087875
0.583333	1	0.084625
0.600000	1	0.080125
0.616667	1	0.076625
0.633333	1	0.073000
0.650000	1	0.070000
0.666667	1	0.067000
0.683333	1	0.064375
0.700000	1	0.062125
0.716667	1	0.060625
0.733333	1	0.058250
0.750000	1	0.056000
0.766667	1	0.053875
0.783333	1	0.052250
0.800000	1	0.050875
0.816667	1	0.049500
0.833333	1	0.048000
0.850000	1	0.047250
0.866667	1	0.046375
0.883333	1	0.045000
0.900000	1	0.043875
0.916667	1	0.043250
0.933333	1	0.042625
0.950000	1	0.041875
0.966667	1	0.041125
0.983333	1	0.040375
1.000000	1	0.040000
1.016667	1	0.040000
1.033333	1	0.040125
1.050000	1	0.039125
1.066667	1	0.038500
1.083333	1	0.037875
1.100000	1	0.038000
1.116667	1	0.037250
1.133333	1	0.037000
1.150000	1	0.036625
1.166667	1	0.036125
1.183333	1	0.036125
1.200000	1	0.035625
1.216667	1	0.035500
1.233333	1	0.035250
1.250000	1	0.034500
1.266667	1	0.033250
1.283333	1	0.032125
1.300000	1	0.031250
1.316667	1	0.030375
1.333333	1	0.029000
1.350000	1	0.028125
1.366667	1	0.027125
1.383333	1	0.026000
1.400000	1	0.025250
1.416667	1	0.024125
1.433333	1	0.023000
1.450000	1	0.021625
1.466667	1	0.020125
1.483333	1	0.019500
1.500000	1	0.017750
1.516667	1	0.016750
1.533333	1	0.015625
1.550000	1	0.014875
1.566667	1	0.013125
1.583333	1	0.011875
1.600000	1	0.010625
1.616667	1	0.009250
1.633333	1	0.008125
1.650000	1	0.007875
1.666667	1	0.006375
1.683333	1	0.005250
1.700000	1	0.004250
1.716667	1	0.003625
1.733333	1	0.002500
1.750000	1	0.001750
1.766667	1	0.001500
1.783333	1	0.000750
1.800000	1	0.001000
1.816667	1	0.000750
1.833333	1	0.001375
1.850000	1	0.001375
1.866667	1	0.001750
1.883333	1	0.002125
1.900000	1	0.002750
1.916667	1	0.003375
1.933333	1	0.004125
1.950000	1	0.005125
1.966667	1	0.006125
1.983333	1	0.007125
2.000000	1	0.008375
2.016667	1	0.009125
2.033333	1	0.011125
2.050000	1	0.012875
2.066667	1	0.013875
2.083333	1	0.015875
2.100000	1	0.017000
2.116667	1	0.018375
2.133333	1	0.019500
2.150000	1	0.020750
2.166667	1	0.022250
2.183333	1	0.024000
2.200000	1	0.025125
2.216667	1	0.027000
2.233333	1	0.028875
2.250000	1	0.030875
2.266667	1	0.032625
2.283333	1	0.035000
2.300000	1	0.036250
2.316667	1	0.038125
2.333333	1	0.040250
2.350000	1	0.041625
2.366667	1	0.043250
2.383333	1	0.044875
2.400000	1	0.046000
2.416667	1	0.047250
2.433333	1	0.047875
2.450000	1	0.048875
2.466667	1	0.050375
2.483333	1	0.051125
2.500000	1	0.052125
2.516667	1	0.052875
2.533333	1	0.052875
2.550000	1	0.053500
2.566667	1	0.053875
2.583333	1	0.054000
2.600000	1	0.054375
2.616667	1	0.054500
2.633333	1	0.054375
2.650000	1	0.054250
2.666667	1	0.053750
2.683333	1	0.052750
2.700000	1	0.052625
2.716667	1	0.051875
2.733333	1	0.051875
2.750000	1	0.051125
2.766667	1	0.050375
2.783333	1	0.049500
2.800000	1	0.049500
2.816667	1	0.048750
2.833333	1	0.047875
2.850000	1	0.046625
2.866667	1	0.045125
2.883333	1	0.044000
2.900000	1	0.042375
2.916667	1	0.041250
2.933333	1	0.039875
2.950000	1	0.038125
2.966667	1	0.036875
2.983333	1	0.035750
3.000000	1	0.033750
3.016667	1	0.032625
3.033333	1	0.031750
3.050000	1	0.030125
3.066667	1	0.028250
3.083333	1	0.027750
3.100000	1	0.027375
3.116667	1	0.026500
3.133333	1	0.026125
3.150000	1	0.026250
3.166667	1	0.026250
3.183333	1	0.026125
3.200000	1	0.026500
3.216667	1	0.027125
3.233333	1	0.028375
3.250000	1	0.029875
3.266667	1	0.030625
3.283333	1	0.031750
3.300000	1	0.033750
3.316667	1	0.035625
3.333333	1	0.037500
3.350000	1	0.039250
3.366667	1	0.041500
3.383333	1	0.043500
3.400000	1	0.045750
3.416667	1	0.047625
3.433333	1	0.049875
3.450000	1	0.052375
3.466667	1	0.054125
3.483333	1	0.056000
3.500000	1	0.058625
3.516667	1	0.060000
3.533333	1	0.062625
3.550000	1	0.063875
3.566667	1	0.065375
3.583333	1	0.066875
3.600000	1	0.068000
3.616667	1	0.069500
3.633333	1	0.070625
3.650000	1	0.071625
3.666667	1	0.072375
3.683333	1	0.072375
3.700000	1	0.072500
3.716667	1	0.073375
3.733333	1	0.074125
3.750000	1	0.075000
3.766667	1	0.075500
3.783333	1	0.075125
3.800000	1	0.074500
3.816667	1	0.075375
3.833333	1	0.075250
3.850000	1	0.075250
3.866667	1	0.075000
3.883333	1	0.074875
3.900000	1	0.074625
3.916667	1	0.074125
3.933333	1	0.073875
3.950000	1	0.073500
3.966667	1	0.073000
3.983333	1	0.072375
4.000000	1	0.072250
4.016667	1	0.071375
4.033333	1	0.071500
4.050000	1	0.071500
4.066667	1	0.071000
4.083333	1	0.070875
4.100000	1	0.070250
4.116667	1	0.070000
4.133333	1	0.069625
4.150000	1	0.069250
4.166667	1	0.069375
4.183333	1	0.069000
4.200000	1	0.068250
4.216667	1	0.068500
4.233333	1	0.068625
4.250000	1	0.067750
4.266667	1	0.067750
4.283333	1	0.068125
4.300000	1	0.067500
4.316667	1	0.067625
4.333333	1	0.066875
4.350000	1	0.066750
4.366667	1	0.066250
4.383333	1	0.066125
4.400000	1	0.066125
4.416667	1	0.066250
4.433333	1	0.066625
4.450000	1	0.066625
4.466667	1	0.066500
4.483333	1	0.066375
4.500000	1	0.066125
4.516667	1	0.066375
4.533333	1	0.066500
4.550000	1	0.066375
4.566667	1	0.066500
4.583333	1	0.065875
4.600000	1	0.065625
4.616667	1	0.065500
4.633333	1	0.065125
4.650000	1	0.065375
4.666667	1	0.065375
4.683333	1	0.065250
4.700000	1	0.065750
4.716667	1	0.065750
4.733333	1	0.066000
4.750000	1	0.066000
4.766667	1	0.066000
4.783333	1	0.066125
4.800000	1	0.066750
4.816667	1	0.067500
4.833333	1	0.068250
4.850000	1	0.069375
4.866667	1	0.070250
4.883333	1	0.071125
4.900000	1	0.072125
4.916667	1	0.073250
4.933333	1	0.073750
4.950000	1	0.075000
4.966667	1	0.076625
4.983333	1	0.078500
5.000000	1	0.080625
5.016667	1	0.082625
5.033333	1	0.084500
5.050000	1	0.086875
5.066667	1	0.089500
5.083333	1	0.092375
5.100000	1	0.094875
5.116667	1	0.097750
5.133333	1	0.100875
5.150000	1	0.104125
5.166667	1	0.108000
5.183333	1	0.112000
5.200000	1	0.116125
5.216667	1	0.120500
5.233333	1	0.123875
5.250000	1	0.127875
5.266667	1	0.132250
5.283333	1	0.136250
5.300000	1	0.140750
5.316667	1	0.145250
5.333333	1	0.149875
5.350000	1	0.154625
5.366667	1	0.159500
5.383333	1	0.164125
5.400000	1	0.169375
5.416667	1	0.173500
5.433333	1	0.178625
5.450000	1	0.182875
5.466667	1	0.187625
5.483333	1	0.191125
5.500000	1	0.195375
5.516667	1	0.199750
5.533333	1	0.204125
5.550000	1	0.208250
5.566667	1	0.212125
5.583333	1	0.215500
5.600000	1	0.218625
5.616667	1	0.222125
5.633333	1	0.225375
5.650000	1	0.228625
5.666667	1	0.231750
5.683333	1	0.235000
5.700000	1	0.237625
5.716667	1	0.240000
5.733333	1	0.242000
5.750000	1	0.244625
5.766667	1	0.246750
5.783333	1	0.249000
5.800000	1	0.250750
5.816667	1	0.252625
5.833333	1	0.253625
5.850000	1	0.254500
5.866667	1	0.255000
5.883333	1	0.256375
5.900000	1	0.257250
5.916667	1	0.257250
5.933333	1	0.256125
5.950000	1	0.255625
5.966667	1	0.254875
5.983333	1	0.254750
6.000000	1	0.253375
6.016667	1	0.251875
6.033333	1	0.251000
6.050000	1	0.249500
6.066667	1	0.247000
6.083333	1	0.244875
6.100000	1	0.242375
6.116667	1	0.240000
6.133333	1	0.236625
6.150000	1	0.234125
6.166667	1	0.231000
6.183333	1	0.227875
6.200000	1	0.225000
6.216667	1	0.222000
6.233333	1	0.218625
6.250000	1	0.215000
6.266667	1	0.211625
6.283333	1	0.208500
6.300000	1	0.205375
6.316667	1	0.201250
6.333333	1	0.197750
6.350000	1	0.195000
6.366667	1	0.192500
6.383333	1	0.189000
6.400000	1	0.185750
6.416667	1	0.184000
6.433333	1	0.181500
6.450000	1	0.179500
6.466667	1	0.177250
6.483333	1	0.174625
6.500000	1	0.172750
6.516667	1	0.170750
6.533333	1	0.168500
6.550000	1	0.167375
6.566667	1	0.165875
6.583333	1	0.165000
6.600000	1	0.163875
6.616667	1	0.162750
6.633333	1	0.162125
6.650000	1	0.161250
6.666667	1	0.160750
6.683333	1	0.159625
6.700000	1	0.158625
6.716667	1	0.157375
6.733333	1	0.156875
6.750000	1	0.155375
6.766667	1	0.155750
6.783333	1	0.155500
6.800000	1	0.154750
6.816667	1	0.153750
6.833333	1	0.153250
6.850000	1	0.152250
6.866667	1	0.151375
6.883333	1	0.150750
6.900000	1	0.150250
6.916667	1	0.149000
6.933333	1	0.147875
6.950000	1	0.147375
6.966667	1	0.146375
6.983333	1	0.145500
7.000000	1	0.145375
7.016667	1	0.144750
7.033333	1	0.144625
7.050000	1	0.143500
7.066667	1	0.143125
7.083333	1	0.142000
7.100000	1	0.141375
7.116667	1	0.141375
7.133333	1	0.141000
7.150000	1	0.141375
7.166667	1	0.141750
7.183333	1	0.142250
7.200000	1	0.142500
7.216667	1	0.143375
7.233333	1	0.143375
7.250000	1	0.144375
7.266667	1	0.145750
7.283333	1	0.147375
7.300000	1	0.148875
7.316667	1	0.150750
7.333333	1	0.152375
7.350000	1	0.154500
7.366667	1	0.156500
7.383333	1	0.158625
7.400000	1	0.160875
7.416667	1	0.163375
7.433333	1	0.166125
7.450000	1	0.168250
7.466667	1	0.171250
7.483333	1	0.174000
7.500000	1	0.176125
7.516667	1	0.178375
7.533333	1	0.180250
7.550000	1	0.182625
7.566667	1	0.184875
7.583333	1	0.186500
7.600000	1	0.188000
7.616667	1	0.189250
7.633333	1	0.190375
7.650000	1	0.191125
7.666667	1	0.191875
7.683333	1	0.192125
7.700000	1	0.192750
7.716667	1	0.193625
7.733333	1	0.194250
7.750000	1	0.193750
7.766667	1	0.193000
7.783333	1	0.192500
7.800000	1	0.191500
7.816667	1	0.190500
7.833333	1	0.189625
7.850000	1	0.188375
7.866667	1	0.187000
7.883333	1	0.185500
7.900000	1	0.183750
7.916667	1	0.181375
7.933333	1	0.179250
7.950000	1	0.176750
7.966667	1	0.174625
7.983333	1	0.172250
8.000000	1	0.169500
8.016667	1	0.167125
8.033333	1	0.164250
8.050000	1	0.161375
8.066667	1	0.158250
8.083333	1	0.155375
8.100000	1	0.152500
8.116667	1	0.149750
8.133333	1	0.147125
8.150000	1	0.143875
8.166667	1	0.141125
8.183333	1	0.138500
8.200000	1	0.136125
8.216667	1	0.133500
8.233333	1	0.131500
8.250000	1	0.130000
8.266667	1	0.128875
8.283333	1	0.126375
8.300000	1	0.124875
8.316667	1	0.124250
8.333333	1	0.122625
8.350000	1	0.121250
8.366667	1	0.120875
8.383333	1	0.120750
8.400000	1	0.120125
8.416667	1	0.118250
8.433333	1	0.117625
8.450000	1	0.117250
8.466667	1	0.117250
8.483333	1	0.117250
8.500000	1	0.117250
8.516667	1	0.116250
8.533333	1	0.116000
8.550000	1	0.115500
8.566667	1	0.114000
8.583333	1	0.113250
8.600000	1	0.112250
8.616667	1	0.110875
8.633333	1	0.109125
8.650000	1	0.108500
8.666667	1	0.107000
8.683333	1	0.105375
8.700000	1	0.103375
8.716667	1	0.101500
8.733333	1	0.099875
8.750000	1	0.098125
8.766667	1	0.096000
8.783333	1	0.094000
8.800000	1	0.091625
8.816667	1	0.089125
8.833333	1	0.086500
8.850000	1	0.084625
8.866667	1	0.082625
8.883333	1	0.080625
8.900000	1	0.078125
8.916667	1	0.076000
8.933333	1	0.074500
8.950000	1	0.073000
8.966667	1	0.072500
8.983333	1	0.070750
9.000000	1	0.069000
9.016667	1	0.067500
9.033333	1	0.066625
9.050000	1	0.064125
9.066667	1	0.064000
9.083333	1	0.063375
9.100000	1	0.063125
9.116667	1	0.061875
9.133333	1	0.061750
9.150000	1	0.061750
9.166667	1	0.061875
9.183333	1	0.062250
9.200000	1	0.062125
9.216667	1	0.062875
9.233333	1	0.062750
9.250000	1	0.063125
9.266667	1	0.063125
9.283333	1	0.063625
9.300000	1	0.064125
9.316667	1	0.064375
9.333333	1	0.064625
9.350000	1	0.065000
9.366667	1	0.065125
9.383333	1	0.065750
9.400000	1	0.065500
9.416667	1	0.065250
9.433333	1	0.064875
9.450000	1	0.065375
9.466667	1	0.065500
9.483333	1	0.065125
9.500000	1	0.065500
9.516667	1	0.065000
9.533333	1	0.064375
9.550000	1	0.064000
9.566667	1	0.063000
9.583333	1	0.061875
9.600000	1	0.061125
9.616667	1	0.060000
9.633333	1	0.059625
9.650000	1	0.058375
9.666667	1	0.057875
9.683333	1	0.057375
9.700000	1	0.056500
9.716667	1	0.055875
9.733333	1	0.054500
9.750000	1	0.054750
9.766667	1	0.054375
9.783333	1	0.054000
9.800000	1	0.053375
9.816667	1	0.052625
9.833333	1	0.052375
9.850000	1	0.051250
9.866667	1	0.050500
9.883333	1	0.050875
9.900000	1	0.051750
9.916667	1	0.051375
9.933333	1	0.051500
9.950000	1	0.052500
9.966667	1	0.053500
9.983333	1	0.054625
10.000000	1	0.056750
10.016667	1	0.059250
10.033333	1	0.062250
10.050000	1	0.065500
10.066667	1	0.070375
10.083333	1	0.076125
10.100000	1	0.082625
10.116667	1	0.090375
10.133333	1	0.097750
10.150000	1	0.107000
10.166667	1	0.117125
10.183333	1	0.129000
10.200000	1	0.141625
10.216667	1	0.155875
10.233333	1	0.171000
10.250000	1	0.188500
10.266667	1	0.208000
10.283333	1	0.230250
10.300000	1	0.255250
10.316667	1	0.282250
10.333333	1	0.312125
10.350000	1	0.344625
10.366667	1	0.380000
10.383333	1	0.417500
10.400000	1	0.453875
10.416667	1	0.484625
10.433333	1	0.502625
10.450000	1	0.498375
10.466667	1	0.465750
10.483333	1	0.405500
10.500000	1	0.335250
10.516667	1	0.292375
10.533333	1	0.338625
10.550000	1	0.551875
10.566667	1	1.022375
10.583333	1	1.838375
10.600000	1	3.079375
10.616667	1	4.807500
10.633333	1	7.064500
10.650000	1	9.873125
10.666667	1	13.238875
10.683333	1	17.147375
10.700000	1	21.561375
10.716667	1	26.411875
10.733333	1	31.584500
10.750000	1	36.908750
10.766667	1	42.133375
10.783333	1	46.931250
10.800000	1	50.894000
10.816667	1	53.588625
10.833333	1	54.655250
10.850000	1	53.919500
10.866667	1	51.458625
10.883333	1	47.592625
10.900000	1	42.796875
10.916667	1	37.574625
10.933333	1	32.352750
10.950000	1	27.433750
10.966667	1	22.998000
10.983333	1	19.128125
11.000000	1	15.837875
11.016667	1	13.096125
11.033333	1	10.853125
11.050000	1	9.040875
11.066667	1	7.590125
11.083333	1	6.435750
11.100000	1	5.519000
11.116667	1	4.788375
11.133333	1	4.204500
11.150000	1	3.734500
11.166667	1	3.353000
11.183333	1	3.039750
11.200000	1	2.779375
11.216667	1	2.561250
11.233333	1	2.376000
11.250000	1	2.217125
11.266667	1	2.080250
11.283333	1	1.960500
11.300000	1	1.855375
11.316667	1	1.763500
11.333333	1	1.681625
11.350000	1	1.610375
11.366667	1	1.546875
11.383333	1	1.491500
11.400000	1	1.442625
11.416667	1	1.398875
11.433333	1	1.361000
11.450000	1	1.327125
11.466667	1	1.298750
11.483333	1	1.274500
11.500000	1	1.253625
11.516667	1	1.236000
11.533333	1	1.221875
11.550000	1	1.210375
11.566667	1	1.201375
11.583333	1	1.194375
11.600000	1	1.189375
11.616667	1	1.184500
11.633333	1	1.179125
11.650000	1	1.173875
11.666667	1	1.169250
11.683333	1	1.163750
11.700000	1	1.158125
11.716667	1	1.153000
11.733333	1	1.148500
11.750000	1	1.143000
11.766667	1	1.138750
11.783333	1	1.136375
11.800000	1	1.134250
11.816667	1	1.133500
11.833333	1	1.133750
11.850000	1	1.134375
11.866667	1	1.135625
11.883333	1	1.137375
11.900000	1	1.139250
11.916667	1	1.142125
11.933333	1	1.145250
11.950000	1	1.148625
11.966667	1	1.152250
11.983333	1	1.156750
12.000000	1	1.161625
12.016667	1	1.166625
12.033333	1	1.172625
12.050000	1	1.179250
12.066667	1	1.186125
12.083333	1	1.193750
12.100000	1	1.201750
12.116667	1	1.211500
12.133333	1	1.221125
12.150000	1	1.233375
12.166667	1	1.247125
12.183333	1	1.263375
12.200000	1	1.281375
12.216667	1	1.303875
12.233333	1	1.329375
12.250000	1	1.359000
12.266667	1	1.391750
12.283333	1	1.426750
12.300000	1	1.463875
12.316667	1	1.503250
12.333333	1	1.543875
12.350000	1	1.587750
12.366667	1	1.636750
12.383333	1	1.693000
12.400000	1	1.762750
12.416667	1	1.853000
12.433333	1	1.970750
12.450000	1	2.123250
12.466667	1	2.320000
12.483333	1	2.568500
12.500000	1	2.873875
12.516667	1	3.239375
12.533333	1	3.664000
12.550000	1	4.143625
12.566667	1	4.669875
12.583333	1	5.230000
12.600000	1	5.810500
12.616667	1	6.395625
12.633333	1	6.972250
12.650000	1	7.527000
12.666667	1	8.049500
12.683333	1	8.534125
12.700000	1	8.975625
12.716667	1	9.371625
12.733333	1	9.718875
12.750000	1	10.012125
12.766667	1	10.239375
12.783333	1	10.382250
12.800000	1	10.417125
12.816667	1	10.321125
12.833333	1	10.080000
12.850000	1	9.699000
12.866667	1	9.201125
12.883333	1	8.628375
12.900000	1	8.021000
12.916667	1	7.414500
12.933333	1	6.831375
12.950000	1	6.282500
12.966667	1	5.773500
12.983333	1	5.307500
13.000000	1	4.884625
13.016667	1	4.506125
13.033333	1	4.171875
13.050000	1	3.878875
13.066667	1	3.623500
13.083333	1	3.402375
13.100000	1	3.211875
13.116667	1	3.046750
13.133333	1	2.903375
13.150000	1	2.779000
13.166667	1	2.668625
13.183333	1	2.571000
13.200000	1	2.484375
13.216667	1	2.406375
13.233333	1	2.335125
13.250000	1	2.269875
13.266667	1	2.209500
13.283333	1	2.153375
13.300000	1	2.101750
13.316667	1	2.054500
13.333333	1	2.009500
13.350000	1	1.968500
13.366667	1	1.930250
13.383333	1	1.896125
13.400000	1	1.864500
13.416667	1	1.836250
13.433333	1	1.811375
13.450000	1	1.790875
13.466667	1	1.773375
13.483333	1	1.760000
13.500000	1	1.750250
13.516667	1	1.743875
13.533333	1	1.740000
13.550000	1	1.738250
13.566667	1	1.737000
13.583333	1	1.735875
13.600000	1	1.733750
13.616667	1	1.728625
13.633333	1	1.721000
13.650000	1	1.710250
13.666667	1	1.695875
13.683333	1	1.678000
13.700000	1	1.657000
13.716667	1	1.633125
13.733333	1	1.607750
13.750000	1	1.582250
13.766667	1	1.555500
13.783333	1	1.529125
13.800000	1	1.503250
13.816667	1	1.479125
13.833333	1	1.455625
13.850000	1	1.433875
13.866667	1	1.412875
13.883333	1	1.393125
13.900000	1	1.375375
13.916667	1	1.358125
13.933333	1	1.342125
13.950000	1	1.326500
13.966667	1	1.313125
13.983333	1	1.300125
14.000000	1	1.287000
14.016667	1	1.275375
14.033333	1	1.263875
14.050000	1	1.252375
14.066667	1	1.241750
14.083333	1	1.232000
14.100000	1	1.222250
14.116667	1	1.212875
14.133333	1	1.203375
14.150000	1	1.195500
14.166667	1	1.188250
14.183333	1	1.180875
14.200000	1	1.174750
14.216667	1	1.170375
14.233333	1	1.166875
14.250000	1	1.165000
14.266667	1	1.164625
14.283333	1	1.166250
14.300000	1	1.169625
14.316667	1	1.175500
14.333333	1	1.182750
14.350000	1	1.192000
14.366667	1	1.203750
14.383333	1	1.218625
14.400000	1	1.236000
14.416667	1	1.257250
14.433333	1	1.285375
14.450000	1	1.322250
14.466667	1	1.374375
14.483333	1	1.452250
14.500000	1	1.569625
14.516667	1	1.745750
14.533333	1	2.008500
14.550000	1	2.392375
14.566667	1	2.942000
14.583333	1	3.707875
14.600000	1	4.747625
14.616667	1	6.122000
14.633333	1	7.893000
14.650000	1	10.111125
14.666667	1	12.809375
14.683333	1	15.997375
14.700000	1	19.647125
14.716667	1	23.692250
14.733333	1	28.027250
14.750000	1	32.511750
14.766667	1	36.971000
14.783333	1	41.208625
14.800000	1	45.031375
14.816667	1	48.258375
14.833333	1	50.738875
14.850000	1	52.361500
14.866667	1	53.066500
14.883333	1	52.850875
14.900000	1	51.766500
14.916667	1	49.910500
14.933333	1	47.415125
14.950000	1	44.431250
14.966667	1	41.116625
14.983333	1	37.626500
15.000000	1	34.089875
15.016667	1	30.617125
15.033333	1	27.290375
15.050000	1	24.169375
15.066667	1	21.291875
15.083333	1	18.678500
15.100000	1	16.334250
15.116667	1	14.252000
15.133333	1	12.416500
15.150000	1	10.807125
15.166667	1	9.404500
15.183333	1	8.187750
15.200000	1	7.135000
15.216667	1	6.227625
15.233333	1	5.448875
15.250000	1	4.783750
15.266667	1	4.219500
15.283333	1	3.744500
15.300000	1	3.348250
15.316667	1	3.021500
15.333333	1	2.755375
15.350000	1	2.541750
15.366667	1	2.373000
15.383333	1	2.242125
15.400000	1	2.142000
15.416667	1	2.066875
15.433333	1	2.010625
15.450000	1	1.966750
15.466667	1	1.931375
15.483333	1	1.901125
15.500000	1	1.872250
15.516667	1	1.842500
15.533333	1	1.809625
15.550000	1	1.774125
15.566667	1	1.736375
15.583333	1	1.696125
15.600000	1	1.654500
15.616667	1	1.612750
15.633333	1	1.570625
15.650000	1	1.530625
15.666667	1	1.491750
15.683333	1	1.455500
15.700000	1	1.421125
15.716667	1	1.389875
15.733333	1	1.360625
15.750000	1	1.333125
15.766667	1	1.307750
15.783333	1	1.284375
15.800000	1	1.263000
15.816667	1	1.242500
15.833333	1	1.223250
15.850000	1	1.206000
15.866667	1	1.189750
15.883333	1	1.175500
15.900000	1	1.162500
15.916667	1	1.151000
15.933333	1	1.141875
15.950000	1	1.134875
15.966667	1	1.129375
15.983333	1	1.124875
16.000000	1	1.121875
16.016667	1	1.120625
16.033333	1	1.120750
16.050000	1	1.121875
16.066667	1	1.123250
16.083333	1	1.125375
16.100000	1	1.127625
16.116667	1	1.130375
16.133333	1	1.132625
16.150000	1	1.134625
16.166667	1	1.137000
16.183333	1	1.138625
16.200000	1	1.138750
16.216667	1	1.138000
16.233333	1	1.136375
16.250000	1	1.133125
16.266667	1	1.129375
16.283333	1	1.125125
16.300000	1	1.120250
16.316667	1	1.115625
16.333333	1	1.111125
16.350000	1	1.106625
16.366667	1	1.103000
16.383333	1	1.100750
16.400000	1	1.100375
16.416667	1	1.100250
16.433333	1	1.101500
16.450000	1	1.103125
16.466667	1	1.106750
16.483333	1	1.109000
16.500000	1	1.112500
16.516667	1	1.115125
16.533333	1	1.117750
16.550000	1	1.118625
16.566667	1	1.118125
16.583333	1	1.116000
16.600000	1	1.112250
16.616667	1	1.107750
16.633333	1	1.103250
16.650000	1	1.098000
16.666667	1	1.092250
16.683333	1	1.087750
16.700000	1	1.084125
16.716667	1	1.082125
16.733333	1	1.081750
16.750000	1	1.083250
16.766667	1	1.086000
16.783333	1	1.091375
16.800000	1	1.097125
16.816667	1	1.104625
16.833333	1	1.112500
16.850000	1	1.121125
16.866667	1	1.128625
16.883333	1	1.135625
16.900000	1	1.141375
16.916667	1	1.146250
16.933333	1	1.150000
16.950000	1	1.152375
16.966667	1	1.154375
16.983333	1	1.155000
17.000000	1	1.154125
17.016667	1	1.153750
17.033333	1	1.152750
17.050000	1	1.151750
17.066667	1	1.151500
17.083333	1	1.151250
17.100000	1	1.151625
17.116667	1	1.151875
17.133333	1	1.152625
17.150000	1	1.154500
17.166667	1	1.156125
17.183333	1	1.158500
17.200000	1	1.161500
17.216667	1	1.164375
17.233333	1	1.168125
17.250000	1	1.171250
17.266667	1	1.174125
17.283333	1	1.177000
17.300000	1	1.180500
17.316667	1	1.183625
17.333333	1	1.186750
17.350000	1	1.189500
17.366667	1	1.192375
17.383333	1	1.195250
17.400000	1	1.197250
17.416667	1	1.198750
17.433333	1	1.198625
17.450000	1	1.197750
17.466667	1	1.194750
17.483333	1	1.191250
17.500000	1	1.185750
17.516667	1	1.179000
17.533333	1	1.170375
17.550000	1	1.160750
17.566667	1	1.149625
17.583333	1	1.137625
17.600000	1	1.125125
17.616667	1	1.112250
17.633333	1	1.098125
17.650000	1	1.083750
17.666667	1	1.068500
17.683333	1	1.053625
17.700000	1	1.039500
17.716667	1	1.025750
17.733333	1	1.012125
17.750000	1	0.999125
17.766667	1	0.987500
17.783333	1	0.977250
17.800000	1	0.966875
17.816667	1	0.957625
17.833333	1	0.948750
17.850000	1	0.941000
17.866667	1	0.934250
17.883333	1	0.927750
17.900000	1	0.922000
17.916667	1	0.915875
17.933333	1	0.911125
17.950000	1	0.905625
17.966667	1	0.900375
17.983333	1	0.894750
18.000000	1	0.889500
18.016667	1	0.884500
18.033333	1	0.879750
18.050000	1	0.874500
18.066667	1	0.869500
18.083333	1	0.866000
18.100000	1	0.862500
18.116667	1	0.859500
18.133333	1	0.857500
18.150000	1	0.855375
18.166667	1	0.854250
18.183333	1	0.853500
18.200000	1	0.853375
18.216667	1	0.853875
18.233333	1	0.855125
18.250000	1	0.855125
18.266667	1	0.856500
18.283333	1	0.857625
18.300000	1	0.858625
18.316667	1	0.859750
18.333333	1	0.861375
18.350000	1	0.862875
18.366667	1	0.864625
18.383333	1	0.868125
18.400000	1	0.872125
18.416667	1	0.877750
18.433333	1	0.885500
18.450000	1	0.894375
18.466667	1	0.904375
18.483333	1	0.916750
18.500000	1	0.930500
18.516667	1	0.946500
18.533333	1	0.964750
18.550000	1	0.984750
18.566667	1	1.007375
18.583333	1	1.030375
18.600000	1	1.055500
18.616667	1	1.082375
18.633333	1	1.111000
18.650000	1	1.140375
18.666667	1	1.171125
18.683333	1	1.203250
18.700000	1	1.236000
18.716667	1	1.269875
18.733333	1	1.303750
18.750000	1	1.337500
18.766667	1	1.370250
18.783333	1	1.403000
18.800000	1	1.433875
18.816667	1	1.462375
18.833333	1	1.487625
18.850000	1	1.509125
18.866667	1	1.526250
18.883333	1	1.538625
18.900000	1	1.544750
18.916667	1	1.545375
18.933333	1	1.539625
18.950000	1	1.527875
18.966667	1	1.509375
18.983333	1	1.485750
19.000000	1	1.456000
19.016667	1	1.420125
19.033333	1	1.380375
19.050000	1	1.338375
19.066667	1	1.293625
19.083333	1	1.246250
19.100000	1	1.199375
19.116667	1	1.153250
19.133333	1	1.108125
19.150000	1	1.065125
19.166667	1	1.025375
19.183333	1	0.988500
19.200000	1	0.956500
19.216667	1	0.929000
19.233333	1	0.905875
19.250000	1	0.887625
19.266667	1	0.875500
19.283333	1	0.868125
19.300000	1	0.867000
19.316667	1	0.870750
19.333333	1	0.880250
19.350000	1	0.894375
19.366667	1	0.912750
19.383333	1	0.933750
19.400000	1	0.957875
19.416667	1	0.983375
19.433333	1	1.009500
19.450000	1	1.034875
19.466667	1	1.059125
19.483333	1	1.081000
19.500000	1	1.099250
19.516667	1	1.112875
19.533333	1	1.122875
19.550000	1	1.128625
19.566667	1	1.128875
19.583333	1	1.124500
19.600000	1	1.115000
19.616667	1	1.101625
19.633333	1	1.084125
19.650000	1	1.063125
19.666667	1	1.039875
19.683333	1	1.013875
19.700000	1	0.986375
19.716667	1	0.958000
19.733333	1	0.929000
19.750000	1	0.900000
19.766667	1	0.871250
19.783333	1	0.843375
19.800000	1	0.815875
19.816667	1	0.790125
19.833333	1	0.765250
19.850000	1	0.741750
19.866667	1	0.719750
19.883333	1	0.699500
19.900000	1	0.681375
19.916667	1	0.664875
19.933333	1	0.650000
19.950000	1	0.637625
19.966667	1	0.626500
19.983333	1	0.618750
20.000000	1	0.612750
20.016667	1	0.608375
20.033333	1	0.607750
20.050000	1	0.609375
20.066667	1	0.614250
20.083333	1	0.622375
20.100000	1	0.632750
20.116667	1	0.645750
20.133333	1	0.661125
20.150000	1	0.678875
20.166667	1	0.697500
20.183333	1	0.717750
20.200000	1	0.737125
20.216667	1	0.757000
20.233333	1	0.774500
20.250000	1	0.790000
20.266667	1	0.802500
20.283333	1	0.813000
20.300000	1	0.819000
20.316667	1	0.821750
20.333333	1	0.820125
20.350000	1	0.815125
20.366667	1	0.806000
20.383333	1	0.794000
20.400000	1	0.779375
20.416667	1	0.763125
20.433333	1	0.745750
20.450000	1	0.727625
20.466667	1	0.711125
20.483333	1	0.695875
20.500000	1	0.682875
20.516667	1	0.673500
20.533333	1	0.669250
20.550000	1	0.669500
20.566667	1	0.677375
20.583333	1	0.691750
20.600000	1	0.715125
20.616667	1	0.747375
20.633333	1	0.789750
20.650000	1	0.842125
20.666667	1	0.904750
20.683333	1	0.976875
20.700000	1	1.059500
20.716667	1	1.149125
20.733333	1	1.245375
20.750000	1	1.345750
20.766667	1	1.447875
20.783333	1	1.549625
20.800000	1	1.647000
20.816667	1	1.736875
20.833333	1	1.816250
20.850000	1	1.884000
20.866667	1	1.937000
20.883333	1	1.973125
20.900000	1	1.992125
20.916667	1	1.994750
20.933333	1	1.980375
20.950000	1	1.950250
20.966667	1	1.905625
20.983333	1	1.849625
21.000000	1	1.783375
21.016667	1	1.709875
21.033333	1	1.630750
21.050000	1	1.549000
21.066667	1	1.466250
21.083333	1	1.383750
21.100000	1	1.303625
21.116667	1	1.226625
21.133333	1	1.153750
21.150000	1	1.086125
21.166667	1	1.022875
21.183333	1	0.964375
21.200000	1	0.910500
21.216667	1	0.861750
21.233333	1	0.817750
21.250000	1	0.778250
21.266667	1	0.742750
21.283333	1	0.711000
21.300000	1	0.683375
21.316667	1	0.658500
21.333333	1	0.636375
21.350000	1	0.616375
21.366667	1	0.599125
21.383333	1	0.584000
21.400000	1	0.570375
21.416667	1	0.558625
21.433333	1	0.548625
21.450000	1	0.539750
21.466667	1	0.533250
21.483333	1	0.528125
21.500000	1	0.524500
21.516667	1	0.523625
21.533333	1	0.524000
21.550000	1	0.527000
21.566667	1	0.532875
21.583333	1	0.541500
21.600000	1	0.553000
21.616667	1	0.568750
21.633333	1	0.588750
21.650000	1	0.613250
21.666667	1	0.641875
21.683333	1	0.675375
21.700000	1	0.714125
21.716667	1	0.758375
21.733333	1	0.807250
21.750000	1	0.860875
21.766667	1	0.916750
21.783333	1	0.976750
21.800000	1	1.037875
21.816667	1	1.099500
21.833333	1	1.160500
21.850000	1	1.220625
21.866667	1	1.276500
21.883333	1	1.328625
21.900000	1	1.374875
21.916667	1	1.413875
21.933333	1	1.445750
21.950000	1	1.468750
21.966667	1	1.484250
21.983333	1	1.490250
22.000000	1	1.488375
22.016667	1	1.477625
22.033333	1	1.459750
22.050000	1	1.435875
22.066667	1	1.406375
22.083333	1	1.371500
22.100000	1	1.333000
22.116667	1	1.292250
22.133333	1	1.249375
22.150000	1	1.204750
22.166667	1	1.159500
22.183333	1	1.114500
22.200000	1	1.070125
22.216667	1	1.026500
22.233333	1	0.984125
22.250000	1	0.943500
22.266667	1	0.903500
22.283333	1	0.865500
22.300000	1	0.829500
22.316667	1	0.795625
22.333333	1	0.762375
22.350000	1	0.731500
22.366667	1	0.701750
22.383333	1	0.674750
22.400000	1	0.648500
22.416667	1	0.624500
22.433333	1	0.602250
22.450000	1	0.581000
22.466667	1	0.561625
22.483333	1	0.544000
22.500000	1	0.527375
22.516667	1	0.511375
22.533333	1	0.497125
22.550000	1	0.484250
22.566667	1	0.472375
22.583333	1	0.461375
22.600000	1	0.450750
22.616667	1	0.441125
22.633333	1	0.432250
22.650000	1	0.423500
22.666667	1	0.415375
22.683333	1	0.407250
22.700000	1	0.400000
22.716667	1	0.392875
22.733333	1	0.386500
22.750000	1	0.379375
22.766667	1	0.373625
22.783333	1	0.367375
22.800000	1	0.361375
22.816667	1	0.356000
22.833333	1	0.351125
22.850000	1	0.345625
22.866667	1	0.341250
22.883333	1	0.336750
22.900000	1	0.333125
22.916667	1	0.329125
22.933333	1	0.326000
22.950000	1	0.323125
22.966667	1	0.321250
22.983333	1	0.319375
23.000000	1	0.318250
23.016667	1	0.316750
23.033333	1	0.316750
23.050000	1	0.316625
23.066667	1	0.316875
23.083333	1	0.318125
23.100000	1	0.318750
23.116667	1	0.320375
23.133333	1	0.322875
23.150000	1	0.325250
23.166667	1	0.327500
23.183333	1	0.330000
23.200000	1	0.332750
23.216667	1	0.336125
23.233333	1	0.339125
23.250000	1	0.343250
23.266667	1	0.347500
23.283333	1	0.353000
23.300000	1	0.360500
23.316667	1	0.369750
23.333333	1	0.382000
23.350000	1	0.398000
23.366667	1	0.419125
23.383333	1	0.445875
23.400000	1	0.480125
23.416667	1	0.523125
23.433333	1	0.577625
23.450000	1	0.645625
23.466667	1	0.730000
23.483333	1	0.831875
23.500000	1	0.955125
23.516667	1	1.101500
23.533333	1	1.271500
23.550000	1	1.468750
23.566667	1	1.693625
23.583333	1	1.945500
23.600000	1	2.225000
23.616667	1	2.529500
23.633333	1	2.856125
23.650000	1	3.201125
23.666667	1	3.560125
23.683333	1	3.925750
23.700000	1	4.293000
23.716667	1	4.654625
23.733333	1	5.002625
23.750000	1	5.329500
23.766667	1	5.626000
23.783333	1	5.887250
23.800000	1	6.107125
23.816667	1	6.280750
23.833333	1	6.404875
23.850000	1	6.478875
23.866667	1	6.502000
23.883333	1	6.474250
23.900000	1	6.398500
23.916667	1	6.278000
23.933333	1	6.118875
23.950000	1	5.924250
23.966667	1	5.701250
23.983333	1	5.454875
24.000000	1	5.191500
24.016667	1	4.916375
24.033333	1	4.635750
24.050000	1	4.353750
24.066667	1	4.074000
24.083333	1	3.799875
24.100000	1	3.533875
24.116667	1	3.278125
24.133333	1	3.035000
24.150000	1	2.804250
24.166667	1	2.587250
24.183333	1	2.384375
24.200000	1	2.195500
24.216667	1	2.020750
24.233333	1	1.859375
24.250000	1	1.710250
24.266667	1	1.573375
24.283333	1	1.448000
24.300000	1	1.334250
24.316667	1	1.230875
24.333333	1	1.137000
24.350000	1	1.051875
24.366667	1	0.974500
24.383333	1	0.906625
24.400000	1	0.845750
24.416667	1	0.791500
24.433333	1	0.743375
24.450000	1	0.701375
24.466667	1	0.664625
24.483333	1	0.632500
24.500000	1	0.604375
24.516667	1	0.580125
24.533333	1	0.559375
24.550000	1	0.541125
24.566667	1	0.524875
24.583333	1	0.510750
24.600000	1	0.499000
24.616667	1	0.488000
24.633333	1	0.478000
24.650000	1	0.468750
24.666667	1	0.460625
24.683333	1	0.452750
24.700000	1	0.445375
24.716667	1	0.438500
24.733333	1	0.432125
24.750000	1	0.425875
24.766667	1	0.419750
24.783333	1	0.413500
24.800000	1	0.407500
24.816667	1	0.401625
24.833333	1	0.395750
24.850000	1	0.389875
24.866667	1	0.384625
24.883333	1	0.380125
24.900000	1	0.375625
24.916667	1	0.370625
24.933333	1	0.366875
24.950000	1	0.363125
24.966667	1	0.359500
24.983333	1	0.355750
25.000000	1	0.352000
25.016667	1	0.349000
25.033333	1	0.346125
25.050000	1	0.343125
25.066667	1	0.340750
25.083333	1	0.338000
25.100000	1	0.335500
25.116667	1	0.333750
25.133333	1	0.330875
25.150000	1	0.328625
25.166667	1	0.327375
25.183333	1	0.325625
25.200000	1	0.324250
25.216667	1	0.322125
25.233333	1	0.320375
25.250000	1	0.318125
25.266667	1	0.316750
25.283333	1	0.315375
25.300000	1	0.314625
25.316667	1	0.313625
25.333333	1	0.312500
25.350000	1	0.311125
25.366667	1	0.310625
25.383333	1	0.310250
25.400000	1	0.309625
25.416667	1	0.309500
25.433333	1	0.309625
25.450000	1	0.309500
25.466667	1	0.310375
25.483333	1	0.310375
25.500000	1	0.311250
25.516667	1	0.311500
25.533333	1	0.312375
25.550000	1	0.313500
25.566667	1	0.314250
25.583333	1	0.315250
25.600000	1	0.315750
25.616667	1	0.316500
25.633333	1	0.317500
25.650000	1	0.318625
25.666667	1	0.319750
25.683333	1	0.320250
25.700000	1	0.321125
25.716667	1	0.322000
25.733333	1	0.322500
25.750000	1	0.323000
25.766667	1	0.323000
25.783333	1	0.323500
25.800000	1	0.324125
25.816667	1	0.325125
25.833333	1	0.325250
25.850000	1	0.326500
25.866667	1	0.327875
25.883333	1	0.329250
25.900000	1	0.330875
25.916667	1	0.333125
25.933333	1	0.335375
25.950000	1	0.338250
25.966667	1	0.341375
25.983333	1	0.344250
26.000000	1	0.348875
26.016667	1	0.353125
26.033333	1	0.358000
26.050000	1	0.363875
26.066667	1	0.370000
26.083333	1	0.376500
26.100000	1	0.384125
26.116667	1	0.391375
26.133333	1	0.398625
26.150000	1	0.406375
26.166667	1	0.413750
26.183333	1	0.421750
26.200000	1	0.429125
26.216667	1	0.435875
26.233333	1	0.443625
26.250000	1	0.450750
26.266667	1	0.457000
26.283333	1	0.463500
26.300000	1	0.469750
26.316667	1	0.474625
26.333333	1	0.478750
26.350000	1	0.482750
26.366667	1	0.485750
26.383333	1	0.487375
26.400000	1	0.488375
26.416667	1	0.489000
26.433333	1	0.488875
26.450000	1	0.487625
26.466667	1	0.485625
26.483333	1	0.482750
26.500000	1	0.479250
26.516667	1	0.475500
26.533333	1	0.469375
26.550000	1	0.463375
26.566667	1	0.457000
26.583333	1	0.450375
26.600000	1	0.442625
26.616667	1	0.434875
26.633333	1	0.427625
26.650000	1	0.420125
26.666667	1	0.412375
26.683333	1	0.404750
26.700000	1	0.397125
26.716667	1	0.389500
26.733333	1	0.381750
26.750000	1	0.373625
26.766667	1	0.366250
26.783333	1	0.359000
26.800000	1	0.352250
26.816667	1	0.345500
26.833333	1	0.338875
26.850000	1	0.332500
26.866667	1	0.327625
26.883333	1	0.322500
26.900000	1	0.317500
26.916667	1	0.313125
26.933333	1	0.309625
26.950000	1	0.306000
26.966667	1	0.302750
26.983333	1	0.299750
27.000000	1	0.297250
27.016667	1	0.295875
27.033333	1	0.294375
27.050000	1	0.293750
27.066667	1	0.293375
27.083333	1	0.294125
27.100000	1	0.295250
27.116667	1	0.296500
27.133333	1	0.299000
27.150000	1	0.302250
27.166667	1	0.305875
27.183333	1	0.310375
27.200000	1	0.317000
27.216667	1	0.324750
27.233333	1	0.333375
27.250000	1	0.345125
27.266667	1	0.357875
27.283333	1	0.374250
27.300000	1	0.393375
27.316667	1	0.416750
27.333333	1	0.444000
27.350000	1	0.475875
27.366667	1	0.512500
27.383333	1	0.555000
27.400000	1	0.605125
27.416667	1	0.663375
27.433333	1	0.730000
27.450000	1	0.805875
27.466667	1	0.891875
27.483333	1	0.987375
27.500000	1	1.094625
27.516667	1	1.213000
27.533333	1	1.343000
27.550000	1	1.484125
27.566667	1	1.636125
27.583333	1	1.798250
27.600000	1	1.969500
27.616667	1	2.149250
27.633333	1	2.335375
27.650000	1	2.526250
27.666667	1	2.719500
27.683333	1	2.913125
27.700000	1	3.104125
27.716667	1	3.289750
27.733333	1	3.467250
27.750000	1	3.632375
27.766667	1	3.784500
27.783333	1	3.919625
27.800000	1	4.036125
27.816667	1	4.131875
27.833333	1	4.205000
27.850000	1	4.254375
27.866667	1	4.279625
27.883333	1	4.280250
27.900000	1	4.255750
27.916667	1	4.207375
27.933333	1	4.136375
27.950000	1	4.044625
27.966667	1	3.934125
27.983333	1	3.807375
28.000000	1	3.666000
28.016667	1	3.513500
28.033333	1	3.352000
28.050000	1	3.183500
28.066667	1	3.011875
28.083333	1	2.839125
28.100000	1	2.666500
28.116667	1	2.496875
28.133333	1	2.331250
28.150000	1	2.171125
28.166667	1	2.017500
28.183333	1	1.871125
28.200000	1	1.734000
28.216667	1	1.604500
28.233333	1	1.484125
28.250000	1	1.371500
28.266667	1	1.267250
28.283333	1	1.171625
28.300000	1	1.084000
28.316667	1	1.003500
28.333333	1	0.930625
28.350000	1	0.864250
28.366667	1	0.804875
28.383333	1	0.751750
28.400000	1	0.704375
28.416667	1	0.662000
28.433333	1	0.625500
28.450000	1	0.594125
28.466667	1	0.566375
28.483333	1	0.543000
28.500000	1	0.523000
28.516667	1	0.507625
28.533333	1	0.495250
28.550000	1	0.485500
28.566667	1	0.479250
28.583333	1	0.475125
28.600000	1	0.473250
28.616667	1	0.474250
28.633333	1	0.476750
28.650000	1	0.481000
28.666667	1	0.486125
28.683333	1	0.492625
28.700000	1	0.500500
28.716667	1	0.509125
28.733333	1	0.518500
28.750000	1	0.527500
28.766667	1	0.537375
28.783333	1	0.547000
28.800000	1	0.556125
28.816667	1	0.565500
28.833333	1	0.573375
28.850000	1	0.581875
28.866667	1	0.589000
28.883333	1	0.595125
28.900000	1	0.601250
28.916667	1	0.605875
28.933333	1	0.609125
28.950000	1	0.611375
28.966667	1	0.612000
28.983333	1	0.611500
29.000000	1	0.610125
29.016667	1	0.607250
29.033333	1	0.603125
29.050000	1	0.596875
29.066667	1	0.589625
29.083333	1	0.580250
29.100000	1	0.569875
29.116667	1	0.557500
29.133333	1	0.543250
29.150000	1	0.527500
29.166667	1	0.509000
29.183333	1	0.489875
29.200000	1	0.468375
29.216667	1	0.444500
29.233333	1	0.418750
29.250000	1	0.390875
29.266667	1	0.360625
29.283333	1	0.328250
29.300000	1	0.294000
29.316667	1	0.258250
29.333333	1	0.219625
29.350000	1	0.179625
29.366667	1	0.137375
29.383333	1	0.093000
29.400000	1	0.047125
29.416667	1	-0.000125
29.433333	1	-0.048750
29.450000	1	-0.098375
29.466667	1	-0.149125
29.483333	1	-0.200625
29.500000	1	-0.251625
29.516667	1	-0.302125
29.533333	1	-0.352625
29.550000	1	-0.401125
29.566667	1	-0.448375
29.583333	1	-0.493875
29.600000	1	-0.536500
29.616667	1	-0.577250
29.633333	1	-0.615125
29.650000	1	-0.649500
29.666667	1	-0.680625
29.683333	1	-0.707000
29.700000	1	-0.729375
29.716667	1	-0.747750
29.733333	1	-0.761750
29.750000	1	-0.771625
29.766667	1	-0.776625
29.783333	1	-0.777250
29.800000	1	-0.774125
29.816667	1	-0.767125
29.833333	1	-0.756250
29.850000	1	-0.741875
29.866667	1	-0.723500
29.883333	1	-0.702625
29.900000	1	-0.679000
29.916667	1	-0.653250
29.933333	1	-0.626000
29.950000	1	-0.595250
29.966667	1	-0.564125
29.983333	1	-0.531875
30.000000	1	-0.498875
30.016667	1	-0.465375
30.033333	1	-0.431375
30.050000	1	-0.398000
30.066667	1	-0.364750
30.083333	1	-0.332000
30.100000	1	-0.299500
30.116667	1	-0.269375
30.133333	1	-0.239125
30.150000	1	-0.209625
30.166667	1	-0.182125
30.183333	1	-0.155750
30.200000	1	-0.130500
30.216667	1	-0.106500
30.233333	1	-0.083750
30.250000	1	-0.062125
30.266667	1	-0.041500
30.283333	1	-0.022375
30.300000	1	-0.005125
30.316667	1	0.011500
30.333333	1	0.026750
30.350000	1	0.040750
30.366667	1	0.054500
30.383333	1	0.066875
30.400000	1	0.078750
30.416667	1	0.088750
30.433333	1	0.099500
30.450000	1	0.109625
30.466667	1	0.119375
30.483333	1	0.127750
30.500000	1	0.136250
30.516667	1	0.144750
30.533333	1	0.152875
30.550000	1	0.159750
30.566667	1	0.167375
30.583333	1	0.174875
30.600000	1	0.182750
30.616667	1	0.190875
30.633333	1	0.198250
30.650000	1	0.206500
30.666667	1	0.214500
30.683333	1	0.222625
30.700000	1	0.230500
30.716667	1	0.239375
30.733333	1	0.248125
30.750000	1	0.256875
30.766667	1	0.266000
30.783333	1	0.275375
30.800000	1	0.285250
30.816667	1	0.294500
30.833333	1	0.305000
30.850000	1	0.316000
30.866667	1	0.327375
30.883333	1	0.338500
30.900000	1	0.351000
30.916667	1	0.365125
30.933333	1	0.379875
30.950000	1	0.396750
30.966667	1	0.416125
30.983333	1	0.436625
31.000000	1	0.460875
31.016667	1	0.489000
31.033333	1	0.520625
31.050000	1	0.557125
31.066667	1	0.599375
31.083333	1	0.647250
31.100000	1	0.701750
31.116667	1	0.763875
31.133333	1	0.834375
31.150000	1	0.914250
31.166667	1	1.004125
31.183333	1	1.105375
31.200000	1	1.217500
31.216667	1	1.340875
31.233333	1	1.476375
31.250000	1	1.623875
31.266667	1	1.783625
31.283333	1	1.955000
31.300000	1	2.136000
31.316667	1	2.327875
31.333333	1	2.527375
31.350000	1	2.734375
31.366667	1	2.946875
31.383333	1	3.162625
31.400000	1	3.379875
31.416667	1	3.596125
31.433333	1	3.809125
31.450000	1	4.015875
31.466667	1	4.214250
31.483333	1	4.401000
31.500000	1	4.573750
31.516667	1	4.730625
31.533333	1	4.868875
31.550000	1	4.988375
31.566667	1	5.086875
31.583333	1	5.163500
31.600000	1	5.217000
31.616667	1	5.247250
31.633333	1	5.254625
31.650000	1	5.238750
31.666667	1	5.201250
31.683333	1	5.141500
31.700000	1	5.062375
31.716667	1	4.964250
31.733333	1	4.850500
31.750000	1	4.720750
31.766667	1	4.580125
31.783333	1	4.427250
31.800000	1	4.265375
31.816667	1	4.096125
31.833333	1	3.922250
31.850000	1	3.744500
31.866667	1	3.565125
31.883333	1	3.385625
31.900000	1	3.208000
31.916667	1	3.033000
31.933333	1	2.861750
31.950000	1	2.694875
31.966667	1	2.533125
31.983333	1	2.376750
32.000000	1	2.227125
32.016667	1	2.083500
32.033333	1	1.946125
32.050000	1	1.816000
32.066667	1	1.691500
32.083333	1	1.574750
32.100000	1	1.464125
32.116667	1	1.360625
32.133333	1	1.263500
32.150000	1	1.171875
32.166667	1	1.085250
32.183333	1	1.005250
32.200000	1	0.930500
32.216667	1	0.860000
32.233333	1	0.794750
32.250000	1	0.733500
32.266667	1	0.677375
32.283333	1	0.625000
32.300000	1	0.576750
32.316667	1	0.531750
32.333333	1	0.490750
32.350000	1	0.453125
32.366667	1	0.417750
32.383333	1	0.385750
32.400000	1	0.355875
32.416667	1	0.328875
32.433333	1	0.303750
32.450000	1	0.281125
32.466667	1	0.260000
32.483333	1	0.241000
32.500000	1	0.223375
32.516667	1	0.207500
32.533333	1	0.192750
32.550000	1	0.179375
32.566667	1	0.167500
32.583333	1	0.156500
32.600000	1	0.146375
32.616667	1	0.136875
32.633333	1	0.128750
32.650000	1	0.121625
32.666667	1	0.113875
32.683333	1	0.107750
32.700000	1	0.101750
32.716667	1	0.096250
32.733333	1	0.091375
32.750000	1	0.086750
32.766667	1	0.082875
32.783333	1	0.078875
32.800000	1	0.075375
32.816667	1	0.072375
32.833333	1	0.069875
32.850000	1	0.066625
32.866667	1	0.064625
32.883333	1	0.062875
32.900000	1	0.060375
32.916667	1	0.058625
32.933333	1	0.056875
32.950000	1	0.056000
32.966667	1	0.054875
32.983333	1	0.054625
33.000000	1	0.054125
33.016667	1	0.053250
33.033333	1	0.053375
33.050000	1	0.052500
33.066667	1	0.051625
33.083333	1	0.051375
33.100000	1	0.051000
33.116667	1	0.050500
33.133333	1	0.050500
33.150000	1	0.050750
33.166667	1	0.051125
33.183333	1	0.051875
33.200000	1	0.052500
33.216667	1	0.053250
33.233333	1	0.054000
33.250000	1	0.054750
33.266667	1	0.055375
33.283333	1	0.056250
33.300000	1	0.057750
33.316667	1	0.058750
33.333333	1	0.059750
33.350000	1	0.061250
33.366667	1	0.062500
33.383333	1	0.063750
33.400000	1	0.065500
33.416667	1	0.067125
33.433333	1	0.068500
33.450000	1	0.071000
33.466667	1	0.072875
33.483333	1	0.074125
33.500000	1	0.075875
33.516667	1	0.077500
33.533333	1	0.079750
33.550000	1	0.082250
33.566667	1	0.083375
33.583333	1	0.085750
33.600000	1	0.088125
33.616667	1	0.091375
33.633333	1	0.093875
33.650000	1	0.096125
33.666667	1	0.098625
33.683333	1	0.101750
33.700000	1	0.104625
33.716667	1	0.107000
33.733333	1	0.110125
33.750000	1	0.112875
33.766667	1	0.116250
33.783333	1	0.118750
33.800000	1	0.121375
33.816667	1	0.124500
33.833333	1	0.128125
33.850000	1	0.130750
33.866667	1	0.133625
33.883333	1	0.135750
33.900000	1	0.138250
33.916667	1	0.141000
33.933333	1	0.143750
33.950000	1	0.146125
33.966667	1	0.148500
33.983333	1	0.150250
34.000000	1	0.152375
34.016667	1	0.154875
34.033333	1	0.156500
34.050000	1	0.157625
34.066667	1	0.158875
34.083333	1	0.160500
34.100000	1	0.161500
34.116667	1	0.162375
34.133333	1	0.162875
34.150000	1	0.163375
34.166667	1	0.163625
34.183333	1	0.163375
34.200000	1	0.164125
34.216667	1	0.164000
34.233333	1	0.163500
34.250000	1	0.162875
34.266667	1	0.162500
34.283333	1	0.161875
34.300000	1	0.161500
34.316667	1	0.161000
34.333333	1	0.160500
34.350000	1	0.159875
34.366667	1	0.158500
34.383333	1	0.157375
34.400000	1	0.156125
34.416667	1	0.154875
34.433333	1	0.154000
34.450000	1	0.153375
34.466667	1	0.151750
34.483333	1	0.149875
34.500000	1	0.149000
34.516667	1	0.148750
34.533333	1	0.148500
34.550000	1	0.147500
34.566667	1	0.146500
34.583333	1	0.145000
34.600000	1	0.144500
34.616667	1	0.143625
34.633333	1	0.142750
34.650000	1	0.142125
34.666667	1	0.140875
34.683333	1	0.139375
34.700000	1	0.139000
34.716667	1	0.138125
34.733333	1	0.137500
34.750000	1	0.135875
34.766667	1	0.134750
34.783333	1	0.134625
34.800000	1	0.133625
34.816667	1	0.132875
34.833333	1	0.132250
34.850000	1	0.130500
34.866667	1	0.129250
34.883333	1	0.128000
34.900000	1	0.126500
34.916667	1	0.124500
34.933333	1	0.122875
34.950000	1	0.121125
34.966667	1	0.119625
34.983333	1	0.119000
35.000000	1	0.117375
35.016667	1	0.116500
35.033333	1	0.115500
35.050000	1	0.114000
35.066667	1	0.112625
35.083333	1	0.111375
35.100000	1	0.109750
35.116667	1	0.109125
35.133333	1	0.108250
35.150000	1	0.107625
35.166667	1	0.106625
35.183333	1	0.106125
35.200000	1	0.105875
35.216667	1	0.104500
35.233333	1	0.103000
35.250000	1	0.102000
35.266667	1	0.101625
35.283333	1	0.100500
35.300000	1	0.099875
35.316667	1	0.099250
35.333333	1	0.098750
35.350000	1	0.099000
35.366667	1	0.098500
35.383333	1	0.098500
35.400000	1	0.098625
35.416667	1	0.098625
35.433333	1	0.098625
35.450000	1	0.099250
35.466667	1	0.099750
35.483333	1	0.100250
35.500000	1	0.101500
35.516667	1	0.103000
35.533333	1	0.104125
35.550000	1	0.105500
35.566667	1	0.107750
35.583333	1	0.110125
35.600000	1	0.112250
35.616667	1	0.115000
35.633333	1	0.117375
35.650000	1	0.119625
35.666667	1	0.122875
35.683333	1	0.125625
35.700000	1	0.128250
35.716667	1	0.131125
35.733333	1	0.134625
35.750000	1	0.137125
35.766667	1	0.140750
35.783333	1	0.143250
35.800000	1	0.146125
35.816667	1	0.148750
35.833333	1	0.150875
35.850000	1	0.153000
35.866667	1	0.154750
35.883333	1	0.156875
35.900000	1	0.159250
35.916667	1	0.161000
35.933333	1	0.163375
35.950000	1	0.164500
35.966667	1	0.165125
35.983333	1	0.165500
36.000000	1	0.165750
36.016667	1	0.166500
36.033333	1	0.166875
36.050000	1	0.166750
36.066667	1	0.167250
36.083333	1	0.167750
36.100000	1	0.167375
36.116667	1	0.167500
36.133333	1	0.168125
36.150000	1	0.168125
36.166667	1	0.168500
36.183333	1	0.168375
36.200000	1	0.167500
36.216667	1	0.167375
36.233333	1	0.167750
36.250000	1	0.167875
36.266667	1	0.167875
36.283333	1	0.168000
36.300000	1	0.167875
36.316667	1	0.168000
36.333333	1	0.168875
36.350000	1	0.169000
36.366667	1	0.169750
36.383333	1	0.170750
36.400000	1	0.171250
36.416667	1	0.171500
36.433333	1	0.172250
36.450000	1	0.172625
36.466667	1	0.173125
36.483333	1	0.173250
36.500000	1	0.173750
36.516667	1	0.174250
36.533333	1	0.175125
36.550000	1	0.175125
36.566667	1	0.175250
36.583333	1	0.175250
36.600000	1	0.175000
36.616667	1	0.175125
36.633333	1	0.174625
36.650000	1	0.174375
36.666667	1	0.174000
36.683333	1	0.173125
36.700000	1	0.172500
36.716667	1	0.171875
36.733333	1	0.170375
36.750000	1	0.169250
36.766667	1	0.167625
36.783333	1	0.166250
36.800000	1	0.164500
36.816667	1	0.162500
36.833333	1	0.160250
36.850000	1	0.158000
36.866667	1	0.155375
36.883333	1	0.153250
36.900000	1	0.150500
36.916667	1	0.147250
36.933333	1	0.144000
36.950000	1	0.141750
36.966667	1	0.138875
36.983333	1	0.136375
37.000000	1	0.133875
37.016667	1	0.131250
37.033333	1	0.128125
37.050000	1	0.125625
37.066667	1	0.123000
37.083333	1	0.120750
37.100000	1	0.118125
37.116667	1	0.115750
37.133333	1	0.113500
37.150000	1	0.110625
37.166667	1	0.108750
37.183333	1	0.106875
37.200000	1	0.106125
37.216667	1	0.103250
37.233333	1	0.101500
37.250000	1	0.100250
37.266667	1	0.098125
37.283333	1	0.096375
37.300000	1	0.095250
37.316667	1	0.093375
37.333333	1	0.091750
37.350000	1	0.089625
37.366667	1	0.088125
37.383333	1	0.086250
37.400000	1	0.084875
37.416667	1	0.083000
37.433333	1	0.081000
37.450000	1	0.079750
37.466667	1	0.077375
37.483333	1	0.076000
37.500000	1	0.074500
37.516667	1	0.072875
37.533333	1	0.071375
37.550000	1	0.069625
37.566667	1	0.067750
37.583333	1	0.066000
37.600000	1	0.064500
37.616667	1	0.063625
37.633333	1	0.062125
37.650000	1	0.060125
37.666667	1	0.058875
37.683333	1	0.058875
37.700000	1	0.057250
37.716667	1	0.056375
37.733333	1	0.055125
37.750000	1	0.054375
37.766667	1	0.054000
37.783333	1	0.053250
37.800000	1	0.052125
37.816667	1	0.051500
37.833333	1	0.050375
37.850000	1	0.050000
37.866667	1	0.049875
37.883333	1	0.048500
37.900000	1	0.047750
37.916667	1	0.047125
37.933333	1	0.046500
37.950000	1	0.045500
37.966667	1	0.046000
37.983333	1	0.045250
38.000000	1	0.045125
38.016667	1	0.043750
38.033333	1	0.043250
38.050000	1	0.042125
38.066667	1	0.041750
38.083333	1	0.040625
38.100000	1	0.040250
38.116667	1	0.039750
38.133333	1	0.039500
38.150000	1	0.038625
38.166667	1	0.037750
38.183333	1	0.036750
38.200000	1	0.036000
38.216667	1	0.035625
38.233333	1	0.035000
38.250000	1	0.035250
38.266667	1	0.035000
38.283333	1	0.035750
38.300000	1	0.035250
38.316667	1	0.035375
38.333333	1	0.035125
38.350000	1	0.035625
38.366667	1	0.035500
38.383333	1	0.036125
38.400000	1	0.036750
38.416667	1	0.038000
38.433333	1	0.038875
38.450000	1	0.040750
38.466667	1	0.041500
38.483333	1	0.043250
38.500000	1	0.044250
38.516667	1	0.045750
38.533333	1	0.047375
38.550000	1	0.049125
38.566667	1	0.051000
38.583333	1	0.052000
38.600000	1	0.053375
38.616667	1	0.055250
38.633333	1	0.057125
38.650000	1	0.058500
38.666667	1	0.059625
38.683333	1	0.061125
38.700000	1	0.062125
38.716667	1	0.062625
38.733333	1	0.063500
38.750000	1	0.064125
38.766667	1	0.065125
38.783333	1	0.065375
38.800000	1	0.065500
38.816667	1	0.065625
38.833333	1	0.065000
38.850000	1	0.064375
38.866667	1	0.064000
38.883333	1	0.063250
38.900000	1	0.062875
38.916667	1	0.062500
38.933333	1	0.062000
38.950000	1	0.060375
38.966667	1	0.059375
38.983333	1	0.058000
39.000000	1	0.057375
39.016667	1	0.056375
39.033333	1	0.054500
39.050000	1	0.052500
39.066667	1	0.050625
39.083333	1	0.049625
39.100000	1	0.047875
39.116667	1	0.046875
39.133333	1	0.044875
39.150000	1	0.043625
39.166667	1	0.041625
39.183333	1	0.039500
39.200000	1	0.037500
39.216667	1	0.036125
39.233333	1	0.033250
39.250000	1	0.032000
39.266667	1	0.030500
39.283333	1	0.028875
39.300000	1	0.026875
39.316667	1	0.025125
39.333333	1	0.023750
39.350000	1	0.022125
39.366667	1	0.020375
39.383333	1	0.018750
39.400000	1	0.017625
39.416667	1	0.016875
39.433333	1	0.016750
39.450000	1	0.016000
39.466667	1	0.016500
39.483333	1	0.016250
39.500000	1	0.015750
39.516667	1	0.015625
39.533333	1	0.016000
39.550000	1	0.016500
39.566667	1	0.017250
39.583333	1	0.017375
39.600000	1	0.018125
39.616667	1	0.018875
39.633333	1	0.019875
39.650000	1	0.021125
39.666667	1	0.022250
39.683333	1	0.024250
39.700000	1	0.025875
39.716667	1	0.027500
39.733333	1	0.028875
39.750000	1	0.030500
39.766667	1	0.031500
39.783333	1	0.033500
39.800000	1	0.035500
39.816667	1	0.037500
39.833333	1	0.039375
39.850000	1	0.042000
39.866667	1	0.045000
39.883333	1	0.047125
39.900000	1	0.049250
39.916667	1	0.052250
39.933333	1	0.054375
39.950000	1	0.057125
39.966667	1	0.059500
39.983333	1	0.061625
40.000000	1	0.063750
