URL	chrom://7040-86g6c92/XVault/Ultimate_3000/20/20240517_CMO_FP23_FP25_MarkusDeplate.seq/393.smp/RI_1.channel/RI_1.chm
Channel	RI_1

Injection Information:
Data Vault	XVault
Sequence	20240517_CMO_FP23_FP25_MarkusDeplate
Name	FP26_25_s4
Number	104
Position	BC4
Comment	
Processing Method	
Instrument Method	run_25B_method
Type	Unknown
Status	Finished
Inject Time	30.05.2024 17:41:01 +02:00
Volume (µl)	20.0000
Dilution Factor	1.0000
Weight	1.0000

Chromatogram Data Information:
Time Min. (min)	0.000000
Time Max. (min)	40.000000
Data Points	2401
Detector	RI
Generating Data System	Chromeleon 7.3.2.11814
Exporting Data System	Chromeleon 7.3.2.0
Operator	Instrument Controller
Signal Quantity	Refractive 
Signal Unit	µRIU
Signal Min.	-1.061375
Signal Max.	65.010125
Channel	RI_1
Driver Name	RID520Driver.dll
Channel Type	Evaluation
Min. Step (s)	1
Max. Step (s)	1
Average Step (s)	1

Signal Parameter Information:
Signal Info	

Chromatogram Data:
Time (min)	Step (s)	Value (µRIU)
0.000000	n.a.	-0.000875
0.016667	1	-0.000250
0.033333	1	-0.000625
0.050000	1	-0.000875
0.066667	1	-0.000750
0.083333	1	-0.000375
0.100000	1	-0.000500
0.116667	1	-0.001250
0.133333	1	-0.001500
0.150000	1	-0.002125
0.166667	1	-0.003000
0.183333	1	-0.003000
0.200000	1	-0.003500
0.216667	1	-0.004625
0.233333	1	-0.005000
0.250000	1	-0.005875
0.266667	1	-0.006625
0.283333	1	-0.007250
0.300000	1	-0.007375
0.316667	1	-0.007125
0.333333	1	-0.007375
0.350000	1	-0.007875
0.366667	1	-0.009250
0.383333	1	-0.010500
0.400000	1	-0.011750
0.416667	1	-0.012125
0.433333	1	-0.011625
0.450000	1	-0.009500
0.466667	1	-0.007625
0.483333	1	-0.006750
0.500000	1	-0.006375
0.516667	1	-0.006375
0.533333	1	-0.005875
0.550000	1	-0.007250
0.566667	1	-0.008375
0.583333	1	-0.010500
0.600000	1	-0.012750
0.616667	1	-0.015625
0.633333	1	-0.017250
0.650000	1	-0.018625
0.666667	1	-0.019000
0.683333	1	-0.019000
0.700000	1	-0.019125
0.716667	1	-0.019500
0.733333	1	-0.019625
0.750000	1	-0.019875
0.766667	1	-0.020250
0.783333	1	-0.019375
0.800000	1	-0.019125
0.816667	1	-0.019000
0.833333	1	-0.018500
0.850000	1	-0.018500
0.866667	1	-0.017875
0.883333	1	-0.017375
0.900000	1	-0.017250
0.916667	1	-0.017125
0.933333	1	-0.017375
0.950000	1	-0.017375
0.966667	1	-0.016750
0.983333	1	-0.016500
1.000000	1	-0.016875
1.016667	1	-0.016625
1.033333	1	-0.015625
1.050000	1	-0.015250
1.066667	1	-0.014750
1.083333	1	-0.014125
1.100000	1	-0.013875
1.116667	1	-0.013625
1.133333	1	-0.013375
1.150000	1	-0.013500
1.166667	1	-0.013250
1.183333	1	-0.013875
1.200000	1	-0.014000
1.216667	1	-0.013875
1.233333	1	-0.013500
1.250000	1	-0.013750
1.266667	1	-0.013750
1.283333	1	-0.014250
1.300000	1	-0.014750
1.316667	1	-0.015250
1.333333	1	-0.016750
1.350000	1	-0.017625
1.366667	1	-0.018500
1.383333	1	-0.019000
1.400000	1	-0.019625
1.416667	1	-0.020625
1.433333	1	-0.021375
1.450000	1	-0.021500
1.466667	1	-0.022375
1.483333	1	-0.023125
1.500000	1	-0.023500
1.516667	1	-0.023875
1.533333	1	-0.025000
1.550000	1	-0.025375
1.566667	1	-0.026500
1.583333	1	-0.027375
1.600000	1	-0.027750
1.616667	1	-0.028000
1.633333	1	-0.029125
1.650000	1	-0.029125
1.666667	1	-0.029875
1.683333	1	-0.029250
1.700000	1	-0.029375
1.716667	1	-0.030000
1.733333	1	-0.030250
1.750000	1	-0.030625
1.766667	1	-0.030375
1.783333	1	-0.030750
1.800000	1	-0.030750
1.816667	1	-0.030875
1.833333	1	-0.030250
1.850000	1	-0.030125
1.866667	1	-0.030000
1.883333	1	-0.029625
1.900000	1	-0.028750
1.916667	1	-0.029625
1.933333	1	-0.029375
1.950000	1	-0.029500
1.966667	1	-0.029250
1.983333	1	-0.029500
2.000000	1	-0.029625
2.016667	1	-0.029125
2.033333	1	-0.029500
2.050000	1	-0.029125
2.066667	1	-0.028375
2.083333	1	-0.028500
2.100000	1	-0.028875
2.116667	1	-0.029000
2.133333	1	-0.029000
2.150000	1	-0.028875
2.166667	1	-0.029375
2.183333	1	-0.029625
2.200000	1	-0.029750
2.216667	1	-0.029750
2.233333	1	-0.029125
2.250000	1	-0.028375
2.266667	1	-0.028625
2.283333	1	-0.028250
2.300000	1	-0.028250
2.316667	1	-0.028250
2.333333	1	-0.028625
2.350000	1	-0.028500
2.366667	1	-0.028500
2.383333	1	-0.027625
2.400000	1	-0.027375
2.416667	1	-0.027000
2.433333	1	-0.027125
2.450000	1	-0.026750
2.466667	1	-0.026500
2.483333	1	-0.026625
2.500000	1	-0.025750
2.516667	1	-0.025500
2.533333	1	-0.024625
2.550000	1	-0.024750
2.566667	1	-0.024125
2.583333	1	-0.023750
2.600000	1	-0.023250
2.616667	1	-0.022375
2.633333	1	-0.022125
2.650000	1	-0.021500
2.666667	1	-0.020375
2.683333	1	-0.020375
2.700000	1	-0.019875
2.716667	1	-0.019125
2.733333	1	-0.018750
2.750000	1	-0.018250
2.766667	1	-0.017875
2.783333	1	-0.017000
2.800000	1	-0.016875
2.816667	1	-0.015750
2.833333	1	-0.014875
2.850000	1	-0.014375
2.866667	1	-0.014500
2.883333	1	-0.014250
2.900000	1	-0.013750
2.916667	1	-0.012500
2.933333	1	-0.012000
2.950000	1	-0.011375
2.966667	1	-0.010625
2.983333	1	-0.009625
3.000000	1	-0.009125
3.016667	1	-0.008625
3.033333	1	-0.008625
3.050000	1	-0.007750
3.066667	1	-0.007500
3.083333	1	-0.006750
3.100000	1	-0.006375
3.116667	1	-0.005875
3.133333	1	-0.005375
3.150000	1	-0.005125
3.166667	1	-0.004500
3.183333	1	-0.004375
3.200000	1	-0.003750
3.216667	1	-0.003000
3.233333	1	-0.001750
3.250000	1	-0.001000
3.266667	1	-0.000125
3.283333	1	0.000250
3.300000	1	0.000750
3.316667	1	0.001375
3.333333	1	0.002250
3.350000	1	0.003000
3.366667	1	0.004250
3.383333	1	0.004625
3.400000	1	0.005750
3.416667	1	0.006750
3.433333	1	0.007750
3.450000	1	0.008625
3.466667	1	0.010250
3.483333	1	0.011875
3.500000	1	0.013625
3.516667	1	0.014000
3.533333	1	0.015375
3.550000	1	0.016500
3.566667	1	0.017625
3.583333	1	0.019500
3.600000	1	0.020875
3.616667	1	0.022000
3.633333	1	0.023375
3.650000	1	0.024500
3.666667	1	0.025500
3.683333	1	0.026500
3.700000	1	0.027000
3.716667	1	0.028125
3.733333	1	0.029125
3.750000	1	0.030000
3.766667	1	0.030625
3.783333	1	0.031625
3.800000	1	0.032625
3.816667	1	0.033125
3.833333	1	0.033750
3.850000	1	0.034000
3.866667	1	0.034375
3.883333	1	0.034500
3.900000	1	0.034750
3.916667	1	0.034625
3.933333	1	0.034125
3.950000	1	0.034375
3.966667	1	0.034625
3.983333	1	0.034750
4.000000	1	0.034625
4.016667	1	0.034375
4.033333	1	0.034500
4.050000	1	0.033875
4.066667	1	0.033250
4.083333	1	0.033000
4.100000	1	0.031750
4.116667	1	0.030500
4.133333	1	0.029500
4.150000	1	0.028375
4.166667	1	0.027875
4.183333	1	0.026250
4.200000	1	0.024375
4.216667	1	0.023250
4.233333	1	0.021875
4.250000	1	0.019875
4.266667	1	0.018250
4.283333	1	0.016125
4.300000	1	0.013750
4.316667	1	0.012000
4.333333	1	0.010250
4.350000	1	0.008625
4.366667	1	0.006250
4.383333	1	0.004000
4.400000	1	0.001125
4.416667	1	-0.000125
4.433333	1	-0.002000
4.450000	1	-0.003625
4.466667	1	-0.005375
4.483333	1	-0.006500
4.500000	1	-0.008000
4.516667	1	-0.008625
4.533333	1	-0.010375
4.550000	1	-0.011250
4.566667	1	-0.011375
4.583333	1	-0.011625
4.600000	1	-0.011875
4.616667	1	-0.012125
4.633333	1	-0.011750
4.650000	1	-0.011875
4.666667	1	-0.010750
4.683333	1	-0.010625
4.700000	1	-0.009250
4.716667	1	-0.008250
4.733333	1	-0.006375
4.750000	1	-0.004875
4.766667	1	-0.003000
4.783333	1	-0.001875
4.800000	1	-0.000375
4.816667	1	0.002000
4.833333	1	0.003750
4.850000	1	0.005375
4.866667	1	0.007625
4.883333	1	0.009625
4.900000	1	0.012875
4.916667	1	0.015625
4.933333	1	0.017750
4.950000	1	0.020125
4.966667	1	0.023250
4.983333	1	0.026000
5.000000	1	0.029125
5.016667	1	0.032625
5.033333	1	0.035750
5.050000	1	0.039000
5.066667	1	0.042125
5.083333	1	0.045375
5.100000	1	0.048750
5.116667	1	0.052375
5.133333	1	0.055750
5.150000	1	0.059500
5.166667	1	0.062875
5.183333	1	0.067375
5.200000	1	0.070750
5.216667	1	0.074375
5.233333	1	0.078125
5.250000	1	0.082125
5.266667	1	0.086125
5.283333	1	0.089875
5.300000	1	0.093000
5.316667	1	0.096375
5.333333	1	0.099750
5.350000	1	0.103750
5.366667	1	0.107625
5.383333	1	0.111750
5.400000	1	0.115750
5.416667	1	0.119875
5.433333	1	0.123750
5.450000	1	0.127625
5.466667	1	0.131750
5.483333	1	0.135875
5.500000	1	0.139625
5.516667	1	0.143000
5.533333	1	0.146875
5.550000	1	0.150875
5.566667	1	0.154750
5.583333	1	0.158500
5.600000	1	0.161750
5.616667	1	0.164750
5.633333	1	0.168250
5.650000	1	0.171000
5.666667	1	0.173750
5.683333	1	0.176000
5.700000	1	0.178500
5.716667	1	0.180750
5.733333	1	0.182250
5.750000	1	0.183625
5.766667	1	0.184625
5.783333	1	0.185625
5.800000	1	0.187000
5.816667	1	0.187875
5.833333	1	0.188125
5.850000	1	0.187375
5.866667	1	0.186125
5.883333	1	0.184875
5.900000	1	0.183500
5.916667	1	0.182375
5.933333	1	0.180250
5.950000	1	0.177875
5.966667	1	0.175875
5.983333	1	0.173250
6.000000	1	0.170250
6.016667	1	0.167375
6.033333	1	0.164500
6.050000	1	0.161125
6.066667	1	0.157750
6.083333	1	0.154125
6.100000	1	0.151000
6.116667	1	0.147375
6.133333	1	0.143375
6.150000	1	0.139750
6.166667	1	0.136625
6.183333	1	0.133000
6.200000	1	0.130500
6.216667	1	0.127125
6.233333	1	0.124125
6.250000	1	0.120500
6.266667	1	0.116875
6.283333	1	0.113625
6.300000	1	0.109875
6.316667	1	0.106125
6.333333	1	0.103125
6.350000	1	0.100250
6.366667	1	0.097500
6.383333	1	0.095125
6.400000	1	0.092375
6.416667	1	0.090125
6.433333	1	0.087375
6.450000	1	0.084625
6.466667	1	0.082125
6.483333	1	0.080375
6.500000	1	0.078375
6.516667	1	0.077000
6.533333	1	0.075250
6.550000	1	0.073125
6.566667	1	0.071500
6.583333	1	0.070625
6.600000	1	0.069000
6.616667	1	0.067375
6.633333	1	0.065875
6.650000	1	0.064375
6.666667	1	0.062875
6.683333	1	0.060625
6.700000	1	0.058750
6.716667	1	0.057250
6.733333	1	0.055750
6.750000	1	0.054125
6.766667	1	0.051750
6.783333	1	0.050500
6.800000	1	0.049125
6.816667	1	0.047625
6.833333	1	0.046875
6.850000	1	0.045750
6.866667	1	0.043875
6.883333	1	0.042875
6.900000	1	0.041875
6.916667	1	0.040875
6.933333	1	0.040125
6.950000	1	0.039000
6.966667	1	0.038750
6.983333	1	0.038750
7.000000	1	0.039125
7.016667	1	0.039250
7.033333	1	0.039125
7.050000	1	0.039625
7.066667	1	0.040625
7.083333	1	0.041250
7.100000	1	0.042375
7.116667	1	0.043750
7.133333	1	0.045250
7.150000	1	0.047250
7.166667	1	0.049500
7.183333	1	0.052625
7.200000	1	0.055125
7.216667	1	0.057875
7.233333	1	0.061000
7.250000	1	0.065125
7.266667	1	0.068125
7.283333	1	0.072125
7.300000	1	0.076625
7.316667	1	0.081000
7.333333	1	0.085125
7.350000	1	0.089750
7.366667	1	0.094000
7.383333	1	0.098875
7.400000	1	0.103500
7.416667	1	0.107750
7.433333	1	0.112125
7.450000	1	0.116375
7.466667	1	0.120000
7.483333	1	0.123500
7.500000	1	0.127250
7.516667	1	0.130625
7.533333	1	0.133625
7.550000	1	0.136875
7.566667	1	0.139125
7.583333	1	0.142125
7.600000	1	0.144000
7.616667	1	0.145625
7.633333	1	0.146875
7.650000	1	0.147000
7.666667	1	0.147750
7.683333	1	0.147375
7.700000	1	0.146750
7.716667	1	0.146125
7.733333	1	0.145375
7.750000	1	0.143500
7.766667	1	0.141375
7.783333	1	0.139125
7.800000	1	0.137000
7.816667	1	0.134250
7.833333	1	0.131500
7.850000	1	0.128125
7.866667	1	0.124875
7.883333	1	0.121875
7.900000	1	0.117750
7.916667	1	0.114625
7.933333	1	0.110625
7.950000	1	0.106625
7.966667	1	0.102750
7.983333	1	0.098875
8.000000	1	0.094875
8.016667	1	0.091250
8.033333	1	0.087500
8.050000	1	0.083875
8.066667	1	0.080250
8.083333	1	0.077625
8.100000	1	0.074500
8.116667	1	0.071875
8.133333	1	0.068875
8.150000	1	0.066125
8.166667	1	0.063375
8.183333	1	0.060500
8.200000	1	0.058250
8.216667	1	0.055875
8.233333	1	0.053750
8.250000	1	0.052625
8.266667	1	0.050625
8.283333	1	0.048750
8.300000	1	0.047500
8.316667	1	0.046125
8.333333	1	0.045125
8.350000	1	0.044375
8.366667	1	0.043750
8.383333	1	0.042875
8.400000	1	0.041875
8.416667	1	0.041000
8.433333	1	0.040500
8.450000	1	0.040000
8.466667	1	0.038875
8.483333	1	0.038875
8.500000	1	0.038875
8.516667	1	0.038750
8.533333	1	0.039000
8.550000	1	0.038750
8.566667	1	0.038500
8.583333	1	0.037875
8.600000	1	0.037750
8.616667	1	0.037500
8.633333	1	0.037625
8.650000	1	0.037000
8.666667	1	0.037375
8.683333	1	0.037875
8.700000	1	0.038000
8.716667	1	0.038375
8.733333	1	0.038500
8.750000	1	0.038750
8.766667	1	0.038875
8.783333	1	0.039125
8.800000	1	0.039750
8.816667	1	0.040000
8.833333	1	0.040250
8.850000	1	0.040750
8.866667	1	0.042375
8.883333	1	0.043125
8.900000	1	0.044375
8.916667	1	0.045125
8.933333	1	0.046625
8.950000	1	0.047875
8.966667	1	0.048875
8.983333	1	0.050000
9.000000	1	0.051875
9.016667	1	0.053250
9.033333	1	0.054500
9.050000	1	0.056125
9.066667	1	0.058500
9.083333	1	0.060125
9.100000	1	0.062125
9.116667	1	0.063125
9.133333	1	0.064750
9.150000	1	0.065125
9.166667	1	0.066750
9.183333	1	0.067750
9.200000	1	0.069250
9.216667	1	0.070250
9.233333	1	0.071375
9.250000	1	0.071750
9.266667	1	0.071750
9.283333	1	0.072125
9.300000	1	0.072750
9.316667	1	0.072875
9.333333	1	0.073250
9.350000	1	0.073250
9.366667	1	0.072625
9.383333	1	0.072000
9.400000	1	0.071125
9.416667	1	0.070750
9.433333	1	0.070125
9.450000	1	0.069500
9.466667	1	0.068750
9.483333	1	0.067875
9.500000	1	0.067000
9.516667	1	0.066375
9.533333	1	0.065625
9.550000	1	0.065500
9.566667	1	0.064250
9.583333	1	0.063625
9.600000	1	0.062625
9.616667	1	0.061250
9.633333	1	0.060250
9.650000	1	0.059000
9.666667	1	0.057625
9.683333	1	0.056875
9.700000	1	0.056000
9.716667	1	0.054875
9.733333	1	0.054000
9.750000	1	0.052875
9.766667	1	0.051625
9.783333	1	0.049750
9.800000	1	0.049125
9.816667	1	0.048125
9.833333	1	0.046875
9.850000	1	0.045875
9.866667	1	0.044500
9.883333	1	0.043500
9.900000	1	0.042750
9.916667	1	0.041000
9.933333	1	0.039875
9.950000	1	0.039625
9.966667	1	0.039625
9.983333	1	0.038875
10.000000	1	0.039500
10.016667	1	0.040125
10.033333	1	0.041250
10.050000	1	0.043125
10.066667	1	0.045750
10.083333	1	0.049000
10.100000	1	0.052875
10.116667	1	0.059000
10.133333	1	0.064500
10.150000	1	0.071125
10.166667	1	0.078750
10.183333	1	0.088250
10.200000	1	0.098875
10.216667	1	0.111250
10.233333	1	0.125625
10.250000	1	0.141500
10.266667	1	0.159875
10.283333	1	0.181250
10.300000	1	0.204750
10.316667	1	0.231125
10.333333	1	0.260875
10.350000	1	0.293250
10.366667	1	0.327375
10.383333	1	0.362500
10.400000	1	0.396875
10.416667	1	0.423125
10.433333	1	0.435375
10.450000	1	0.424375
10.466667	1	0.384375
10.483333	1	0.318750
10.500000	1	0.244375
10.516667	1	0.201750
10.533333	1	0.251250
10.550000	1	0.472250
10.566667	1	0.954375
10.583333	1	1.784500
10.600000	1	3.041125
10.616667	1	4.787875
10.633333	1	7.067750
10.650000	1	9.901500
10.666667	1	13.295750
10.683333	1	17.235375
10.700000	1	21.684125
10.716667	1	26.575125
10.733333	1	31.801125
10.750000	1	37.197625
10.766667	1	42.524875
10.783333	1	47.464875
10.800000	1	51.613500
10.816667	1	54.531750
10.833333	1	55.833625
10.850000	1	55.306125
10.866667	1	52.985625
10.883333	1	49.164625
10.900000	1	44.312500
10.916667	1	38.951625
10.933333	1	33.542250
10.950000	1	28.418875
10.966667	1	23.785500
10.983333	1	19.739875
11.000000	1	16.301750
11.016667	1	13.441875
11.033333	1	11.107000
11.050000	1	9.226500
11.066667	1	7.727000
11.083333	1	6.537500
11.100000	1	5.596500
11.116667	1	4.850500
11.133333	1	4.256375
11.150000	1	3.779250
11.166667	1	3.392375
11.183333	1	3.075625
11.200000	1	2.813250
11.216667	1	2.591500
11.233333	1	2.402500
11.250000	1	2.239250
11.266667	1	2.098000
11.283333	1	1.972625
11.300000	1	1.863250
11.316667	1	1.765375
11.333333	1	1.678250
11.350000	1	1.602750
11.366667	1	1.535750
11.383333	1	1.476250
11.400000	1	1.424000
11.416667	1	1.377875
11.433333	1	1.338000
11.450000	1	1.303250
11.466667	1	1.273500
11.483333	1	1.248500
11.500000	1	1.229000
11.516667	1	1.213375
11.533333	1	1.201125
11.550000	1	1.193250
11.566667	1	1.187750
11.583333	1	1.184875
11.600000	1	1.183625
11.616667	1	1.183375
11.633333	1	1.183000
11.650000	1	1.182250
11.666667	1	1.181250
11.683333	1	1.179375
11.700000	1	1.176625
11.716667	1	1.172875
11.733333	1	1.169375
11.750000	1	1.166125
11.766667	1	1.162875
11.783333	1	1.160875
11.800000	1	1.159625
11.816667	1	1.158750
11.833333	1	1.159250
11.850000	1	1.160500
11.866667	1	1.162375
11.883333	1	1.164125
11.900000	1	1.167375
11.916667	1	1.170500
11.933333	1	1.173875
11.950000	1	1.177875
11.966667	1	1.181625
11.983333	1	1.185250
12.000000	1	1.189250
12.016667	1	1.193000
12.033333	1	1.197875
12.050000	1	1.202000
12.066667	1	1.206500
12.083333	1	1.211875
12.100000	1	1.217500
12.116667	1	1.223500
12.133333	1	1.230000
12.150000	1	1.236250
12.166667	1	1.243625
12.183333	1	1.252375
12.200000	1	1.260625
12.216667	1	1.270750
12.233333	1	1.281625
12.250000	1	1.294500
12.266667	1	1.309250
12.283333	1	1.326125
12.300000	1	1.344375
12.316667	1	1.365625
12.333333	1	1.388250
12.350000	1	1.414375
12.366667	1	1.444750
12.383333	1	1.481000
12.400000	1	1.525250
12.416667	1	1.580125
12.433333	1	1.648750
12.450000	1	1.734875
12.466667	1	1.842250
12.483333	1	1.974750
12.500000	1	2.134625
12.516667	1	2.324375
12.533333	1	2.544875
12.550000	1	2.796125
12.566667	1	3.078000
12.583333	1	3.388000
12.600000	1	3.723750
12.616667	1	4.081375
12.633333	1	4.457125
12.650000	1	4.846750
12.666667	1	5.244625
12.683333	1	5.642750
12.700000	1	6.032250
12.716667	1	6.402250
12.733333	1	6.739250
12.750000	1	7.030750
12.766667	1	7.261000
12.783333	1	7.417000
12.800000	1	7.490375
12.816667	1	7.479750
12.833333	1	7.391000
12.850000	1	7.235125
12.866667	1	7.027625
12.883333	1	6.783125
12.900000	1	6.513375
12.916667	1	6.227750
12.933333	1	5.933500
12.950000	1	5.636500
12.966667	1	5.341250
12.983333	1	5.053500
13.000000	1	4.777125
13.016667	1	4.516500
13.033333	1	4.274750
13.050000	1	4.052625
13.066667	1	3.850250
13.083333	1	3.667125
13.100000	1	3.503000
13.116667	1	3.354000
13.133333	1	3.219875
13.150000	1	3.099625
13.166667	1	2.991125
13.183333	1	2.891500
13.200000	1	2.801250
13.216667	1	2.719000
13.233333	1	2.643000
13.250000	1	2.573250
13.266667	1	2.508125
13.283333	1	2.447125
13.300000	1	2.390625
13.316667	1	2.337875
13.333333	1	2.288250
13.350000	1	2.242625
13.366667	1	2.200625
13.383333	1	2.161125
13.400000	1	2.124250
13.416667	1	2.091875
13.433333	1	2.062375
13.450000	1	2.037125
13.466667	1	2.015875
13.483333	1	1.998500
13.500000	1	1.984875
13.516667	1	1.975500
13.533333	1	1.969375
13.550000	1	1.966250
13.566667	1	1.963375
13.583333	1	1.961000
13.600000	1	1.956625
13.616667	1	1.949750
13.633333	1	1.939125
13.650000	1	1.924500
13.666667	1	1.905375
13.683333	1	1.882500
13.700000	1	1.855250
13.716667	1	1.825000
13.733333	1	1.792500
13.750000	1	1.758750
13.766667	1	1.724500
13.783333	1	1.690375
13.800000	1	1.658125
13.816667	1	1.626750
13.833333	1	1.596875
13.850000	1	1.568625
13.866667	1	1.542750
13.883333	1	1.518625
13.900000	1	1.495375
13.916667	1	1.474375
13.933333	1	1.454500
13.950000	1	1.436750
13.966667	1	1.419875
13.983333	1	1.403875
14.000000	1	1.389625
14.016667	1	1.375500
14.033333	1	1.362500
14.050000	1	1.351250
14.066667	1	1.339000
14.083333	1	1.328125
14.100000	1	1.318000
14.116667	1	1.308625
14.133333	1	1.299875
14.150000	1	1.291875
14.166667	1	1.284125
14.183333	1	1.276750
14.200000	1	1.271000
14.216667	1	1.266250
14.233333	1	1.262000
14.250000	1	1.259000
14.266667	1	1.258500
14.283333	1	1.259500
14.300000	1	1.262375
14.316667	1	1.266750
14.333333	1	1.274125
14.350000	1	1.282500
14.366667	1	1.294250
14.383333	1	1.308125
14.400000	1	1.326000
14.416667	1	1.349125
14.433333	1	1.380750
14.450000	1	1.425375
14.466667	1	1.491375
14.483333	1	1.590125
14.500000	1	1.738875
14.516667	1	1.962250
14.533333	1	2.292750
14.550000	1	2.772500
14.566667	1	3.455125
14.583333	1	4.400500
14.600000	1	5.678625
14.616667	1	7.362125
14.633333	1	9.526375
14.650000	1	12.232875
14.666667	1	15.523250
14.683333	1	19.408125
14.700000	1	23.854375
14.716667	1	28.783125
14.733333	1	34.072750
14.750000	1	39.554250
14.766667	1	45.016250
14.783333	1	50.222750
14.800000	1	54.937875
14.816667	1	58.938625
14.833333	1	62.033750
14.850000	1	64.083750
14.866667	1	65.010125
14.883333	1	64.803875
14.900000	1	63.523250
14.916667	1	61.284500
14.933333	1	58.247750
14.950000	1	54.598500
14.966667	1	50.531250
14.983333	1	46.235375
15.000000	1	41.871000
15.016667	1	37.573875
15.033333	1	33.450125
15.050000	1	29.578125
15.066667	1	26.006125
15.083333	1	22.762125
15.100000	1	19.854250
15.116667	1	17.274250
15.133333	1	15.003500
15.150000	1	13.017000
15.166667	1	11.291125
15.183333	1	9.797125
15.200000	1	8.508750
15.216667	1	7.401375
15.233333	1	6.453750
15.250000	1	5.646875
15.266667	1	4.963875
15.283333	1	4.389875
15.300000	1	3.912375
15.316667	1	3.518375
15.333333	1	3.197500
15.350000	1	2.939250
15.366667	1	2.735625
15.383333	1	2.577500
15.400000	1	2.456250
15.416667	1	2.364500
15.433333	1	2.294250
15.450000	1	2.241000
15.466667	1	2.197750
15.483333	1	2.160500
15.500000	1	2.126125
15.516667	1	2.091750
15.533333	1	2.055750
15.550000	1	2.016875
15.566667	1	1.976750
15.583333	1	1.934000
15.600000	1	1.890750
15.616667	1	1.848000
15.633333	1	1.806250
15.650000	1	1.765875
15.666667	1	1.728375
15.683333	1	1.693250
15.700000	1	1.660625
15.716667	1	1.630750
15.733333	1	1.603500
15.750000	1	1.576500
15.766667	1	1.551625
15.783333	1	1.526625
15.800000	1	1.502375
15.816667	1	1.478000
15.833333	1	1.453375
15.850000	1	1.429375
15.866667	1	1.406500
15.883333	1	1.383750
15.900000	1	1.362625
15.916667	1	1.342125
15.933333	1	1.323500
15.950000	1	1.307000
15.966667	1	1.292250
15.983333	1	1.279375
16.000000	1	1.268000
16.016667	1	1.258500
16.033333	1	1.250875
16.050000	1	1.244875
16.066667	1	1.240375
16.083333	1	1.236875
16.100000	1	1.233750
16.116667	1	1.231125
16.133333	1	1.228125
16.150000	1	1.226250
16.166667	1	1.224250
16.183333	1	1.221750
16.200000	1	1.218625
16.216667	1	1.215000
16.233333	1	1.210750
16.250000	1	1.205875
16.266667	1	1.199875
16.283333	1	1.193875
16.300000	1	1.187625
16.316667	1	1.181875
16.333333	1	1.176500
16.350000	1	1.171375
16.366667	1	1.167500
16.383333	1	1.164500
16.400000	1	1.163625
16.416667	1	1.164125
16.433333	1	1.166000
16.450000	1	1.168750
16.466667	1	1.173250
16.483333	1	1.178250
16.500000	1	1.184000
16.516667	1	1.188250
16.533333	1	1.193000
16.550000	1	1.197125
16.566667	1	1.200125
16.583333	1	1.201750
16.600000	1	1.201125
16.616667	1	1.199250
16.633333	1	1.196875
16.650000	1	1.194000
16.666667	1	1.190750
16.683333	1	1.187625
16.700000	1	1.184250
16.716667	1	1.182750
16.733333	1	1.182000
16.750000	1	1.182500
16.766667	1	1.184750
16.783333	1	1.188625
16.800000	1	1.193375
16.816667	1	1.199000
16.833333	1	1.205250
16.850000	1	1.210875
16.866667	1	1.216375
16.883333	1	1.220625
16.900000	1	1.223750
16.916667	1	1.225125
16.933333	1	1.225125
16.950000	1	1.223625
16.966667	1	1.221250
16.983333	1	1.217750
17.000000	1	1.213125
17.016667	1	1.207500
17.033333	1	1.201500
17.050000	1	1.196250
17.066667	1	1.191125
17.083333	1	1.187000
17.100000	1	1.183125
17.116667	1	1.180000
17.133333	1	1.177500
17.150000	1	1.175375
17.166667	1	1.174750
17.183333	1	1.174250
17.200000	1	1.175125
17.216667	1	1.176625
17.233333	1	1.179000
17.250000	1	1.181875
17.266667	1	1.184750
17.283333	1	1.188500
17.300000	1	1.193000
17.316667	1	1.197500
17.333333	1	1.202125
17.350000	1	1.206250
17.366667	1	1.210750
17.383333	1	1.215750
17.400000	1	1.219500
17.416667	1	1.222125
17.433333	1	1.223625
17.450000	1	1.223875
17.466667	1	1.222875
17.483333	1	1.220125
17.500000	1	1.216250
17.516667	1	1.210875
17.533333	1	1.203625
17.550000	1	1.195250
17.566667	1	1.184750
17.583333	1	1.174000
17.600000	1	1.161000
17.616667	1	1.148250
17.633333	1	1.133875
17.650000	1	1.119500
17.666667	1	1.104375
17.683333	1	1.089375
17.700000	1	1.073875
17.716667	1	1.058875
17.733333	1	1.044125
17.750000	1	1.028750
17.766667	1	1.014500
17.783333	1	1.001625
17.800000	1	0.989000
17.816667	1	0.977250
17.833333	1	0.966750
17.850000	1	0.956000
17.866667	1	0.946625
17.883333	1	0.938000
17.900000	1	0.929500
17.916667	1	0.922500
17.933333	1	0.915375
17.950000	1	0.908250
17.966667	1	0.900875
17.983333	1	0.894375
18.000000	1	0.887375
18.016667	1	0.880625
18.033333	1	0.874375
18.050000	1	0.868375
18.066667	1	0.862125
18.083333	1	0.855625
18.100000	1	0.850500
18.116667	1	0.845750
18.133333	1	0.841625
18.150000	1	0.838375
18.166667	1	0.835875
18.183333	1	0.834125
18.200000	1	0.832250
18.216667	1	0.830875
18.233333	1	0.830500
18.250000	1	0.829750
18.266667	1	0.829500
18.283333	1	0.830125
18.300000	1	0.830375
18.316667	1	0.830875
18.333333	1	0.832375
18.350000	1	0.834125
18.366667	1	0.836625
18.383333	1	0.839500
18.400000	1	0.844000
18.416667	1	0.849875
18.433333	1	0.856500
18.450000	1	0.865000
18.466667	1	0.875125
18.483333	1	0.886625
18.500000	1	0.900500
18.516667	1	0.916375
18.533333	1	0.934625
18.550000	1	0.954375
18.566667	1	0.976625
18.583333	1	1.001000
18.600000	1	1.026750
18.616667	1	1.054000
18.633333	1	1.082625
18.650000	1	1.112875
18.666667	1	1.144375
18.683333	1	1.178000
18.700000	1	1.212000
18.716667	1	1.245750
18.733333	1	1.280250
18.750000	1	1.315500
18.766667	1	1.350500
18.783333	1	1.384375
18.800000	1	1.415875
18.816667	1	1.445500
18.833333	1	1.472250
18.850000	1	1.494875
18.866667	1	1.513500
18.883333	1	1.527750
18.900000	1	1.535750
18.916667	1	1.538250
18.933333	1	1.533875
18.950000	1	1.523625
18.966667	1	1.506375
18.983333	1	1.483250
19.000000	1	1.454375
19.016667	1	1.420125
19.033333	1	1.382000
19.050000	1	1.339625
19.066667	1	1.295125
19.083333	1	1.248000
19.100000	1	1.200250
19.116667	1	1.152875
19.133333	1	1.107500
19.150000	1	1.063750
19.166667	1	1.022750
19.183333	1	0.984875
19.200000	1	0.951500
19.216667	1	0.923125
19.233333	1	0.900125
19.250000	1	0.882125
19.266667	1	0.870250
19.283333	1	0.864000
19.300000	1	0.863500
19.316667	1	0.869375
19.333333	1	0.881000
19.350000	1	0.898250
19.366667	1	0.920375
19.383333	1	0.946500
19.400000	1	0.976125
19.416667	1	1.008750
19.433333	1	1.042500
19.450000	1	1.077000
19.466667	1	1.111500
19.483333	1	1.145125
19.500000	1	1.176375
19.516667	1	1.204625
19.533333	1	1.229875
19.550000	1	1.250375
19.566667	1	1.266375
19.583333	1	1.278625
19.600000	1	1.285375
19.616667	1	1.287750
19.633333	1	1.284625
19.650000	1	1.277375
19.666667	1	1.265625
19.683333	1	1.249375
19.700000	1	1.230000
19.716667	1	1.206875
19.733333	1	1.180250
19.750000	1	1.151875
19.766667	1	1.121750
19.783333	1	1.090125
19.800000	1	1.056625
19.816667	1	1.021500
19.833333	1	0.986625
19.850000	1	0.951750
19.866667	1	0.916875
19.883333	1	0.883500
19.900000	1	0.852500
19.916667	1	0.822625
19.933333	1	0.795500
19.950000	1	0.771000
19.966667	1	0.750000
19.983333	1	0.732250
20.000000	1	0.719500
20.016667	1	0.711250
20.033333	1	0.707875
20.050000	1	0.710125
20.066667	1	0.717875
20.083333	1	0.731375
20.100000	1	0.750500
20.116667	1	0.773750
20.133333	1	0.802125
20.150000	1	0.834500
20.166667	1	0.870625
20.183333	1	0.908000
20.200000	1	0.945750
20.216667	1	0.982375
20.233333	1	1.017000
20.250000	1	1.048625
20.266667	1	1.075625
20.283333	1	1.097250
20.300000	1	1.111875
20.316667	1	1.119250
20.333333	1	1.119625
20.350000	1	1.113875
20.366667	1	1.101000
20.383333	1	1.083000
20.400000	1	1.059250
20.416667	1	1.032500
20.433333	1	1.003125
20.450000	1	0.972625
20.466667	1	0.943250
20.483333	1	0.916875
20.500000	1	0.893750
20.516667	1	0.877125
20.533333	1	0.866875
20.550000	1	0.866250
20.566667	1	0.876375
20.583333	1	0.898875
20.600000	1	0.935500
20.616667	1	0.987250
20.633333	1	1.055125
20.650000	1	1.139000
20.666667	1	1.240500
20.683333	1	1.356875
20.700000	1	1.489125
20.716667	1	1.633750
20.733333	1	1.789625
20.750000	1	1.952250
20.766667	1	2.117375
20.783333	1	2.281500
20.800000	1	2.438250
20.816667	1	2.582750
20.833333	1	2.710875
20.850000	1	2.818125
20.866667	1	2.901750
20.883333	1	2.958875
20.900000	1	2.988625
20.916667	1	2.990375
20.933333	1	2.965000
20.950000	1	2.913625
20.966667	1	2.838625
20.983333	1	2.744125
21.000000	1	2.633375
21.016667	1	2.510750
21.033333	1	2.379000
21.050000	1	2.243000
21.066667	1	2.106000
21.083333	1	1.971000
21.100000	1	1.838500
21.116667	1	1.712250
21.133333	1	1.591750
21.150000	1	1.479250
21.166667	1	1.374375
21.183333	1	1.278875
21.200000	1	1.190625
21.216667	1	1.110750
21.233333	1	1.039000
21.250000	1	0.973750
21.266667	1	0.916000
21.283333	1	0.863875
21.300000	1	0.817375
21.316667	1	0.775750
21.333333	1	0.738625
21.350000	1	0.706000
21.366667	1	0.677125
21.383333	1	0.650625
21.400000	1	0.628375
21.416667	1	0.608125
21.433333	1	0.590000
21.450000	1	0.573250
21.466667	1	0.559125
21.483333	1	0.546375
21.500000	1	0.535375
21.516667	1	0.525875
21.533333	1	0.517500
21.550000	1	0.509250
21.566667	1	0.503000
21.583333	1	0.497750
21.600000	1	0.493250
21.616667	1	0.489750
21.633333	1	0.486625
21.650000	1	0.485250
21.666667	1	0.483875
21.683333	1	0.483250
21.700000	1	0.482750
21.716667	1	0.483625
21.733333	1	0.485250
21.750000	1	0.487250
21.766667	1	0.489250
21.783333	1	0.492000
21.800000	1	0.494750
21.816667	1	0.497625
21.833333	1	0.500875
21.850000	1	0.504375
21.866667	1	0.508375
21.883333	1	0.512750
21.900000	1	0.516750
21.916667	1	0.521500
21.933333	1	0.526500
21.950000	1	0.532125
21.966667	1	0.537625
21.983333	1	0.543875
22.000000	1	0.550500
22.016667	1	0.557625
22.033333	1	0.564250
22.050000	1	0.570375
22.066667	1	0.576750
22.083333	1	0.583000
22.100000	1	0.589125
22.116667	1	0.593875
22.133333	1	0.598125
22.150000	1	0.602375
22.166667	1	0.605875
22.183333	1	0.607875
22.200000	1	0.608875
22.216667	1	0.608125
22.233333	1	0.605875
22.250000	1	0.602625
22.266667	1	0.598250
22.283333	1	0.592375
22.300000	1	0.586000
22.316667	1	0.578750
22.333333	1	0.570625
22.350000	1	0.561125
22.366667	1	0.551125
22.383333	1	0.541500
22.400000	1	0.531875
22.416667	1	0.521875
22.433333	1	0.512000
22.450000	1	0.502875
22.466667	1	0.493750
22.483333	1	0.485250
22.500000	1	0.476500
22.516667	1	0.468000
22.533333	1	0.460875
22.550000	1	0.453750
22.566667	1	0.447375
22.583333	1	0.440875
22.600000	1	0.434500
22.616667	1	0.428625
22.633333	1	0.423000
22.650000	1	0.418125
22.666667	1	0.412875
22.683333	1	0.407875
22.700000	1	0.403250
22.716667	1	0.398125
22.733333	1	0.393750
22.750000	1	0.389250
22.766667	1	0.385125
22.783333	1	0.380875
22.800000	1	0.376375
22.816667	1	0.372375
22.833333	1	0.368625
22.850000	1	0.365625
22.866667	1	0.361875
22.883333	1	0.358875
22.900000	1	0.356125
22.916667	1	0.353250
22.933333	1	0.351125
22.950000	1	0.349125
22.966667	1	0.347125
22.983333	1	0.345250
23.000000	1	0.344250
23.016667	1	0.343875
23.033333	1	0.343000
23.050000	1	0.342750
23.066667	1	0.342875
23.083333	1	0.343750
23.100000	1	0.344125
23.116667	1	0.345625
23.133333	1	0.347250
23.150000	1	0.348500
23.166667	1	0.349875
23.183333	1	0.351375
23.200000	1	0.353250
23.216667	1	0.355750
23.233333	1	0.358125
23.250000	1	0.361625
23.266667	1	0.365625
23.283333	1	0.370250
23.300000	1	0.377000
23.316667	1	0.384875
23.333333	1	0.395250
23.350000	1	0.409750
23.366667	1	0.427750
23.383333	1	0.451875
23.400000	1	0.482875
23.416667	1	0.521750
23.433333	1	0.571125
23.450000	1	0.632250
23.466667	1	0.707750
23.483333	1	0.799750
23.500000	1	0.909750
23.516667	1	1.039625
23.533333	1	1.191750
23.550000	1	1.367625
23.566667	1	1.566250
23.583333	1	1.789875
23.600000	1	2.037000
23.616667	1	2.305750
23.633333	1	2.593125
23.650000	1	2.896875
23.666667	1	3.212875
23.683333	1	3.534625
23.700000	1	3.857500
23.716667	1	4.174750
23.733333	1	4.480000
23.750000	1	4.766125
23.766667	1	5.027125
23.783333	1	5.256625
23.800000	1	5.450000
23.816667	1	5.601875
23.833333	1	5.710750
23.850000	1	5.775625
23.866667	1	5.796250
23.883333	1	5.772750
23.900000	1	5.707000
23.916667	1	5.602375
23.933333	1	5.462750
23.950000	1	5.291375
23.966667	1	5.094750
23.983333	1	4.877500
24.000000	1	4.645500
24.016667	1	4.402750
24.033333	1	4.154375
24.050000	1	3.904375
24.066667	1	3.656875
24.083333	1	3.413875
24.100000	1	3.178500
24.116667	1	2.951750
24.133333	1	2.735625
24.150000	1	2.530750
24.166667	1	2.337750
24.183333	1	2.158000
24.200000	1	1.990000
24.216667	1	1.834125
24.233333	1	1.690750
24.250000	1	1.558875
24.266667	1	1.437250
24.283333	1	1.326500
24.300000	1	1.226250
24.316667	1	1.134000
24.333333	1	1.051000
24.350000	1	0.975500
24.366667	1	0.907625
24.383333	1	0.847375
24.400000	1	0.794750
24.416667	1	0.748375
24.433333	1	0.706875
24.450000	1	0.670875
24.466667	1	0.639375
24.483333	1	0.612000
24.500000	1	0.588375
24.516667	1	0.568250
24.533333	1	0.551125
24.550000	1	0.536750
24.566667	1	0.523750
24.583333	1	0.512750
24.600000	1	0.503250
24.616667	1	0.495250
24.633333	1	0.487500
24.650000	1	0.480500
24.666667	1	0.474000
24.683333	1	0.467875
24.700000	1	0.461125
24.716667	1	0.455000
24.733333	1	0.449875
24.750000	1	0.444250
24.766667	1	0.438875
24.783333	1	0.433250
24.800000	1	0.427875
24.816667	1	0.422875
24.833333	1	0.418125
24.850000	1	0.412750
24.866667	1	0.408625
24.883333	1	0.403875
24.900000	1	0.400500
24.916667	1	0.397250
24.933333	1	0.393625
24.950000	1	0.390250
24.966667	1	0.387000
24.983333	1	0.384000
25.000000	1	0.381000
25.016667	1	0.378500
25.033333	1	0.375250
25.050000	1	0.372625
25.066667	1	0.369875
25.083333	1	0.367750
25.100000	1	0.365250
25.116667	1	0.363000
25.133333	1	0.360125
25.150000	1	0.357625
25.166667	1	0.355625
25.183333	1	0.353125
25.200000	1	0.350000
25.216667	1	0.347250
25.233333	1	0.344750
25.250000	1	0.342250
25.266667	1	0.340250
25.283333	1	0.338500
25.300000	1	0.336375
25.316667	1	0.333875
25.333333	1	0.331250
25.350000	1	0.329125
25.366667	1	0.327125
25.383333	1	0.324625
25.400000	1	0.323000
25.416667	1	0.321875
25.433333	1	0.320625
25.450000	1	0.320000
25.466667	1	0.319125
25.483333	1	0.318625
25.500000	1	0.318500
25.516667	1	0.318125
25.533333	1	0.318375
25.550000	1	0.319250
25.566667	1	0.319375
25.583333	1	0.319375
25.600000	1	0.320125
25.616667	1	0.320625
25.633333	1	0.320875
25.650000	1	0.321625
25.666667	1	0.322000
25.683333	1	0.321625
25.700000	1	0.321625
25.716667	1	0.322125
25.733333	1	0.321875
25.750000	1	0.321500
25.766667	1	0.321250
25.783333	1	0.320375
25.800000	1	0.318875
25.816667	1	0.318875
25.833333	1	0.318500
25.850000	1	0.318000
25.866667	1	0.317250
25.883333	1	0.316875
25.900000	1	0.315875
25.916667	1	0.316375
25.933333	1	0.316375
25.950000	1	0.315875
25.966667	1	0.316000
25.983333	1	0.317625
26.000000	1	0.319250
26.016667	1	0.321500
26.033333	1	0.323250
26.050000	1	0.325875
26.066667	1	0.328875
26.083333	1	0.333125
26.100000	1	0.337625
26.116667	1	0.341750
26.133333	1	0.346625
26.150000	1	0.351000
26.166667	1	0.356500
26.183333	1	0.361875
26.200000	1	0.367750
26.216667	1	0.373750
26.233333	1	0.379250
26.250000	1	0.385000
26.266667	1	0.390750
26.283333	1	0.395250
26.300000	1	0.400375
26.316667	1	0.405500
26.333333	1	0.410375
26.350000	1	0.413250
26.366667	1	0.415750
26.383333	1	0.418000
26.400000	1	0.420000
26.416667	1	0.420125
26.433333	1	0.420125
26.450000	1	0.419500
26.466667	1	0.418250
26.483333	1	0.416500
26.500000	1	0.413875
26.516667	1	0.410875
26.533333	1	0.406750
26.550000	1	0.402250
26.566667	1	0.396875
26.583333	1	0.391250
26.600000	1	0.385750
26.616667	1	0.380125
26.633333	1	0.374750
26.650000	1	0.368500
26.666667	1	0.363000
26.683333	1	0.357125
26.700000	1	0.351250
26.716667	1	0.345500
26.733333	1	0.340000
26.750000	1	0.334625
26.766667	1	0.329625
26.783333	1	0.324625
26.800000	1	0.320250
26.816667	1	0.316500
26.833333	1	0.312750
26.850000	1	0.309750
26.866667	1	0.307000
26.883333	1	0.304125
26.900000	1	0.301625
26.916667	1	0.299500
26.933333	1	0.297750
26.950000	1	0.296500
26.966667	1	0.295125
26.983333	1	0.293875
27.000000	1	0.293375
27.016667	1	0.293000
27.033333	1	0.292875
27.050000	1	0.292250
27.066667	1	0.293500
27.083333	1	0.294625
27.100000	1	0.295750
27.116667	1	0.297125
27.133333	1	0.299375
27.150000	1	0.302250
27.166667	1	0.306000
27.183333	1	0.309750
27.200000	1	0.315000
27.216667	1	0.321375
27.233333	1	0.329250
27.250000	1	0.339000
27.266667	1	0.350750
27.283333	1	0.365250
27.300000	1	0.381875
27.316667	1	0.402000
27.333333	1	0.426250
27.350000	1	0.454875
27.366667	1	0.488875
27.383333	1	0.528125
27.400000	1	0.574625
27.416667	1	0.628750
27.433333	1	0.690625
27.450000	1	0.761500
27.466667	1	0.842000
27.483333	1	0.933500
27.500000	1	1.035875
27.516667	1	1.149000
27.533333	1	1.273625
27.550000	1	1.409625
27.566667	1	1.556625
27.583333	1	1.714375
27.600000	1	1.881375
27.616667	1	2.057250
27.633333	1	2.240875
27.650000	1	2.429250
27.666667	1	2.621250
27.683333	1	2.813875
27.700000	1	3.005875
27.716667	1	3.193375
27.733333	1	3.373875
27.750000	1	3.544375
27.766667	1	3.702500
27.783333	1	3.844375
27.800000	1	3.968750
27.816667	1	4.073750
27.833333	1	4.157125
27.850000	1	4.217875
27.866667	1	4.254125
27.883333	1	4.266500
27.900000	1	4.253625
27.916667	1	4.216375
27.933333	1	4.156875
27.950000	1	4.075000
27.966667	1	3.972625
27.983333	1	3.853500
28.000000	1	3.720000
28.016667	1	3.573375
28.033333	1	3.416250
28.050000	1	3.252375
28.066667	1	3.083375
28.083333	1	2.911625
28.100000	1	2.740125
28.116667	1	2.570500
28.133333	1	2.404750
28.150000	1	2.243250
28.166667	1	2.087750
28.183333	1	1.939875
28.200000	1	1.799750
28.216667	1	1.667625
28.233333	1	1.544125
28.250000	1	1.429250
28.266667	1	1.323125
28.283333	1	1.225000
28.300000	1	1.134750
28.316667	1	1.052375
28.333333	1	0.978125
28.350000	1	0.911125
28.366667	1	0.850375
28.383333	1	0.796250
28.400000	1	0.748875
28.416667	1	0.706625
28.433333	1	0.669250
28.450000	1	0.636500
28.466667	1	0.608750
28.483333	1	0.585250
28.500000	1	0.565500
28.516667	1	0.549125
28.533333	1	0.534875
28.550000	1	0.525375
28.566667	1	0.517500
28.583333	1	0.512875
28.600000	1	0.509125
28.616667	1	0.508875
28.633333	1	0.510125
28.650000	1	0.512875
28.666667	1	0.517000
28.683333	1	0.521625
28.700000	1	0.527000
28.716667	1	0.533375
28.733333	1	0.540625
28.750000	1	0.548000
28.766667	1	0.555375
28.783333	1	0.563125
28.800000	1	0.571500
28.816667	1	0.579250
28.833333	1	0.586250
28.850000	1	0.592750
28.866667	1	0.598875
28.883333	1	0.603625
28.900000	1	0.607875
28.916667	1	0.611125
28.933333	1	0.613750
28.950000	1	0.614750
28.966667	1	0.614750
28.983333	1	0.613125
29.000000	1	0.611500
29.016667	1	0.607500
29.033333	1	0.601500
29.050000	1	0.594250
29.066667	1	0.585000
29.083333	1	0.573750
29.100000	1	0.560875
29.116667	1	0.546250
29.133333	1	0.529875
29.150000	1	0.511750
29.166667	1	0.491375
29.183333	1	0.468250
29.200000	1	0.442750
29.216667	1	0.414875
29.233333	1	0.384250
29.250000	1	0.351750
29.266667	1	0.315750
29.283333	1	0.277125
29.300000	1	0.235500
29.316667	1	0.191250
29.333333	1	0.144375
29.350000	1	0.094750
29.366667	1	0.043250
29.383333	1	-0.010000
29.400000	1	-0.066500
29.416667	1	-0.124625
29.433333	1	-0.184750
29.450000	1	-0.246500
29.466667	1	-0.309500
29.483333	1	-0.372625
29.500000	1	-0.436000
29.516667	1	-0.497875
29.533333	1	-0.558875
29.550000	1	-0.618625
29.566667	1	-0.677125
29.583333	1	-0.732625
29.600000	1	-0.785000
29.616667	1	-0.834500
29.633333	1	-0.879750
29.650000	1	-0.920250
29.666667	1	-0.956125
29.683333	1	-0.987500
29.700000	1	-1.013125
29.716667	1	-1.034000
29.733333	1	-1.049125
29.750000	1	-1.057500
29.766667	1	-1.061375
29.783333	1	-1.059500
29.800000	1	-1.051625
29.816667	1	-1.039125
29.833333	1	-1.022125
29.850000	1	-0.999875
29.866667	1	-0.973500
29.883333	1	-0.944125
29.900000	1	-0.910875
29.916667	1	-0.875125
29.933333	1	-0.836250
29.950000	1	-0.795625
29.966667	1	-0.753125
29.983333	1	-0.708625
30.000000	1	-0.664250
30.016667	1	-0.619500
30.033333	1	-0.573750
30.050000	1	-0.529000
30.066667	1	-0.484125
30.083333	1	-0.440125
30.100000	1	-0.397500
30.116667	1	-0.356125
30.133333	1	-0.316375
30.150000	1	-0.278250
30.166667	1	-0.240750
30.183333	1	-0.205750
30.200000	1	-0.172250
30.216667	1	-0.140250
30.233333	1	-0.109750
30.250000	1	-0.082250
30.266667	1	-0.056250
30.283333	1	-0.032250
30.300000	1	-0.009750
30.316667	1	0.011250
30.333333	1	0.030625
30.350000	1	0.048500
30.366667	1	0.065500
30.383333	1	0.080000
30.400000	1	0.093875
30.416667	1	0.106500
30.433333	1	0.118250
30.450000	1	0.129750
30.466667	1	0.139625
30.483333	1	0.149250
30.500000	1	0.158250
30.516667	1	0.166375
30.533333	1	0.174250
30.550000	1	0.181625
30.566667	1	0.189625
30.583333	1	0.197000
30.600000	1	0.204375
30.616667	1	0.211750
30.633333	1	0.219125
30.650000	1	0.226625
30.666667	1	0.233750
30.683333	1	0.241500
30.700000	1	0.249250
30.716667	1	0.257000
30.733333	1	0.264625
30.750000	1	0.273125
30.766667	1	0.281625
30.783333	1	0.290000
30.800000	1	0.299500
30.816667	1	0.308875
30.833333	1	0.319000
30.850000	1	0.329250
30.866667	1	0.340875
30.883333	1	0.352875
30.900000	1	0.366000
30.916667	1	0.379625
30.933333	1	0.395375
30.950000	1	0.413000
30.966667	1	0.432875
30.983333	1	0.455500
31.000000	1	0.481000
31.016667	1	0.510125
31.033333	1	0.543750
31.050000	1	0.581875
31.066667	1	0.626875
31.083333	1	0.677125
31.100000	1	0.734125
31.116667	1	0.800250
31.133333	1	0.874750
31.150000	1	0.958125
31.166667	1	1.052000
31.183333	1	1.157125
31.200000	1	1.273750
31.216667	1	1.402750
31.233333	1	1.544750
31.250000	1	1.697750
31.266667	1	1.863125
31.283333	1	2.040000
31.300000	1	2.227375
31.316667	1	2.425250
31.333333	1	2.631750
31.350000	1	2.845000
31.366667	1	3.063750
31.383333	1	3.286625
31.400000	1	3.510750
31.416667	1	3.734000
31.433333	1	3.952375
31.450000	1	4.164750
31.466667	1	4.368000
31.483333	1	4.559625
31.500000	1	4.737000
31.516667	1	4.897375
31.533333	1	5.039375
31.550000	1	5.160750
31.566667	1	5.260875
31.583333	1	5.338000
31.600000	1	5.391875
31.616667	1	5.421375
31.633333	1	5.426750
31.650000	1	5.408625
31.666667	1	5.367625
31.683333	1	5.304375
31.700000	1	5.221000
31.716667	1	5.118125
31.733333	1	4.998000
31.750000	1	4.863500
31.766667	1	4.716250
31.783333	1	4.556125
31.800000	1	4.387375
31.816667	1	4.210375
31.833333	1	4.028750
31.850000	1	3.843125
31.866667	1	3.656500
31.883333	1	3.470125
31.900000	1	3.285875
31.916667	1	3.103625
31.933333	1	2.925375
31.950000	1	2.752250
31.966667	1	2.583875
31.983333	1	2.422375
32.000000	1	2.266000
32.016667	1	2.117125
32.033333	1	1.975375
32.050000	1	1.840875
32.066667	1	1.714125
32.083333	1	1.593125
32.100000	1	1.479875
32.116667	1	1.374375
32.133333	1	1.275000
32.150000	1	1.182750
32.166667	1	1.096500
32.183333	1	1.016375
32.200000	1	0.940750
32.216667	1	0.870750
32.233333	1	0.805875
32.250000	1	0.745375
32.266667	1	0.689625
32.283333	1	0.638250
32.300000	1	0.590125
32.316667	1	0.546000
32.333333	1	0.506125
32.350000	1	0.468500
32.366667	1	0.434875
32.383333	1	0.403125
32.400000	1	0.374125
32.416667	1	0.346875
32.433333	1	0.322875
32.450000	1	0.300000
32.466667	1	0.279375
32.483333	1	0.260125
32.500000	1	0.242875
32.516667	1	0.226875
32.533333	1	0.212875
32.550000	1	0.200000
32.566667	1	0.187875
32.583333	1	0.177000
32.600000	1	0.166500
32.616667	1	0.156375
32.633333	1	0.147875
32.650000	1	0.139750
32.666667	1	0.132500
32.683333	1	0.126000
32.700000	1	0.120000
32.716667	1	0.115250
32.733333	1	0.110625
32.750000	1	0.106375
32.766667	1	0.102750
32.783333	1	0.099875
32.800000	1	0.096750
32.816667	1	0.094625
32.833333	1	0.093000
32.850000	1	0.090875
32.866667	1	0.088875
32.883333	1	0.087875
32.900000	1	0.086875
32.916667	1	0.086250
32.933333	1	0.085625
32.950000	1	0.085750
32.966667	1	0.086000
32.983333	1	0.086250
33.000000	1	0.086500
33.016667	1	0.087000
33.033333	1	0.087250
33.050000	1	0.087875
33.066667	1	0.088250
33.083333	1	0.088250
33.100000	1	0.088750
33.116667	1	0.088500
33.133333	1	0.088500
33.150000	1	0.089125
33.166667	1	0.089500
33.183333	1	0.089875
33.200000	1	0.090375
33.216667	1	0.090500
33.233333	1	0.090625
33.250000	1	0.090625
33.266667	1	0.090750
33.283333	1	0.090625
33.300000	1	0.090875
33.316667	1	0.092250
33.333333	1	0.092625
33.350000	1	0.093875
33.366667	1	0.094500
33.383333	1	0.095000
33.400000	1	0.096125
33.416667	1	0.097000
33.433333	1	0.096875
33.450000	1	0.098500
33.466667	1	0.099000
33.483333	1	0.100625
33.500000	1	0.101750
33.516667	1	0.103875
33.533333	1	0.105375
33.550000	1	0.108250
33.566667	1	0.110625
33.583333	1	0.113250
33.600000	1	0.115750
33.616667	1	0.117750
33.633333	1	0.119750
33.650000	1	0.122875
33.666667	1	0.125000
33.683333	1	0.127625
33.700000	1	0.130000
33.716667	1	0.132375
33.733333	1	0.135125
33.750000	1	0.138125
33.766667	1	0.140750
33.783333	1	0.143625
33.800000	1	0.145750
33.816667	1	0.148000
33.833333	1	0.149625
33.850000	1	0.152250
33.866667	1	0.154500
33.883333	1	0.156375
33.900000	1	0.158625
33.916667	1	0.160000
33.933333	1	0.161750
33.950000	1	0.162875
33.966667	1	0.164500
33.983333	1	0.165875
34.000000	1	0.166625
34.016667	1	0.167750
34.033333	1	0.168375
34.050000	1	0.169500
34.066667	1	0.170000
34.083333	1	0.170750
34.100000	1	0.171000
34.116667	1	0.171375
34.133333	1	0.172250
34.150000	1	0.172750
34.166667	1	0.172750
34.183333	1	0.172875
34.200000	1	0.171875
34.216667	1	0.171750
34.233333	1	0.171750
34.250000	1	0.171500
34.266667	1	0.171375
34.283333	1	0.171125
34.300000	1	0.170875
34.316667	1	0.170875
34.333333	1	0.170750
34.350000	1	0.170500
34.366667	1	0.171125
34.383333	1	0.171375
34.400000	1	0.171375
34.416667	1	0.171875
34.433333	1	0.172375
34.450000	1	0.173125
34.466667	1	0.173750
34.483333	1	0.173625
34.500000	1	0.174000
34.516667	1	0.174375
34.533333	1	0.175000
34.550000	1	0.175500
34.566667	1	0.175500
34.583333	1	0.176500
34.600000	1	0.177375
34.616667	1	0.177625
34.633333	1	0.178250
34.650000	1	0.178750
34.666667	1	0.179625
34.683333	1	0.180250
34.700000	1	0.180250
34.716667	1	0.180375
34.733333	1	0.180750
34.750000	1	0.180750
34.766667	1	0.181250
34.783333	1	0.180625
34.800000	1	0.179875
34.816667	1	0.179500
34.833333	1	0.179250
34.850000	1	0.178500
34.866667	1	0.178125
34.883333	1	0.177125
34.900000	1	0.176500
34.916667	1	0.175500
34.933333	1	0.174375
34.950000	1	0.172625
34.966667	1	0.171250
34.983333	1	0.170250
35.000000	1	0.168750
35.016667	1	0.167125
35.033333	1	0.166000
35.050000	1	0.164000
35.066667	1	0.162500
35.083333	1	0.161125
35.100000	1	0.159750
35.116667	1	0.157875
35.133333	1	0.156375
35.150000	1	0.155000
35.166667	1	0.153750
35.183333	1	0.152625
35.200000	1	0.151625
35.216667	1	0.150375
35.233333	1	0.150000
35.250000	1	0.149375
35.266667	1	0.148375
35.283333	1	0.147625
35.300000	1	0.147875
35.316667	1	0.147750
35.333333	1	0.147750
35.350000	1	0.148375
35.366667	1	0.149000
35.383333	1	0.149625
35.400000	1	0.150875
35.416667	1	0.151750
35.433333	1	0.152250
35.450000	1	0.152875
35.466667	1	0.154000
35.483333	1	0.155250
35.500000	1	0.156250
35.516667	1	0.158125
35.533333	1	0.159750
35.550000	1	0.161250
35.566667	1	0.162750
35.583333	1	0.164625
35.600000	1	0.166625
35.616667	1	0.168625
35.633333	1	0.171000
35.650000	1	0.173000
35.666667	1	0.174875
35.683333	1	0.176875
35.700000	1	0.178625
35.716667	1	0.180625
35.733333	1	0.182375
35.750000	1	0.184250
35.766667	1	0.185875
35.783333	1	0.188250
35.800000	1	0.189750
35.816667	1	0.191125
35.833333	1	0.192000
35.850000	1	0.193250
35.866667	1	0.194125
35.883333	1	0.194500
35.900000	1	0.195000
35.916667	1	0.194875
35.933333	1	0.195375
35.950000	1	0.195375
35.966667	1	0.194875
35.983333	1	0.194625
36.000000	1	0.193750
36.016667	1	0.192000
36.033333	1	0.190875
36.050000	1	0.190375
36.066667	1	0.189250
36.083333	1	0.187875
36.100000	1	0.186125
36.116667	1	0.185625
36.133333	1	0.185000
36.150000	1	0.183875
36.166667	1	0.182625
36.183333	1	0.181375
36.200000	1	0.180875
36.216667	1	0.179875
36.233333	1	0.178750
36.250000	1	0.177625
36.266667	1	0.176625
36.283333	1	0.176000
36.300000	1	0.175375
36.316667	1	0.175125
36.333333	1	0.174875
36.350000	1	0.175250
36.366667	1	0.175375
36.383333	1	0.175500
36.400000	1	0.175875
36.416667	1	0.176000
36.433333	1	0.176500
36.450000	1	0.176750
36.466667	1	0.177375
36.483333	1	0.177500
36.500000	1	0.178375
36.516667	1	0.179500
36.533333	1	0.180125
36.550000	1	0.180750
36.566667	1	0.181000
36.583333	1	0.180750
36.600000	1	0.181000
36.616667	1	0.180875
36.633333	1	0.181125
36.650000	1	0.180375
36.666667	1	0.180000
36.683333	1	0.179375
36.700000	1	0.179000
36.716667	1	0.178250
36.733333	1	0.177875
36.750000	1	0.176375
36.766667	1	0.175000
36.783333	1	0.173500
36.800000	1	0.172125
36.816667	1	0.170500
36.833333	1	0.169250
36.850000	1	0.168000
36.866667	1	0.166000
36.883333	1	0.164375
36.900000	1	0.162750
36.916667	1	0.161875
36.933333	1	0.160625
36.950000	1	0.159375
36.966667	1	0.158500
36.983333	1	0.158125
37.000000	1	0.156250
37.016667	1	0.155000
37.033333	1	0.154000
37.050000	1	0.153250
37.066667	1	0.153250
37.083333	1	0.153500
37.100000	1	0.153375
37.116667	1	0.154125
37.133333	1	0.155000
37.150000	1	0.155500
37.166667	1	0.156125
37.183333	1	0.157625
37.200000	1	0.159500
37.216667	1	0.160500
37.233333	1	0.162250
37.250000	1	0.164250
37.266667	1	0.166750
37.283333	1	0.168625
37.300000	1	0.171125
37.316667	1	0.173750
37.333333	1	0.176500
37.350000	1	0.179500
37.366667	1	0.182625
37.383333	1	0.185250
37.400000	1	0.188250
37.416667	1	0.190625
37.433333	1	0.193750
37.450000	1	0.195375
37.466667	1	0.198250
37.483333	1	0.201375
37.500000	1	0.203500
37.516667	1	0.206250
37.533333	1	0.209250
37.550000	1	0.211500
37.566667	1	0.212875
37.583333	1	0.214500
37.600000	1	0.216000
37.616667	1	0.217625
37.633333	1	0.219250
37.650000	1	0.221750
37.666667	1	0.223000
37.683333	1	0.224375
37.700000	1	0.225625
37.716667	1	0.227000
37.733333	1	0.228625
37.750000	1	0.229375
37.766667	1	0.230125
37.783333	1	0.230625
37.800000	1	0.232250
37.816667	1	0.233500
37.833333	1	0.234500
37.850000	1	0.235375
37.866667	1	0.235875
37.883333	1	0.236125
37.900000	1	0.237250
37.916667	1	0.238000
37.933333	1	0.239375
37.950000	1	0.239750
37.966667	1	0.240250
37.983333	1	0.240625
38.000000	1	0.242250
38.016667	1	0.242625
38.033333	1	0.243250
38.050000	1	0.244125
38.066667	1	0.246125
38.083333	1	0.246750
38.100000	1	0.247750
38.116667	1	0.248375
38.133333	1	0.249375
38.150000	1	0.250500
38.166667	1	0.251750
38.183333	1	0.252750
38.200000	1	0.253500
38.216667	1	0.254250
38.233333	1	0.255875
38.250000	1	0.257500
38.266667	1	0.258500
38.283333	1	0.259750
38.300000	1	0.260750
38.316667	1	0.261875
38.333333	1	0.263250
38.350000	1	0.264125
38.366667	1	0.264000
38.383333	1	0.264750
38.400000	1	0.264500
38.416667	1	0.265875
38.433333	1	0.266250
38.450000	1	0.266875
38.466667	1	0.267125
38.483333	1	0.268125
38.500000	1	0.268750
38.516667	1	0.269125
38.533333	1	0.269250
38.550000	1	0.269250
38.566667	1	0.269125
38.583333	1	0.268750
38.600000	1	0.269250
38.616667	1	0.268875
38.633333	1	0.269500
38.650000	1	0.269250
38.666667	1	0.269625
38.683333	1	0.269875
38.700000	1	0.269625
38.716667	1	0.269250
38.733333	1	0.270250
38.750000	1	0.270500
38.766667	1	0.270125
38.783333	1	0.269875
38.800000	1	0.270500
38.816667	1	0.270375
38.833333	1	0.270250
38.850000	1	0.271000
38.866667	1	0.271125
38.883333	1	0.271500
38.900000	1	0.271375
38.916667	1	0.271500
38.933333	1	0.271250
38.950000	1	0.271000
38.966667	1	0.270750
38.983333	1	0.270000
39.000000	1	0.270250
39.016667	1	0.270000
39.033333	1	0.269125
39.050000	1	0.269125
39.066667	1	0.267375
39.083333	1	0.267000
39.100000	1	0.265500
39.116667	1	0.263875
39.133333	1	0.261750
39.150000	1	0.259375
39.166667	1	0.257625
39.183333	1	0.255750
39.200000	1	0.253500
39.216667	1	0.250750
39.233333	1	0.247125
39.250000	1	0.243250
39.266667	1	0.239625
39.283333	1	0.236375
39.300000	1	0.232250
39.316667	1	0.228750
39.333333	1	0.225000
39.350000	1	0.220875
39.366667	1	0.216250
39.383333	1	0.212125
39.400000	1	0.207500
39.416667	1	0.203125
39.433333	1	0.198625
39.450000	1	0.193875
39.466667	1	0.189625
39.483333	1	0.185875
39.500000	1	0.182625
39.516667	1	0.179125
39.533333	1	0.175375
39.550000	1	0.171250
39.566667	1	0.167875
39.583333	1	0.164250
39.600000	1	0.160750
39.616667	1	0.157500
39.633333	1	0.154375
39.650000	1	0.151875
39.666667	1	0.148875
39.683333	1	0.146375
39.700000	1	0.144125
39.716667	1	0.141875
39.733333	1	0.139500
39.750000	1	0.137625
39.766667	1	0.135750
39.783333	1	0.134125
39.800000	1	0.132125
39.816667	1	0.130875
39.833333	1	0.129375
39.850000	1	0.128625
39.866667	1	0.128000
39.883333	1	0.126875
39.900000	1	0.125500
39.916667	1	0.124750
39.933333	1	0.123250
39.950000	1	0.122500
39.966667	1	0.121500
39.983333	1	0.121000
40.000000	1	0.119875
