URL	chrom://7040-86g6c92/XVault/Ultimate_3000/20/20240517_CMO_FP23_FP25_MarkusDeplate.seq/874.smp/RI_1.channel/RI_1.chm
Channel	RI_1

Injection Information:
Data Vault	XVault
Sequence	20240517_CMO_FP23_FP25_MarkusDeplate
Name	FP26_21_s5
Number	93
Position	BA10
Comment	
Processing Method	
Instrument Method	run_25B_method
Type	Unknown
Status	Finished
Inject Time	30.05.2024 09:32:29 +02:00
Volume (µl)	20.0000
Dilution Factor	1.0000
Weight	1.0000

Chromatogram Data Information:
Time Min. (min)	0.000000
Time Max. (min)	40.000000
Data Points	2401
Detector	RI
Generating Data System	Chromeleon 7.3.2.11814
Exporting Data System	Chromeleon 7.3.2.0
Operator	Instrument Controller
Signal Quantity	Refractive 
Signal Unit	µRIU
Signal Min.	-0.632625
Signal Max.	54.220750
Channel	RI_1
Driver Name	RID520Driver.dll
Channel Type	Evaluation
Min. Step (s)	1
Max. Step (s)	1
Average Step (s)	1

Signal Parameter Information:
Signal Info	

Chromatogram Data:
Time (min)	Step (s)	Value (µRIU)
0.000000	n.a.	0.013625
0.016667	1	0.013625
0.033333	1	0.013125
0.050000	1	0.013125
0.066667	1	0.013625
0.083333	1	0.013875
0.100000	1	0.013750
0.116667	1	0.013750
0.133333	1	0.013625
0.150000	1	0.013125
0.166667	1	0.013375
0.183333	1	0.013000
0.200000	1	0.013000
0.216667	1	0.013625
0.233333	1	0.014000
0.250000	1	0.014375
0.266667	1	0.014000
0.283333	1	0.014750
0.300000	1	0.014750
0.316667	1	0.015000
0.333333	1	0.015000
0.350000	1	0.015000
0.366667	1	0.014500
0.383333	1	0.013250
0.400000	1	0.013125
0.416667	1	0.012875
0.433333	1	0.014000
0.450000	1	0.015000
0.466667	1	0.017000
0.483333	1	0.018125
0.500000	1	0.018625
0.516667	1	0.018500
0.533333	1	0.017875
0.550000	1	0.017125
0.566667	1	0.015250
0.583333	1	0.012625
0.600000	1	0.008625
0.616667	1	0.005625
0.633333	1	0.003125
0.650000	1	0.000625
0.666667	1	-0.001375
0.683333	1	-0.002625
0.700000	1	-0.004125
0.716667	1	-0.005875
0.733333	1	-0.008000
0.750000	1	-0.009250
0.766667	1	-0.011250
0.783333	1	-0.012250
0.800000	1	-0.013000
0.816667	1	-0.014125
0.833333	1	-0.015750
0.850000	1	-0.017375
0.866667	1	-0.018375
0.883333	1	-0.019375
0.900000	1	-0.020250
0.916667	1	-0.021250
0.933333	1	-0.021625
0.950000	1	-0.021875
0.966667	1	-0.022250
0.983333	1	-0.022875
1.000000	1	-0.022750
1.016667	1	-0.023375
1.033333	1	-0.022875
1.050000	1	-0.022500
1.066667	1	-0.021875
1.083333	1	-0.021125
1.100000	1	-0.020625
1.116667	1	-0.019875
1.133333	1	-0.018750
1.150000	1	-0.017500
1.166667	1	-0.016250
1.183333	1	-0.014500
1.200000	1	-0.012500
1.216667	1	-0.010625
1.233333	1	-0.009375
1.250000	1	-0.007750
1.266667	1	-0.006250
1.283333	1	-0.004625
1.300000	1	-0.003000
1.316667	1	-0.000750
1.333333	1	0.000500
1.350000	1	0.002000
1.366667	1	0.003875
1.383333	1	0.005375
1.400000	1	0.008125
1.416667	1	0.009875
1.433333	1	0.012000
1.450000	1	0.013500
1.466667	1	0.015500
1.483333	1	0.016500
1.500000	1	0.017750
1.516667	1	0.018000
1.533333	1	0.019125
1.550000	1	0.019875
1.566667	1	0.019750
1.583333	1	0.020250
1.600000	1	0.020125
1.616667	1	0.020625
1.633333	1	0.021000
1.650000	1	0.020625
1.666667	1	0.019750
1.683333	1	0.019250
1.700000	1	0.018750
1.716667	1	0.018000
1.733333	1	0.017750
1.750000	1	0.017750
1.766667	1	0.017125
1.783333	1	0.016250
1.800000	1	0.015750
1.816667	1	0.015000
1.833333	1	0.014875
1.850000	1	0.014500
1.866667	1	0.014125
1.883333	1	0.013250
1.900000	1	0.013250
1.916667	1	0.012625
1.933333	1	0.012375
1.950000	1	0.012000
1.966667	1	0.011625
1.983333	1	0.011625
2.000000	1	0.011625
2.016667	1	0.011500
2.033333	1	0.011250
2.050000	1	0.011875
2.066667	1	0.011250
2.083333	1	0.011125
2.100000	1	0.011125
2.116667	1	0.011000
2.133333	1	0.010375
2.150000	1	0.010375
2.166667	1	0.010375
2.183333	1	0.010000
2.200000	1	0.009500
2.216667	1	0.009375
2.233333	1	0.009500
2.250000	1	0.009750
2.266667	1	0.009625
2.283333	1	0.008750
2.300000	1	0.008375
2.316667	1	0.008000
2.333333	1	0.007250
2.350000	1	0.007000
2.366667	1	0.006875
2.383333	1	0.006000
2.400000	1	0.005625
2.416667	1	0.004250
2.433333	1	0.003625
2.450000	1	0.003750
2.466667	1	0.003750
2.483333	1	0.003125
2.500000	1	0.003500
2.516667	1	0.003625
2.533333	1	0.003375
2.550000	1	0.003125
2.566667	1	0.002875
2.583333	1	0.002375
2.600000	1	0.002625
2.616667	1	0.002625
2.633333	1	0.002500
2.650000	1	0.002875
2.666667	1	0.003750
2.683333	1	0.004125
2.700000	1	0.004250
2.716667	1	0.004875
2.733333	1	0.005000
2.750000	1	0.005500
2.766667	1	0.005875
2.783333	1	0.006500
2.800000	1	0.006875
2.816667	1	0.007250
2.833333	1	0.007500
2.850000	1	0.008750
2.866667	1	0.008625
2.883333	1	0.009375
2.900000	1	0.009000
2.916667	1	0.009125
2.933333	1	0.009125
2.950000	1	0.009125
2.966667	1	0.009125
2.983333	1	0.009000
3.000000	1	0.009375
3.016667	1	0.008750
3.033333	1	0.008500
3.050000	1	0.007500
3.066667	1	0.007750
3.083333	1	0.007625
3.100000	1	0.007375
3.116667	1	0.006500
3.133333	1	0.005875
3.150000	1	0.005500
3.166667	1	0.004750
3.183333	1	0.004125
3.200000	1	0.004500
3.216667	1	0.004125
3.233333	1	0.004125
3.250000	1	0.004000
3.266667	1	0.003375
3.283333	1	0.003375
3.300000	1	0.003125
3.316667	1	0.003000
3.333333	1	0.003000
3.350000	1	0.003500
3.366667	1	0.003500
3.383333	1	0.003125
3.400000	1	0.002500
3.416667	1	0.003250
3.433333	1	0.002875
3.450000	1	0.003375
3.466667	1	0.003500
3.483333	1	0.004250
3.500000	1	0.004750
3.516667	1	0.005500
3.533333	1	0.005875
3.550000	1	0.007125
3.566667	1	0.007500
3.583333	1	0.007875
3.600000	1	0.008125
3.616667	1	0.008750
3.633333	1	0.009000
3.650000	1	0.009000
3.666667	1	0.009125
3.683333	1	0.009125
3.700000	1	0.009625
3.716667	1	0.009750
3.733333	1	0.010750
3.750000	1	0.011000
3.766667	1	0.011125
3.783333	1	0.011750
3.800000	1	0.012250
3.816667	1	0.012250
3.833333	1	0.012250
3.850000	1	0.013500
3.866667	1	0.013875
3.883333	1	0.015000
3.900000	1	0.015375
3.916667	1	0.015750
3.933333	1	0.016375
3.950000	1	0.016750
3.966667	1	0.017375
3.983333	1	0.018250
4.000000	1	0.018500
4.016667	1	0.019500
4.033333	1	0.020125
4.050000	1	0.020875
4.066667	1	0.021750
4.083333	1	0.022500
4.100000	1	0.023250
4.116667	1	0.023500
4.133333	1	0.023875
4.150000	1	0.024750
4.166667	1	0.025625
4.183333	1	0.026625
4.200000	1	0.027500
4.216667	1	0.028625
4.233333	1	0.029375
4.250000	1	0.031000
4.266667	1	0.032250
4.283333	1	0.033000
4.300000	1	0.033500
4.316667	1	0.034125
4.333333	1	0.035125
4.350000	1	0.035750
4.366667	1	0.036500
4.383333	1	0.037125
4.400000	1	0.038625
4.416667	1	0.039000
4.433333	1	0.040375
4.450000	1	0.041375
4.466667	1	0.042250
4.483333	1	0.043250
4.500000	1	0.044875
4.516667	1	0.045500
4.533333	1	0.046875
4.550000	1	0.047875
4.566667	1	0.049500
4.583333	1	0.050875
4.600000	1	0.052375
4.616667	1	0.053750
4.633333	1	0.055375
4.650000	1	0.056875
4.666667	1	0.058750
4.683333	1	0.060750
4.700000	1	0.062750
4.716667	1	0.064625
4.733333	1	0.066500
4.750000	1	0.068250
4.766667	1	0.070875
4.783333	1	0.073625
4.800000	1	0.075875
4.816667	1	0.078500
4.833333	1	0.081000
4.850000	1	0.084000
4.866667	1	0.087000
4.883333	1	0.090250
4.900000	1	0.093250
4.916667	1	0.096000
4.933333	1	0.099375
4.950000	1	0.102500
4.966667	1	0.105750
4.983333	1	0.108625
5.000000	1	0.111375
5.016667	1	0.114375
5.033333	1	0.116750
5.050000	1	0.120375
5.066667	1	0.123125
5.083333	1	0.126625
5.100000	1	0.129500
5.116667	1	0.132500
5.133333	1	0.135500
5.150000	1	0.138750
5.166667	1	0.141875
5.183333	1	0.145125
5.200000	1	0.148500
5.216667	1	0.151875
5.233333	1	0.154750
5.250000	1	0.158375
5.266667	1	0.161500
5.283333	1	0.164250
5.300000	1	0.167500
5.316667	1	0.170875
5.333333	1	0.174375
5.350000	1	0.178125
5.366667	1	0.182125
5.383333	1	0.186625
5.400000	1	0.190000
5.416667	1	0.194125
5.433333	1	0.198250
5.450000	1	0.202375
5.466667	1	0.206750
5.483333	1	0.210375
5.500000	1	0.213875
5.516667	1	0.217625
5.533333	1	0.221125
5.550000	1	0.224375
5.566667	1	0.227375
5.583333	1	0.231250
5.600000	1	0.235125
5.616667	1	0.238500
5.633333	1	0.241125
5.650000	1	0.243625
5.666667	1	0.246125
5.683333	1	0.247875
5.700000	1	0.249750
5.716667	1	0.251625
5.733333	1	0.252875
5.750000	1	0.254125
5.766667	1	0.255250
5.783333	1	0.256375
5.800000	1	0.256375
5.816667	1	0.256750
5.833333	1	0.256750
5.850000	1	0.256875
5.866667	1	0.256125
5.883333	1	0.255500
5.900000	1	0.254125
5.916667	1	0.252500
5.933333	1	0.250625
5.950000	1	0.248500
5.966667	1	0.245875
5.983333	1	0.244375
6.000000	1	0.241250
6.016667	1	0.237625
6.033333	1	0.235250
6.050000	1	0.231875
6.066667	1	0.228750
6.083333	1	0.225375
6.100000	1	0.221625
6.116667	1	0.217750
6.133333	1	0.214000
6.150000	1	0.210250
6.166667	1	0.206500
6.183333	1	0.202875
6.200000	1	0.198625
6.216667	1	0.194625
6.233333	1	0.190500
6.250000	1	0.186625
6.266667	1	0.183250
6.283333	1	0.179375
6.300000	1	0.175875
6.316667	1	0.172375
6.333333	1	0.169125
6.350000	1	0.166625
6.366667	1	0.163375
6.383333	1	0.161125
6.400000	1	0.158500
6.416667	1	0.156125
6.433333	1	0.153250
6.450000	1	0.151000
6.466667	1	0.149000
6.483333	1	0.146500
6.500000	1	0.145125
6.516667	1	0.142875
6.533333	1	0.141125
6.550000	1	0.139375
6.566667	1	0.137875
6.583333	1	0.135500
6.600000	1	0.134125
6.616667	1	0.132375
6.633333	1	0.130750
6.650000	1	0.128625
6.666667	1	0.127500
6.683333	1	0.126500
6.700000	1	0.125500
6.716667	1	0.123500
6.733333	1	0.122375
6.750000	1	0.121000
6.766667	1	0.119750
6.783333	1	0.118750
6.800000	1	0.117625
6.816667	1	0.115750
6.833333	1	0.114500
6.850000	1	0.113125
6.866667	1	0.111875
6.883333	1	0.111000
6.900000	1	0.110000
6.916667	1	0.110250
6.933333	1	0.109500
6.950000	1	0.108875
6.966667	1	0.108625
6.983333	1	0.108250
7.000000	1	0.107250
7.016667	1	0.107625
7.033333	1	0.108125
7.050000	1	0.108000
7.066667	1	0.108375
7.083333	1	0.108625
7.100000	1	0.109000
7.116667	1	0.110000
7.133333	1	0.111250
7.150000	1	0.112500
7.166667	1	0.113250
7.183333	1	0.114750
7.200000	1	0.115875
7.216667	1	0.116875
7.233333	1	0.118875
7.250000	1	0.120500
7.266667	1	0.122750
7.283333	1	0.124500
7.300000	1	0.126375
7.316667	1	0.128250
7.333333	1	0.130875
7.350000	1	0.133000
7.366667	1	0.135750
7.383333	1	0.138125
7.400000	1	0.140875
7.416667	1	0.143125
7.433333	1	0.145500
7.450000	1	0.148000
7.466667	1	0.150625
7.483333	1	0.152625
7.500000	1	0.154250
7.516667	1	0.156000
7.533333	1	0.157750
7.550000	1	0.160000
7.566667	1	0.161750
7.583333	1	0.162500
7.600000	1	0.163375
7.616667	1	0.163875
7.633333	1	0.165000
7.650000	1	0.164875
7.666667	1	0.165000
7.683333	1	0.164375
7.700000	1	0.163750
7.716667	1	0.163125
7.733333	1	0.161875
7.750000	1	0.160875
7.766667	1	0.159250
7.783333	1	0.157500
7.800000	1	0.156000
7.816667	1	0.153250
7.833333	1	0.150625
7.850000	1	0.147875
7.866667	1	0.144375
7.883333	1	0.141250
7.900000	1	0.138000
7.916667	1	0.134750
7.933333	1	0.131000
7.950000	1	0.127750
7.966667	1	0.124250
7.983333	1	0.120750
8.000000	1	0.116875
8.016667	1	0.112500
8.033333	1	0.109250
8.050000	1	0.105375
8.066667	1	0.101625
8.083333	1	0.097500
8.100000	1	0.093125
8.116667	1	0.089625
8.133333	1	0.086500
8.150000	1	0.083000
8.166667	1	0.079000
8.183333	1	0.075625
8.200000	1	0.072125
8.216667	1	0.069125
8.233333	1	0.065750
8.250000	1	0.062750
8.266667	1	0.060125
8.283333	1	0.057125
8.300000	1	0.055000
8.316667	1	0.052375
8.333333	1	0.049750
8.350000	1	0.047125
8.366667	1	0.045000
8.383333	1	0.042750
8.400000	1	0.040875
8.416667	1	0.039125
8.433333	1	0.037000
8.450000	1	0.035500
8.466667	1	0.034375
8.483333	1	0.032375
8.500000	1	0.031250
8.516667	1	0.030375
8.533333	1	0.029375
8.550000	1	0.028875
8.566667	1	0.027625
8.583333	1	0.026250
8.600000	1	0.025625
8.616667	1	0.025000
8.633333	1	0.024250
8.650000	1	0.023250
8.666667	1	0.022625
8.683333	1	0.022625
8.700000	1	0.022250
8.716667	1	0.021875
8.733333	1	0.022000
8.750000	1	0.022250
8.766667	1	0.022875
8.783333	1	0.023250
8.800000	1	0.024000
8.816667	1	0.024375
8.833333	1	0.025250
8.850000	1	0.025625
8.866667	1	0.026500
8.883333	1	0.028250
8.900000	1	0.029500
8.916667	1	0.031500
8.933333	1	0.033000
8.950000	1	0.035125
8.966667	1	0.036625
8.983333	1	0.038250
9.000000	1	0.040250
9.016667	1	0.041500
9.033333	1	0.043250
9.050000	1	0.044250
9.066667	1	0.045500
9.083333	1	0.047750
9.100000	1	0.049375
9.116667	1	0.050875
9.133333	1	0.052125
9.150000	1	0.053500
9.166667	1	0.054625
9.183333	1	0.056000
9.200000	1	0.057250
9.216667	1	0.058125
9.233333	1	0.058750
9.250000	1	0.059375
9.266667	1	0.060125
9.283333	1	0.061125
9.300000	1	0.061875
9.316667	1	0.062375
9.333333	1	0.063500
9.350000	1	0.064000
9.366667	1	0.064250
9.383333	1	0.064875
9.400000	1	0.065250
9.416667	1	0.065625
9.433333	1	0.065750
9.450000	1	0.065500
9.466667	1	0.065750
9.483333	1	0.066000
9.500000	1	0.066375
9.516667	1	0.065750
9.533333	1	0.066250
9.550000	1	0.066125
9.566667	1	0.066375
9.583333	1	0.066875
9.600000	1	0.067250
9.616667	1	0.067000
9.633333	1	0.066875
9.650000	1	0.066250
9.666667	1	0.065625
9.683333	1	0.065000
9.700000	1	0.064500
9.716667	1	0.064375
9.733333	1	0.064375
9.750000	1	0.064500
9.766667	1	0.063875
9.783333	1	0.063500
9.800000	1	0.063000
9.816667	1	0.062750
9.833333	1	0.062500
9.850000	1	0.061875
9.866667	1	0.060875
9.883333	1	0.060625
9.900000	1	0.060500
9.916667	1	0.061000
9.933333	1	0.060250
9.950000	1	0.059750
9.966667	1	0.059625
9.983333	1	0.058500
10.000000	1	0.057375
10.016667	1	0.057250
10.033333	1	0.056500
10.050000	1	0.055875
10.066667	1	0.056000
10.083333	1	0.056250
10.100000	1	0.057375
10.116667	1	0.059125
10.133333	1	0.062000
10.150000	1	0.065500
10.166667	1	0.070375
10.183333	1	0.077000
10.200000	1	0.084750
10.216667	1	0.094125
10.233333	1	0.106500
10.250000	1	0.120625
10.266667	1	0.137125
10.283333	1	0.155750
10.300000	1	0.177875
10.316667	1	0.202375
10.333333	1	0.230500
10.350000	1	0.261875
10.366667	1	0.295250
10.383333	1	0.330875
10.400000	1	0.365250
10.416667	1	0.393875
10.433333	1	0.408125
10.450000	1	0.400625
10.466667	1	0.364625
10.483333	1	0.301625
10.500000	1	0.230000
10.516667	1	0.190000
10.533333	1	0.242125
10.550000	1	0.466500
10.566667	1	0.952125
10.583333	1	1.785500
10.600000	1	3.045375
10.616667	1	4.792625
10.633333	1	7.069750
10.650000	1	9.895375
10.666667	1	13.274875
10.683333	1	17.191500
10.700000	1	21.608125
10.716667	1	26.452875
10.733333	1	31.609625
10.750000	1	36.905250
10.766667	1	42.085250
10.783333	1	46.814250
10.800000	1	50.686000
10.816667	1	53.271375
10.833333	1	54.220750
10.850000	1	53.373375
10.866667	1	50.821875
10.883333	1	46.894500
10.900000	1	42.068875
10.916667	1	36.845125
10.933333	1	31.645125
10.950000	1	26.766000
10.966667	1	22.383875
10.983333	1	18.574875
11.000000	1	15.349625
11.016667	1	12.674250
11.033333	1	10.493875
11.050000	1	8.740750
11.066667	1	7.343000
11.083333	1	6.234000
11.100000	1	5.353625
11.116667	1	4.652875
11.133333	1	4.091250
11.150000	1	3.638125
11.166667	1	3.268375
11.183333	1	2.963375
11.200000	1	2.708875
11.216667	1	2.494625
11.233333	1	2.311625
11.250000	1	2.155000
11.266667	1	2.019375
11.283333	1	1.901750
11.300000	1	1.798250
11.316667	1	1.708250
11.333333	1	1.628750
11.350000	1	1.559000
11.366667	1	1.497375
11.383333	1	1.443500
11.400000	1	1.395125
11.416667	1	1.352750
11.433333	1	1.316375
11.450000	1	1.283875
11.466667	1	1.255125
11.483333	1	1.231000
11.500000	1	1.209875
11.516667	1	1.192125
11.533333	1	1.177875
11.550000	1	1.165500
11.566667	1	1.154875
11.583333	1	1.146125
11.600000	1	1.139125
11.616667	1	1.132750
11.633333	1	1.126750
11.650000	1	1.121250
11.666667	1	1.116625
11.683333	1	1.111875
11.700000	1	1.107375
11.716667	1	1.103000
11.733333	1	1.099250
11.750000	1	1.095500
11.766667	1	1.093625
11.783333	1	1.091750
11.800000	1	1.090125
11.816667	1	1.089250
11.833333	1	1.089500
11.850000	1	1.089375
11.866667	1	1.090250
11.883333	1	1.091125
11.900000	1	1.092750
11.916667	1	1.094750
11.933333	1	1.096875
11.950000	1	1.099500
11.966667	1	1.102375
11.983333	1	1.105500
12.000000	1	1.108500
12.016667	1	1.112000
12.033333	1	1.115875
12.050000	1	1.120500
12.066667	1	1.124625
12.083333	1	1.129750
12.100000	1	1.134500
12.116667	1	1.139000
12.133333	1	1.144750
12.150000	1	1.150625
12.166667	1	1.156625
12.183333	1	1.162375
12.200000	1	1.169125
12.216667	1	1.176250
12.233333	1	1.185375
12.250000	1	1.194875
12.266667	1	1.206750
12.283333	1	1.220750
12.300000	1	1.236250
12.316667	1	1.255000
12.333333	1	1.278000
12.350000	1	1.307250
12.366667	1	1.345500
12.383333	1	1.396625
12.400000	1	1.463875
12.416667	1	1.555500
12.433333	1	1.677750
12.450000	1	1.840125
12.466667	1	2.049250
12.483333	1	2.310125
12.500000	1	2.630375
12.516667	1	3.011875
12.533333	1	3.452750
12.550000	1	3.948375
12.566667	1	4.488375
12.583333	1	5.060875
12.600000	1	5.650875
12.616667	1	6.243500
12.633333	1	6.822250
12.650000	1	7.375125
12.666667	1	7.890750
12.683333	1	8.360375
12.700000	1	8.778000
12.716667	1	9.139500
12.733333	1	9.439000
12.750000	1	9.669375
12.766667	1	9.817500
12.783333	1	9.868625
12.800000	1	9.806500
12.816667	1	9.621750
12.833333	1	9.316625
12.850000	1	8.906875
12.866667	1	8.422625
12.883333	1	7.897000
12.900000	1	7.359500
12.916667	1	6.831250
12.933333	1	6.325875
12.950000	1	5.848500
12.966667	1	5.404000
12.983333	1	4.994875
13.000000	1	4.622125
13.016667	1	4.286750
13.033333	1	3.989750
13.050000	1	3.728625
13.066667	1	3.499875
13.083333	1	3.300375
13.100000	1	3.126625
13.116667	1	2.975500
13.133333	1	2.843875
13.150000	1	2.728125
13.166667	1	2.624875
13.183333	1	2.533125
13.200000	1	2.450125
13.216667	1	2.375750
13.233333	1	2.307125
13.250000	1	2.244250
13.266667	1	2.185875
13.283333	1	2.131250
13.300000	1	2.079375
13.316667	1	2.032375
13.333333	1	1.988125
13.350000	1	1.946625
13.366667	1	1.908000
13.383333	1	1.872250
13.400000	1	1.839875
13.416667	1	1.810875
13.433333	1	1.784250
13.450000	1	1.761500
13.466667	1	1.742000
13.483333	1	1.725375
13.500000	1	1.713125
13.516667	1	1.703375
13.533333	1	1.696500
13.550000	1	1.691250
13.566667	1	1.686375
13.583333	1	1.681125
13.600000	1	1.675500
13.616667	1	1.667500
13.633333	1	1.656750
13.650000	1	1.643125
13.666667	1	1.625875
13.683333	1	1.605625
13.700000	1	1.582750
13.716667	1	1.557625
13.733333	1	1.531500
13.750000	1	1.504500
13.766667	1	1.477125
13.783333	1	1.450625
13.800000	1	1.424625
13.816667	1	1.399375
13.833333	1	1.375875
13.850000	1	1.353875
13.866667	1	1.332875
13.883333	1	1.312875
13.900000	1	1.294625
13.916667	1	1.277000
13.933333	1	1.260250
13.950000	1	1.245125
13.966667	1	1.230875
13.983333	1	1.216625
14.000000	1	1.203250
14.016667	1	1.189875
14.033333	1	1.177375
14.050000	1	1.166875
14.066667	1	1.155500
14.083333	1	1.145000
14.100000	1	1.134750
14.116667	1	1.124375
14.133333	1	1.114750
14.150000	1	1.105750
14.166667	1	1.097625
14.183333	1	1.090000
14.200000	1	1.083500
14.216667	1	1.078250
14.233333	1	1.074375
14.250000	1	1.071875
14.266667	1	1.070750
14.283333	1	1.070625
14.300000	1	1.072125
14.316667	1	1.075625
14.333333	1	1.081750
14.350000	1	1.089250
14.366667	1	1.098750
14.383333	1	1.110750
14.400000	1	1.125875
14.416667	1	1.145750
14.433333	1	1.172250
14.450000	1	1.210250
14.466667	1	1.265500
14.483333	1	1.349375
14.500000	1	1.475625
14.516667	1	1.665750
14.533333	1	1.947250
14.550000	1	2.356625
14.566667	1	2.938500
14.583333	1	3.745750
14.600000	1	4.836375
14.616667	1	6.271125
14.633333	1	8.112250
14.650000	1	10.410625
14.666667	1	13.199125
14.683333	1	16.484125
14.700000	1	20.234625
14.716667	1	24.381250
14.733333	1	28.816000
14.750000	1	33.392500
14.766667	1	37.931125
14.783333	1	42.227125
14.800000	1	46.085125
14.816667	1	49.322625
14.833333	1	51.788250
14.850000	1	53.371000
14.866667	1	54.014750
14.883333	1	53.718375
14.900000	1	52.539625
14.916667	1	50.581000
14.933333	1	47.979250
14.950000	1	44.889875
14.966667	1	41.477875
14.983333	1	37.897375
15.000000	1	34.278375
15.016667	1	30.731500
15.033333	1	27.341500
15.050000	1	24.167875
15.066667	1	21.248375
15.083333	1	18.601625
15.100000	1	16.231125
15.116667	1	14.129250
15.133333	1	12.279875
15.150000	1	10.663125
15.166667	1	9.257250
15.183333	1	8.040375
15.200000	1	6.990250
15.216667	1	6.088125
15.233333	1	5.315125
15.250000	1	4.656875
15.266667	1	4.100125
15.283333	1	3.633625
15.300000	1	3.244250
15.316667	1	2.924750
15.333333	1	2.664875
15.350000	1	2.458125
15.366667	1	2.295750
15.383333	1	2.170750
15.400000	1	2.076625
15.416667	1	2.006375
15.433333	1	1.955250
15.450000	1	1.915500
15.466667	1	1.883125
15.483333	1	1.854000
15.500000	1	1.826125
15.516667	1	1.795375
15.533333	1	1.762625
15.550000	1	1.725750
15.566667	1	1.686750
15.583333	1	1.644750
15.600000	1	1.600875
15.616667	1	1.556250
15.633333	1	1.512625
15.650000	1	1.470750
15.666667	1	1.430500
15.683333	1	1.391750
15.700000	1	1.356750
15.716667	1	1.324000
15.733333	1	1.295000
15.750000	1	1.267000
15.766667	1	1.242250
15.783333	1	1.219625
15.800000	1	1.198375
15.816667	1	1.179375
15.833333	1	1.162125
15.850000	1	1.146500
15.866667	1	1.132250
15.883333	1	1.119750
15.900000	1	1.109375
15.916667	1	1.100625
15.933333	1	1.093625
15.950000	1	1.087625
15.966667	1	1.082750
15.983333	1	1.079625
16.000000	1	1.076875
16.016667	1	1.075500
16.033333	1	1.074250
16.050000	1	1.073000
16.066667	1	1.072000
16.083333	1	1.071375
16.100000	1	1.070750
16.116667	1	1.069750
16.133333	1	1.068500
16.150000	1	1.067000
16.166667	1	1.065250
16.183333	1	1.062375
16.200000	1	1.059000
16.216667	1	1.055000
16.233333	1	1.050625
16.250000	1	1.045125
16.266667	1	1.038875
16.283333	1	1.032375
16.300000	1	1.024875
16.316667	1	1.017625
16.333333	1	1.011375
16.350000	1	1.005625
16.366667	1	1.000875
16.383333	1	0.997375
16.400000	1	0.994625
16.416667	1	0.992625
16.433333	1	0.991875
16.450000	1	0.992750
16.466667	1	0.994875
16.483333	1	0.997000
16.500000	1	0.999375
16.516667	1	1.002375
16.533333	1	1.005250
16.550000	1	1.006750
16.566667	1	1.007750
16.583333	1	1.007750
16.600000	1	1.006250
16.616667	1	1.005000
16.633333	1	1.002125
16.650000	1	1.000750
16.666667	1	0.998625
16.683333	1	0.998125
16.700000	1	0.998750
16.716667	1	1.000625
16.733333	1	1.003750
16.750000	1	1.008125
16.766667	1	1.014250
16.783333	1	1.021750
16.800000	1	1.030875
16.816667	1	1.039750
16.833333	1	1.048375
16.850000	1	1.056625
16.866667	1	1.064875
16.883333	1	1.071500
16.900000	1	1.075500
16.916667	1	1.077750
16.933333	1	1.078375
16.950000	1	1.076625
16.966667	1	1.073125
16.983333	1	1.068500
17.000000	1	1.062375
17.016667	1	1.054875
17.033333	1	1.047250
17.050000	1	1.039500
17.066667	1	1.031625
17.083333	1	1.023750
17.100000	1	1.016000
17.116667	1	1.008625
17.133333	1	1.002875
17.150000	1	0.996750
17.166667	1	0.991125
17.183333	1	0.986875
17.200000	1	0.982875
17.216667	1	0.980625
17.233333	1	0.979000
17.250000	1	0.978375
17.266667	1	0.978375
17.283333	1	0.979375
17.300000	1	0.980125
17.316667	1	0.982125
17.333333	1	0.984250
17.350000	1	0.988500
17.366667	1	0.991625
17.383333	1	0.995625
17.400000	1	0.998875
17.416667	1	1.002375
17.433333	1	1.005000
17.450000	1	1.006750
17.466667	1	1.007250
17.483333	1	1.006500
17.500000	1	1.004500
17.516667	1	1.001125
17.533333	1	0.997000
17.550000	1	0.991500
17.566667	1	0.984125
17.583333	1	0.976375
17.600000	1	0.967750
17.616667	1	0.958125
17.633333	1	0.947875
17.650000	1	0.937625
17.666667	1	0.926750
17.683333	1	0.915500
17.700000	1	0.904625
17.716667	1	0.894000
17.733333	1	0.883250
17.750000	1	0.873125
17.766667	1	0.864000
17.783333	1	0.855500
17.800000	1	0.846500
17.816667	1	0.838375
17.833333	1	0.830375
17.850000	1	0.823500
17.866667	1	0.817125
17.883333	1	0.810625
17.900000	1	0.805625
17.916667	1	0.799750
17.933333	1	0.794250
17.950000	1	0.789125
17.966667	1	0.784125
17.983333	1	0.779125
18.000000	1	0.774250
18.016667	1	0.769750
18.033333	1	0.764375
18.050000	1	0.759750
18.066667	1	0.755625
18.083333	1	0.752125
18.100000	1	0.747500
18.116667	1	0.745375
18.133333	1	0.743625
18.150000	1	0.742750
18.166667	1	0.742000
18.183333	1	0.742000
18.200000	1	0.742250
18.216667	1	0.743125
18.233333	1	0.744000
18.250000	1	0.744500
18.266667	1	0.744750
18.283333	1	0.745125
18.300000	1	0.745125
18.316667	1	0.746375
18.333333	1	0.747125
18.350000	1	0.747625
18.366667	1	0.748375
18.383333	1	0.748875
18.400000	1	0.750875
18.416667	1	0.752750
18.433333	1	0.756000
18.450000	1	0.759625
18.466667	1	0.763625
18.483333	1	0.769125
18.500000	1	0.775000
18.516667	1	0.781250
18.533333	1	0.788875
18.550000	1	0.797000
18.566667	1	0.805000
18.583333	1	0.813125
18.600000	1	0.821625
18.616667	1	0.829375
18.633333	1	0.838125
18.650000	1	0.846000
18.666667	1	0.853500
18.683333	1	0.859625
18.700000	1	0.864625
18.716667	1	0.868500
18.733333	1	0.871250
18.750000	1	0.872625
18.766667	1	0.872000
18.783333	1	0.870375
18.800000	1	0.866625
18.816667	1	0.861625
18.833333	1	0.854500
18.850000	1	0.845875
18.866667	1	0.834750
18.883333	1	0.822875
18.900000	1	0.808750
18.916667	1	0.794000
18.933333	1	0.778250
18.950000	1	0.761625
18.966667	1	0.744375
18.983333	1	0.727500
19.000000	1	0.710625
19.016667	1	0.693500
19.033333	1	0.677750
19.050000	1	0.662625
19.066667	1	0.649125
19.083333	1	0.637375
19.100000	1	0.629750
19.116667	1	0.624875
19.133333	1	0.624750
19.150000	1	0.629625
19.166667	1	0.642000
19.183333	1	0.662250
19.200000	1	0.691750
19.216667	1	0.732750
19.233333	1	0.786500
19.250000	1	0.853875
19.266667	1	0.936625
19.283333	1	1.034500
19.300000	1	1.148625
19.316667	1	1.277625
19.333333	1	1.420250
19.350000	1	1.574000
19.366667	1	1.737875
19.383333	1	1.907125
19.400000	1	2.077000
19.416667	1	2.244375
19.433333	1	2.403000
19.450000	1	2.548250
19.466667	1	2.675875
19.483333	1	2.782500
19.500000	1	2.864625
19.516667	1	2.920750
19.533333	1	2.950375
19.550000	1	2.953875
19.566667	1	2.930125
19.583333	1	2.883500
19.600000	1	2.814875
19.616667	1	2.728375
19.633333	1	2.626750
19.650000	1	2.514125
19.666667	1	2.394250
19.683333	1	2.269750
19.700000	1	2.142875
19.716667	1	2.017875
19.733333	1	1.895500
19.750000	1	1.777125
19.766667	1	1.664875
19.783333	1	1.557375
19.800000	1	1.457625
19.816667	1	1.364625
19.833333	1	1.279000
19.850000	1	1.202125
19.866667	1	1.133375
19.883333	1	1.073125
19.900000	1	1.022750
19.916667	1	0.982250
19.933333	1	0.952875
19.950000	1	0.935375
19.966667	1	0.931875
19.983333	1	0.943500
20.000000	1	0.973000
20.016667	1	1.021125
20.033333	1	1.089625
20.050000	1	1.180125
20.066667	1	1.294375
20.083333	1	1.431750
20.100000	1	1.592125
20.116667	1	1.774375
20.133333	1	1.975125
20.150000	1	2.192375
20.166667	1	2.420500
20.183333	1	2.654625
20.200000	1	2.886875
20.216667	1	3.110375
20.233333	1	3.318250
20.250000	1	3.503875
20.266667	1	3.661000
20.283333	1	3.783750
20.300000	1	3.869000
20.316667	1	3.915250
20.333333	1	3.920500
20.350000	1	3.886000
20.366667	1	3.813750
20.383333	1	3.708375
20.400000	1	3.573875
20.416667	1	3.416500
20.433333	1	3.242500
20.450000	1	3.056250
20.466667	1	2.865625
20.483333	1	2.676375
20.500000	1	2.493875
20.516667	1	2.321375
20.533333	1	2.163625
20.550000	1	2.023125
20.566667	1	1.903000
20.583333	1	1.805375
20.600000	1	1.732125
20.616667	1	1.684250
20.633333	1	1.662000
20.650000	1	1.666125
20.666667	1	1.696750
20.683333	1	1.751375
20.700000	1	1.828625
20.716667	1	1.924875
20.733333	1	2.038250
20.750000	1	2.164000
20.766667	1	2.297750
20.783333	1	2.433375
20.800000	1	2.565125
20.816667	1	2.688375
20.833333	1	2.796875
20.850000	1	2.886750
20.866667	1	2.954500
20.883333	1	2.997750
20.900000	1	3.014000
20.916667	1	3.003625
20.933333	1	2.966125
20.950000	1	2.903500
20.966667	1	2.818625
20.983333	1	2.715250
21.000000	1	2.596500
21.016667	1	2.466125
21.033333	1	2.328250
21.050000	1	2.185500
21.066667	1	2.042250
21.083333	1	1.901250
21.100000	1	1.765250
21.116667	1	1.634250
21.133333	1	1.511250
21.150000	1	1.395375
21.166667	1	1.289250
21.183333	1	1.190875
21.200000	1	1.101875
21.216667	1	1.020500
21.233333	1	0.947250
21.250000	1	0.881250
21.266667	1	0.822375
21.283333	1	0.770000
21.300000	1	0.722875
21.316667	1	0.681125
21.333333	1	0.644125
21.350000	1	0.611250
21.366667	1	0.582250
21.383333	1	0.556375
21.400000	1	0.533750
21.416667	1	0.514000
21.433333	1	0.496875
21.450000	1	0.482375
21.466667	1	0.470125
21.483333	1	0.460875
21.500000	1	0.453250
21.516667	1	0.447875
21.533333	1	0.444875
21.550000	1	0.445000
21.566667	1	0.448500
21.583333	1	0.454500
21.600000	1	0.464000
21.616667	1	0.478125
21.633333	1	0.495125
21.650000	1	0.515750
21.666667	1	0.541875
21.683333	1	0.572625
21.700000	1	0.609000
21.716667	1	0.648625
21.733333	1	0.693000
21.750000	1	0.741625
21.766667	1	0.792750
21.783333	1	0.846375
21.800000	1	0.902000
21.816667	1	0.957375
21.833333	1	1.013500
21.850000	1	1.067375
21.866667	1	1.117875
21.883333	1	1.164500
21.900000	1	1.206125
21.916667	1	1.241125
21.933333	1	1.269500
21.950000	1	1.290875
21.966667	1	1.304375
21.983333	1	1.310625
22.000000	1	1.309375
22.016667	1	1.301250
22.033333	1	1.285625
22.050000	1	1.265375
22.066667	1	1.239750
22.083333	1	1.210000
22.100000	1	1.177000
22.116667	1	1.141000
22.133333	1	1.103500
22.150000	1	1.064750
22.166667	1	1.024875
22.183333	1	0.984375
22.200000	1	0.945250
22.216667	1	0.906625
22.233333	1	0.867375
22.250000	1	0.829625
22.266667	1	0.793875
22.283333	1	0.759000
22.300000	1	0.726250
22.316667	1	0.694250
22.333333	1	0.663500
22.350000	1	0.634625
22.366667	1	0.606875
22.383333	1	0.580625
22.400000	1	0.556875
22.416667	1	0.533375
22.433333	1	0.512250
22.450000	1	0.492500
22.466667	1	0.474500
22.483333	1	0.458250
22.500000	1	0.443250
22.516667	1	0.428750
22.533333	1	0.415500
22.550000	1	0.403875
22.566667	1	0.393125
22.583333	1	0.383500
22.600000	1	0.374250
22.616667	1	0.365500
22.633333	1	0.357750
22.650000	1	0.350125
22.666667	1	0.343375
22.683333	1	0.336000
22.700000	1	0.329875
22.716667	1	0.323625
22.733333	1	0.317875
22.750000	1	0.312500
22.766667	1	0.307000
22.783333	1	0.302125
22.800000	1	0.296625
22.816667	1	0.291750
22.833333	1	0.286625
22.850000	1	0.282000
22.866667	1	0.277750
22.883333	1	0.273875
22.900000	1	0.270250
22.916667	1	0.267000
22.933333	1	0.264375
22.950000	1	0.261875
22.966667	1	0.259500
22.983333	1	0.258125
23.000000	1	0.257000
23.016667	1	0.255750
23.033333	1	0.254625
23.050000	1	0.253875
23.066667	1	0.254125
23.083333	1	0.254625
23.100000	1	0.255375
23.116667	1	0.256250
23.133333	1	0.257250
23.150000	1	0.258375
23.166667	1	0.259750
23.183333	1	0.261000
23.200000	1	0.261875
23.216667	1	0.263500
23.233333	1	0.265750
23.250000	1	0.267750
23.266667	1	0.270500
23.283333	1	0.274500
23.300000	1	0.280000
23.316667	1	0.287625
23.333333	1	0.297875
23.350000	1	0.311250
23.366667	1	0.329000
23.383333	1	0.352500
23.400000	1	0.382625
23.416667	1	0.421750
23.433333	1	0.471500
23.450000	1	0.533500
23.466667	1	0.609750
23.483333	1	0.703250
23.500000	1	0.815250
23.516667	1	0.948750
23.533333	1	1.104750
23.550000	1	1.284500
23.566667	1	1.490125
23.583333	1	1.719875
23.600000	1	1.973750
23.616667	1	2.249500
23.633333	1	2.546000
23.650000	1	2.857625
23.666667	1	3.180375
23.683333	1	3.509875
23.700000	1	3.839125
23.716667	1	4.162125
23.733333	1	4.471500
23.750000	1	4.761000
23.766667	1	5.022875
23.783333	1	5.250500
23.800000	1	5.440375
23.816667	1	5.585750
23.833333	1	5.686625
23.850000	1	5.741125
23.866667	1	5.748500
23.883333	1	5.710000
23.900000	1	5.627500
23.916667	1	5.504375
23.933333	1	5.345875
23.950000	1	5.155500
23.966667	1	4.938875
23.983333	1	4.702750
24.000000	1	4.451250
24.016667	1	4.190500
24.033333	1	3.925125
24.050000	1	3.660000
24.066667	1	3.398625
24.083333	1	3.143250
24.100000	1	2.897125
24.116667	1	2.662250
24.133333	1	2.439500
24.150000	1	2.231500
24.166667	1	2.036500
24.183333	1	1.856125
24.200000	1	1.689750
24.216667	1	1.537125
24.233333	1	1.397250
24.250000	1	1.271000
24.266667	1	1.157000
24.283333	1	1.053875
24.300000	1	0.961375
24.316667	1	0.879250
24.333333	1	0.805875
24.350000	1	0.741750
24.366667	1	0.684500
24.383333	1	0.635000
24.400000	1	0.591750
24.416667	1	0.554875
24.433333	1	0.522875
24.450000	1	0.495750
24.466667	1	0.473500
24.483333	1	0.454375
24.500000	1	0.438000
24.516667	1	0.424375
24.533333	1	0.413500
24.550000	1	0.404250
24.566667	1	0.397125
24.583333	1	0.390000
24.600000	1	0.384750
24.616667	1	0.379500
24.633333	1	0.374750
24.650000	1	0.370000
24.666667	1	0.365750
24.683333	1	0.361000
24.700000	1	0.356125
24.716667	1	0.351250
24.733333	1	0.346125
24.750000	1	0.341750
24.766667	1	0.336750
24.783333	1	0.331750
24.800000	1	0.327000
24.816667	1	0.321625
24.833333	1	0.316125
24.850000	1	0.311125
24.866667	1	0.306125
24.883333	1	0.301375
24.900000	1	0.296625
24.916667	1	0.293250
24.933333	1	0.289000
24.950000	1	0.285625
24.966667	1	0.281750
24.983333	1	0.279125
25.000000	1	0.276500
25.016667	1	0.273250
25.033333	1	0.270750
25.050000	1	0.268375
25.066667	1	0.266125
25.083333	1	0.264500
25.100000	1	0.262375
25.116667	1	0.261250
25.133333	1	0.260000
25.150000	1	0.258750
25.166667	1	0.258000
25.183333	1	0.257250
25.200000	1	0.256375
25.216667	1	0.255500
25.233333	1	0.255000
25.250000	1	0.254375
25.266667	1	0.254125
25.283333	1	0.254125
25.300000	1	0.254000
25.316667	1	0.253750
25.333333	1	0.254125
25.350000	1	0.254625
25.366667	1	0.254625
25.383333	1	0.255375
25.400000	1	0.255875
25.416667	1	0.256875
25.433333	1	0.258500
25.450000	1	0.259625
25.466667	1	0.260750
25.483333	1	0.262125
25.500000	1	0.263500
25.516667	1	0.265000
25.533333	1	0.267375
25.550000	1	0.270375
25.566667	1	0.272000
25.583333	1	0.274125
25.600000	1	0.275875
25.616667	1	0.276750
25.633333	1	0.278500
25.650000	1	0.279625
25.666667	1	0.280500
25.683333	1	0.280500
25.700000	1	0.280875
25.716667	1	0.281750
25.733333	1	0.281625
25.750000	1	0.281250
25.766667	1	0.280500
25.783333	1	0.279375
25.800000	1	0.278625
25.816667	1	0.277125
25.833333	1	0.275500
25.850000	1	0.274125
25.866667	1	0.273250
25.883333	1	0.272000
25.900000	1	0.270500
25.916667	1	0.269125
25.933333	1	0.268250
25.950000	1	0.266750
25.966667	1	0.265750
25.983333	1	0.264750
26.000000	1	0.264125
26.016667	1	0.264000
26.033333	1	0.264125
26.050000	1	0.264375
26.066667	1	0.265125
26.083333	1	0.265625
26.100000	1	0.267375
26.116667	1	0.268250
26.133333	1	0.269750
26.150000	1	0.271500
26.166667	1	0.272875
26.183333	1	0.274750
26.200000	1	0.277000
26.216667	1	0.278875
26.233333	1	0.281375
26.250000	1	0.283875
26.266667	1	0.286250
26.283333	1	0.288625
26.300000	1	0.290875
26.316667	1	0.292625
26.333333	1	0.294750
26.350000	1	0.296500
26.366667	1	0.297875
26.383333	1	0.300000
26.400000	1	0.301375
26.416667	1	0.302875
26.433333	1	0.303625
26.450000	1	0.304250
26.466667	1	0.304750
26.483333	1	0.304750
26.500000	1	0.304250
26.516667	1	0.302750
26.533333	1	0.301625
26.550000	1	0.300500
26.566667	1	0.298000
26.583333	1	0.295375
26.600000	1	0.293375
26.616667	1	0.290750
26.633333	1	0.288625
26.650000	1	0.286125
26.666667	1	0.283125
26.683333	1	0.279250
26.700000	1	0.276125
26.716667	1	0.272250
26.733333	1	0.268625
26.750000	1	0.265375
26.766667	1	0.261750
26.783333	1	0.257500
26.800000	1	0.253625
26.816667	1	0.249875
26.833333	1	0.246625
26.850000	1	0.244000
26.866667	1	0.240750
26.883333	1	0.238125
26.900000	1	0.235250
26.916667	1	0.233000
26.933333	1	0.230625
26.950000	1	0.228625
26.966667	1	0.226375
26.983333	1	0.225750
27.000000	1	0.224750
27.016667	1	0.224750
27.033333	1	0.224750
27.050000	1	0.224250
27.066667	1	0.224125
27.083333	1	0.224375
27.100000	1	0.225625
27.116667	1	0.227125
27.133333	1	0.230000
27.150000	1	0.233875
27.166667	1	0.238125
27.183333	1	0.244000
27.200000	1	0.250875
27.216667	1	0.259875
27.233333	1	0.271375
27.250000	1	0.284500
27.266667	1	0.301125
27.283333	1	0.321125
27.300000	1	0.345250
27.316667	1	0.374125
27.333333	1	0.408000
27.350000	1	0.448125
27.366667	1	0.494250
27.383333	1	0.549875
27.400000	1	0.614750
27.416667	1	0.690000
27.433333	1	0.776000
27.450000	1	0.874500
27.466667	1	0.986625
27.483333	1	1.112625
27.500000	1	1.253875
27.516667	1	1.410500
27.533333	1	1.581625
27.550000	1	1.767750
27.566667	1	1.967750
27.583333	1	2.181750
27.600000	1	2.408000
27.616667	1	2.645375
27.633333	1	2.891125
27.650000	1	3.145000
27.666667	1	3.401875
27.683333	1	3.659125
27.700000	1	3.913375
27.716667	1	4.161500
27.733333	1	4.399875
27.750000	1	4.624625
27.766667	1	4.831125
27.783333	1	5.016750
27.800000	1	5.177625
27.816667	1	5.311250
27.833333	1	5.416625
27.850000	1	5.490125
27.866667	1	5.531625
27.883333	1	5.539250
27.900000	1	5.514000
27.916667	1	5.456625
27.933333	1	5.368875
27.950000	1	5.252125
27.966667	1	5.109625
27.983333	1	4.943750
28.000000	1	4.759375
28.016667	1	4.558250
28.033333	1	4.345000
28.050000	1	4.123500
28.066667	1	3.895625
28.083333	1	3.665625
28.100000	1	3.436375
28.116667	1	3.209000
28.133333	1	2.987125
28.150000	1	2.772500
28.166667	1	2.567375
28.183333	1	2.371250
28.200000	1	2.185875
28.216667	1	2.011375
28.233333	1	1.848250
28.250000	1	1.696875
28.266667	1	1.555875
28.283333	1	1.424750
28.300000	1	1.304500
28.316667	1	1.193500
28.333333	1	1.092500
28.350000	1	1.000750
28.366667	1	0.916250
28.383333	1	0.840125
28.400000	1	0.770750
28.416667	1	0.709000
28.433333	1	0.652375
28.450000	1	0.602375
28.466667	1	0.556000
28.483333	1	0.515500
28.500000	1	0.478625
28.516667	1	0.446875
28.533333	1	0.418875
28.550000	1	0.394250
28.566667	1	0.372750
28.583333	1	0.354125
28.600000	1	0.338750
28.616667	1	0.324875
28.633333	1	0.313625
28.650000	1	0.304750
28.666667	1	0.297375
28.683333	1	0.291500
28.700000	1	0.288250
28.716667	1	0.284875
28.733333	1	0.283625
28.750000	1	0.282125
28.766667	1	0.282125
28.783333	1	0.282750
28.800000	1	0.284375
28.816667	1	0.286375
28.833333	1	0.288500
28.850000	1	0.290875
28.866667	1	0.293875
28.883333	1	0.296500
28.900000	1	0.298625
28.916667	1	0.300875
28.933333	1	0.302375
28.950000	1	0.304125
28.966667	1	0.305500
28.983333	1	0.306750
29.000000	1	0.307125
29.016667	1	0.306500
29.033333	1	0.305375
29.050000	1	0.303625
29.066667	1	0.300875
29.083333	1	0.297125
29.100000	1	0.292250
29.116667	1	0.286625
29.133333	1	0.279625
29.150000	1	0.271250
29.166667	1	0.261875
29.183333	1	0.250625
29.200000	1	0.237750
29.216667	1	0.222875
29.233333	1	0.207250
29.250000	1	0.190000
29.266667	1	0.170500
29.283333	1	0.149000
29.300000	1	0.125750
29.316667	1	0.101250
29.333333	1	0.075625
29.350000	1	0.047875
29.366667	1	0.018500
29.383333	1	-0.012750
29.400000	1	-0.044875
29.416667	1	-0.079000
29.433333	1	-0.114250
29.450000	1	-0.150125
29.466667	1	-0.186500
29.483333	1	-0.223500
29.500000	1	-0.260625
29.516667	1	-0.296625
29.533333	1	-0.333125
29.550000	1	-0.368375
29.566667	1	-0.402500
29.583333	1	-0.435250
29.600000	1	-0.467000
29.616667	1	-0.495875
29.633333	1	-0.523500
29.650000	1	-0.547875
29.666667	1	-0.569375
29.683333	1	-0.587875
29.700000	1	-0.603375
29.716667	1	-0.614750
29.733333	1	-0.624250
29.750000	1	-0.630500
29.766667	1	-0.632625
29.783333	1	-0.631125
29.800000	1	-0.626625
29.816667	1	-0.619625
29.833333	1	-0.609625
29.850000	1	-0.597250
29.866667	1	-0.582375
29.883333	1	-0.565750
29.900000	1	-0.546125
29.916667	1	-0.525250
29.933333	1	-0.501500
29.950000	1	-0.478375
29.966667	1	-0.453750
29.983333	1	-0.428375
30.000000	1	-0.402375
30.016667	1	-0.376250
30.033333	1	-0.349750
30.050000	1	-0.324125
30.066667	1	-0.299125
30.083333	1	-0.274250
30.100000	1	-0.249250
30.116667	1	-0.226250
30.133333	1	-0.203125
30.150000	1	-0.181625
30.166667	1	-0.160375
30.183333	1	-0.140375
30.200000	1	-0.121625
30.216667	1	-0.103375
30.233333	1	-0.086250
30.250000	1	-0.070875
30.266667	1	-0.056375
30.283333	1	-0.042750
30.300000	1	-0.030500
30.316667	1	-0.018750
30.333333	1	-0.008125
30.350000	1	0.001875
30.366667	1	0.011500
30.383333	1	0.021000
30.400000	1	0.028250
30.416667	1	0.035750
30.433333	1	0.042250
30.450000	1	0.048375
30.466667	1	0.054000
30.483333	1	0.060000
30.500000	1	0.065625
30.516667	1	0.070750
30.533333	1	0.076000
30.550000	1	0.081125
30.566667	1	0.086125
30.583333	1	0.090875
30.600000	1	0.096000
30.616667	1	0.101125
30.633333	1	0.106125
30.650000	1	0.111750
30.666667	1	0.117375
30.683333	1	0.122750
30.700000	1	0.129250
30.716667	1	0.135875
30.733333	1	0.142500
30.750000	1	0.149125
30.766667	1	0.156750
30.783333	1	0.164375
30.800000	1	0.171875
30.816667	1	0.179750
30.833333	1	0.188000
30.850000	1	0.196500
30.866667	1	0.206250
30.883333	1	0.216125
30.900000	1	0.227500
30.916667	1	0.239500
30.933333	1	0.253500
30.950000	1	0.267875
30.966667	1	0.283875
30.983333	1	0.301875
31.000000	1	0.322875
31.016667	1	0.347000
31.033333	1	0.373750
31.050000	1	0.403875
31.066667	1	0.437875
31.083333	1	0.476375
31.100000	1	0.519750
31.116667	1	0.569125
31.133333	1	0.625250
31.150000	1	0.687875
31.166667	1	0.757500
31.183333	1	0.834875
31.200000	1	0.921125
31.216667	1	1.016125
31.233333	1	1.119875
31.250000	1	1.232500
31.266667	1	1.353625
31.283333	1	1.483625
31.300000	1	1.621000
31.316667	1	1.765500
31.333333	1	1.916500
31.350000	1	2.072500
31.366667	1	2.231875
31.383333	1	2.394750
31.400000	1	2.558000
31.416667	1	2.720250
31.433333	1	2.880625
31.450000	1	3.035375
31.466667	1	3.184500
31.483333	1	3.324250
31.500000	1	3.453875
31.516667	1	3.571125
31.533333	1	3.676250
31.550000	1	3.766375
31.566667	1	3.840750
31.583333	1	3.899000
31.600000	1	3.940000
31.616667	1	3.963000
31.633333	1	3.968750
31.650000	1	3.956500
31.666667	1	3.928000
31.683333	1	3.883125
31.700000	1	3.823250
31.716667	1	3.749875
31.733333	1	3.664125
31.750000	1	3.567000
31.766667	1	3.459250
31.783333	1	3.343875
31.800000	1	3.220750
31.816667	1	3.092500
31.833333	1	2.960500
31.850000	1	2.825250
31.866667	1	2.688625
31.883333	1	2.552000
31.900000	1	2.415750
31.916667	1	2.281625
31.933333	1	2.150750
31.950000	1	2.022875
31.966667	1	1.898875
31.983333	1	1.778375
32.000000	1	1.662250
32.016667	1	1.550375
32.033333	1	1.443875
32.050000	1	1.342250
32.066667	1	1.246125
32.083333	1	1.154500
32.100000	1	1.068250
32.116667	1	0.986500
32.133333	1	0.909500
32.150000	1	0.836750
32.166667	1	0.768750
32.183333	1	0.705500
32.200000	1	0.645250
32.216667	1	0.588625
32.233333	1	0.536000
32.250000	1	0.486625
32.266667	1	0.440750
32.283333	1	0.397875
32.300000	1	0.358500
32.316667	1	0.321375
32.333333	1	0.287625
32.350000	1	0.256500
32.366667	1	0.227750
32.383333	1	0.201125
32.400000	1	0.177125
32.416667	1	0.155000
32.433333	1	0.134875
32.450000	1	0.115875
32.466667	1	0.098875
32.483333	1	0.083250
32.500000	1	0.069375
32.516667	1	0.057000
32.533333	1	0.046000
32.550000	1	0.037000
32.566667	1	0.028125
32.583333	1	0.020250
32.600000	1	0.012750
32.616667	1	0.006250
32.633333	1	0.000625
32.650000	1	-0.004750
32.666667	1	-0.009000
32.683333	1	-0.012250
32.700000	1	-0.015875
32.716667	1	-0.018500
32.733333	1	-0.020500
32.750000	1	-0.022875
32.766667	1	-0.023750
32.783333	1	-0.025625
32.800000	1	-0.025750
32.816667	1	-0.025875
32.833333	1	-0.026125
32.850000	1	-0.026125
32.866667	1	-0.026500
32.883333	1	-0.026375
32.900000	1	-0.026250
32.916667	1	-0.026000
32.933333	1	-0.025875
32.950000	1	-0.024250
32.966667	1	-0.023250
32.983333	1	-0.022750
33.000000	1	-0.022500
33.016667	1	-0.021000
33.033333	1	-0.019375
33.050000	1	-0.018625
33.066667	1	-0.017875
33.083333	1	-0.017375
33.100000	1	-0.017000
33.116667	1	-0.015625
33.133333	1	-0.015125
33.150000	1	-0.013750
33.166667	1	-0.013125
33.183333	1	-0.012375
33.200000	1	-0.011750
33.216667	1	-0.011625
33.233333	1	-0.011250
33.250000	1	-0.010000
33.266667	1	-0.009375
33.283333	1	-0.008875
33.300000	1	-0.007250
33.316667	1	-0.006375
33.333333	1	-0.005750
33.350000	1	-0.004875
33.366667	1	-0.003625
33.383333	1	-0.002000
33.400000	1	-0.000875
33.416667	1	0.000125
33.433333	1	0.001375
33.450000	1	0.002500
33.466667	1	0.004375
33.483333	1	0.006250
33.500000	1	0.008125
33.516667	1	0.010375
33.533333	1	0.012125
33.550000	1	0.013875
33.566667	1	0.016000
33.583333	1	0.018500
33.600000	1	0.020750
33.616667	1	0.023375
33.633333	1	0.025500
33.650000	1	0.028375
33.666667	1	0.030500
33.683333	1	0.032875
33.700000	1	0.035125
33.716667	1	0.038250
33.733333	1	0.041000
33.750000	1	0.043250
33.766667	1	0.044625
33.783333	1	0.046375
33.800000	1	0.048125
33.816667	1	0.050375
33.833333	1	0.051500
33.850000	1	0.053500
33.866667	1	0.055500
33.883333	1	0.057250
33.900000	1	0.059000
33.916667	1	0.059750
33.933333	1	0.060625
33.950000	1	0.061375
33.966667	1	0.062250
33.983333	1	0.063250
34.000000	1	0.063750
34.016667	1	0.063375
34.033333	1	0.064000
34.050000	1	0.063000
34.066667	1	0.063125
34.083333	1	0.062875
34.100000	1	0.061875
34.116667	1	0.060625
34.133333	1	0.059750
34.150000	1	0.058250
34.166667	1	0.056250
34.183333	1	0.054625
34.200000	1	0.053500
34.216667	1	0.051875
34.233333	1	0.050125
34.250000	1	0.049000
34.266667	1	0.046875
34.283333	1	0.045000
34.300000	1	0.044250
34.316667	1	0.043000
34.333333	1	0.042250
34.350000	1	0.041125
34.366667	1	0.040375
34.383333	1	0.039500
34.400000	1	0.039500
34.416667	1	0.039125
34.433333	1	0.039125
34.450000	1	0.039500
34.466667	1	0.040375
34.483333	1	0.041000
34.500000	1	0.041000
34.516667	1	0.041750
34.533333	1	0.043000
34.550000	1	0.044000
34.566667	1	0.044250
34.583333	1	0.045000
34.600000	1	0.045750
34.616667	1	0.047000
34.633333	1	0.047750
34.650000	1	0.048750
34.666667	1	0.049500
34.683333	1	0.050125
34.700000	1	0.051125
34.716667	1	0.051125
34.733333	1	0.051375
34.750000	1	0.051875
34.766667	1	0.052125
34.783333	1	0.052125
34.800000	1	0.052375
34.816667	1	0.052000
34.833333	1	0.051375
34.850000	1	0.050750
34.866667	1	0.050125
34.883333	1	0.048750
34.900000	1	0.048500
34.916667	1	0.047500
34.933333	1	0.046500
34.950000	1	0.046000
34.966667	1	0.044875
34.983333	1	0.044000
35.000000	1	0.042750
35.016667	1	0.042000
35.033333	1	0.040500
35.050000	1	0.039000
35.066667	1	0.037625
35.083333	1	0.035875
35.100000	1	0.035625
35.116667	1	0.034375
35.133333	1	0.033875
35.150000	1	0.033000
35.166667	1	0.032250
35.183333	1	0.031125
35.200000	1	0.030500
35.216667	1	0.029875
35.233333	1	0.028875
35.250000	1	0.028875
35.266667	1	0.029000
35.283333	1	0.029250
35.300000	1	0.029500
35.316667	1	0.029375
35.333333	1	0.029375
35.350000	1	0.030125
35.366667	1	0.030750
35.383333	1	0.031500
35.400000	1	0.032875
35.416667	1	0.034000
35.433333	1	0.035000
35.450000	1	0.036375
35.466667	1	0.037250
35.483333	1	0.038625
35.500000	1	0.040125
35.516667	1	0.041125
35.533333	1	0.043125
35.550000	1	0.044000
35.566667	1	0.045875
35.583333	1	0.048125
35.600000	1	0.049500
35.616667	1	0.050625
35.633333	1	0.052125
35.650000	1	0.054250
35.666667	1	0.056000
35.683333	1	0.057125
35.700000	1	0.058750
35.716667	1	0.060000
35.733333	1	0.061375
35.750000	1	0.062500
35.766667	1	0.063250
35.783333	1	0.063750
35.800000	1	0.064375
35.816667	1	0.065250
35.833333	1	0.065625
35.850000	1	0.065875
35.866667	1	0.066375
35.883333	1	0.066375
35.900000	1	0.066000
35.916667	1	0.065500
35.933333	1	0.065125
35.950000	1	0.065125
35.966667	1	0.064375
35.983333	1	0.064000
36.000000	1	0.063500
36.016667	1	0.063500
36.033333	1	0.063250
36.050000	1	0.063000
36.066667	1	0.062500
36.083333	1	0.062375
36.100000	1	0.061875
36.116667	1	0.061375
36.133333	1	0.061375
36.150000	1	0.061375
36.166667	1	0.061375
36.183333	1	0.061125
36.200000	1	0.061000
36.216667	1	0.061500
36.233333	1	0.061375
36.250000	1	0.062625
36.266667	1	0.063250
36.283333	1	0.063750
36.300000	1	0.064875
36.316667	1	0.066125
36.333333	1	0.066875
36.350000	1	0.068250
36.366667	1	0.069375
36.383333	1	0.070750
36.400000	1	0.072375
36.416667	1	0.074000
36.433333	1	0.075375
36.450000	1	0.077125
36.466667	1	0.078875
36.483333	1	0.080625
36.500000	1	0.082250
36.516667	1	0.083500
36.533333	1	0.085125
36.550000	1	0.086625
36.566667	1	0.086750
36.583333	1	0.087625
36.600000	1	0.088375
36.616667	1	0.088875
36.633333	1	0.088875
36.650000	1	0.088625
36.666667	1	0.088000
36.683333	1	0.087500
36.700000	1	0.086625
36.716667	1	0.085875
36.733333	1	0.084625
36.750000	1	0.083375
36.766667	1	0.081250
36.783333	1	0.079375
36.800000	1	0.077500
36.816667	1	0.075250
36.833333	1	0.072750
36.850000	1	0.070500
36.866667	1	0.068000
36.883333	1	0.065750
36.900000	1	0.063625
36.916667	1	0.060750
36.933333	1	0.058000
36.950000	1	0.055625
36.966667	1	0.052875
36.983333	1	0.050375
37.000000	1	0.048125
37.016667	1	0.045000
37.033333	1	0.042625
37.050000	1	0.040750
37.066667	1	0.039375
37.083333	1	0.037375
37.100000	1	0.035375
37.116667	1	0.033750
37.133333	1	0.032375
37.150000	1	0.030375
37.166667	1	0.028625
37.183333	1	0.026750
37.200000	1	0.025875
37.216667	1	0.025000
37.233333	1	0.024125
37.250000	1	0.023125
37.266667	1	0.022500
37.283333	1	0.022000
37.300000	1	0.021000
37.316667	1	0.020125
37.333333	1	0.019750
37.350000	1	0.019500
37.366667	1	0.018875
37.383333	1	0.018375
37.400000	1	0.018625
37.416667	1	0.017750
37.433333	1	0.016750
37.450000	1	0.016750
37.466667	1	0.016125
37.483333	1	0.016000
37.500000	1	0.014625
37.516667	1	0.014375
37.533333	1	0.013250
37.550000	1	0.012125
37.566667	1	0.011125
37.583333	1	0.010250
37.600000	1	0.009000
37.616667	1	0.007875
37.633333	1	0.006500
37.650000	1	0.005125
37.666667	1	0.003875
37.683333	1	0.003000
37.700000	1	0.001375
37.716667	1	0.000000
37.733333	1	-0.000625
37.750000	1	-0.002250
37.766667	1	-0.003250
37.783333	1	-0.004375
37.800000	1	-0.005250
37.816667	1	-0.006000
37.833333	1	-0.006875
37.850000	1	-0.008500
37.866667	1	-0.008750
37.883333	1	-0.009250
37.900000	1	-0.009625
37.916667	1	-0.010375
37.933333	1	-0.011125
37.950000	1	-0.012250
37.966667	1	-0.011625
37.983333	1	-0.012250
38.000000	1	-0.012625
38.016667	1	-0.013750
38.033333	1	-0.014250
38.050000	1	-0.014875
38.066667	1	-0.015125
38.083333	1	-0.014750
38.100000	1	-0.015125
38.116667	1	-0.015000
38.133333	1	-0.015750
38.150000	1	-0.016250
38.166667	1	-0.016625
38.183333	1	-0.017375
38.200000	1	-0.018500
38.216667	1	-0.019375
38.233333	1	-0.020500
38.250000	1	-0.021125
38.266667	1	-0.022375
38.283333	1	-0.023375
38.300000	1	-0.024750
38.316667	1	-0.026625
38.333333	1	-0.028125
38.350000	1	-0.030500
38.366667	1	-0.031125
38.383333	1	-0.032500
38.400000	1	-0.033625
38.416667	1	-0.035750
38.433333	1	-0.037375
38.450000	1	-0.039250
38.466667	1	-0.040625
38.483333	1	-0.042125
38.500000	1	-0.043625
38.516667	1	-0.045000
38.533333	1	-0.046500
38.550000	1	-0.047875
38.566667	1	-0.049250
38.583333	1	-0.050125
38.600000	1	-0.050625
38.616667	1	-0.051000
38.633333	1	-0.051500
38.650000	1	-0.051000
38.666667	1	-0.051125
38.683333	1	-0.050875
38.700000	1	-0.050125
38.716667	1	-0.049625
38.733333	1	-0.049375
38.750000	1	-0.048750
38.766667	1	-0.047750
38.783333	1	-0.047000
38.800000	1	-0.045875
38.816667	1	-0.044500
38.833333	1	-0.043375
38.850000	1	-0.041875
38.866667	1	-0.040750
38.883333	1	-0.039500
38.900000	1	-0.038250
38.916667	1	-0.038000
38.933333	1	-0.036875
38.950000	1	-0.036000
38.966667	1	-0.035000
38.983333	1	-0.034500
39.000000	1	-0.034500
39.016667	1	-0.034250
39.033333	1	-0.034375
39.050000	1	-0.034500
39.066667	1	-0.035250
39.083333	1	-0.035750
39.100000	1	-0.036625
39.116667	1	-0.037625
39.133333	1	-0.038500
39.150000	1	-0.040125
39.166667	1	-0.041000
39.183333	1	-0.042625
39.200000	1	-0.043875
39.216667	1	-0.045500
39.233333	1	-0.047000
39.250000	1	-0.048625
39.266667	1	-0.050375
39.283333	1	-0.052000
39.300000	1	-0.053500
39.316667	1	-0.054750
39.333333	1	-0.056375
39.350000	1	-0.058375
39.366667	1	-0.059875
39.383333	1	-0.061375
39.400000	1	-0.062750
39.416667	1	-0.064125
39.433333	1	-0.065125
39.450000	1	-0.066375
39.466667	1	-0.067875
39.483333	1	-0.068375
39.500000	1	-0.068625
39.516667	1	-0.069125
39.533333	1	-0.069750
39.550000	1	-0.070125
39.566667	1	-0.070625
39.583333	1	-0.071375
39.600000	1	-0.071875
39.616667	1	-0.072000
39.633333	1	-0.071625
39.650000	1	-0.071250
39.666667	1	-0.071125
39.683333	1	-0.070500
39.700000	1	-0.070375
39.716667	1	-0.069875
39.733333	1	-0.069000
39.750000	1	-0.068500
39.766667	1	-0.067750
39.783333	1	-0.067750
39.800000	1	-0.066750
39.816667	1	-0.065750
39.833333	1	-0.065250
39.850000	1	-0.064500
39.866667	1	-0.063125
39.883333	1	-0.062625
39.900000	1	-0.061375
39.916667	1	-0.060750
39.933333	1	-0.060625
39.950000	1	-0.060000
39.966667	1	-0.059750
39.983333	1	-0.059250
40.000000	1	-0.058750
