URL	chrom://7040-86g6c92/XVault/Ultimate_3000/20/20240517_CMO_FP23_FP25_MarkusDeplate.seq/706.smp/RI_1.channel/RI_1.chm
Channel	RI_1

Injection Information:
Data Vault	XVault
Sequence	20240517_CMO_FP23_FP25_MarkusDeplate
Name	FP27_21.2_s2
Number	125
Position	BE7
Comment	
Processing Method	
Instrument Method	run_25B_method
Type	Unknown
Status	Finished
Inject Time	31.05.2024 08:01:29 +02:00
Volume (µl)	20.0000
Dilution Factor	1.0000
Weight	1.0000

Chromatogram Data Information:
Time Min. (min)	0.000000
Time Max. (min)	40.000000
Data Points	2401
Detector	RI
Generating Data System	Chromeleon 7.3.2.11814
Exporting Data System	Chromeleon 7.3.2.0
Operator	Instrument Controller
Signal Quantity	Refractive 
Signal Unit	µRIU
Signal Min.	-0.850750
Signal Max.	63.912625
Channel	RI_1
Driver Name	RID520Driver.dll
Channel Type	Evaluation
Min. Step (s)	1
Max. Step (s)	1
Average Step (s)	1

Signal Parameter Information:
Signal Info	

Chromatogram Data:
Time (min)	Step (s)	Value (µRIU)
0.000000	n.a.	-0.026375
0.016667	1	-0.026875
0.033333	1	-0.026375
0.050000	1	-0.026125
0.066667	1	-0.026375
0.083333	1	-0.025875
0.100000	1	-0.025750
0.116667	1	-0.024875
0.133333	1	-0.023625
0.150000	1	-0.023250
0.166667	1	-0.022375
0.183333	1	-0.021375
0.200000	1	-0.020250
0.216667	1	-0.019750
0.233333	1	-0.018875
0.250000	1	-0.017625
0.266667	1	-0.016125
0.283333	1	-0.015000
0.300000	1	-0.013875
0.316667	1	-0.013125
0.333333	1	-0.012625
0.350000	1	-0.011875
0.366667	1	-0.012000
0.383333	1	-0.012250
0.400000	1	-0.011875
0.416667	1	-0.011750
0.433333	1	-0.010375
0.450000	1	-0.008000
0.466667	1	-0.006000
0.483333	1	-0.004375
0.500000	1	-0.003000
0.516667	1	-0.002750
0.533333	1	-0.001875
0.550000	1	-0.003250
0.566667	1	-0.005125
0.583333	1	-0.006750
0.600000	1	-0.010000
0.616667	1	-0.012875
0.633333	1	-0.015000
0.650000	1	-0.016500
0.666667	1	-0.017500
0.683333	1	-0.018125
0.700000	1	-0.018375
0.716667	1	-0.019250
0.733333	1	-0.020125
0.750000	1	-0.020750
0.766667	1	-0.021250
0.783333	1	-0.021500
0.800000	1	-0.021875
0.816667	1	-0.021750
0.833333	1	-0.021625
0.850000	1	-0.021500
0.866667	1	-0.021875
0.883333	1	-0.022875
0.900000	1	-0.023375
0.916667	1	-0.023250
0.933333	1	-0.023500
0.950000	1	-0.023875
0.966667	1	-0.022750
0.983333	1	-0.022500
1.000000	1	-0.022250
1.016667	1	-0.022250
1.033333	1	-0.022000
1.050000	1	-0.022375
1.066667	1	-0.022000
1.083333	1	-0.022500
1.100000	1	-0.022125
1.116667	1	-0.022000
1.133333	1	-0.022375
1.150000	1	-0.022500
1.166667	1	-0.023375
1.183333	1	-0.023375
1.200000	1	-0.023500
1.216667	1	-0.024000
1.233333	1	-0.024250
1.250000	1	-0.024625
1.266667	1	-0.024875
1.283333	1	-0.025750
1.300000	1	-0.026750
1.316667	1	-0.027500
1.333333	1	-0.028250
1.350000	1	-0.029500
1.366667	1	-0.030750
1.383333	1	-0.031375
1.400000	1	-0.032375
1.416667	1	-0.032375
1.433333	1	-0.033250
1.450000	1	-0.034375
1.466667	1	-0.034625
1.483333	1	-0.035250
1.500000	1	-0.035625
1.516667	1	-0.036625
1.533333	1	-0.037750
1.550000	1	-0.037875
1.566667	1	-0.038375
1.583333	1	-0.038500
1.600000	1	-0.038875
1.616667	1	-0.039125
1.633333	1	-0.039000
1.650000	1	-0.038875
1.666667	1	-0.038625
1.683333	1	-0.037750
1.700000	1	-0.037375
1.716667	1	-0.037000
1.733333	1	-0.036500
1.750000	1	-0.036750
1.766667	1	-0.035500
1.783333	1	-0.035375
1.800000	1	-0.034625
1.816667	1	-0.033750
1.833333	1	-0.032750
1.850000	1	-0.032250
1.866667	1	-0.031250
1.883333	1	-0.030125
1.900000	1	-0.029625
1.916667	1	-0.028125
1.933333	1	-0.027125
1.950000	1	-0.026125
1.966667	1	-0.025250
1.983333	1	-0.024125
2.000000	1	-0.024125
2.016667	1	-0.022625
2.033333	1	-0.021750
2.050000	1	-0.021250
2.066667	1	-0.021000
2.083333	1	-0.020875
2.100000	1	-0.020375
2.116667	1	-0.019500
2.133333	1	-0.019500
2.150000	1	-0.019375
2.166667	1	-0.019500
2.183333	1	-0.019250
2.200000	1	-0.019500
2.216667	1	-0.019625
2.233333	1	-0.020000
2.250000	1	-0.019375
2.266667	1	-0.020375
2.283333	1	-0.020750
2.300000	1	-0.021000
2.316667	1	-0.021750
2.333333	1	-0.022125
2.350000	1	-0.022625
2.366667	1	-0.023250
2.383333	1	-0.023500
2.400000	1	-0.022875
2.416667	1	-0.022750
2.433333	1	-0.022750
2.450000	1	-0.022375
2.466667	1	-0.021750
2.483333	1	-0.021500
2.500000	1	-0.020375
2.516667	1	-0.019875
2.533333	1	-0.019000
2.550000	1	-0.018500
2.566667	1	-0.018125
2.583333	1	-0.018000
2.600000	1	-0.017625
2.616667	1	-0.016375
2.633333	1	-0.015250
2.650000	1	-0.014375
2.666667	1	-0.013375
2.683333	1	-0.013000
2.700000	1	-0.012500
2.716667	1	-0.011750
2.733333	1	-0.011125
2.750000	1	-0.010125
2.766667	1	-0.009875
2.783333	1	-0.010000
2.800000	1	-0.010375
2.816667	1	-0.010250
2.833333	1	-0.010625
2.850000	1	-0.010250
2.866667	1	-0.010000
2.883333	1	-0.010375
2.900000	1	-0.011250
2.916667	1	-0.011875
2.933333	1	-0.012000
2.950000	1	-0.013000
2.966667	1	-0.013750
2.983333	1	-0.014500
3.000000	1	-0.014375
3.016667	1	-0.014375
3.033333	1	-0.014625
3.050000	1	-0.015125
3.066667	1	-0.015250
3.083333	1	-0.015625
3.100000	1	-0.015375
3.116667	1	-0.015875
3.133333	1	-0.016000
3.150000	1	-0.015500
3.166667	1	-0.015125
3.183333	1	-0.015250
3.200000	1	-0.014250
3.216667	1	-0.012875
3.233333	1	-0.012000
3.250000	1	-0.011000
3.266667	1	-0.009625
3.283333	1	-0.008750
3.300000	1	-0.007750
3.316667	1	-0.006625
3.333333	1	-0.004750
3.350000	1	-0.003500
3.366667	1	-0.002250
3.383333	1	0.000375
3.400000	1	0.001375
3.416667	1	0.002250
3.433333	1	0.003625
3.450000	1	0.004500
3.466667	1	0.005875
3.483333	1	0.006750
3.500000	1	0.007750
3.516667	1	0.008750
3.533333	1	0.009750
3.550000	1	0.010250
3.566667	1	0.010750
3.583333	1	0.012625
3.600000	1	0.013375
3.616667	1	0.014250
3.633333	1	0.014500
3.650000	1	0.015375
3.666667	1	0.016250
3.683333	1	0.016250
3.700000	1	0.016125
3.716667	1	0.015750
3.733333	1	0.015875
3.750000	1	0.015625
3.766667	1	0.015625
3.783333	1	0.015375
3.800000	1	0.014750
3.816667	1	0.013625
3.833333	1	0.012750
3.850000	1	0.012000
3.866667	1	0.011500
3.883333	1	0.009250
3.900000	1	0.008500
3.916667	1	0.007250
3.933333	1	0.004875
3.950000	1	0.002625
3.966667	1	0.000750
3.983333	1	-0.001375
4.000000	1	-0.003750
4.016667	1	-0.005625
4.033333	1	-0.007875
4.050000	1	-0.009625
4.066667	1	-0.011875
4.083333	1	-0.014000
4.100000	1	-0.016125
4.116667	1	-0.018500
4.133333	1	-0.020500
4.150000	1	-0.022500
4.166667	1	-0.024375
4.183333	1	-0.026000
4.200000	1	-0.028250
4.216667	1	-0.030125
4.233333	1	-0.031500
4.250000	1	-0.033375
4.266667	1	-0.034875
4.283333	1	-0.036250
4.300000	1	-0.038125
4.316667	1	-0.039500
4.333333	1	-0.040125
4.350000	1	-0.041250
4.366667	1	-0.042250
4.383333	1	-0.042875
4.400000	1	-0.043375
4.416667	1	-0.043875
4.433333	1	-0.043375
4.450000	1	-0.043375
4.466667	1	-0.042875
4.483333	1	-0.042625
4.500000	1	-0.041625
4.516667	1	-0.040625
4.533333	1	-0.039375
4.550000	1	-0.038250
4.566667	1	-0.036625
4.583333	1	-0.034000
4.600000	1	-0.031875
4.616667	1	-0.030125
4.633333	1	-0.027250
4.650000	1	-0.024250
4.666667	1	-0.021250
4.683333	1	-0.018500
4.700000	1	-0.015000
4.716667	1	-0.011875
4.733333	1	-0.008250
4.750000	1	-0.004375
4.766667	1	-0.000375
4.783333	1	0.003875
4.800000	1	0.007500
4.816667	1	0.011625
4.833333	1	0.015375
4.850000	1	0.019500
4.866667	1	0.023000
4.883333	1	0.027375
4.900000	1	0.031250
4.916667	1	0.035750
4.933333	1	0.040000
4.950000	1	0.043750
4.966667	1	0.047625
4.983333	1	0.051000
5.000000	1	0.054125
5.016667	1	0.057375
5.033333	1	0.060250
5.050000	1	0.063875
5.066667	1	0.066250
5.083333	1	0.069125
5.100000	1	0.071750
5.116667	1	0.073500
5.133333	1	0.075625
5.150000	1	0.078500
5.166667	1	0.080625
5.183333	1	0.081750
5.200000	1	0.084000
5.216667	1	0.085375
5.233333	1	0.087125
5.250000	1	0.088000
5.266667	1	0.089125
5.283333	1	0.090750
5.300000	1	0.092125
5.316667	1	0.093375
5.333333	1	0.094875
5.350000	1	0.096000
5.366667	1	0.097750
5.383333	1	0.098500
5.400000	1	0.101000
5.416667	1	0.102875
5.433333	1	0.104625
5.450000	1	0.106375
5.466667	1	0.108750
5.483333	1	0.110750
5.500000	1	0.112375
5.516667	1	0.114875
5.533333	1	0.117000
5.550000	1	0.120000
5.566667	1	0.122875
5.583333	1	0.124875
5.600000	1	0.127375
5.616667	1	0.130500
5.633333	1	0.133000
5.650000	1	0.135125
5.666667	1	0.137750
5.683333	1	0.139875
5.700000	1	0.142250
5.716667	1	0.144250
5.733333	1	0.146625
5.750000	1	0.148750
5.766667	1	0.150750
5.783333	1	0.153000
5.800000	1	0.154125
5.816667	1	0.155125
5.833333	1	0.155750
5.850000	1	0.156125
5.866667	1	0.156000
5.883333	1	0.155375
5.900000	1	0.154625
5.916667	1	0.153125
5.933333	1	0.152500
5.950000	1	0.150250
5.966667	1	0.148125
5.983333	1	0.145875
6.000000	1	0.143500
6.016667	1	0.139750
6.033333	1	0.137125
6.050000	1	0.133625
6.066667	1	0.130000
6.083333	1	0.126750
6.100000	1	0.122375
6.116667	1	0.118875
6.133333	1	0.116125
6.150000	1	0.112125
6.166667	1	0.108625
6.183333	1	0.104875
6.200000	1	0.101000
6.216667	1	0.096500
6.233333	1	0.093375
6.250000	1	0.089625
6.266667	1	0.086125
6.283333	1	0.082500
6.300000	1	0.079125
6.316667	1	0.076000
6.333333	1	0.071500
6.350000	1	0.068875
6.366667	1	0.065625
6.383333	1	0.062500
6.400000	1	0.058875
6.416667	1	0.055375
6.433333	1	0.052500
6.450000	1	0.049500
6.466667	1	0.046875
6.483333	1	0.044000
6.500000	1	0.041375
6.516667	1	0.039750
6.533333	1	0.037625
6.550000	1	0.034875
6.566667	1	0.032625
6.583333	1	0.030125
6.600000	1	0.027875
6.616667	1	0.026500
6.633333	1	0.024500
6.650000	1	0.022250
6.666667	1	0.020375
6.683333	1	0.017875
6.700000	1	0.016625
6.716667	1	0.014750
6.733333	1	0.013250
6.750000	1	0.011750
6.766667	1	0.009875
6.783333	1	0.007875
6.800000	1	0.006000
6.816667	1	0.004000
6.833333	1	0.002250
6.850000	1	-0.000250
6.866667	1	-0.002250
6.883333	1	-0.003500
6.900000	1	-0.005500
6.916667	1	-0.007125
6.933333	1	-0.009375
6.950000	1	-0.010750
6.966667	1	-0.012250
6.983333	1	-0.013000
7.000000	1	-0.014000
7.016667	1	-0.015000
7.033333	1	-0.015500
7.050000	1	-0.015750
7.066667	1	-0.015750
7.083333	1	-0.015375
7.100000	1	-0.014375
7.116667	1	-0.013875
7.133333	1	-0.012625
7.150000	1	-0.011625
7.166667	1	-0.009875
7.183333	1	-0.007875
7.200000	1	-0.006250
7.216667	1	-0.004375
7.233333	1	-0.002375
7.250000	1	-0.000250
7.266667	1	0.002875
7.283333	1	0.004750
7.300000	1	0.007625
7.316667	1	0.009750
7.333333	1	0.012000
7.350000	1	0.015125
7.366667	1	0.018125
7.383333	1	0.020875
7.400000	1	0.023375
7.416667	1	0.025750
7.433333	1	0.028250
7.450000	1	0.030750
7.466667	1	0.032750
7.483333	1	0.034125
7.500000	1	0.036000
7.516667	1	0.037750
7.533333	1	0.039375
7.550000	1	0.040500
7.566667	1	0.041250
7.583333	1	0.041500
7.600000	1	0.042375
7.616667	1	0.043625
7.633333	1	0.043375
7.650000	1	0.043125
7.666667	1	0.041625
7.683333	1	0.041125
7.700000	1	0.039625
7.716667	1	0.038250
7.733333	1	0.036750
7.750000	1	0.035875
7.766667	1	0.034000
7.783333	1	0.031625
7.800000	1	0.028750
7.816667	1	0.027125
7.833333	1	0.023875
7.850000	1	0.021750
7.866667	1	0.019625
7.883333	1	0.017125
7.900000	1	0.013875
7.916667	1	0.011375
7.933333	1	0.008750
7.950000	1	0.006000
7.966667	1	0.002875
7.983333	1	0.000125
8.000000	1	-0.002000
8.016667	1	-0.004750
8.033333	1	-0.007375
8.050000	1	-0.009750
8.066667	1	-0.012125
8.083333	1	-0.014250
8.100000	1	-0.016500
8.116667	1	-0.019375
8.133333	1	-0.021375
8.150000	1	-0.023875
8.166667	1	-0.026125
8.183333	1	-0.028750
8.200000	1	-0.030500
8.216667	1	-0.033125
8.233333	1	-0.035375
8.250000	1	-0.038250
8.266667	1	-0.041375
8.283333	1	-0.043750
8.300000	1	-0.045875
8.316667	1	-0.048000
8.333333	1	-0.050375
8.350000	1	-0.052875
8.366667	1	-0.054875
8.383333	1	-0.057625
8.400000	1	-0.060250
8.416667	1	-0.062375
8.433333	1	-0.064375
8.450000	1	-0.066500
8.466667	1	-0.068000
8.483333	1	-0.069250
8.500000	1	-0.070875
8.516667	1	-0.071000
8.533333	1	-0.071375
8.550000	1	-0.071625
8.566667	1	-0.072000
8.583333	1	-0.072500
8.600000	1	-0.072500
8.616667	1	-0.072375
8.633333	1	-0.072750
8.650000	1	-0.071875
8.666667	1	-0.071125
8.683333	1	-0.070625
8.700000	1	-0.069625
8.716667	1	-0.068750
8.733333	1	-0.067125
8.750000	1	-0.065500
8.766667	1	-0.064375
8.783333	1	-0.062750
8.800000	1	-0.060875
8.816667	1	-0.060250
8.833333	1	-0.058625
8.850000	1	-0.058000
8.866667	1	-0.056250
8.883333	1	-0.054500
8.900000	1	-0.053125
8.916667	1	-0.052250
8.933333	1	-0.050500
8.950000	1	-0.048625
8.966667	1	-0.047375
8.983333	1	-0.045875
9.000000	1	-0.044875
9.016667	1	-0.043750
9.033333	1	-0.042500
9.050000	1	-0.041625
9.066667	1	-0.041250
9.083333	1	-0.040750
9.100000	1	-0.040250
9.116667	1	-0.039250
9.133333	1	-0.039125
9.150000	1	-0.038375
9.166667	1	-0.038500
9.183333	1	-0.037875
9.200000	1	-0.038125
9.216667	1	-0.038250
9.233333	1	-0.038625
9.250000	1	-0.038250
9.266667	1	-0.038000
9.283333	1	-0.037750
9.300000	1	-0.038500
9.316667	1	-0.039375
9.333333	1	-0.039875
9.350000	1	-0.040250
9.366667	1	-0.040875
9.383333	1	-0.042125
9.400000	1	-0.043625
9.416667	1	-0.045375
9.433333	1	-0.047250
9.450000	1	-0.049250
9.466667	1	-0.051250
9.483333	1	-0.053250
9.500000	1	-0.055875
9.516667	1	-0.059000
9.533333	1	-0.061250
9.550000	1	-0.064500
9.566667	1	-0.067875
9.583333	1	-0.071750
9.600000	1	-0.074750
9.616667	1	-0.078375
9.633333	1	-0.081375
9.650000	1	-0.084750
9.666667	1	-0.088875
9.683333	1	-0.092000
9.700000	1	-0.094625
9.716667	1	-0.097875
9.733333	1	-0.100125
9.750000	1	-0.103375
9.766667	1	-0.106625
9.783333	1	-0.109875
9.800000	1	-0.112625
9.816667	1	-0.114875
9.833333	1	-0.117375
9.850000	1	-0.119125
9.866667	1	-0.121125
9.883333	1	-0.122500
9.900000	1	-0.123625
9.916667	1	-0.124625
9.933333	1	-0.125125
9.950000	1	-0.125875
9.966667	1	-0.125625
9.983333	1	-0.123625
10.000000	1	-0.121250
10.016667	1	-0.117875
10.033333	1	-0.114625
10.050000	1	-0.108625
10.066667	1	-0.102375
10.083333	1	-0.095375
10.100000	1	-0.087875
10.116667	1	-0.079250
10.133333	1	-0.070250
10.150000	1	-0.060125
10.166667	1	-0.049250
10.183333	1	-0.038375
10.200000	1	-0.026125
10.216667	1	-0.012875
10.233333	1	0.001375
10.250000	1	0.017000
10.266667	1	0.035250
10.283333	1	0.055625
10.300000	1	0.078125
10.316667	1	0.102125
10.333333	1	0.129000
10.350000	1	0.158625
10.366667	1	0.188750
10.383333	1	0.218125
10.400000	1	0.244500
10.416667	1	0.263125
10.433333	1	0.266000
10.450000	1	0.247375
10.466667	1	0.204250
10.483333	1	0.140250
10.500000	1	0.077375
10.516667	1	0.054250
10.533333	1	0.129125
10.550000	1	0.377875
10.566667	1	0.884125
10.583333	1	1.731500
10.600000	1	2.992750
10.616667	1	4.726375
10.633333	1	6.968625
10.650000	1	9.737250
10.666667	1	13.034250
10.683333	1	16.840125
10.700000	1	21.110250
10.716667	1	25.769000
10.733333	1	30.698125
10.750000	1	35.722500
10.766667	1	40.592000
10.783333	1	44.986000
10.800000	1	48.520250
10.816667	1	50.800125
10.833333	1	51.518125
10.850000	1	50.542625
10.866667	1	47.978250
10.883333	1	44.141625
10.900000	1	39.484500
10.916667	1	34.475125
10.933333	1	29.511125
10.950000	1	24.871125
10.966667	1	20.718750
10.983333	1	17.123125
11.000000	1	14.087750
11.016667	1	11.578000
11.033333	1	9.536750
11.050000	1	7.897500
11.066667	1	6.592500
11.083333	1	5.557500
11.100000	1	4.739125
11.116667	1	4.090500
11.133333	1	3.572750
11.150000	1	3.158125
11.166667	1	2.822625
11.183333	1	2.548250
11.200000	1	2.320875
11.216667	1	2.129750
11.233333	1	1.967750
11.250000	1	1.828750
11.266667	1	1.708000
11.283333	1	1.602750
11.300000	1	1.509000
11.316667	1	1.427125
11.333333	1	1.354250
11.350000	1	1.289500
11.366667	1	1.231375
11.383333	1	1.179875
11.400000	1	1.134375
11.416667	1	1.093500
11.433333	1	1.056750
11.450000	1	1.024000
11.466667	1	0.994375
11.483333	1	0.967875
11.500000	1	0.943750
11.516667	1	0.921250
11.533333	1	0.902125
11.550000	1	0.883875
11.566667	1	0.868250
11.583333	1	0.854375
11.600000	1	0.842875
11.616667	1	0.831750
11.633333	1	0.822375
11.650000	1	0.814750
11.666667	1	0.809000
11.683333	1	0.805250
11.700000	1	0.802750
11.716667	1	0.801750
11.733333	1	0.801750
11.750000	1	0.803625
11.766667	1	0.806625
11.783333	1	0.811375
11.800000	1	0.816000
11.816667	1	0.821500
11.833333	1	0.827625
11.850000	1	0.834500
11.866667	1	0.840625
11.883333	1	0.847625
11.900000	1	0.854625
11.916667	1	0.862000
11.933333	1	0.869250
11.950000	1	0.877625
11.966667	1	0.885250
11.983333	1	0.893000
12.000000	1	0.901375
12.016667	1	0.910375
12.033333	1	0.919375
12.050000	1	0.928625
12.066667	1	0.937875
12.083333	1	0.947625
12.100000	1	0.956625
12.116667	1	0.966875
12.133333	1	0.976500
12.150000	1	0.985625
12.166667	1	0.994375
12.183333	1	1.003125
12.200000	1	1.012625
12.216667	1	1.022500
12.233333	1	1.033125
12.250000	1	1.045625
12.266667	1	1.058625
12.283333	1	1.073875
12.300000	1	1.090625
12.316667	1	1.109875
12.333333	1	1.133500
12.350000	1	1.161125
12.366667	1	1.196375
12.383333	1	1.242125
12.400000	1	1.302125
12.416667	1	1.382375
12.433333	1	1.488250
12.450000	1	1.627250
12.466667	1	1.806750
12.483333	1	2.033250
12.500000	1	2.311750
12.516667	1	2.644250
12.533333	1	3.029125
12.550000	1	3.461375
12.566667	1	3.929625
12.583333	1	4.420125
12.600000	1	4.915750
12.616667	1	5.398875
12.633333	1	5.850500
12.650000	1	6.254375
12.666667	1	6.595375
12.683333	1	6.861875
12.700000	1	7.046875
12.716667	1	7.148750
12.733333	1	7.169875
12.750000	1	7.116000
12.766667	1	6.997625
12.783333	1	6.826250
12.800000	1	6.613625
12.816667	1	6.370750
12.833333	1	6.108750
12.850000	1	5.835500
12.866667	1	5.556625
12.883333	1	5.278375
12.900000	1	5.004375
12.916667	1	4.737625
12.933333	1	4.482625
12.950000	1	4.240625
12.966667	1	4.015250
12.983333	1	3.807500
13.000000	1	3.618000
13.016667	1	3.446125
13.033333	1	3.291500
13.050000	1	3.152125
13.066667	1	3.026625
13.083333	1	2.913625
13.100000	1	2.812000
13.116667	1	2.719000
13.133333	1	2.634500
13.150000	1	2.557750
13.166667	1	2.487125
13.183333	1	2.421000
13.200000	1	2.358875
13.216667	1	2.300250
13.233333	1	2.244625
13.250000	1	2.192125
13.266667	1	2.140875
13.283333	1	2.092875
13.300000	1	2.046750
13.316667	1	2.002375
13.333333	1	1.959625
13.350000	1	1.919750
13.366667	1	1.882000
13.383333	1	1.846625
13.400000	1	1.813750
13.416667	1	1.783375
13.433333	1	1.755750
13.450000	1	1.730625
13.466667	1	1.708250
13.483333	1	1.688625
13.500000	1	1.672000
13.516667	1	1.657000
13.533333	1	1.644125
13.550000	1	1.632375
13.566667	1	1.621625
13.583333	1	1.611250
13.600000	1	1.600375
13.616667	1	1.588000
13.633333	1	1.574625
13.650000	1	1.558875
13.666667	1	1.542000
13.683333	1	1.523750
13.700000	1	1.503250
13.716667	1	1.482000
13.733333	1	1.460625
13.750000	1	1.438000
13.766667	1	1.415500
13.783333	1	1.393750
13.800000	1	1.372125
13.816667	1	1.351125
13.833333	1	1.331750
13.850000	1	1.312250
13.866667	1	1.294375
13.883333	1	1.276875
13.900000	1	1.260125
13.916667	1	1.244500
13.933333	1	1.229750
13.950000	1	1.215625
13.966667	1	1.201875
13.983333	1	1.188500
14.000000	1	1.175875
14.016667	1	1.163375
14.033333	1	1.151500
14.050000	1	1.140375
14.066667	1	1.128750
14.083333	1	1.117875
14.100000	1	1.107000
14.116667	1	1.096500
14.133333	1	1.086500
14.150000	1	1.076750
14.166667	1	1.067750
14.183333	1	1.059250
14.200000	1	1.051750
14.216667	1	1.045875
14.233333	1	1.040250
14.250000	1	1.035750
14.266667	1	1.032750
14.283333	1	1.031750
14.300000	1	1.032625
14.316667	1	1.034875
14.333333	1	1.039750
14.350000	1	1.046375
14.366667	1	1.055875
14.383333	1	1.068125
14.400000	1	1.085625
14.416667	1	1.110375
14.433333	1	1.146125
14.450000	1	1.197500
14.466667	1	1.274875
14.483333	1	1.390875
14.500000	1	1.564625
14.516667	1	1.821125
14.533333	1	2.195125
14.550000	1	2.730000
14.566667	1	3.478625
14.583333	1	4.502250
14.600000	1	5.868125
14.616667	1	7.647125
14.633333	1	9.906500
14.650000	1	12.705250
14.666667	1	16.073750
14.683333	1	20.013625
14.700000	1	24.484250
14.716667	1	29.398875
14.733333	1	34.628750
14.750000	1	40.003375
14.766667	1	45.313125
14.783333	1	50.326250
14.800000	1	54.817500
14.816667	1	58.574500
14.833333	1	61.419625
14.850000	1	63.220750
14.866667	1	63.912625
14.883333	1	63.492000
14.900000	1	62.026000
14.916667	1	59.635125
14.933333	1	56.482625
14.950000	1	52.750500
14.966667	1	48.632250
14.983333	1	44.313375
15.000000	1	39.950000
15.016667	1	35.674500
15.033333	1	31.590625
15.050000	1	27.773500
15.066667	1	24.271750
15.083333	1	21.107375
15.100000	1	18.287625
15.116667	1	15.800875
15.133333	1	13.626000
15.150000	1	11.736625
15.166667	1	10.105250
15.183333	1	8.703375
15.200000	1	7.503625
15.216667	1	6.481125
15.233333	1	5.612875
15.250000	1	4.879125
15.266667	1	4.264750
15.283333	1	3.752500
15.300000	1	3.329625
15.316667	1	2.984375
15.333333	1	2.706625
15.350000	1	2.485000
15.366667	1	2.311375
15.383333	1	2.178125
15.400000	1	2.076750
15.416667	1	2.000500
15.433333	1	1.942250
15.450000	1	1.897250
15.466667	1	1.860125
15.483333	1	1.826375
15.500000	1	1.793750
15.516667	1	1.759000
15.533333	1	1.721500
15.550000	1	1.680500
15.566667	1	1.637125
15.583333	1	1.590125
15.600000	1	1.542375
15.616667	1	1.493625
15.633333	1	1.446250
15.650000	1	1.400375
15.666667	1	1.355875
15.683333	1	1.314250
15.700000	1	1.275250
15.716667	1	1.239250
15.733333	1	1.206500
15.750000	1	1.176500
15.766667	1	1.148500
15.783333	1	1.122750
15.800000	1	1.099000
15.816667	1	1.077500
15.833333	1	1.057750
15.850000	1	1.040875
15.866667	1	1.025250
15.883333	1	1.011750
15.900000	1	1.000000
15.916667	1	0.990625
15.933333	1	0.983500
15.950000	1	0.978375
15.966667	1	0.975250
15.983333	1	0.974250
16.000000	1	0.974000
16.016667	1	0.974750
16.033333	1	0.977250
16.050000	1	0.980250
16.066667	1	0.984625
16.083333	1	0.989250
16.100000	1	0.993750
16.116667	1	0.997750
16.133333	1	1.002500
16.150000	1	1.006250
16.166667	1	1.009125
16.183333	1	1.010625
16.200000	1	1.011875
16.216667	1	1.011125
16.233333	1	1.009750
16.250000	1	1.007250
16.266667	1	1.003750
16.283333	1	0.999125
16.300000	1	0.994000
16.316667	1	0.988750
16.333333	1	0.983375
16.350000	1	0.977750
16.366667	1	0.972750
16.383333	1	0.969000
16.400000	1	0.965375
16.416667	1	0.963625
16.433333	1	0.962250
16.450000	1	0.961750
16.466667	1	0.961375
16.483333	1	0.961750
16.500000	1	0.963000
16.516667	1	0.963125
16.533333	1	0.963625
16.550000	1	0.962750
16.566667	1	0.961125
16.583333	1	0.958750
16.600000	1	0.954875
16.616667	1	0.951375
16.633333	1	0.946875
16.650000	1	0.943000
16.666667	1	0.939125
16.683333	1	0.935500
16.700000	1	0.933625
16.716667	1	0.933750
16.733333	1	0.936000
16.750000	1	0.939125
16.766667	1	0.943750
16.783333	1	0.949750
16.800000	1	0.956250
16.816667	1	0.964000
16.833333	1	0.971750
16.850000	1	0.978375
16.866667	1	0.984750
16.883333	1	0.990500
16.900000	1	0.994750
16.916667	1	0.996625
16.933333	1	0.996000
16.950000	1	0.993625
16.966667	1	0.990375
16.983333	1	0.985750
17.000000	1	0.980250
17.016667	1	0.973750
17.033333	1	0.966500
17.050000	1	0.959250
17.066667	1	0.951125
17.083333	1	0.944125
17.100000	1	0.937000
17.116667	1	0.930625
17.133333	1	0.925125
17.150000	1	0.920375
17.166667	1	0.916000
17.183333	1	0.913000
17.200000	1	0.911125
17.216667	1	0.909500
17.233333	1	0.909250
17.250000	1	0.908750
17.266667	1	0.909375
17.283333	1	0.910500
17.300000	1	0.913000
17.316667	1	0.915750
17.333333	1	0.918875
17.350000	1	0.922250
17.366667	1	0.926000
17.383333	1	0.930000
17.400000	1	0.932750
17.416667	1	0.935500
17.433333	1	0.937500
17.450000	1	0.938625
17.466667	1	0.938000
17.483333	1	0.936125
17.500000	1	0.932500
17.516667	1	0.927875
17.533333	1	0.922375
17.550000	1	0.915250
17.566667	1	0.907375
17.583333	1	0.898500
17.600000	1	0.888250
17.616667	1	0.876375
17.633333	1	0.865125
17.650000	1	0.852625
17.666667	1	0.840500
17.683333	1	0.828625
17.700000	1	0.816500
17.716667	1	0.805000
17.733333	1	0.794250
17.750000	1	0.783125
17.766667	1	0.773500
17.783333	1	0.764625
17.800000	1	0.756625
17.816667	1	0.749250
17.833333	1	0.742000
17.850000	1	0.735250
17.866667	1	0.729500
17.883333	1	0.723625
17.900000	1	0.718375
17.916667	1	0.713250
17.933333	1	0.709250
17.950000	1	0.704000
17.966667	1	0.699000
17.983333	1	0.694250
18.000000	1	0.689125
18.016667	1	0.683250
18.033333	1	0.677875
18.050000	1	0.672000
18.066667	1	0.666000
18.083333	1	0.660000
18.100000	1	0.654875
18.116667	1	0.650125
18.133333	1	0.645625
18.150000	1	0.641375
18.166667	1	0.638500
18.183333	1	0.635125
18.200000	1	0.632500
18.216667	1	0.630625
18.233333	1	0.628125
18.250000	1	0.625875
18.266667	1	0.624375
18.283333	1	0.622375
18.300000	1	0.620125
18.316667	1	0.618125
18.333333	1	0.617000
18.350000	1	0.616250
18.366667	1	0.616125
18.383333	1	0.616375
18.400000	1	0.617375
18.416667	1	0.619125
18.433333	1	0.621625
18.450000	1	0.625375
18.466667	1	0.630250
18.483333	1	0.635500
18.500000	1	0.643125
18.516667	1	0.651750
18.533333	1	0.661875
18.550000	1	0.672375
18.566667	1	0.683750
18.583333	1	0.696000
18.600000	1	0.709750
18.616667	1	0.723875
18.633333	1	0.738500
18.650000	1	0.753750
18.666667	1	0.768875
18.683333	1	0.783875
18.700000	1	0.800125
18.716667	1	0.816000
18.733333	1	0.830375
18.750000	1	0.844875
18.766667	1	0.858000
18.783333	1	0.871000
18.800000	1	0.882750
18.816667	1	0.893000
18.833333	1	0.900625
18.850000	1	0.906000
18.866667	1	0.909625
18.883333	1	0.910875
18.900000	1	0.909125
18.916667	1	0.904375
18.933333	1	0.896125
18.950000	1	0.885625
18.966667	1	0.872125
18.983333	1	0.857000
19.000000	1	0.838375
19.016667	1	0.818625
19.033333	1	0.797750
19.050000	1	0.776000
19.066667	1	0.754000
19.083333	1	0.732625
19.100000	1	0.713000
19.116667	1	0.695125
19.133333	1	0.679625
19.150000	1	0.667625
19.166667	1	0.660250
19.183333	1	0.658125
19.200000	1	0.662875
19.216667	1	0.674750
19.233333	1	0.694250
19.250000	1	0.722500
19.266667	1	0.760125
19.283333	1	0.805875
19.300000	1	0.861500
19.316667	1	0.925625
19.333333	1	0.998500
19.350000	1	1.078375
19.366667	1	1.164000
19.383333	1	1.254125
19.400000	1	1.345125
19.416667	1	1.435500
19.433333	1	1.522750
19.450000	1	1.603875
19.466667	1	1.676875
19.483333	1	1.739250
19.500000	1	1.788875
19.516667	1	1.827125
19.533333	1	1.850875
19.550000	1	1.860250
19.566667	1	1.856250
19.583333	1	1.838250
19.600000	1	1.808375
19.616667	1	1.767500
19.633333	1	1.717375
19.650000	1	1.659500
19.666667	1	1.596125
19.683333	1	1.528625
19.700000	1	1.458625
19.716667	1	1.387125
19.733333	1	1.315875
19.750000	1	1.245125
19.766667	1	1.175000
19.783333	1	1.108000
19.800000	1	1.043000
19.816667	1	0.980125
19.833333	1	0.921875
19.850000	1	0.867250
19.866667	1	0.817750
19.883333	1	0.772125
19.900000	1	0.731625
19.916667	1	0.696500
19.933333	1	0.668250
19.950000	1	0.645625
19.966667	1	0.630375
19.983333	1	0.623750
20.000000	1	0.626000
20.016667	1	0.637000
20.033333	1	0.659000
20.050000	1	0.690750
20.066667	1	0.734000
20.083333	1	0.788250
20.100000	1	0.852500
20.116667	1	0.927000
20.133333	1	1.010000
20.150000	1	1.100250
20.166667	1	1.194250
20.183333	1	1.291750
20.200000	1	1.388250
20.216667	1	1.481750
20.233333	1	1.568625
20.250000	1	1.645875
20.266667	1	1.710125
20.283333	1	1.760625
20.300000	1	1.795125
20.316667	1	1.812750
20.333333	1	1.812875
20.350000	1	1.796625
20.366667	1	1.764500
20.383333	1	1.718000
20.400000	1	1.659875
20.416667	1	1.592625
20.433333	1	1.518250
20.450000	1	1.439375
20.466667	1	1.358750
20.483333	1	1.279125
20.500000	1	1.203125
20.516667	1	1.132750
20.533333	1	1.069000
20.550000	1	1.013875
20.566667	1	0.968750
20.583333	1	0.933750
20.600000	1	0.911000
20.616667	1	0.900000
20.633333	1	0.901625
20.650000	1	0.914750
20.666667	1	0.940500
20.683333	1	0.976750
20.700000	1	1.023000
20.716667	1	1.078000
20.733333	1	1.139625
20.750000	1	1.205875
20.766667	1	1.274125
20.783333	1	1.342000
20.800000	1	1.407125
20.816667	1	1.466250
20.833333	1	1.516750
20.850000	1	1.557125
20.866667	1	1.585125
20.883333	1	1.600500
20.900000	1	1.602750
20.916667	1	1.591750
20.933333	1	1.567750
20.950000	1	1.531250
20.966667	1	1.484750
20.983333	1	1.429375
21.000000	1	1.367250
21.016667	1	1.299250
21.033333	1	1.227250
21.050000	1	1.153875
21.066667	1	1.081000
21.083333	1	1.009625
21.100000	1	0.940375
21.116667	1	0.874375
21.133333	1	0.812125
21.150000	1	0.755000
21.166667	1	0.701750
21.183333	1	0.653500
21.200000	1	0.609500
21.216667	1	0.569750
21.233333	1	0.534375
21.250000	1	0.502125
21.266667	1	0.473500
21.283333	1	0.448125
21.300000	1	0.425250
21.316667	1	0.405125
21.333333	1	0.387375
21.350000	1	0.371375
21.366667	1	0.357500
21.383333	1	0.345000
21.400000	1	0.334375
21.416667	1	0.325250
21.433333	1	0.316625
21.450000	1	0.309250
21.466667	1	0.303375
21.483333	1	0.298500
21.500000	1	0.294375
21.516667	1	0.291750
21.533333	1	0.290500
21.550000	1	0.291000
21.566667	1	0.292125
21.583333	1	0.294625
21.600000	1	0.299250
21.616667	1	0.305000
21.633333	1	0.313375
21.650000	1	0.324125
21.666667	1	0.337500
21.683333	1	0.352625
21.700000	1	0.368750
21.716667	1	0.388875
21.733333	1	0.410000
21.750000	1	0.432625
21.766667	1	0.457375
21.783333	1	0.482250
21.800000	1	0.509000
21.816667	1	0.535375
21.833333	1	0.561750
21.850000	1	0.588000
21.866667	1	0.612750
21.883333	1	0.635375
21.900000	1	0.655750
21.916667	1	0.673875
21.933333	1	0.689750
21.950000	1	0.702250
21.966667	1	0.712375
21.983333	1	0.719375
22.000000	1	0.723500
22.016667	1	0.724750
22.033333	1	0.722750
22.050000	1	0.718125
22.066667	1	0.711375
22.083333	1	0.703250
22.100000	1	0.693125
22.116667	1	0.682000
22.133333	1	0.669125
22.150000	1	0.655750
22.166667	1	0.640750
22.183333	1	0.625625
22.200000	1	0.609750
22.216667	1	0.592875
22.233333	1	0.575125
22.250000	1	0.558250
22.266667	1	0.540500
22.283333	1	0.523000
22.300000	1	0.504875
22.316667	1	0.487000
22.333333	1	0.469625
22.350000	1	0.452625
22.366667	1	0.436000
22.383333	1	0.419750
22.400000	1	0.404125
22.416667	1	0.388750
22.433333	1	0.375500
22.450000	1	0.362000
22.466667	1	0.350375
22.483333	1	0.339375
22.500000	1	0.329500
22.516667	1	0.319875
22.533333	1	0.311250
22.550000	1	0.302750
22.566667	1	0.295000
22.583333	1	0.288125
22.600000	1	0.281125
22.616667	1	0.274875
22.633333	1	0.269375
22.650000	1	0.263875
22.666667	1	0.259125
22.683333	1	0.254250
22.700000	1	0.249625
22.716667	1	0.245500
22.733333	1	0.240250
22.750000	1	0.235875
22.766667	1	0.231750
22.783333	1	0.227000
22.800000	1	0.221875
22.816667	1	0.217500
22.833333	1	0.213625
22.850000	1	0.209375
22.866667	1	0.204500
22.883333	1	0.200750
22.900000	1	0.198125
22.916667	1	0.194875
22.933333	1	0.191500
22.950000	1	0.188625
22.966667	1	0.186500
22.983333	1	0.183875
23.000000	1	0.181500
23.016667	1	0.179375
23.033333	1	0.177625
23.050000	1	0.175750
23.066667	1	0.175000
23.083333	1	0.174500
23.100000	1	0.173500
23.116667	1	0.173375
23.133333	1	0.173375
23.150000	1	0.173000
23.166667	1	0.173250
23.183333	1	0.173375
23.200000	1	0.173375
23.216667	1	0.174000
23.233333	1	0.175500
23.250000	1	0.177500
23.266667	1	0.179750
23.283333	1	0.184500
23.300000	1	0.189875
23.316667	1	0.197750
23.333333	1	0.208500
23.350000	1	0.223000
23.366667	1	0.242250
23.383333	1	0.267250
23.400000	1	0.299875
23.416667	1	0.341250
23.433333	1	0.392750
23.450000	1	0.456125
23.466667	1	0.534000
23.483333	1	0.628000
23.500000	1	0.739375
23.516667	1	0.870250
23.533333	1	1.021500
23.550000	1	1.194250
23.566667	1	1.389000
23.583333	1	1.605875
23.600000	1	1.843750
23.616667	1	2.100500
23.633333	1	2.373125
23.650000	1	2.657375
23.666667	1	2.950250
23.683333	1	3.246000
23.700000	1	3.541250
23.716667	1	3.827875
23.733333	1	4.100500
23.750000	1	4.353375
23.766667	1	4.580250
23.783333	1	4.776125
23.800000	1	4.936125
23.816667	1	5.057250
23.833333	1	5.138625
23.850000	1	5.178500
23.866667	1	5.175375
23.883333	1	5.131125
23.900000	1	5.049500
23.916667	1	4.931625
23.933333	1	4.782250
23.950000	1	4.605875
23.966667	1	4.407750
23.983333	1	4.191375
24.000000	1	3.963250
24.016667	1	3.727250
24.033333	1	3.487750
24.050000	1	3.249250
24.066667	1	3.014250
24.083333	1	2.786125
24.100000	1	2.566125
24.116667	1	2.356875
24.133333	1	2.158250
24.150000	1	1.972250
24.166667	1	1.799500
24.183333	1	1.639625
24.200000	1	1.493250
24.216667	1	1.359250
24.233333	1	1.237125
24.250000	1	1.127875
24.266667	1	1.029000
24.283333	1	0.940125
24.300000	1	0.861000
24.316667	1	0.790750
24.333333	1	0.728750
24.350000	1	0.674250
24.366667	1	0.627000
24.383333	1	0.585875
24.400000	1	0.550500
24.416667	1	0.520875
24.433333	1	0.495500
24.450000	1	0.475500
24.466667	1	0.458625
24.483333	1	0.444375
24.500000	1	0.432250
24.516667	1	0.422375
24.533333	1	0.414500
24.550000	1	0.407750
24.566667	1	0.401875
24.583333	1	0.396125
24.600000	1	0.392125
24.616667	1	0.388250
24.633333	1	0.384125
24.650000	1	0.379000
24.666667	1	0.374000
24.683333	1	0.369000
24.700000	1	0.364000
24.716667	1	0.358750
24.733333	1	0.353000
24.750000	1	0.346000
24.766667	1	0.339625
24.783333	1	0.333000
24.800000	1	0.325750
24.816667	1	0.318875
24.833333	1	0.312000
24.850000	1	0.305250
24.866667	1	0.298750
24.883333	1	0.292500
24.900000	1	0.286875
24.916667	1	0.280500
24.933333	1	0.273750
24.950000	1	0.267875
24.966667	1	0.262000
24.983333	1	0.256125
25.000000	1	0.250250
25.016667	1	0.245125
25.033333	1	0.239375
25.050000	1	0.234875
25.066667	1	0.230750
25.083333	1	0.227500
25.100000	1	0.223625
25.116667	1	0.219750
25.133333	1	0.216500
25.150000	1	0.213875
25.166667	1	0.211375
25.183333	1	0.208875
25.200000	1	0.206500
25.216667	1	0.204250
25.233333	1	0.202250
25.250000	1	0.200625
25.266667	1	0.199250
25.283333	1	0.198375
25.300000	1	0.197750
25.316667	1	0.197250
25.333333	1	0.196500
25.350000	1	0.195750
25.366667	1	0.195750
25.383333	1	0.195500
25.400000	1	0.196000
25.416667	1	0.197000
25.433333	1	0.197750
25.450000	1	0.199000
25.466667	1	0.200125
25.483333	1	0.201750
25.500000	1	0.203500
25.516667	1	0.205500
25.533333	1	0.208000
25.550000	1	0.209625
25.566667	1	0.211125
25.583333	1	0.213000
25.600000	1	0.213750
25.616667	1	0.215625
25.633333	1	0.217375
25.650000	1	0.218375
25.666667	1	0.219500
25.683333	1	0.220750
25.700000	1	0.221875
25.716667	1	0.222875
25.733333	1	0.223375
25.750000	1	0.222875
25.766667	1	0.222125
25.783333	1	0.221250
25.800000	1	0.219750
25.816667	1	0.218625
25.833333	1	0.217500
25.850000	1	0.216500
25.866667	1	0.215250
25.883333	1	0.213375
25.900000	1	0.212000
25.916667	1	0.209875
25.933333	1	0.209125
25.950000	1	0.207500
25.966667	1	0.205375
25.983333	1	0.204250
26.000000	1	0.203625
26.016667	1	0.202500
26.033333	1	0.201625
26.050000	1	0.201125
26.066667	1	0.202250
26.083333	1	0.203000
26.100000	1	0.203625
26.116667	1	0.205000
26.133333	1	0.206500
26.150000	1	0.208625
26.166667	1	0.211250
26.183333	1	0.214125
26.200000	1	0.218125
26.216667	1	0.220750
26.233333	1	0.224625
26.250000	1	0.229875
26.266667	1	0.234000
26.283333	1	0.238375
26.300000	1	0.242000
26.316667	1	0.245875
26.333333	1	0.249875
26.350000	1	0.253625
26.366667	1	0.257250
26.383333	1	0.260875
26.400000	1	0.263250
26.416667	1	0.265625
26.433333	1	0.267625
26.450000	1	0.268750
26.466667	1	0.268625
26.483333	1	0.269125
26.500000	1	0.268125
26.516667	1	0.267000
26.533333	1	0.265500
26.550000	1	0.263500
26.566667	1	0.260875
26.583333	1	0.257875
26.600000	1	0.255125
26.616667	1	0.251375
26.633333	1	0.246875
26.650000	1	0.242000
26.666667	1	0.238000
26.683333	1	0.233375
26.700000	1	0.228500
26.716667	1	0.223750
26.733333	1	0.218875
26.750000	1	0.214625
26.766667	1	0.209625
26.783333	1	0.204875
26.800000	1	0.200125
26.816667	1	0.196500
26.833333	1	0.192750
26.850000	1	0.189000
26.866667	1	0.185875
26.883333	1	0.183125
26.900000	1	0.180500
26.916667	1	0.178500
26.933333	1	0.176625
26.950000	1	0.174750
26.966667	1	0.174500
26.983333	1	0.173375
27.000000	1	0.173250
27.016667	1	0.174125
27.033333	1	0.175375
27.050000	1	0.177000
27.066667	1	0.178875
27.083333	1	0.182375
27.100000	1	0.186000
27.116667	1	0.190125
27.133333	1	0.194875
27.150000	1	0.201125
27.166667	1	0.207625
27.183333	1	0.215375
27.200000	1	0.224625
27.216667	1	0.235500
27.233333	1	0.247875
27.250000	1	0.263625
27.266667	1	0.282250
27.283333	1	0.303625
27.300000	1	0.328625
27.316667	1	0.357375
27.333333	1	0.392250
27.350000	1	0.432375
27.366667	1	0.479125
27.383333	1	0.534000
27.400000	1	0.596250
27.416667	1	0.668250
27.433333	1	0.749625
27.450000	1	0.842125
27.466667	1	0.946750
27.483333	1	1.064375
27.500000	1	1.194500
27.516667	1	1.337875
27.533333	1	1.493875
27.550000	1	1.663625
27.566667	1	1.845500
27.583333	1	2.039000
27.600000	1	2.243500
27.616667	1	2.457250
27.633333	1	2.678500
27.650000	1	2.905250
27.666667	1	3.134875
27.683333	1	3.364750
27.700000	1	3.591625
27.716667	1	3.812875
27.733333	1	4.023875
27.750000	1	4.222375
27.766667	1	4.404500
27.783333	1	4.567500
27.800000	1	4.707500
27.816667	1	4.824000
27.833333	1	4.913875
27.850000	1	4.977375
27.866667	1	5.011375
27.883333	1	5.015125
27.900000	1	4.989625
27.916667	1	4.935500
27.933333	1	4.853750
27.950000	1	4.746625
27.966667	1	4.616875
27.983333	1	4.465500
28.000000	1	4.298000
28.016667	1	4.115375
28.033333	1	3.920750
28.050000	1	3.717625
28.066667	1	3.509500
28.083333	1	3.299375
28.100000	1	3.089125
28.116667	1	2.881750
28.133333	1	2.679125
28.150000	1	2.483000
28.166667	1	2.294875
28.183333	1	2.116125
28.200000	1	1.947125
28.216667	1	1.788625
28.233333	1	1.640375
28.250000	1	1.503000
28.266667	1	1.375500
28.283333	1	1.257875
28.300000	1	1.149750
28.316667	1	1.052000
28.333333	1	0.962500
28.350000	1	0.881500
28.366667	1	0.808250
28.383333	1	0.742750
28.400000	1	0.684125
28.416667	1	0.632625
28.433333	1	0.586000
28.450000	1	0.544375
28.466667	1	0.508500
28.483333	1	0.477625
28.500000	1	0.450750
28.516667	1	0.428375
28.533333	1	0.409250
28.550000	1	0.393875
28.566667	1	0.381375
28.583333	1	0.371250
28.600000	1	0.364000
28.616667	1	0.358750
28.633333	1	0.355750
28.650000	1	0.355125
28.666667	1	0.356375
28.683333	1	0.358250
28.700000	1	0.361125
28.716667	1	0.365250
28.733333	1	0.370750
28.750000	1	0.376250
28.766667	1	0.383125
28.783333	1	0.389125
28.800000	1	0.396125
28.816667	1	0.402625
28.833333	1	0.409250
28.850000	1	0.415250
28.866667	1	0.420375
28.883333	1	0.425375
28.900000	1	0.429375
28.916667	1	0.432750
28.933333	1	0.435125
28.950000	1	0.437250
28.966667	1	0.438000
28.983333	1	0.437875
29.000000	1	0.435875
29.016667	1	0.433625
29.033333	1	0.430125
29.050000	1	0.424375
29.066667	1	0.417625
29.083333	1	0.409875
29.100000	1	0.399875
29.116667	1	0.387750
29.133333	1	0.374750
29.150000	1	0.360125
29.166667	1	0.342875
29.183333	1	0.324250
29.200000	1	0.304125
29.216667	1	0.281875
29.233333	1	0.257250
29.250000	1	0.230250
29.266667	1	0.201125
29.283333	1	0.170750
29.300000	1	0.137375
29.316667	1	0.101875
29.333333	1	0.065125
29.350000	1	0.025625
29.366667	1	-0.015000
29.383333	1	-0.057875
29.400000	1	-0.102500
29.416667	1	-0.148500
29.433333	1	-0.194875
29.450000	1	-0.242500
29.466667	1	-0.290125
29.483333	1	-0.338125
29.500000	1	-0.386375
29.516667	1	-0.434375
29.533333	1	-0.481000
29.550000	1	-0.526750
29.566667	1	-0.569625
29.583333	1	-0.611250
29.600000	1	-0.650250
29.616667	1	-0.687250
29.633333	1	-0.720500
29.650000	1	-0.751250
29.666667	1	-0.777375
29.683333	1	-0.799625
29.700000	1	-0.818250
29.716667	1	-0.832375
29.733333	1	-0.842375
29.750000	1	-0.848500
29.766667	1	-0.850750
29.783333	1	-0.848000
29.800000	1	-0.841125
29.816667	1	-0.831250
29.833333	1	-0.817500
29.850000	1	-0.800750
29.866667	1	-0.780750
29.883333	1	-0.756750
29.900000	1	-0.730375
29.916667	1	-0.702500
29.933333	1	-0.672000
29.950000	1	-0.640625
29.966667	1	-0.607375
29.983333	1	-0.573500
30.000000	1	-0.539250
30.016667	1	-0.504000
30.033333	1	-0.468875
30.050000	1	-0.434625
30.066667	1	-0.399625
30.083333	1	-0.365375
30.100000	1	-0.331875
30.116667	1	-0.299375
30.133333	1	-0.268250
30.150000	1	-0.238625
30.166667	1	-0.209125
30.183333	1	-0.181125
30.200000	1	-0.154375
30.216667	1	-0.129500
30.233333	1	-0.106500
30.250000	1	-0.084500
30.266667	1	-0.064625
30.283333	1	-0.045375
30.300000	1	-0.028000
30.316667	1	-0.011125
30.333333	1	0.003500
30.350000	1	0.017125
30.366667	1	0.031000
30.383333	1	0.042625
30.400000	1	0.053250
30.416667	1	0.064250
30.433333	1	0.073750
30.450000	1	0.083125
30.466667	1	0.091250
30.483333	1	0.099375
30.500000	1	0.106250
30.516667	1	0.113500
30.533333	1	0.121000
30.550000	1	0.127875
30.566667	1	0.134875
30.583333	1	0.142000
30.600000	1	0.149125
30.616667	1	0.156250
30.633333	1	0.163625
30.650000	1	0.171250
30.666667	1	0.178750
30.683333	1	0.186500
30.700000	1	0.194500
30.716667	1	0.202750
30.733333	1	0.211500
30.750000	1	0.220125
30.766667	1	0.229375
30.783333	1	0.238375
30.800000	1	0.248125
30.816667	1	0.257375
30.833333	1	0.266750
30.850000	1	0.275875
30.866667	1	0.286250
30.883333	1	0.296500
30.900000	1	0.307750
30.916667	1	0.318500
30.933333	1	0.330250
30.950000	1	0.342625
30.966667	1	0.356500
30.983333	1	0.370375
31.000000	1	0.386250
31.016667	1	0.404000
31.033333	1	0.423625
31.050000	1	0.445125
31.066667	1	0.469625
31.083333	1	0.498000
31.100000	1	0.528875
31.116667	1	0.564125
31.133333	1	0.603500
31.150000	1	0.647625
31.166667	1	0.696625
31.183333	1	0.750625
31.200000	1	0.809875
31.216667	1	0.875000
31.233333	1	0.946250
31.250000	1	1.022375
31.266667	1	1.103625
31.283333	1	1.190375
31.300000	1	1.281000
31.316667	1	1.376125
31.333333	1	1.474375
31.350000	1	1.576000
31.366667	1	1.679000
31.383333	1	1.782875
31.400000	1	1.887125
31.416667	1	1.989875
31.433333	1	2.090125
31.450000	1	2.186500
31.466667	1	2.277000
31.483333	1	2.361625
31.500000	1	2.438875
31.516667	1	2.507625
31.533333	1	2.567125
31.550000	1	2.616250
31.566667	1	2.656000
31.583333	1	2.683750
31.600000	1	2.699625
31.616667	1	2.705500
31.633333	1	2.699000
31.650000	1	2.681625
31.666667	1	2.653500
31.683333	1	2.615000
31.700000	1	2.567250
31.716667	1	2.510125
31.733333	1	2.445250
31.750000	1	2.375000
31.766667	1	2.297000
31.783333	1	2.214250
31.800000	1	2.128000
31.816667	1	2.038875
31.833333	1	1.948000
31.850000	1	1.855750
31.866667	1	1.763125
31.883333	1	1.670250
31.900000	1	1.578500
31.916667	1	1.489125
31.933333	1	1.401125
31.950000	1	1.315125
31.966667	1	1.232125
31.983333	1	1.152000
32.000000	1	1.075250
32.016667	1	1.002000
32.033333	1	0.931875
32.050000	1	0.864625
32.066667	1	0.801375
32.083333	1	0.741000
32.100000	1	0.684750
32.116667	1	0.631375
32.133333	1	0.581750
32.150000	1	0.534625
32.166667	1	0.490625
32.183333	1	0.449625
32.200000	1	0.411000
32.216667	1	0.375000
32.233333	1	0.341000
32.250000	1	0.309625
32.266667	1	0.279875
32.283333	1	0.252750
32.300000	1	0.227375
32.316667	1	0.204250
32.333333	1	0.182500
32.350000	1	0.163125
32.366667	1	0.145125
32.383333	1	0.127875
32.400000	1	0.111875
32.416667	1	0.097500
32.433333	1	0.083750
32.450000	1	0.072125
32.466667	1	0.060875
32.483333	1	0.051625
32.500000	1	0.042250
32.516667	1	0.034875
32.533333	1	0.028375
32.550000	1	0.022375
32.566667	1	0.016250
32.583333	1	0.011250
32.600000	1	0.007375
32.616667	1	0.004375
32.633333	1	0.000875
32.650000	1	-0.002250
32.666667	1	-0.004875
32.683333	1	-0.006750
32.700000	1	-0.009000
32.716667	1	-0.010500
32.733333	1	-0.011625
32.750000	1	-0.012625
32.766667	1	-0.013500
32.783333	1	-0.014375
32.800000	1	-0.014875
32.816667	1	-0.015625
32.833333	1	-0.016750
32.850000	1	-0.017250
32.866667	1	-0.016750
32.883333	1	-0.016375
32.900000	1	-0.016125
32.916667	1	-0.016125
32.933333	1	-0.016250
32.950000	1	-0.015875
32.966667	1	-0.015875
32.983333	1	-0.015625
33.000000	1	-0.015375
33.016667	1	-0.014500
33.033333	1	-0.013750
33.050000	1	-0.013000
33.066667	1	-0.012500
33.083333	1	-0.011375
33.100000	1	-0.010125
33.116667	1	-0.008875
33.133333	1	-0.007000
33.150000	1	-0.005000
33.166667	1	-0.003000
33.183333	1	-0.001250
33.200000	1	0.000125
33.216667	1	0.002625
33.233333	1	0.005500
33.250000	1	0.007875
33.266667	1	0.009875
33.283333	1	0.011875
33.300000	1	0.015250
33.316667	1	0.018250
33.333333	1	0.020875
33.350000	1	0.023625
33.366667	1	0.026625
33.383333	1	0.029750
33.400000	1	0.032750
33.416667	1	0.035125
33.433333	1	0.037250
33.450000	1	0.039125
33.466667	1	0.041750
33.483333	1	0.044375
33.500000	1	0.046250
33.516667	1	0.047750
33.533333	1	0.049750
33.550000	1	0.051625
33.566667	1	0.053000
33.583333	1	0.055125
33.600000	1	0.056750
33.616667	1	0.058375
33.633333	1	0.060625
33.650000	1	0.062250
33.666667	1	0.063500
33.683333	1	0.064875
33.700000	1	0.066500
33.716667	1	0.068125
33.733333	1	0.069750
33.750000	1	0.071875
33.766667	1	0.074000
33.783333	1	0.075375
33.800000	1	0.076375
33.816667	1	0.077625
33.833333	1	0.079000
33.850000	1	0.079750
33.866667	1	0.080875
33.883333	1	0.082000
33.900000	1	0.083375
33.916667	1	0.084250
33.933333	1	0.085000
33.950000	1	0.085250
33.966667	1	0.086250
33.983333	1	0.086250
34.000000	1	0.086375
34.016667	1	0.086500
34.033333	1	0.085875
34.050000	1	0.085750
34.066667	1	0.085000
34.083333	1	0.084500
34.100000	1	0.083625
34.116667	1	0.082625
34.133333	1	0.082125
34.150000	1	0.082000
34.166667	1	0.081625
34.183333	1	0.080750
34.200000	1	0.080375
34.216667	1	0.080375
34.233333	1	0.080625
34.250000	1	0.080375
34.266667	1	0.080375
34.283333	1	0.080625
34.300000	1	0.080875
34.316667	1	0.081625
34.333333	1	0.082875
34.350000	1	0.084375
34.366667	1	0.086000
34.383333	1	0.088125
34.400000	1	0.089750
34.416667	1	0.092125
34.433333	1	0.095000
34.450000	1	0.097250
34.466667	1	0.100250
34.483333	1	0.103000
34.500000	1	0.106375
34.516667	1	0.109500
34.533333	1	0.112750
34.550000	1	0.115500
34.566667	1	0.118125
34.583333	1	0.121000
34.600000	1	0.123250
34.616667	1	0.125750
34.633333	1	0.127250
34.650000	1	0.128875
34.666667	1	0.130000
34.683333	1	0.131375
34.700000	1	0.131250
34.716667	1	0.131250
34.733333	1	0.131375
34.750000	1	0.130250
34.766667	1	0.129375
34.783333	1	0.127750
34.800000	1	0.125500
34.816667	1	0.123000
34.833333	1	0.121125
34.850000	1	0.118625
34.866667	1	0.115375
34.883333	1	0.112125
34.900000	1	0.108875
34.916667	1	0.106000
34.933333	1	0.102500
34.950000	1	0.099250
34.966667	1	0.095875
34.983333	1	0.092000
35.000000	1	0.088125
35.016667	1	0.084625
35.033333	1	0.081750
35.050000	1	0.077375
35.066667	1	0.074250
35.083333	1	0.071375
35.100000	1	0.069125
35.116667	1	0.066625
35.133333	1	0.063750
35.150000	1	0.061375
35.166667	1	0.060000
35.183333	1	0.058000
35.200000	1	0.056375
35.216667	1	0.054875
35.233333	1	0.053250
35.250000	1	0.052375
35.266667	1	0.051625
35.283333	1	0.052375
35.300000	1	0.052250
35.316667	1	0.052625
35.333333	1	0.053125
35.350000	1	0.053875
35.366667	1	0.054250
35.383333	1	0.055500
35.400000	1	0.057000
35.416667	1	0.058625
35.433333	1	0.059750
35.450000	1	0.060875
35.466667	1	0.062750
35.483333	1	0.065000
35.500000	1	0.067375
35.516667	1	0.069625
35.533333	1	0.071750
35.550000	1	0.074250
35.566667	1	0.076750
35.583333	1	0.080250
35.600000	1	0.082625
35.616667	1	0.085000
35.633333	1	0.087375
35.650000	1	0.089750
35.666667	1	0.092750
35.683333	1	0.094625
35.700000	1	0.097500
35.716667	1	0.100250
35.733333	1	0.103375
35.750000	1	0.105750
35.766667	1	0.108000
35.783333	1	0.110000
35.800000	1	0.112125
35.816667	1	0.114375
35.833333	1	0.116125
35.850000	1	0.118000
35.866667	1	0.119750
35.883333	1	0.121250
35.900000	1	0.122750
35.916667	1	0.124625
35.933333	1	0.126000
35.950000	1	0.127250
35.966667	1	0.128125
35.983333	1	0.129250
36.000000	1	0.129875
36.016667	1	0.130625
36.033333	1	0.131250
36.050000	1	0.132250
36.066667	1	0.132750
36.083333	1	0.132875
36.100000	1	0.133125
36.116667	1	0.133375
36.133333	1	0.133625
36.150000	1	0.132750
36.166667	1	0.132500
36.183333	1	0.132875
36.200000	1	0.132750
36.216667	1	0.133000
36.233333	1	0.133000
36.250000	1	0.133125
36.266667	1	0.133250
36.283333	1	0.133125
36.300000	1	0.133500
36.316667	1	0.132875
36.333333	1	0.132750
36.350000	1	0.132375
36.366667	1	0.131875
36.383333	1	0.132250
36.400000	1	0.132625
36.416667	1	0.132375
36.433333	1	0.131750
36.450000	1	0.131875
36.466667	1	0.132125
36.483333	1	0.131000
36.500000	1	0.130375
36.516667	1	0.130125
36.533333	1	0.130875
36.550000	1	0.131125
36.566667	1	0.130000
36.583333	1	0.129375
36.600000	1	0.128750
36.616667	1	0.127625
36.633333	1	0.126500
36.650000	1	0.125125
36.666667	1	0.124250
36.683333	1	0.123000
36.700000	1	0.121250
36.716667	1	0.120000
36.733333	1	0.118250
36.750000	1	0.116250
36.766667	1	0.114625
36.783333	1	0.112250
36.800000	1	0.110000
36.816667	1	0.108125
36.833333	1	0.106125
36.850000	1	0.104000
36.866667	1	0.102000
36.883333	1	0.100125
36.900000	1	0.098875
36.916667	1	0.097250
36.933333	1	0.095500
36.950000	1	0.093875
36.966667	1	0.091750
36.983333	1	0.090875
37.000000	1	0.089625
37.016667	1	0.088875
37.033333	1	0.088000
37.050000	1	0.087250
37.066667	1	0.087750
37.083333	1	0.088250
37.100000	1	0.088500
37.116667	1	0.089000
37.133333	1	0.089625
37.150000	1	0.090375
37.166667	1	0.091375
37.183333	1	0.092625
37.200000	1	0.094125
37.216667	1	0.095625
37.233333	1	0.096875
37.250000	1	0.098250
37.266667	1	0.099125
37.283333	1	0.100000
37.300000	1	0.101375
37.316667	1	0.101875
37.333333	1	0.103000
37.350000	1	0.103750
37.366667	1	0.104125
37.383333	1	0.104125
37.400000	1	0.104750
37.416667	1	0.104625
37.433333	1	0.104000
37.450000	1	0.103500
37.466667	1	0.102625
37.483333	1	0.101250
37.500000	1	0.099625
37.516667	1	0.097750
37.533333	1	0.096625
37.550000	1	0.094750
37.566667	1	0.092375
37.583333	1	0.089625
37.600000	1	0.087000
37.616667	1	0.084375
37.633333	1	0.081125
37.650000	1	0.078250
37.666667	1	0.075125
37.683333	1	0.071250
37.700000	1	0.067875
37.716667	1	0.064250
37.733333	1	0.061500
37.750000	1	0.058625
37.766667	1	0.055250
37.783333	1	0.051875
37.800000	1	0.048500
37.816667	1	0.044750
37.833333	1	0.041625
37.850000	1	0.037750
37.866667	1	0.034625
37.883333	1	0.031625
37.900000	1	0.028625
37.916667	1	0.025875
37.933333	1	0.023625
37.950000	1	0.020750
37.966667	1	0.018125
37.983333	1	0.015500
38.000000	1	0.012875
38.016667	1	0.011000
38.033333	1	0.009375
38.050000	1	0.007750
38.066667	1	0.005750
38.083333	1	0.004250
38.100000	1	0.003000
38.116667	1	0.002125
38.133333	1	0.001375
38.150000	1	0.000625
38.166667	1	0.000125
38.183333	1	-0.000250
38.200000	1	-0.000875
38.216667	1	-0.000625
38.233333	1	-0.000375
38.250000	1	-0.000500
38.266667	1	-0.000875
38.283333	1	0.000125
38.300000	1	0.000625
38.316667	1	0.001625
38.333333	1	0.001875
38.350000	1	0.003375
38.366667	1	0.003500
38.383333	1	0.004625
38.400000	1	0.005875
38.416667	1	0.006875
38.433333	1	0.008750
38.450000	1	0.010500
38.466667	1	0.012625
38.483333	1	0.014125
38.500000	1	0.015625
38.516667	1	0.016625
38.533333	1	0.017875
38.550000	1	0.018750
38.566667	1	0.020250
38.583333	1	0.021375
38.600000	1	0.022500
38.616667	1	0.023375
38.633333	1	0.024375
38.650000	1	0.025125
38.666667	1	0.025875
38.683333	1	0.025375
38.700000	1	0.025125
38.716667	1	0.025125
38.733333	1	0.025250
38.750000	1	0.025125
38.766667	1	0.025250
38.783333	1	0.025000
38.800000	1	0.024500
38.816667	1	0.024000
38.833333	1	0.023250
38.850000	1	0.022625
38.866667	1	0.021625
38.883333	1	0.021750
38.900000	1	0.020625
38.916667	1	0.019875
38.933333	1	0.019125
38.950000	1	0.017875
38.966667	1	0.017250
38.983333	1	0.016750
39.000000	1	0.015875
39.016667	1	0.015500
39.033333	1	0.014250
39.050000	1	0.013625
39.066667	1	0.013000
39.083333	1	0.012125
39.100000	1	0.011625
39.116667	1	0.010875
39.133333	1	0.009750
39.150000	1	0.009125
39.166667	1	0.008125
39.183333	1	0.006875
39.200000	1	0.006625
39.216667	1	0.005000
39.233333	1	0.004000
39.250000	1	0.003125
39.266667	1	0.003000
39.283333	1	0.001750
39.300000	1	0.001750
39.316667	1	0.001000
39.333333	1	0.000750
39.350000	1	-0.000375
39.366667	1	-0.001250
39.383333	1	-0.002375
39.400000	1	-0.003875
39.416667	1	-0.004375
39.433333	1	-0.005125
39.450000	1	-0.006000
39.466667	1	-0.006750
39.483333	1	-0.007250
39.500000	1	-0.007250
39.516667	1	-0.008250
39.533333	1	-0.009375
39.550000	1	-0.009625
39.566667	1	-0.010500
39.583333	1	-0.010625
39.600000	1	-0.012250
39.616667	1	-0.012500
39.633333	1	-0.013500
39.650000	1	-0.013375
39.666667	1	-0.014125
39.683333	1	-0.014500
39.700000	1	-0.015000
39.716667	1	-0.015125
39.733333	1	-0.015125
39.750000	1	-0.015250
39.766667	1	-0.015125
39.783333	1	-0.015750
39.800000	1	-0.016125
39.816667	1	-0.015625
39.833333	1	-0.015375
39.850000	1	-0.015125
39.866667	1	-0.015125
39.883333	1	-0.015125
39.900000	1	-0.014750
39.916667	1	-0.014625
39.933333	1	-0.013625
39.950000	1	-0.013125
39.966667	1	-0.012375
39.983333	1	-0.011875
40.000000	1	-0.011125
