URL	chrom://7040-86g6c92/XVault/Ultimate_3000/20/20240517_CMO_FP23_FP25_MarkusDeplate.seq/930.smp/RI_1.channel/RI_1.chm
Channel	RI_1

Injection Information:
Data Vault	XVault
Sequence	20240517_CMO_FP23_FP25_MarkusDeplate
Name	FP27_21.2_s4
Number	127
Position	BE9
Comment	
Processing Method	
Instrument Method	run_25B_method
Type	Unknown
Status	Finished
Inject Time	31.05.2024 09:23:26 +02:00
Volume (µl)	20.0000
Dilution Factor	1.0000
Weight	1.0000

Chromatogram Data Information:
Time Min. (min)	0.000000
Time Max. (min)	40.000000
Data Points	2401
Detector	RI
Generating Data System	Chromeleon 7.3.2.11814
Exporting Data System	Chromeleon 7.3.2.0
Operator	Instrument Controller
Signal Quantity	Refractive 
Signal Unit	µRIU
Signal Min.	-0.657625
Signal Max.	55.580875
Channel	RI_1
Driver Name	RID520Driver.dll
Channel Type	Evaluation
Min. Step (s)	1
Max. Step (s)	1
Average Step (s)	1

Signal Parameter Information:
Signal Info	

Chromatogram Data:
Time (min)	Step (s)	Value (µRIU)
0.000000	n.a.	-0.102250
0.016667	1	-0.101875
0.033333	1	-0.101375
0.050000	1	-0.100875
0.066667	1	-0.099875
0.083333	1	-0.098625
0.100000	1	-0.097750
0.116667	1	-0.096250
0.133333	1	-0.095000
0.150000	1	-0.093625
0.166667	1	-0.091500
0.183333	1	-0.089375
0.200000	1	-0.087500
0.216667	1	-0.085750
0.233333	1	-0.082750
0.250000	1	-0.080500
0.266667	1	-0.077750
0.283333	1	-0.074875
0.300000	1	-0.072125
0.316667	1	-0.069875
0.333333	1	-0.067750
0.350000	1	-0.065750
0.366667	1	-0.063625
0.383333	1	-0.061625
0.400000	1	-0.060250
0.416667	1	-0.057875
0.433333	1	-0.054625
0.450000	1	-0.050125
0.466667	1	-0.045875
0.483333	1	-0.041750
0.500000	1	-0.038500
0.516667	1	-0.035375
0.533333	1	-0.033500
0.550000	1	-0.032375
0.566667	1	-0.032500
0.583333	1	-0.032750
0.600000	1	-0.033625
0.616667	1	-0.035125
0.633333	1	-0.036375
0.650000	1	-0.036750
0.666667	1	-0.036875
0.683333	1	-0.037000
0.700000	1	-0.037125
0.716667	1	-0.037750
0.733333	1	-0.038125
0.750000	1	-0.038875
0.766667	1	-0.039375
0.783333	1	-0.039250
0.800000	1	-0.040250
0.816667	1	-0.041625
0.833333	1	-0.042750
0.850000	1	-0.043375
0.866667	1	-0.044250
0.883333	1	-0.045125
0.900000	1	-0.046375
0.916667	1	-0.047750
0.933333	1	-0.048000
0.950000	1	-0.048500
0.966667	1	-0.048125
0.983333	1	-0.049125
1.000000	1	-0.050000
1.016667	1	-0.049875
1.033333	1	-0.049625
1.050000	1	-0.049375
1.066667	1	-0.048500
1.083333	1	-0.047250
1.100000	1	-0.045875
1.116667	1	-0.045500
1.133333	1	-0.044625
1.150000	1	-0.043875
1.166667	1	-0.043500
1.183333	1	-0.042625
1.200000	1	-0.041750
1.216667	1	-0.039500
1.233333	1	-0.038500
1.250000	1	-0.037375
1.266667	1	-0.036500
1.283333	1	-0.034750
1.300000	1	-0.034000
1.316667	1	-0.032250
1.333333	1	-0.031250
1.350000	1	-0.030250
1.366667	1	-0.030000
1.383333	1	-0.029250
1.400000	1	-0.028750
1.416667	1	-0.027750
1.433333	1	-0.026500
1.450000	1	-0.026625
1.466667	1	-0.026375
1.483333	1	-0.026875
1.500000	1	-0.027250
1.516667	1	-0.027625
1.533333	1	-0.028000
1.550000	1	-0.029125
1.566667	1	-0.029750
1.583333	1	-0.030875
1.600000	1	-0.031250
1.616667	1	-0.032625
1.633333	1	-0.033375
1.650000	1	-0.034250
1.666667	1	-0.034750
1.683333	1	-0.036250
1.700000	1	-0.037250
1.716667	1	-0.038375
1.733333	1	-0.039500
1.750000	1	-0.040750
1.766667	1	-0.041125
1.783333	1	-0.041875
1.800000	1	-0.042500
1.816667	1	-0.042250
1.833333	1	-0.041875
1.850000	1	-0.041875
1.866667	1	-0.041500
1.883333	1	-0.040375
1.900000	1	-0.039375
1.916667	1	-0.038500
1.933333	1	-0.038000
1.950000	1	-0.037250
1.966667	1	-0.035625
1.983333	1	-0.033625
2.000000	1	-0.031875
2.016667	1	-0.030125
2.033333	1	-0.028000
2.050000	1	-0.026625
2.066667	1	-0.024750
2.083333	1	-0.022125
2.100000	1	-0.020250
2.116667	1	-0.018750
2.133333	1	-0.017250
2.150000	1	-0.016750
2.166667	1	-0.015625
2.183333	1	-0.014875
2.200000	1	-0.013375
2.216667	1	-0.012250
2.233333	1	-0.012125
2.250000	1	-0.011375
2.266667	1	-0.011250
2.283333	1	-0.011875
2.300000	1	-0.011625
2.316667	1	-0.012500
2.333333	1	-0.012500
2.350000	1	-0.013750
2.366667	1	-0.014250
2.383333	1	-0.014500
2.400000	1	-0.015250
2.416667	1	-0.015750
2.433333	1	-0.016125
2.450000	1	-0.016375
2.466667	1	-0.017125
2.483333	1	-0.016875
2.500000	1	-0.017000
2.516667	1	-0.017000
2.533333	1	-0.017000
2.550000	1	-0.017250
2.566667	1	-0.017875
2.583333	1	-0.017500
2.600000	1	-0.017375
2.616667	1	-0.017250
2.633333	1	-0.017125
2.650000	1	-0.016750
2.666667	1	-0.017875
2.683333	1	-0.018625
2.700000	1	-0.020000
2.716667	1	-0.020750
2.733333	1	-0.022000
2.750000	1	-0.023000
2.766667	1	-0.024375
2.783333	1	-0.025750
2.800000	1	-0.027250
2.816667	1	-0.029000
2.833333	1	-0.031500
2.850000	1	-0.034000
2.866667	1	-0.036375
2.883333	1	-0.038625
2.900000	1	-0.041125
2.916667	1	-0.044125
2.933333	1	-0.046625
2.950000	1	-0.050125
2.966667	1	-0.052750
2.983333	1	-0.056250
3.000000	1	-0.058625
3.016667	1	-0.061875
3.033333	1	-0.064125
3.050000	1	-0.067500
3.066667	1	-0.070750
3.083333	1	-0.072750
3.100000	1	-0.075125
3.116667	1	-0.077250
3.133333	1	-0.079125
3.150000	1	-0.081000
3.166667	1	-0.082125
3.183333	1	-0.083250
3.200000	1	-0.083625
3.216667	1	-0.084500
3.233333	1	-0.084625
3.250000	1	-0.084375
3.266667	1	-0.084000
3.283333	1	-0.084125
3.300000	1	-0.083625
3.316667	1	-0.083125
3.333333	1	-0.082125
3.350000	1	-0.081250
3.366667	1	-0.080625
3.383333	1	-0.079250
3.400000	1	-0.078500
3.416667	1	-0.076875
3.433333	1	-0.075250
3.450000	1	-0.073750
3.466667	1	-0.072500
3.483333	1	-0.070625
3.500000	1	-0.069250
3.516667	1	-0.067750
3.533333	1	-0.066625
3.550000	1	-0.065750
3.566667	1	-0.064250
3.583333	1	-0.062750
3.600000	1	-0.061250
3.616667	1	-0.060250
3.633333	1	-0.058625
3.650000	1	-0.057500
3.666667	1	-0.056250
3.683333	1	-0.055250
3.700000	1	-0.054000
3.716667	1	-0.052625
3.733333	1	-0.051625
3.750000	1	-0.050750
3.766667	1	-0.049500
3.783333	1	-0.049000
3.800000	1	-0.047750
3.816667	1	-0.046375
3.833333	1	-0.044875
3.850000	1	-0.043875
3.866667	1	-0.043625
3.883333	1	-0.042125
3.900000	1	-0.041125
3.916667	1	-0.039375
3.933333	1	-0.038375
3.950000	1	-0.037625
3.966667	1	-0.036625
3.983333	1	-0.035750
4.000000	1	-0.034750
4.016667	1	-0.033125
4.033333	1	-0.031750
4.050000	1	-0.030125
4.066667	1	-0.029250
4.083333	1	-0.027250
4.100000	1	-0.026000
4.116667	1	-0.024375
4.133333	1	-0.023250
4.150000	1	-0.021875
4.166667	1	-0.020000
4.183333	1	-0.018250
4.200000	1	-0.016625
4.216667	1	-0.015000
4.233333	1	-0.013000
4.250000	1	-0.011375
4.266667	1	-0.009500
4.283333	1	-0.008500
4.300000	1	-0.006750
4.316667	1	-0.005375
4.333333	1	-0.004125
4.350000	1	-0.002750
4.366667	1	-0.001250
4.383333	1	0.000125
4.400000	1	0.001750
4.416667	1	0.003500
4.433333	1	0.005250
4.450000	1	0.006000
4.466667	1	0.007500
4.483333	1	0.008250
4.500000	1	0.009125
4.516667	1	0.009750
4.533333	1	0.010500
4.550000	1	0.011625
4.566667	1	0.012875
4.583333	1	0.014250
4.600000	1	0.015125
4.616667	1	0.016000
4.633333	1	0.017000
4.650000	1	0.017750
4.666667	1	0.018000
4.683333	1	0.018375
4.700000	1	0.018750
4.716667	1	0.019250
4.733333	1	0.019125
4.750000	1	0.019500
4.766667	1	0.019375
4.783333	1	0.020375
4.800000	1	0.020250
4.816667	1	0.020500
4.833333	1	0.020625
4.850000	1	0.020250
4.866667	1	0.020625
4.883333	1	0.020625
4.900000	1	0.020125
4.916667	1	0.020250
4.933333	1	0.020000
4.950000	1	0.020875
4.966667	1	0.021250
4.983333	1	0.022000
5.000000	1	0.022375
5.016667	1	0.023500
5.033333	1	0.024750
5.050000	1	0.026500
5.066667	1	0.027750
5.083333	1	0.029250
5.100000	1	0.031375
5.116667	1	0.033375
5.133333	1	0.036000
5.150000	1	0.039000
5.166667	1	0.042625
5.183333	1	0.045625
5.200000	1	0.049375
5.216667	1	0.054000
5.233333	1	0.058125
5.250000	1	0.062000
5.266667	1	0.066875
5.283333	1	0.071750
5.300000	1	0.076375
5.316667	1	0.082125
5.333333	1	0.087625
5.350000	1	0.093375
5.366667	1	0.098375
5.383333	1	0.103500
5.400000	1	0.109000
5.416667	1	0.114500
5.433333	1	0.119875
5.450000	1	0.125375
5.466667	1	0.130375
5.483333	1	0.135500
5.500000	1	0.139625
5.516667	1	0.143875
5.533333	1	0.147750
5.550000	1	0.152375
5.566667	1	0.156375
5.583333	1	0.160250
5.600000	1	0.163375
5.616667	1	0.166375
5.633333	1	0.169625
5.650000	1	0.171750
5.666667	1	0.173875
5.683333	1	0.175250
5.700000	1	0.176250
5.716667	1	0.177125
5.733333	1	0.176875
5.750000	1	0.176375
5.766667	1	0.176250
5.783333	1	0.176250
5.800000	1	0.175875
5.816667	1	0.174125
5.833333	1	0.172500
5.850000	1	0.170250
5.866667	1	0.167500
5.883333	1	0.164375
5.900000	1	0.161500
5.916667	1	0.158500
5.933333	1	0.155125
5.950000	1	0.151625
5.966667	1	0.147000
5.983333	1	0.142875
6.000000	1	0.138875
6.016667	1	0.134750
6.033333	1	0.129250
6.050000	1	0.124125
6.066667	1	0.118875
6.083333	1	0.114125
6.100000	1	0.109125
6.116667	1	0.104250
6.133333	1	0.099250
6.150000	1	0.094375
6.166667	1	0.089750
6.183333	1	0.084375
6.200000	1	0.079375
6.216667	1	0.074875
6.233333	1	0.070250
6.250000	1	0.065625
6.266667	1	0.061625
6.283333	1	0.057750
6.300000	1	0.053125
6.316667	1	0.048750
6.333333	1	0.045250
6.350000	1	0.041625
6.366667	1	0.038125
6.383333	1	0.034750
6.400000	1	0.031250
6.416667	1	0.028500
6.433333	1	0.025625
6.450000	1	0.023125
6.466667	1	0.020000
6.483333	1	0.017625
6.500000	1	0.016125
6.516667	1	0.014875
6.533333	1	0.013125
6.550000	1	0.011500
6.566667	1	0.010500
6.583333	1	0.008875
6.600000	1	0.007875
6.616667	1	0.007000
6.633333	1	0.006500
6.650000	1	0.005375
6.666667	1	0.004500
6.683333	1	0.003625
6.700000	1	0.003250
6.716667	1	0.003125
6.733333	1	0.003000
6.750000	1	0.002375
6.766667	1	0.001500
6.783333	1	0.001500
6.800000	1	0.000750
6.816667	1	0.000375
6.833333	1	-0.000125
6.850000	1	-0.000750
6.866667	1	-0.001875
6.883333	1	-0.002750
6.900000	1	-0.003500
6.916667	1	-0.003500
6.933333	1	-0.003875
6.950000	1	-0.004125
6.966667	1	-0.004500
6.983333	1	-0.004750
7.000000	1	-0.005125
7.016667	1	-0.005375
7.033333	1	-0.004625
7.050000	1	-0.003500
7.066667	1	-0.002250
7.083333	1	-0.001500
7.100000	1	-0.000625
7.116667	1	0.000375
7.133333	1	0.001875
7.150000	1	0.004500
7.166667	1	0.007500
7.183333	1	0.010000
7.200000	1	0.013000
7.216667	1	0.016000
7.233333	1	0.019250
7.250000	1	0.023125
7.266667	1	0.026250
7.283333	1	0.030000
7.300000	1	0.033750
7.316667	1	0.038125
7.333333	1	0.041875
7.350000	1	0.045625
7.366667	1	0.048750
7.383333	1	0.053125
7.400000	1	0.057250
7.416667	1	0.060375
7.433333	1	0.063625
7.450000	1	0.066750
7.466667	1	0.069750
7.483333	1	0.072625
7.500000	1	0.075375
7.516667	1	0.078250
7.533333	1	0.080375
7.550000	1	0.082500
7.566667	1	0.084625
7.583333	1	0.086000
7.600000	1	0.087250
7.616667	1	0.088250
7.633333	1	0.088750
7.650000	1	0.089250
7.666667	1	0.089000
7.683333	1	0.089000
7.700000	1	0.088625
7.716667	1	0.087375
7.733333	1	0.086375
7.750000	1	0.085125
7.766667	1	0.083750
7.783333	1	0.082125
7.800000	1	0.080375
7.816667	1	0.078125
7.833333	1	0.075750
7.850000	1	0.073250
7.866667	1	0.070875
7.883333	1	0.068250
7.900000	1	0.065375
7.916667	1	0.061500
7.933333	1	0.057875
7.950000	1	0.054625
7.966667	1	0.051375
7.983333	1	0.047250
8.000000	1	0.043125
8.016667	1	0.039250
8.033333	1	0.036250
8.050000	1	0.031875
8.066667	1	0.027625
8.083333	1	0.023750
8.100000	1	0.019375
8.116667	1	0.015125
8.133333	1	0.010750
8.150000	1	0.007000
8.166667	1	0.002375
8.183333	1	-0.002125
8.200000	1	-0.006625
8.216667	1	-0.011125
8.233333	1	-0.015375
8.250000	1	-0.018875
8.266667	1	-0.023500
8.283333	1	-0.028250
8.300000	1	-0.032625
8.316667	1	-0.036625
8.333333	1	-0.041125
8.350000	1	-0.046000
8.366667	1	-0.050250
8.383333	1	-0.053500
8.400000	1	-0.057875
8.416667	1	-0.061250
8.433333	1	-0.065500
8.450000	1	-0.068875
8.466667	1	-0.072625
8.483333	1	-0.076250
8.500000	1	-0.078750
8.516667	1	-0.081375
8.533333	1	-0.084875
8.550000	1	-0.087875
8.566667	1	-0.090000
8.583333	1	-0.092375
8.600000	1	-0.094875
8.616667	1	-0.097000
8.633333	1	-0.099250
8.650000	1	-0.101750
8.666667	1	-0.103375
8.683333	1	-0.105000
8.700000	1	-0.106375
8.716667	1	-0.108000
8.733333	1	-0.109750
8.750000	1	-0.111375
8.766667	1	-0.113125
8.783333	1	-0.114625
8.800000	1	-0.116625
8.816667	1	-0.118375
8.833333	1	-0.119500
8.850000	1	-0.120625
8.866667	1	-0.121625
8.883333	1	-0.123000
8.900000	1	-0.124125
8.916667	1	-0.125000
8.933333	1	-0.126125
8.950000	1	-0.126750
8.966667	1	-0.127875
8.983333	1	-0.128500
9.000000	1	-0.129625
9.016667	1	-0.130000
9.033333	1	-0.130875
9.050000	1	-0.131250
9.066667	1	-0.132750
9.083333	1	-0.133875
9.100000	1	-0.134625
9.116667	1	-0.135000
9.133333	1	-0.135375
9.150000	1	-0.135875
9.166667	1	-0.135875
9.183333	1	-0.136625
9.200000	1	-0.137250
9.216667	1	-0.137250
9.233333	1	-0.138000
9.250000	1	-0.138250
9.266667	1	-0.139125
9.283333	1	-0.139875
9.300000	1	-0.139750
9.316667	1	-0.139375
9.333333	1	-0.138875
9.350000	1	-0.139375
9.366667	1	-0.139625
9.383333	1	-0.139875
9.400000	1	-0.140000
9.416667	1	-0.139625
9.433333	1	-0.140250
9.450000	1	-0.140875
9.466667	1	-0.140750
9.483333	1	-0.140625
9.500000	1	-0.140500
9.516667	1	-0.140375
9.533333	1	-0.140500
9.550000	1	-0.140500
9.566667	1	-0.141250
9.583333	1	-0.140500
9.600000	1	-0.140375
9.616667	1	-0.140750
9.633333	1	-0.140500
9.650000	1	-0.140500
9.666667	1	-0.140375
9.683333	1	-0.139500
9.700000	1	-0.139000
9.716667	1	-0.138750
9.733333	1	-0.138500
9.750000	1	-0.137500
9.766667	1	-0.137375
9.783333	1	-0.135875
9.800000	1	-0.134875
9.816667	1	-0.133625
9.833333	1	-0.132750
9.850000	1	-0.131625
9.866667	1	-0.131000
9.883333	1	-0.130000
9.900000	1	-0.128875
9.916667	1	-0.127125
9.933333	1	-0.126250
9.950000	1	-0.124625
9.966667	1	-0.123250
9.983333	1	-0.121625
10.000000	1	-0.120125
10.016667	1	-0.118125
10.033333	1	-0.114875
10.050000	1	-0.111750
10.066667	1	-0.108125
10.083333	1	-0.104375
10.100000	1	-0.099750
10.116667	1	-0.094125
10.133333	1	-0.087500
10.150000	1	-0.079750
10.166667	1	-0.072125
10.183333	1	-0.063750
10.200000	1	-0.053750
10.216667	1	-0.043000
10.233333	1	-0.030250
10.250000	1	-0.015750
10.266667	1	0.001000
10.283333	1	0.019250
10.300000	1	0.040750
10.316667	1	0.065000
10.333333	1	0.091125
10.350000	1	0.120000
10.366667	1	0.150500
10.383333	1	0.181250
10.400000	1	0.209125
10.416667	1	0.230375
10.433333	1	0.238375
10.450000	1	0.226250
10.466667	1	0.190000
10.483333	1	0.133500
10.500000	1	0.073625
10.516667	1	0.043500
10.533333	1	0.098500
10.550000	1	0.311000
10.566667	1	0.763000
10.583333	1	1.538375
10.600000	1	2.713375
10.616667	1	4.348750
10.633333	1	6.484625
10.650000	1	9.139500
10.666667	1	12.320375
10.683333	1	16.010500
10.700000	1	20.172500
10.716667	1	24.737625
10.733333	1	29.600875
10.750000	1	34.600500
10.766667	1	39.508000
10.783333	1	44.020750
10.800000	1	47.771500
10.816667	1	50.363875
10.833333	1	51.462000
10.850000	1	50.888750
10.866667	1	48.688500
10.883333	1	45.129000
10.900000	1	40.635125
10.916667	1	35.678625
10.933333	1	30.679000
10.950000	1	25.945750
10.966667	1	21.667750
10.983333	1	17.936000
11.000000	1	14.768750
11.016667	1	12.138750
11.033333	1	9.993250
11.050000	1	8.267000
11.066667	1	6.890625
11.083333	1	5.799875
11.100000	1	4.937625
11.116667	1	4.254375
11.133333	1	3.710875
11.150000	1	3.275625
11.166667	1	2.923375
11.183333	1	2.635500
11.200000	1	2.397250
11.216667	1	2.198125
11.233333	1	2.029125
11.250000	1	1.883625
11.266667	1	1.758500
11.283333	1	1.650000
11.300000	1	1.555125
11.316667	1	1.471375
11.333333	1	1.397125
11.350000	1	1.332125
11.366667	1	1.274000
11.383333	1	1.222375
11.400000	1	1.176875
11.416667	1	1.136000
11.433333	1	1.100125
11.450000	1	1.068625
11.466667	1	1.040375
11.483333	1	1.015375
11.500000	1	0.992125
11.516667	1	0.971250
11.533333	1	0.952375
11.550000	1	0.935125
11.566667	1	0.919375
11.583333	1	0.906000
11.600000	1	0.894000
11.616667	1	0.883000
11.633333	1	0.872875
11.650000	1	0.864000
11.666667	1	0.856750
11.683333	1	0.850875
11.700000	1	0.845375
11.716667	1	0.841750
11.733333	1	0.839000
11.750000	1	0.837250
11.766667	1	0.836250
11.783333	1	0.835875
11.800000	1	0.837250
11.816667	1	0.838375
11.833333	1	0.840250
11.850000	1	0.842750
11.866667	1	0.845125
11.883333	1	0.847875
11.900000	1	0.851500
11.916667	1	0.855250
11.933333	1	0.859000
11.950000	1	0.862750
11.966667	1	0.867500
11.983333	1	0.872000
12.000000	1	0.877750
12.016667	1	0.882875
12.033333	1	0.888875
12.050000	1	0.894875
12.066667	1	0.901750
12.083333	1	0.907750
12.100000	1	0.914250
12.116667	1	0.920000
12.133333	1	0.926750
12.150000	1	0.932125
12.166667	1	0.938250
12.183333	1	0.944000
12.200000	1	0.950125
12.216667	1	0.956500
12.233333	1	0.964375
12.250000	1	0.972875
12.266667	1	0.982625
12.283333	1	0.993375
12.300000	1	1.006375
12.316667	1	1.021625
12.333333	1	1.039750
12.350000	1	1.063500
12.366667	1	1.092875
12.383333	1	1.131500
12.400000	1	1.183750
12.416667	1	1.254625
12.433333	1	1.349375
12.450000	1	1.474125
12.466667	1	1.638375
12.483333	1	1.847375
12.500000	1	2.106625
12.516667	1	2.419250
12.533333	1	2.784125
12.550000	1	3.196125
12.566667	1	3.646750
12.583333	1	4.122625
12.600000	1	4.608625
12.616667	1	5.085250
12.633333	1	5.533625
12.650000	1	5.937000
12.666667	1	6.280125
12.683333	1	6.551375
12.700000	1	6.743500
12.716667	1	6.853250
12.733333	1	6.881750
12.750000	1	6.837250
12.766667	1	6.729000
12.783333	1	6.567000
12.800000	1	6.363250
12.816667	1	6.130250
12.833333	1	5.876750
12.850000	1	5.612000
12.866667	1	5.342750
12.883333	1	5.072875
12.900000	1	4.808250
12.916667	1	4.551250
12.933333	1	4.304625
12.950000	1	4.071875
12.966667	1	3.854625
12.983333	1	3.654750
13.000000	1	3.472250
13.016667	1	3.308125
13.033333	1	3.159375
13.050000	1	3.027000
13.066667	1	2.907375
13.083333	1	2.800500
13.100000	1	2.703750
13.116667	1	2.616875
13.133333	1	2.537250
13.150000	1	2.464625
13.166667	1	2.397125
13.183333	1	2.334875
13.200000	1	2.277000
13.216667	1	2.222750
13.233333	1	2.171000
13.250000	1	2.121375
13.266667	1	2.074250
13.283333	1	2.028500
13.300000	1	1.984875
13.316667	1	1.943375
13.333333	1	1.903375
13.350000	1	1.865375
13.366667	1	1.829500
13.383333	1	1.795125
13.400000	1	1.764375
13.416667	1	1.735500
13.433333	1	1.709250
13.450000	1	1.685875
13.466667	1	1.665000
13.483333	1	1.647000
13.500000	1	1.631250
13.516667	1	1.617375
13.533333	1	1.605875
13.550000	1	1.595750
13.566667	1	1.586625
13.583333	1	1.577375
13.600000	1	1.568125
13.616667	1	1.558125
13.633333	1	1.547750
13.650000	1	1.534625
13.666667	1	1.519125
13.683333	1	1.502375
13.700000	1	1.484125
13.716667	1	1.464125
13.733333	1	1.443000
13.750000	1	1.421375
13.766667	1	1.399500
13.783333	1	1.378375
13.800000	1	1.357500
13.816667	1	1.336625
13.833333	1	1.317250
13.850000	1	1.298375
13.866667	1	1.280125
13.883333	1	1.262625
13.900000	1	1.246000
13.916667	1	1.229875
13.933333	1	1.214375
13.950000	1	1.199500
13.966667	1	1.186000
13.983333	1	1.172750
14.000000	1	1.160250
14.016667	1	1.147375
14.033333	1	1.135375
14.050000	1	1.123500
14.066667	1	1.112125
14.083333	1	1.101250
14.100000	1	1.090750
14.116667	1	1.080750
14.133333	1	1.070875
14.150000	1	1.060875
14.166667	1	1.052125
14.183333	1	1.043750
14.200000	1	1.035625
14.216667	1	1.029125
14.233333	1	1.023125
14.250000	1	1.018750
14.266667	1	1.015625
14.283333	1	1.014125
14.300000	1	1.014125
14.316667	1	1.015750
14.333333	1	1.019750
14.350000	1	1.025875
14.366667	1	1.034000
14.383333	1	1.044875
14.400000	1	1.059375
14.416667	1	1.080125
14.433333	1	1.109000
14.450000	1	1.150625
14.466667	1	1.212875
14.483333	1	1.306125
14.500000	1	1.445125
14.516667	1	1.651375
14.533333	1	1.952250
14.550000	1	2.385000
14.566667	1	2.993625
14.583333	1	3.828375
14.600000	1	4.947500
14.616667	1	6.411500
14.633333	1	8.281000
14.650000	1	10.607500
14.666667	1	13.424625
14.683333	1	16.740875
14.700000	1	20.527750
14.716667	1	24.717875
14.733333	1	29.208750
14.750000	1	33.858125
14.766667	1	38.492250
14.783333	1	42.912250
14.800000	1	46.921375
14.816667	1	50.332500
14.833333	1	52.985875
14.850000	1	54.758750
14.866667	1	55.580875
14.883333	1	55.439625
14.900000	1	54.376125
14.916667	1	52.483625
14.933333	1	49.893625
14.950000	1	46.759750
14.966667	1	43.248875
14.983333	1	39.522625
15.000000	1	35.725125
15.016667	1	31.976125
15.033333	1	28.373125
15.050000	1	24.989375
15.066667	1	21.870750
15.083333	1	19.044125
15.100000	1	16.516875
15.116667	1	14.281250
15.133333	1	12.321750
15.150000	1	10.618375
15.166667	1	9.145500
15.183333	1	7.879750
15.200000	1	6.796875
15.216667	1	5.874750
15.233333	1	5.092125
15.250000	1	4.431250
15.266667	1	3.878000
15.283333	1	3.417500
15.300000	1	3.036750
15.316667	1	2.727375
15.333333	1	2.478500
15.350000	1	2.281000
15.366667	1	2.127750
15.383333	1	2.010500
15.400000	1	1.922875
15.416667	1	1.858000
15.433333	1	1.810875
15.450000	1	1.775250
15.466667	1	1.746375
15.483333	1	1.720500
15.500000	1	1.695125
15.516667	1	1.667750
15.533333	1	1.636875
15.550000	1	1.601250
15.566667	1	1.562750
15.583333	1	1.521375
15.600000	1	1.478250
15.616667	1	1.434250
15.633333	1	1.390625
15.650000	1	1.347250
15.666667	1	1.306250
15.683333	1	1.267375
15.700000	1	1.231000
15.716667	1	1.197750
15.733333	1	1.167125
15.750000	1	1.139375
15.766667	1	1.113750
15.783333	1	1.091750
15.800000	1	1.071125
15.816667	1	1.052250
15.833333	1	1.035250
15.850000	1	1.020000
15.866667	1	1.006375
15.883333	1	0.994625
15.900000	1	0.984125
15.916667	1	0.976000
15.933333	1	0.969000
15.950000	1	0.963750
15.966667	1	0.959500
15.983333	1	0.957000
16.000000	1	0.955875
16.016667	1	0.954500
16.033333	1	0.954000
16.050000	1	0.954250
16.066667	1	0.954250
16.083333	1	0.954750
16.100000	1	0.955500
16.116667	1	0.955625
16.133333	1	0.955375
16.150000	1	0.954375
16.166667	1	0.952750
16.183333	1	0.951250
16.200000	1	0.947875
16.216667	1	0.943875
16.233333	1	0.939250
16.250000	1	0.932750
16.266667	1	0.926375
16.283333	1	0.919250
16.300000	1	0.911000
16.316667	1	0.903125
16.333333	1	0.895750
16.350000	1	0.888125
16.366667	1	0.881500
16.383333	1	0.875250
16.400000	1	0.870750
16.416667	1	0.867375
16.433333	1	0.864750
16.450000	1	0.863125
16.466667	1	0.862375
16.483333	1	0.862625
16.500000	1	0.863750
16.516667	1	0.865000
16.533333	1	0.866000
16.550000	1	0.867625
16.566667	1	0.867875
16.583333	1	0.867375
16.600000	1	0.867125
16.616667	1	0.866750
16.633333	1	0.865875
16.650000	1	0.865625
16.666667	1	0.865250
16.683333	1	0.865750
16.700000	1	0.867625
16.716667	1	0.870375
16.733333	1	0.875125
16.750000	1	0.881500
16.766667	1	0.889375
16.783333	1	0.897875
16.800000	1	0.907750
16.816667	1	0.917250
16.833333	1	0.926875
16.850000	1	0.935625
16.866667	1	0.943250
16.883333	1	0.949250
16.900000	1	0.953500
16.916667	1	0.955500
16.933333	1	0.955875
16.950000	1	0.953000
16.966667	1	0.949250
16.983333	1	0.943500
17.000000	1	0.936000
17.016667	1	0.928000
17.033333	1	0.918875
17.050000	1	0.909000
17.066667	1	0.899000
17.083333	1	0.889000
17.100000	1	0.879375
17.116667	1	0.870250
17.133333	1	0.862000
17.150000	1	0.854500
17.166667	1	0.847375
17.183333	1	0.841500
17.200000	1	0.836625
17.216667	1	0.832875
17.233333	1	0.829375
17.250000	1	0.826625
17.266667	1	0.825250
17.283333	1	0.825125
17.300000	1	0.826250
17.316667	1	0.828000
17.333333	1	0.830500
17.350000	1	0.833625
17.366667	1	0.837125
17.383333	1	0.840875
17.400000	1	0.845125
17.416667	1	0.848625
17.433333	1	0.851500
17.450000	1	0.853625
17.466667	1	0.855750
17.483333	1	0.855500
17.500000	1	0.854875
17.516667	1	0.852875
17.533333	1	0.849500
17.550000	1	0.845125
17.566667	1	0.839500
17.583333	1	0.832625
17.600000	1	0.825250
17.616667	1	0.816625
17.633333	1	0.807375
17.650000	1	0.797625
17.666667	1	0.787625
17.683333	1	0.777000
17.700000	1	0.766250
17.716667	1	0.755250
17.733333	1	0.744875
17.750000	1	0.734625
17.766667	1	0.724750
17.783333	1	0.714875
17.800000	1	0.706000
17.816667	1	0.697625
17.833333	1	0.690000
17.850000	1	0.682000
17.866667	1	0.674125
17.883333	1	0.667500
17.900000	1	0.660500
17.916667	1	0.654125
17.933333	1	0.648500
17.950000	1	0.641750
17.966667	1	0.634750
17.983333	1	0.628000
18.000000	1	0.621500
18.016667	1	0.614625
18.033333	1	0.608000
18.050000	1	0.601500
18.066667	1	0.595250
18.083333	1	0.589625
18.100000	1	0.584125
18.116667	1	0.579125
18.133333	1	0.574750
18.150000	1	0.571250
18.166667	1	0.567875
18.183333	1	0.565375
18.200000	1	0.563750
18.216667	1	0.562125
18.233333	1	0.560750
18.250000	1	0.559125
18.266667	1	0.558000
18.283333	1	0.557250
18.300000	1	0.556125
18.316667	1	0.554625
18.333333	1	0.553000
18.350000	1	0.552000
18.366667	1	0.551250
18.383333	1	0.550250
18.400000	1	0.549375
18.416667	1	0.549625
18.433333	1	0.550125
18.450000	1	0.551250
18.466667	1	0.552750
18.483333	1	0.555250
18.500000	1	0.559000
18.516667	1	0.563250
18.533333	1	0.568125
18.550000	1	0.573625
18.566667	1	0.579375
18.583333	1	0.585625
18.600000	1	0.591625
18.616667	1	0.598750
18.633333	1	0.605125
18.650000	1	0.611625
18.666667	1	0.617125
18.683333	1	0.622875
18.700000	1	0.627625
18.716667	1	0.632250
18.733333	1	0.636375
18.750000	1	0.640000
18.766667	1	0.643000
18.783333	1	0.644500
18.800000	1	0.645125
18.816667	1	0.645375
18.833333	1	0.643875
18.850000	1	0.640625
18.866667	1	0.637250
18.883333	1	0.632000
18.900000	1	0.626000
18.916667	1	0.619125
18.933333	1	0.611500
18.950000	1	0.601625
18.966667	1	0.592250
18.983333	1	0.581250
19.000000	1	0.569875
19.016667	1	0.558375
19.033333	1	0.547375
19.050000	1	0.537250
19.066667	1	0.528250
19.083333	1	0.520000
19.100000	1	0.514375
19.116667	1	0.512125
19.133333	1	0.513500
19.150000	1	0.519625
19.166667	1	0.532375
19.183333	1	0.552625
19.200000	1	0.581375
19.216667	1	0.619625
19.233333	1	0.669750
19.250000	1	0.732375
19.266667	1	0.808375
19.283333	1	0.897500
19.300000	1	1.000500
19.316667	1	1.117125
19.333333	1	1.246375
19.350000	1	1.386375
19.366667	1	1.535250
19.383333	1	1.688750
19.400000	1	1.843375
19.416667	1	1.995375
19.433333	1	2.139875
19.450000	1	2.273000
19.466667	1	2.390375
19.483333	1	2.488875
19.500000	1	2.565250
19.516667	1	2.618250
19.533333	1	2.646625
19.550000	1	2.650000
19.566667	1	2.629000
19.583333	1	2.585500
19.600000	1	2.522125
19.616667	1	2.441000
19.633333	1	2.345625
19.650000	1	2.238875
19.666667	1	2.123375
19.683333	1	2.003875
19.700000	1	1.882625
19.716667	1	1.762375
19.733333	1	1.645125
19.750000	1	1.531625
19.766667	1	1.424625
19.783333	1	1.323750
19.800000	1	1.229750
19.816667	1	1.142500
19.833333	1	1.063750
19.850000	1	0.993125
19.866667	1	0.931625
19.883333	1	0.878375
19.900000	1	0.835750
19.916667	1	0.803125
19.933333	1	0.781875
19.950000	1	0.773250
19.966667	1	0.778500
19.983333	1	0.799250
20.000000	1	0.837000
20.016667	1	0.893875
20.033333	1	0.971500
20.050000	1	1.071500
20.066667	1	1.193000
20.083333	1	1.339000
20.100000	1	1.506750
20.116667	1	1.695125
20.133333	1	1.903250
20.150000	1	2.126500
20.166667	1	2.360125
20.183333	1	2.599625
20.200000	1	2.838875
20.216667	1	3.069000
20.233333	1	3.283500
20.250000	1	3.477375
20.266667	1	3.642250
20.283333	1	3.772750
20.300000	1	3.865875
20.316667	1	3.918125
20.333333	1	3.929250
20.350000	1	3.898625
20.366667	1	3.828625
20.383333	1	3.723375
20.400000	1	3.587375
20.416667	1	3.425250
20.433333	1	3.243625
20.450000	1	3.048375
20.466667	1	2.846500
20.483333	1	2.643000
20.500000	1	2.443125
20.516667	1	2.250500
20.533333	1	2.069125
20.550000	1	1.902250
20.566667	1	1.751125
20.583333	1	1.618500
20.600000	1	1.504625
20.616667	1	1.410500
20.633333	1	1.336500
20.650000	1	1.282000
20.666667	1	1.246375
20.683333	1	1.227750
20.700000	1	1.225125
20.716667	1	1.236125
20.733333	1	1.259625
20.750000	1	1.292250
20.766667	1	1.331000
20.783333	1	1.373625
20.800000	1	1.416875
20.816667	1	1.458500
20.833333	1	1.494500
20.850000	1	1.524250
20.866667	1	1.544750
20.883333	1	1.554500
20.900000	1	1.552500
20.916667	1	1.538750
20.933333	1	1.513625
20.950000	1	1.476875
20.966667	1	1.431375
20.983333	1	1.376375
21.000000	1	1.315250
21.016667	1	1.249000
21.033333	1	1.179625
21.050000	1	1.108625
21.066667	1	1.037750
21.083333	1	0.968875
21.100000	1	0.902125
21.116667	1	0.838250
21.133333	1	0.778500
21.150000	1	0.722375
21.166667	1	0.670875
21.183333	1	0.623625
21.200000	1	0.580875
21.216667	1	0.542375
21.233333	1	0.508250
21.250000	1	0.477375
21.266667	1	0.450000
21.283333	1	0.427000
21.300000	1	0.405000
21.316667	1	0.386125
21.333333	1	0.369000
21.350000	1	0.354500
21.366667	1	0.341625
21.383333	1	0.330375
21.400000	1	0.320625
21.416667	1	0.312125
21.433333	1	0.305125
21.450000	1	0.299000
21.466667	1	0.293625
21.483333	1	0.289375
21.500000	1	0.286625
21.516667	1	0.286000
21.533333	1	0.286750
21.550000	1	0.288875
21.566667	1	0.293750
21.583333	1	0.301125
21.600000	1	0.311250
21.616667	1	0.323875
21.633333	1	0.339875
21.650000	1	0.359250
21.666667	1	0.382875
21.683333	1	0.410500
21.700000	1	0.442250
21.716667	1	0.477625
21.733333	1	0.516000
21.750000	1	0.558375
21.766667	1	0.603875
21.783333	1	0.652000
21.800000	1	0.700500
21.816667	1	0.749375
21.833333	1	0.798125
21.850000	1	0.845875
21.866667	1	0.891625
21.883333	1	0.934125
21.900000	1	0.971875
21.916667	1	1.004875
21.933333	1	1.032000
21.950000	1	1.054375
21.966667	1	1.069375
21.983333	1	1.077875
22.000000	1	1.079750
22.016667	1	1.075750
22.033333	1	1.065000
22.050000	1	1.049625
22.066667	1	1.029750
22.083333	1	1.006000
22.100000	1	0.978875
22.116667	1	0.949000
22.133333	1	0.916750
22.150000	1	0.883875
22.166667	1	0.849750
22.183333	1	0.815125
22.200000	1	0.780750
22.216667	1	0.746125
22.233333	1	0.712000
22.250000	1	0.678750
22.266667	1	0.646750
22.283333	1	0.615125
22.300000	1	0.584625
22.316667	1	0.555125
22.333333	1	0.528000
22.350000	1	0.501500
22.366667	1	0.476375
22.383333	1	0.452000
22.400000	1	0.429250
22.416667	1	0.407875
22.433333	1	0.388000
22.450000	1	0.369125
22.466667	1	0.351875
22.483333	1	0.336250
22.500000	1	0.321750
22.516667	1	0.308250
22.533333	1	0.295750
22.550000	1	0.283750
22.566667	1	0.272750
22.583333	1	0.262250
22.600000	1	0.252875
22.616667	1	0.243875
22.633333	1	0.235250
22.650000	1	0.227375
22.666667	1	0.220000
22.683333	1	0.213250
22.700000	1	0.205875
22.716667	1	0.199875
22.733333	1	0.193375
22.750000	1	0.187625
22.766667	1	0.182000
22.783333	1	0.176875
22.800000	1	0.171000
22.816667	1	0.165875
22.833333	1	0.161000
22.850000	1	0.157875
22.866667	1	0.154000
22.883333	1	0.150500
22.900000	1	0.148250
22.916667	1	0.145750
22.933333	1	0.143625
22.950000	1	0.141750
22.966667	1	0.141500
22.983333	1	0.141125
23.000000	1	0.141500
23.016667	1	0.142750
23.033333	1	0.144500
23.050000	1	0.146625
23.066667	1	0.149750
23.083333	1	0.152125
23.100000	1	0.155625
23.116667	1	0.159125
23.133333	1	0.162875
23.150000	1	0.166375
23.166667	1	0.170125
23.183333	1	0.174000
23.200000	1	0.178375
23.216667	1	0.182500
23.233333	1	0.187250
23.250000	1	0.193250
23.266667	1	0.199750
23.283333	1	0.207500
23.300000	1	0.216625
23.316667	1	0.228000
23.333333	1	0.242000
23.350000	1	0.260250
23.366667	1	0.282625
23.383333	1	0.311250
23.400000	1	0.347625
23.416667	1	0.392500
23.433333	1	0.449125
23.450000	1	0.517250
23.466667	1	0.600250
23.483333	1	0.700500
23.500000	1	0.819000
23.516667	1	0.957500
23.533333	1	1.118625
23.550000	1	1.302875
23.566667	1	1.510375
23.583333	1	1.742000
23.600000	1	1.996125
23.616667	1	2.270625
23.633333	1	2.563375
23.650000	1	2.870000
23.666667	1	3.186875
23.683333	1	3.508250
23.700000	1	3.829000
23.716667	1	4.142375
23.733333	1	4.441125
23.750000	1	4.719500
23.766667	1	4.970250
23.783333	1	5.188750
23.800000	1	5.369625
23.816667	1	5.508875
23.833333	1	5.603750
23.850000	1	5.652375
23.866667	1	5.655750
23.883333	1	5.615000
23.900000	1	5.532125
23.916667	1	5.408875
23.933333	1	5.250375
23.950000	1	5.060875
23.966667	1	4.846625
23.983333	1	4.611875
24.000000	1	4.362125
24.016667	1	4.103750
24.033333	1	3.840875
24.050000	1	3.577750
24.066667	1	3.318250
24.083333	1	3.064625
24.100000	1	2.820125
24.116667	1	2.586500
24.133333	1	2.365375
24.150000	1	2.157875
24.166667	1	1.963875
24.183333	1	1.784750
24.200000	1	1.619750
24.216667	1	1.468875
24.233333	1	1.331500
24.250000	1	1.207125
24.266667	1	1.094875
24.283333	1	0.994000
24.300000	1	0.903250
24.316667	1	0.822375
24.333333	1	0.750625
24.350000	1	0.687125
24.366667	1	0.631375
24.383333	1	0.582500
24.400000	1	0.539875
24.416667	1	0.502500
24.433333	1	0.471000
24.450000	1	0.443250
24.466667	1	0.419625
24.483333	1	0.399625
24.500000	1	0.382250
24.516667	1	0.368125
24.533333	1	0.355500
24.550000	1	0.344625
24.566667	1	0.335500
24.583333	1	0.327250
24.600000	1	0.320000
24.616667	1	0.312750
24.633333	1	0.305500
24.650000	1	0.299125
24.666667	1	0.292000
24.683333	1	0.285375
24.700000	1	0.278375
24.716667	1	0.271875
24.733333	1	0.264750
24.750000	1	0.258250
24.766667	1	0.251250
24.783333	1	0.244000
24.800000	1	0.236125
24.816667	1	0.229000
24.833333	1	0.222375
24.850000	1	0.216125
24.866667	1	0.209750
24.883333	1	0.203625
24.900000	1	0.197625
24.916667	1	0.192625
24.933333	1	0.187375
24.950000	1	0.182625
24.966667	1	0.178375
24.983333	1	0.174625
25.000000	1	0.171625
25.016667	1	0.169250
25.033333	1	0.166250
25.050000	1	0.164250
25.066667	1	0.163125
25.083333	1	0.161750
25.100000	1	0.160625
25.116667	1	0.160500
25.133333	1	0.160625
25.150000	1	0.160375
25.166667	1	0.160750
25.183333	1	0.160750
25.200000	1	0.161625
25.216667	1	0.162375
25.233333	1	0.164000
25.250000	1	0.165375
25.266667	1	0.167250
25.283333	1	0.168625
25.300000	1	0.170000
25.316667	1	0.172250
25.333333	1	0.174750
25.350000	1	0.176625
25.366667	1	0.178750
25.383333	1	0.180875
25.400000	1	0.183250
25.416667	1	0.186500
25.433333	1	0.188500
25.450000	1	0.191125
25.466667	1	0.194000
25.483333	1	0.196625
25.500000	1	0.198875
25.516667	1	0.201625
25.533333	1	0.203625
25.550000	1	0.205750
25.566667	1	0.207750
25.583333	1	0.209250
25.600000	1	0.210750
25.616667	1	0.212875
25.633333	1	0.214375
25.650000	1	0.214875
25.666667	1	0.216125
25.683333	1	0.216750
25.700000	1	0.217000
25.716667	1	0.216750
25.733333	1	0.216625
25.750000	1	0.214875
25.766667	1	0.214000
25.783333	1	0.212000
25.800000	1	0.210375
25.816667	1	0.209000
25.833333	1	0.207000
25.850000	1	0.204750
25.866667	1	0.203000
25.883333	1	0.200875
25.900000	1	0.199250
25.916667	1	0.197875
25.933333	1	0.196000
25.950000	1	0.194250
25.966667	1	0.192875
25.983333	1	0.192125
26.000000	1	0.191000
26.016667	1	0.190375
26.033333	1	0.189375
26.050000	1	0.189000
26.066667	1	0.189875
26.083333	1	0.190750
26.100000	1	0.191250
26.116667	1	0.192500
26.133333	1	0.193875
26.150000	1	0.195875
26.166667	1	0.196750
26.183333	1	0.199125
26.200000	1	0.201000
26.216667	1	0.202875
26.233333	1	0.205125
26.250000	1	0.207125
26.266667	1	0.208875
26.283333	1	0.210750
26.300000	1	0.212750
26.316667	1	0.214375
26.333333	1	0.215500
26.350000	1	0.215750
26.366667	1	0.217000
26.383333	1	0.217500
26.400000	1	0.216500
26.416667	1	0.215000
26.433333	1	0.213625
26.450000	1	0.211625
26.466667	1	0.209875
26.483333	1	0.207875
26.500000	1	0.204875
26.516667	1	0.201125
26.533333	1	0.197500
26.550000	1	0.193750
26.566667	1	0.189500
26.583333	1	0.185375
26.600000	1	0.180750
26.616667	1	0.176000
26.633333	1	0.172000
26.650000	1	0.167625
26.666667	1	0.163500
26.683333	1	0.159125
26.700000	1	0.154750
26.716667	1	0.150625
26.733333	1	0.146375
26.750000	1	0.142375
26.766667	1	0.139375
26.783333	1	0.136125
26.800000	1	0.133000
26.816667	1	0.130000
26.833333	1	0.128000
26.850000	1	0.127000
26.866667	1	0.125375
26.883333	1	0.124875
26.900000	1	0.124375
26.916667	1	0.124625
26.933333	1	0.125125
26.950000	1	0.125875
26.966667	1	0.126750
26.983333	1	0.128000
27.000000	1	0.129875
27.016667	1	0.132125
27.033333	1	0.135250
27.050000	1	0.138500
27.066667	1	0.142500
27.083333	1	0.146375
27.100000	1	0.150625
27.116667	1	0.156000
27.133333	1	0.161625
27.150000	1	0.167875
27.166667	1	0.175375
27.183333	1	0.184250
27.200000	1	0.194750
27.216667	1	0.206375
27.233333	1	0.219875
27.250000	1	0.236500
27.266667	1	0.255625
27.283333	1	0.278125
27.300000	1	0.305125
27.316667	1	0.336875
27.333333	1	0.373250
27.350000	1	0.416625
27.366667	1	0.466375
27.383333	1	0.525125
27.400000	1	0.593125
27.416667	1	0.670375
27.433333	1	0.759125
27.450000	1	0.861000
27.466667	1	0.975375
27.483333	1	1.103625
27.500000	1	1.245875
27.516667	1	1.403625
27.533333	1	1.576375
27.550000	1	1.763625
27.566667	1	1.965000
27.583333	1	2.180125
27.600000	1	2.407625
27.616667	1	2.646375
27.633333	1	2.893875
27.650000	1	3.148250
27.666667	1	3.407000
27.683333	1	3.667625
27.700000	1	3.925250
27.716667	1	4.177750
27.733333	1	4.419875
27.750000	1	4.648625
27.766667	1	4.860750
27.783333	1	5.052750
27.800000	1	5.220750
27.816667	1	5.362125
27.833333	1	5.474625
27.850000	1	5.556375
27.866667	1	5.605625
27.883333	1	5.621000
27.900000	1	5.603125
27.916667	1	5.552375
27.933333	1	5.470250
27.950000	1	5.358125
27.966667	1	5.219375
27.983333	1	5.056500
28.000000	1	4.873250
28.016667	1	4.671125
28.033333	1	4.455375
28.050000	1	4.228250
28.066667	1	3.994500
28.083333	1	3.756875
28.100000	1	3.518125
28.116667	1	3.282750
28.133333	1	3.051500
28.150000	1	2.827750
28.166667	1	2.611875
28.183333	1	2.405875
28.200000	1	2.210875
28.216667	1	2.027375
28.233333	1	1.855250
28.250000	1	1.694625
28.266667	1	1.545250
28.283333	1	1.406750
28.300000	1	1.280000
28.316667	1	1.163500
28.333333	1	1.057000
28.350000	1	0.960375
28.366667	1	0.872875
28.383333	1	0.793500
28.400000	1	0.722250
28.416667	1	0.657375
28.433333	1	0.598875
28.450000	1	0.547000
28.466667	1	0.500250
28.483333	1	0.458875
28.500000	1	0.422500
28.516667	1	0.390750
28.533333	1	0.362000
28.550000	1	0.337375
28.566667	1	0.316000
28.583333	1	0.297500
28.600000	1	0.282125
28.616667	1	0.269000
28.633333	1	0.258375
28.650000	1	0.249750
28.666667	1	0.243625
28.683333	1	0.238250
28.700000	1	0.234875
28.716667	1	0.233375
28.733333	1	0.232625
28.750000	1	0.233125
28.766667	1	0.233500
28.783333	1	0.234750
28.800000	1	0.237125
28.816667	1	0.240125
28.833333	1	0.243250
28.850000	1	0.245875
28.866667	1	0.249250
28.883333	1	0.252750
28.900000	1	0.255250
28.916667	1	0.258125
28.933333	1	0.261375
28.950000	1	0.264250
28.966667	1	0.266250
28.983333	1	0.268000
29.000000	1	0.268875
29.016667	1	0.269625
29.033333	1	0.268875
29.050000	1	0.267000
29.066667	1	0.264875
29.083333	1	0.262125
29.100000	1	0.258125
29.116667	1	0.252250
29.133333	1	0.245625
29.150000	1	0.236625
29.166667	1	0.225875
29.183333	1	0.214500
29.200000	1	0.201625
29.216667	1	0.186500
29.233333	1	0.170375
29.250000	1	0.151750
29.266667	1	0.132125
29.283333	1	0.109625
29.300000	1	0.086125
29.316667	1	0.059875
29.333333	1	0.032625
29.350000	1	0.003625
29.366667	1	-0.026125
29.383333	1	-0.058625
29.400000	1	-0.092000
29.416667	1	-0.126750
29.433333	1	-0.162375
29.450000	1	-0.199125
29.466667	1	-0.236000
29.483333	1	-0.273500
29.500000	1	-0.310750
29.516667	1	-0.346625
29.533333	1	-0.383375
29.550000	1	-0.417875
29.566667	1	-0.451250
29.583333	1	-0.483750
29.600000	1	-0.514125
29.616667	1	-0.541500
29.633333	1	-0.566500
29.650000	1	-0.588750
29.666667	1	-0.608375
29.683333	1	-0.624500
29.700000	1	-0.637875
29.716667	1	-0.647375
29.733333	1	-0.654125
29.750000	1	-0.657625
29.766667	1	-0.657500
29.783333	1	-0.654500
29.800000	1	-0.648375
29.816667	1	-0.639250
29.833333	1	-0.626750
29.850000	1	-0.612500
29.866667	1	-0.595250
29.883333	1	-0.576625
29.900000	1	-0.555750
29.916667	1	-0.533375
29.933333	1	-0.509875
29.950000	1	-0.485875
29.966667	1	-0.460875
29.983333	1	-0.435250
30.000000	1	-0.409875
30.016667	1	-0.384375
30.033333	1	-0.358000
30.050000	1	-0.332750
30.066667	1	-0.308000
30.083333	1	-0.284500
30.100000	1	-0.260875
30.116667	1	-0.238750
30.133333	1	-0.217125
30.150000	1	-0.197250
30.166667	1	-0.177625
30.183333	1	-0.158250
30.200000	1	-0.140875
30.216667	1	-0.124000
30.233333	1	-0.108375
30.250000	1	-0.093375
30.266667	1	-0.079875
30.283333	1	-0.066875
30.300000	1	-0.054500
30.316667	1	-0.043000
30.333333	1	-0.033000
30.350000	1	-0.022750
30.366667	1	-0.013750
30.383333	1	-0.005250
30.400000	1	0.003000
30.416667	1	0.011125
30.433333	1	0.018250
30.450000	1	0.025625
30.466667	1	0.032500
30.483333	1	0.039250
30.500000	1	0.045750
30.516667	1	0.052625
30.533333	1	0.059250
30.550000	1	0.065875
30.566667	1	0.072500
30.583333	1	0.079625
30.600000	1	0.086875
30.616667	1	0.094750
30.633333	1	0.102875
30.650000	1	0.111000
30.666667	1	0.119750
30.683333	1	0.127125
30.700000	1	0.136375
30.716667	1	0.145250
30.733333	1	0.154500
30.750000	1	0.164250
30.766667	1	0.174625
30.783333	1	0.185250
30.800000	1	0.195875
30.816667	1	0.208000
30.833333	1	0.220125
30.850000	1	0.232125
30.866667	1	0.245375
30.883333	1	0.259125
30.900000	1	0.272875
30.916667	1	0.287750
30.933333	1	0.303000
30.950000	1	0.320500
30.966667	1	0.338500
30.983333	1	0.357625
31.000000	1	0.378375
31.016667	1	0.401750
31.033333	1	0.426500
31.050000	1	0.454500
31.066667	1	0.484250
31.083333	1	0.517125
31.100000	1	0.552750
31.116667	1	0.592500
31.133333	1	0.637000
31.150000	1	0.685875
31.166667	1	0.739125
31.183333	1	0.797250
31.200000	1	0.860500
31.216667	1	0.929625
31.233333	1	1.003500
31.250000	1	1.082625
31.266667	1	1.166750
31.283333	1	1.256125
31.300000	1	1.350500
31.316667	1	1.447750
31.333333	1	1.548500
31.350000	1	1.651875
31.366667	1	1.758125
31.383333	1	1.864250
31.400000	1	1.970500
31.416667	1	2.075375
31.433333	1	2.177500
31.450000	1	2.276125
31.466667	1	2.369875
31.483333	1	2.457750
31.500000	1	2.537000
31.516667	1	2.608875
31.533333	1	2.670750
31.550000	1	2.723000
31.566667	1	2.763500
31.583333	1	2.793625
31.600000	1	2.812125
31.616667	1	2.820000
31.633333	1	2.815500
31.650000	1	2.799625
31.666667	1	2.773125
31.683333	1	2.736125
31.700000	1	2.689250
31.716667	1	2.633500
31.733333	1	2.569625
31.750000	1	2.498625
31.766667	1	2.421625
31.783333	1	2.340125
31.800000	1	2.253250
31.816667	1	2.162750
31.833333	1	2.070250
31.850000	1	1.976625
31.866667	1	1.882500
31.883333	1	1.787875
31.900000	1	1.694250
31.916667	1	1.601750
31.933333	1	1.512375
31.950000	1	1.424625
31.966667	1	1.339375
31.983333	1	1.257125
32.000000	1	1.179000
32.016667	1	1.103125
32.033333	1	1.031125
32.050000	1	0.961625
32.066667	1	0.896125
32.083333	1	0.834875
32.100000	1	0.776125
32.116667	1	0.721250
32.133333	1	0.668750
32.150000	1	0.619375
32.166667	1	0.573750
32.183333	1	0.529375
32.200000	1	0.488750
32.216667	1	0.450875
32.233333	1	0.415125
32.250000	1	0.380250
32.266667	1	0.348875
32.283333	1	0.319000
32.300000	1	0.291000
32.316667	1	0.265000
32.333333	1	0.240875
32.350000	1	0.218250
32.366667	1	0.197125
32.383333	1	0.177500
32.400000	1	0.158625
32.416667	1	0.141625
32.433333	1	0.125250
32.450000	1	0.109875
32.466667	1	0.095500
32.483333	1	0.082000
32.500000	1	0.070500
32.516667	1	0.059375
32.533333	1	0.049625
32.550000	1	0.041250
32.566667	1	0.033375
32.583333	1	0.025500
32.600000	1	0.018750
32.616667	1	0.012875
32.633333	1	0.006875
32.650000	1	0.001250
32.666667	1	-0.002250
32.683333	1	-0.006250
32.700000	1	-0.009250
32.716667	1	-0.012250
32.733333	1	-0.015000
32.750000	1	-0.016875
32.766667	1	-0.018250
32.783333	1	-0.019125
32.800000	1	-0.020250
32.816667	1	-0.021500
32.833333	1	-0.022250
32.850000	1	-0.021875
32.866667	1	-0.022375
32.883333	1	-0.022500
32.900000	1	-0.021875
32.916667	1	-0.021250
32.933333	1	-0.020375
32.950000	1	-0.019125
32.966667	1	-0.018500
32.983333	1	-0.017500
33.000000	1	-0.017375
33.016667	1	-0.016750
33.033333	1	-0.015500
33.050000	1	-0.014500
33.066667	1	-0.014375
33.083333	1	-0.013000
33.100000	1	-0.011875
33.116667	1	-0.011875
33.133333	1	-0.011000
33.150000	1	-0.010500
33.166667	1	-0.009500
33.183333	1	-0.008000
33.200000	1	-0.007500
33.216667	1	-0.006625
33.233333	1	-0.005750
33.250000	1	-0.004250
33.266667	1	-0.003625
33.283333	1	-0.002250
33.300000	1	-0.001000
33.316667	1	-0.000500
33.333333	1	0.000750
33.350000	1	0.002500
33.366667	1	0.004875
33.383333	1	0.006250
33.400000	1	0.007750
33.416667	1	0.009375
33.433333	1	0.011375
33.450000	1	0.012625
33.466667	1	0.014250
33.483333	1	0.016250
33.500000	1	0.017875
33.516667	1	0.019375
33.533333	1	0.021750
33.550000	1	0.023000
33.566667	1	0.024750
33.583333	1	0.026750
33.600000	1	0.028875
33.616667	1	0.030125
33.633333	1	0.031750
33.650000	1	0.033875
33.666667	1	0.035500
33.683333	1	0.036750
33.700000	1	0.037625
33.716667	1	0.039375
33.733333	1	0.040875
33.750000	1	0.042125
33.766667	1	0.043500
33.783333	1	0.044750
33.800000	1	0.045125
33.816667	1	0.046125
33.833333	1	0.046875
33.850000	1	0.047625
33.866667	1	0.048250
33.883333	1	0.049125
33.900000	1	0.050000
33.916667	1	0.050250
33.933333	1	0.050875
33.950000	1	0.050875
33.966667	1	0.051500
33.983333	1	0.051875
34.000000	1	0.052125
34.016667	1	0.051875
34.033333	1	0.051625
34.050000	1	0.051000
34.066667	1	0.050625
34.083333	1	0.049875
34.100000	1	0.048875
34.116667	1	0.047500
34.133333	1	0.046875
34.150000	1	0.046375
34.166667	1	0.044625
34.183333	1	0.042875
34.200000	1	0.041375
34.216667	1	0.039375
34.233333	1	0.038000
34.250000	1	0.036250
34.266667	1	0.034000
34.283333	1	0.031500
34.300000	1	0.030375
34.316667	1	0.029500
34.333333	1	0.028250
34.350000	1	0.027125
34.366667	1	0.026375
34.383333	1	0.025750
34.400000	1	0.024375
34.416667	1	0.023500
34.433333	1	0.023000
34.450000	1	0.022625
34.466667	1	0.023125
34.483333	1	0.023625
34.500000	1	0.024250
34.516667	1	0.025625
34.533333	1	0.026125
34.550000	1	0.028250
34.566667	1	0.030875
34.583333	1	0.033125
34.600000	1	0.035500
34.616667	1	0.037750
34.633333	1	0.040250
34.650000	1	0.043250
34.666667	1	0.046375
34.683333	1	0.049125
34.700000	1	0.052125
34.716667	1	0.055000
34.733333	1	0.059250
34.750000	1	0.063000
34.766667	1	0.066375
34.783333	1	0.069375
34.800000	1	0.071750
34.816667	1	0.074750
34.833333	1	0.078000
34.850000	1	0.081500
34.866667	1	0.085500
34.883333	1	0.088250
34.900000	1	0.091000
34.916667	1	0.093500
34.933333	1	0.096000
34.950000	1	0.098250
34.966667	1	0.100500
34.983333	1	0.102375
35.000000	1	0.103875
35.016667	1	0.105375
35.033333	1	0.107375
35.050000	1	0.108500
35.066667	1	0.108375
35.083333	1	0.109500
35.100000	1	0.109625
35.116667	1	0.110375
35.133333	1	0.110750
35.150000	1	0.111125
35.166667	1	0.111375
35.183333	1	0.112000
35.200000	1	0.111500
35.216667	1	0.111500
35.233333	1	0.111500
35.250000	1	0.111625
35.266667	1	0.111375
35.283333	1	0.111000
35.300000	1	0.110250
35.316667	1	0.110375
35.333333	1	0.110375
35.350000	1	0.110750
35.366667	1	0.111375
35.383333	1	0.112000
35.400000	1	0.111875
35.416667	1	0.112875
35.433333	1	0.113875
35.450000	1	0.114500
35.466667	1	0.115375
35.483333	1	0.116250
35.500000	1	0.117750
35.516667	1	0.118750
35.533333	1	0.120875
35.550000	1	0.123125
35.566667	1	0.125750
35.583333	1	0.128375
35.600000	1	0.131375
35.616667	1	0.133375
35.633333	1	0.136125
35.650000	1	0.138250
35.666667	1	0.140875
35.683333	1	0.144000
35.700000	1	0.145875
35.716667	1	0.148250
35.733333	1	0.150500
35.750000	1	0.153250
35.766667	1	0.155250
35.783333	1	0.157375
35.800000	1	0.159250
35.816667	1	0.160625
35.833333	1	0.161500
35.850000	1	0.162125
35.866667	1	0.162125
35.883333	1	0.162125
35.900000	1	0.162125
35.916667	1	0.161750
35.933333	1	0.160750
35.950000	1	0.159375
35.966667	1	0.158125
35.983333	1	0.157000
36.000000	1	0.154625
36.016667	1	0.152125
36.033333	1	0.150125
36.050000	1	0.147750
36.066667	1	0.144750
36.083333	1	0.142375
36.100000	1	0.140500
36.116667	1	0.138375
36.133333	1	0.136125
36.150000	1	0.133000
36.166667	1	0.130750
36.183333	1	0.128250
36.200000	1	0.126250
36.216667	1	0.123250
36.233333	1	0.121500
36.250000	1	0.118500
36.266667	1	0.116500
36.283333	1	0.114875
36.300000	1	0.113250
36.316667	1	0.112000
36.333333	1	0.109875
36.350000	1	0.108250
36.366667	1	0.106875
36.383333	1	0.105375
36.400000	1	0.104250
36.416667	1	0.103000
36.433333	1	0.101125
36.450000	1	0.099875
36.466667	1	0.099000
36.483333	1	0.098375
36.500000	1	0.097375
36.516667	1	0.096250
36.533333	1	0.095375
36.550000	1	0.094000
36.566667	1	0.092625
36.583333	1	0.091375
36.600000	1	0.089875
36.616667	1	0.088000
36.633333	1	0.086750
36.650000	1	0.086000
36.666667	1	0.084875
36.683333	1	0.083125
36.700000	1	0.082750
36.716667	1	0.081625
36.733333	1	0.079500
36.750000	1	0.077750
36.766667	1	0.076750
36.783333	1	0.075000
36.800000	1	0.073250
36.816667	1	0.071625
36.833333	1	0.070000
36.850000	1	0.068125
36.866667	1	0.065500
36.883333	1	0.063875
36.900000	1	0.062125
36.916667	1	0.060250
36.933333	1	0.059125
36.950000	1	0.057625
36.966667	1	0.055375
36.983333	1	0.053500
37.000000	1	0.051375
37.016667	1	0.049500
37.033333	1	0.047625
37.050000	1	0.045750
37.066667	1	0.044250
37.083333	1	0.043125
37.100000	1	0.041875
37.116667	1	0.041000
37.133333	1	0.039875
37.150000	1	0.038750
37.166667	1	0.037625
37.183333	1	0.036250
37.200000	1	0.034750
37.216667	1	0.034500
37.233333	1	0.033750
37.250000	1	0.032625
37.266667	1	0.031375
37.283333	1	0.031625
37.300000	1	0.031375
37.316667	1	0.031000
37.333333	1	0.031500
37.350000	1	0.031875
37.366667	1	0.031000
37.383333	1	0.031000
37.400000	1	0.030250
37.416667	1	0.030375
37.433333	1	0.030375
37.450000	1	0.030375
37.466667	1	0.030625
37.483333	1	0.030500
37.500000	1	0.030375
37.516667	1	0.030625
37.533333	1	0.030500
37.550000	1	0.031250
37.566667	1	0.031000
37.583333	1	0.030875
37.600000	1	0.030500
37.616667	1	0.030500
37.633333	1	0.030250
37.650000	1	0.030125
37.666667	1	0.030750
37.683333	1	0.030250
37.700000	1	0.030250
37.716667	1	0.029500
37.733333	1	0.029125
37.750000	1	0.028375
37.766667	1	0.028125
37.783333	1	0.026625
37.800000	1	0.025250
37.816667	1	0.024625
37.833333	1	0.023250
37.850000	1	0.022375
37.866667	1	0.021875
37.883333	1	0.021750
37.900000	1	0.020500
37.916667	1	0.020000
37.933333	1	0.019500
37.950000	1	0.019750
37.966667	1	0.019500
37.983333	1	0.020000
38.000000	1	0.019625
38.016667	1	0.020000
38.033333	1	0.020875
38.050000	1	0.021000
38.066667	1	0.021625
38.083333	1	0.022250
38.100000	1	0.022875
38.116667	1	0.024000
38.133333	1	0.025000
38.150000	1	0.026000
38.166667	1	0.027000
38.183333	1	0.028375
38.200000	1	0.029625
38.216667	1	0.030125
38.233333	1	0.030750
38.250000	1	0.031750
38.266667	1	0.032625
38.283333	1	0.033125
38.300000	1	0.033875
38.316667	1	0.033750
38.333333	1	0.033875
38.350000	1	0.034125
38.366667	1	0.033500
38.383333	1	0.032625
38.400000	1	0.032250
38.416667	1	0.031375
38.433333	1	0.030500
38.450000	1	0.029250
38.466667	1	0.027875
38.483333	1	0.027625
38.500000	1	0.027125
38.516667	1	0.026250
38.533333	1	0.024125
38.550000	1	0.022375
38.566667	1	0.020875
38.583333	1	0.019125
38.600000	1	0.017250
38.616667	1	0.015750
38.633333	1	0.014125
38.650000	1	0.013000
38.666667	1	0.011250
38.683333	1	0.009125
38.700000	1	0.006750
38.716667	1	0.004750
38.733333	1	0.001750
38.750000	1	-0.001000
38.766667	1	-0.003250
38.783333	1	-0.005750
38.800000	1	-0.008000
38.816667	1	-0.010625
38.833333	1	-0.012875
38.850000	1	-0.014875
38.866667	1	-0.017250
38.883333	1	-0.019500
38.900000	1	-0.021125
38.916667	1	-0.023250
38.933333	1	-0.025000
38.950000	1	-0.026875
38.966667	1	-0.028625
38.983333	1	-0.030375
39.000000	1	-0.031875
39.016667	1	-0.033000
39.033333	1	-0.035125
39.050000	1	-0.036250
39.066667	1	-0.037625
39.083333	1	-0.038750
39.100000	1	-0.039625
39.116667	1	-0.040000
39.133333	1	-0.040500
39.150000	1	-0.041000
39.166667	1	-0.041875
39.183333	1	-0.042125
39.200000	1	-0.042000
39.216667	1	-0.042000
39.233333	1	-0.041250
39.250000	1	-0.040500
39.266667	1	-0.039875
39.283333	1	-0.039125
39.300000	1	-0.038500
39.316667	1	-0.037875
39.333333	1	-0.037750
39.350000	1	-0.037625
39.366667	1	-0.037125
39.383333	1	-0.037000
39.400000	1	-0.037375
39.416667	1	-0.037500
39.433333	1	-0.037375
39.450000	1	-0.036750
39.466667	1	-0.036125
39.483333	1	-0.035625
39.500000	1	-0.035250
39.516667	1	-0.035125
39.533333	1	-0.035500
39.550000	1	-0.035500
39.566667	1	-0.035750
39.583333	1	-0.036125
39.600000	1	-0.036125
39.616667	1	-0.037125
39.633333	1	-0.037250
39.650000	1	-0.037375
39.666667	1	-0.038125
39.683333	1	-0.038625
39.700000	1	-0.038875
39.716667	1	-0.039875
39.733333	1	-0.039500
39.750000	1	-0.039500
39.766667	1	-0.039875
39.783333	1	-0.040250
39.800000	1	-0.040125
39.816667	1	-0.040500
39.833333	1	-0.040750
39.850000	1	-0.040750
39.866667	1	-0.040875
39.883333	1	-0.040000
39.900000	1	-0.039750
39.916667	1	-0.039375
39.933333	1	-0.038125
39.950000	1	-0.037375
39.966667	1	-0.037000
39.983333	1	-0.036000
40.000000	1	-0.035000
