URL	chrom://7040-86g6c92/XVault/Ultimate_3000/20/20240517_CMO_FP23_FP25_MarkusDeplate.seq/888.smp/RI_1.channel/RI_1.chm
Channel	RI_1

Injection Information:
Data Vault	XVault
Sequence	20240517_CMO_FP23_FP25_MarkusDeplate
Name	FP27_21_s2
Number	120
Position	BE2
Comment	
Processing Method	
Instrument Method	run_25B_method
Type	Unknown
Status	Finished
Inject Time	31.05.2024 04:36:37 +02:00
Volume (µl)	20.0000
Dilution Factor	1.0000
Weight	1.0000

Chromatogram Data Information:
Time Min. (min)	0.000000
Time Max. (min)	40.000000
Data Points	2401
Detector	RI
Generating Data System	Chromeleon 7.3.2.11814
Exporting Data System	Chromeleon 7.3.2.0
Operator	Instrument Controller
Signal Quantity	Refractive 
Signal Unit	µRIU
Signal Min.	-0.876250
Signal Max.	63.164125
Channel	RI_1
Driver Name	RID520Driver.dll
Channel Type	Evaluation
Min. Step (s)	1
Max. Step (s)	1
Average Step (s)	1

Signal Parameter Information:
Signal Info	

Chromatogram Data:
Time (min)	Step (s)	Value (µRIU)
0.000000	n.a.	-0.041875
0.016667	1	-0.044000
0.033333	1	-0.045625
0.050000	1	-0.047125
0.066667	1	-0.048750
0.083333	1	-0.050250
0.100000	1	-0.052125
0.116667	1	-0.053500
0.133333	1	-0.055000
0.150000	1	-0.056375
0.166667	1	-0.058625
0.183333	1	-0.059625
0.200000	1	-0.060750
0.216667	1	-0.061750
0.233333	1	-0.061375
0.250000	1	-0.061750
0.266667	1	-0.062125
0.283333	1	-0.062125
0.300000	1	-0.061500
0.316667	1	-0.061000
0.333333	1	-0.060375
0.350000	1	-0.059875
0.366667	1	-0.059750
0.383333	1	-0.059375
0.400000	1	-0.059125
0.416667	1	-0.057875
0.433333	1	-0.055875
0.450000	1	-0.052250
0.466667	1	-0.049000
0.483333	1	-0.045500
0.500000	1	-0.042875
0.516667	1	-0.040750
0.533333	1	-0.038750
0.550000	1	-0.037875
0.566667	1	-0.037375
0.583333	1	-0.037000
0.600000	1	-0.038500
0.616667	1	-0.039750
0.633333	1	-0.040250
0.650000	1	-0.040250
0.666667	1	-0.039875
0.683333	1	-0.038250
0.700000	1	-0.037625
0.716667	1	-0.036125
0.733333	1	-0.034750
0.750000	1	-0.033625
0.766667	1	-0.032875
0.783333	1	-0.032125
0.800000	1	-0.031250
0.816667	1	-0.029250
0.833333	1	-0.028375
0.850000	1	-0.027250
0.866667	1	-0.026250
0.883333	1	-0.024625
0.900000	1	-0.023500
0.916667	1	-0.022500
0.933333	1	-0.021125
0.950000	1	-0.020000
0.966667	1	-0.019125
0.983333	1	-0.018250
1.000000	1	-0.017000
1.016667	1	-0.016375
1.033333	1	-0.015500
1.050000	1	-0.015500
1.066667	1	-0.014500
1.083333	1	-0.013750
1.100000	1	-0.013250
1.116667	1	-0.013625
1.133333	1	-0.013375
1.150000	1	-0.013000
1.166667	1	-0.013000
1.183333	1	-0.012500
1.200000	1	-0.013000
1.216667	1	-0.014000
1.233333	1	-0.014875
1.250000	1	-0.015750
1.266667	1	-0.016500
1.283333	1	-0.017500
1.300000	1	-0.018875
1.316667	1	-0.020875
1.333333	1	-0.022500
1.350000	1	-0.024750
1.366667	1	-0.027000
1.383333	1	-0.029625
1.400000	1	-0.031250
1.416667	1	-0.033875
1.433333	1	-0.036250
1.450000	1	-0.038125
1.466667	1	-0.040375
1.483333	1	-0.042250
1.500000	1	-0.044375
1.516667	1	-0.046250
1.533333	1	-0.048250
1.550000	1	-0.050375
1.566667	1	-0.052000
1.583333	1	-0.053250
1.600000	1	-0.054625
1.616667	1	-0.055750
1.633333	1	-0.056125
1.650000	1	-0.056875
1.666667	1	-0.057375
1.683333	1	-0.057625
1.700000	1	-0.057875
1.716667	1	-0.058625
1.733333	1	-0.058375
1.750000	1	-0.058250
1.766667	1	-0.057500
1.783333	1	-0.056375
1.800000	1	-0.056250
1.816667	1	-0.055750
1.833333	1	-0.054750
1.850000	1	-0.053750
1.866667	1	-0.053125
1.883333	1	-0.052000
1.900000	1	-0.050750
1.916667	1	-0.050875
1.933333	1	-0.050750
1.950000	1	-0.050000
1.966667	1	-0.049500
1.983333	1	-0.048875
2.000000	1	-0.048125
2.016667	1	-0.047625
2.033333	1	-0.047250
2.050000	1	-0.047000
2.066667	1	-0.046500
2.083333	1	-0.046125
2.100000	1	-0.046000
2.116667	1	-0.045750
2.133333	1	-0.045375
2.150000	1	-0.045000
2.166667	1	-0.045875
2.183333	1	-0.046250
2.200000	1	-0.045875
2.216667	1	-0.045875
2.233333	1	-0.045500
2.250000	1	-0.044625
2.266667	1	-0.044000
2.283333	1	-0.044000
2.300000	1	-0.043625
2.316667	1	-0.042250
2.333333	1	-0.042000
2.350000	1	-0.041250
2.366667	1	-0.041375
2.383333	1	-0.041000
2.400000	1	-0.040250
2.416667	1	-0.039000
2.433333	1	-0.038625
2.450000	1	-0.038250
2.466667	1	-0.036500
2.483333	1	-0.035125
2.500000	1	-0.035125
2.516667	1	-0.035125
2.533333	1	-0.034250
2.550000	1	-0.033500
2.566667	1	-0.032750
2.583333	1	-0.032125
2.600000	1	-0.031375
2.616667	1	-0.030250
2.633333	1	-0.029250
2.650000	1	-0.028375
2.666667	1	-0.027125
2.683333	1	-0.025875
2.700000	1	-0.024750
2.716667	1	-0.023625
2.733333	1	-0.023125
2.750000	1	-0.021875
2.766667	1	-0.020875
2.783333	1	-0.018625
2.800000	1	-0.018125
2.816667	1	-0.017250
2.833333	1	-0.016875
2.850000	1	-0.016375
2.866667	1	-0.015500
2.883333	1	-0.014750
2.900000	1	-0.014250
2.916667	1	-0.013875
2.933333	1	-0.013875
2.950000	1	-0.013375
2.966667	1	-0.013500
2.983333	1	-0.014125
3.000000	1	-0.014500
3.016667	1	-0.014375
3.033333	1	-0.014125
3.050000	1	-0.015000
3.066667	1	-0.015875
3.083333	1	-0.015750
3.100000	1	-0.016250
3.116667	1	-0.017625
3.133333	1	-0.018125
3.150000	1	-0.019250
3.166667	1	-0.020250
3.183333	1	-0.020625
3.200000	1	-0.020125
3.216667	1	-0.020125
3.233333	1	-0.020750
3.250000	1	-0.021625
3.266667	1	-0.021875
3.283333	1	-0.021750
3.300000	1	-0.021375
3.316667	1	-0.020750
3.333333	1	-0.020125
3.350000	1	-0.019000
3.366667	1	-0.018000
3.383333	1	-0.017000
3.400000	1	-0.015625
3.416667	1	-0.014250
3.433333	1	-0.013250
3.450000	1	-0.011125
3.466667	1	-0.010000
3.483333	1	-0.007500
3.500000	1	-0.006125
3.516667	1	-0.004000
3.533333	1	-0.002250
3.550000	1	-0.000250
3.566667	1	0.002000
3.583333	1	0.004000
3.600000	1	0.005500
3.616667	1	0.006875
3.633333	1	0.007250
3.650000	1	0.007875
3.666667	1	0.008625
3.683333	1	0.008750
3.700000	1	0.009000
3.716667	1	0.009250
3.733333	1	0.008875
3.750000	1	0.008375
3.766667	1	0.007250
3.783333	1	0.006000
3.800000	1	0.005250
3.816667	1	0.004125
3.833333	1	0.003250
3.850000	1	0.001750
3.866667	1	0.000375
3.883333	1	-0.001500
3.900000	1	-0.003000
3.916667	1	-0.004250
3.933333	1	-0.005500
3.950000	1	-0.006750
3.966667	1	-0.007875
3.983333	1	-0.008625
4.000000	1	-0.009375
4.016667	1	-0.011000
4.033333	1	-0.011375
4.050000	1	-0.011750
4.066667	1	-0.011500
4.083333	1	-0.011125
4.100000	1	-0.010875
4.116667	1	-0.010125
4.133333	1	-0.010000
4.150000	1	-0.008875
4.166667	1	-0.007875
4.183333	1	-0.006000
4.200000	1	-0.004375
4.216667	1	-0.002375
4.233333	1	-0.001125
4.250000	1	0.000750
4.266667	1	0.003000
4.283333	1	0.006125
4.300000	1	0.008250
4.316667	1	0.010375
4.333333	1	0.012875
4.350000	1	0.015000
4.366667	1	0.017500
4.383333	1	0.020625
4.400000	1	0.023750
4.416667	1	0.026500
4.433333	1	0.029625
4.450000	1	0.033250
4.466667	1	0.035750
4.483333	1	0.037875
4.500000	1	0.040875
4.516667	1	0.043375
4.533333	1	0.045750
4.550000	1	0.048875
4.566667	1	0.050375
4.583333	1	0.052500
4.600000	1	0.054875
4.616667	1	0.056875
4.633333	1	0.058875
4.650000	1	0.060250
4.666667	1	0.061625
4.683333	1	0.063125
4.700000	1	0.064625
4.716667	1	0.066500
4.733333	1	0.067250
4.750000	1	0.068500
4.766667	1	0.069625
4.783333	1	0.070375
4.800000	1	0.070750
4.816667	1	0.071250
4.833333	1	0.071750
4.850000	1	0.072500
4.866667	1	0.072500
4.883333	1	0.073000
4.900000	1	0.073750
4.916667	1	0.074750
4.933333	1	0.075250
4.950000	1	0.076375
4.966667	1	0.077500
4.983333	1	0.079125
5.000000	1	0.080375
5.016667	1	0.081500
5.033333	1	0.083125
5.050000	1	0.085500
5.066667	1	0.087000
5.083333	1	0.089125
5.100000	1	0.091750
5.116667	1	0.093750
5.133333	1	0.096250
5.150000	1	0.099125
5.166667	1	0.102750
5.183333	1	0.105750
5.200000	1	0.109000
5.216667	1	0.112625
5.233333	1	0.116625
5.250000	1	0.120625
5.266667	1	0.125000
5.283333	1	0.129250
5.300000	1	0.133500
5.316667	1	0.137500
5.333333	1	0.142375
5.350000	1	0.147750
5.366667	1	0.152375
5.383333	1	0.157000
5.400000	1	0.162375
5.416667	1	0.167000
5.433333	1	0.172375
5.450000	1	0.178125
5.466667	1	0.183125
5.483333	1	0.188500
5.500000	1	0.193750
5.516667	1	0.199375
5.533333	1	0.204875
5.550000	1	0.211000
5.566667	1	0.216875
5.583333	1	0.222250
5.600000	1	0.228250
5.616667	1	0.233875
5.633333	1	0.239125
5.650000	1	0.244625
5.666667	1	0.249625
5.683333	1	0.255250
5.700000	1	0.260375
5.716667	1	0.265500
5.733333	1	0.269500
5.750000	1	0.273750
5.766667	1	0.278000
5.783333	1	0.281375
5.800000	1	0.285125
5.816667	1	0.288250
5.833333	1	0.290750
5.850000	1	0.293000
5.866667	1	0.294375
5.883333	1	0.295375
5.900000	1	0.296000
5.916667	1	0.296250
5.933333	1	0.296125
5.950000	1	0.295625
5.966667	1	0.295250
5.983333	1	0.293750
6.000000	1	0.292500
6.016667	1	0.289875
6.033333	1	0.287000
6.050000	1	0.284000
6.066667	1	0.279875
6.083333	1	0.276000
6.100000	1	0.271625
6.116667	1	0.267000
6.133333	1	0.262125
6.150000	1	0.256875
6.166667	1	0.251125
6.183333	1	0.245750
6.200000	1	0.239375
6.216667	1	0.232500
6.233333	1	0.225625
6.250000	1	0.218625
6.266667	1	0.211750
6.283333	1	0.204625
6.300000	1	0.196625
6.316667	1	0.189250
6.333333	1	0.182500
6.350000	1	0.175125
6.366667	1	0.167500
6.383333	1	0.160500
6.400000	1	0.153625
6.416667	1	0.146500
6.433333	1	0.138875
6.450000	1	0.132500
6.466667	1	0.124875
6.483333	1	0.118625
6.500000	1	0.112125
6.516667	1	0.106250
6.533333	1	0.099750
6.550000	1	0.094000
6.566667	1	0.088375
6.583333	1	0.083625
6.600000	1	0.078375
6.616667	1	0.073875
6.633333	1	0.069750
6.650000	1	0.065750
6.666667	1	0.062000
6.683333	1	0.059000
6.700000	1	0.056250
6.716667	1	0.053250
6.733333	1	0.051500
6.750000	1	0.049500
6.766667	1	0.047875
6.783333	1	0.046875
6.800000	1	0.046375
6.816667	1	0.046125
6.833333	1	0.046250
6.850000	1	0.046625
6.866667	1	0.046750
6.883333	1	0.048000
6.900000	1	0.048875
6.916667	1	0.049500
6.933333	1	0.050875
6.950000	1	0.052875
6.966667	1	0.054625
6.983333	1	0.057000
7.000000	1	0.059125
7.016667	1	0.061500
7.033333	1	0.064125
7.050000	1	0.066750
7.066667	1	0.069375
7.083333	1	0.071875
7.100000	1	0.074375
7.116667	1	0.076500
7.133333	1	0.079750
7.150000	1	0.083000
7.166667	1	0.086000
7.183333	1	0.088625
7.200000	1	0.091625
7.216667	1	0.094500
7.233333	1	0.097500
7.250000	1	0.100500
7.266667	1	0.104375
7.283333	1	0.106375
7.300000	1	0.108750
7.316667	1	0.111250
7.333333	1	0.113625
7.350000	1	0.116000
7.366667	1	0.118625
7.383333	1	0.121125
7.400000	1	0.123500
7.416667	1	0.125125
7.433333	1	0.127875
7.450000	1	0.130000
7.466667	1	0.131875
7.483333	1	0.133625
7.500000	1	0.134625
7.516667	1	0.136125
7.533333	1	0.137750
7.550000	1	0.138875
7.566667	1	0.139750
7.583333	1	0.140750
7.600000	1	0.141750
7.616667	1	0.142500
7.633333	1	0.143375
7.650000	1	0.143500
7.666667	1	0.143500
7.683333	1	0.143875
7.700000	1	0.143875
7.716667	1	0.144250
7.733333	1	0.145000
7.750000	1	0.146125
7.766667	1	0.146000
7.783333	1	0.146375
7.800000	1	0.146250
7.816667	1	0.145750
7.833333	1	0.145500
7.850000	1	0.145750
7.866667	1	0.145000
7.883333	1	0.144125
7.900000	1	0.143000
7.916667	1	0.142875
7.933333	1	0.141625
7.950000	1	0.139875
7.966667	1	0.138250
7.983333	1	0.137125
8.000000	1	0.135875
8.016667	1	0.134000
8.033333	1	0.132500
8.050000	1	0.130250
8.066667	1	0.127500
8.083333	1	0.124875
8.100000	1	0.122375
8.116667	1	0.119375
8.133333	1	0.117000
8.150000	1	0.114375
8.166667	1	0.111875
8.183333	1	0.108500
8.200000	1	0.105250
8.216667	1	0.101750
8.233333	1	0.098750
8.250000	1	0.095000
8.266667	1	0.091500
8.283333	1	0.088000
8.300000	1	0.085500
8.316667	1	0.081875
8.333333	1	0.078750
8.350000	1	0.074750
8.366667	1	0.071500
8.383333	1	0.068125
8.400000	1	0.064125
8.416667	1	0.060625
8.433333	1	0.056875
8.450000	1	0.052750
8.466667	1	0.048375
8.483333	1	0.045500
8.500000	1	0.040875
8.516667	1	0.038000
8.533333	1	0.035375
8.550000	1	0.031875
8.566667	1	0.029125
8.583333	1	0.026000
8.600000	1	0.022250
8.616667	1	0.019500
8.633333	1	0.017500
8.650000	1	0.014750
8.666667	1	0.012750
8.683333	1	0.011250
8.700000	1	0.009750
8.716667	1	0.009250
8.733333	1	0.008875
8.750000	1	0.008500
8.766667	1	0.008250
8.783333	1	0.009000
8.800000	1	0.009625
8.816667	1	0.009875
8.833333	1	0.010625
8.850000	1	0.011875
8.866667	1	0.013500
8.883333	1	0.014875
8.900000	1	0.016375
8.916667	1	0.018250
8.933333	1	0.020000
8.950000	1	0.022125
8.966667	1	0.024125
8.983333	1	0.027125
9.000000	1	0.030000
9.016667	1	0.032250
9.033333	1	0.035000
9.050000	1	0.036625
9.066667	1	0.039250
9.083333	1	0.041250
9.100000	1	0.043500
9.116667	1	0.046375
9.133333	1	0.048375
9.150000	1	0.049875
9.166667	1	0.051500
9.183333	1	0.053625
9.200000	1	0.055375
9.216667	1	0.056500
9.233333	1	0.057875
9.250000	1	0.059000
9.266667	1	0.060000
9.283333	1	0.060875
9.300000	1	0.061500
9.316667	1	0.062250
9.333333	1	0.063000
9.350000	1	0.063500
9.366667	1	0.063625
9.383333	1	0.064125
9.400000	1	0.063625
9.416667	1	0.062750
9.433333	1	0.062000
9.450000	1	0.061625
9.466667	1	0.061250
9.483333	1	0.060250
9.500000	1	0.059625
9.516667	1	0.058875
9.533333	1	0.057625
9.550000	1	0.056875
9.566667	1	0.056000
9.583333	1	0.054500
9.600000	1	0.053250
9.616667	1	0.052500
9.633333	1	0.051000
9.650000	1	0.049625
9.666667	1	0.048250
9.683333	1	0.047125
9.700000	1	0.045750
9.716667	1	0.044875
9.733333	1	0.043375
9.750000	1	0.042750
9.766667	1	0.041875
9.783333	1	0.040125
9.800000	1	0.039000
9.816667	1	0.037625
9.833333	1	0.036125
9.850000	1	0.034000
9.866667	1	0.033000
9.883333	1	0.032250
9.900000	1	0.031500
9.916667	1	0.030000
9.933333	1	0.028875
9.950000	1	0.027875
9.966667	1	0.026125
9.983333	1	0.025250
10.000000	1	0.024875
10.016667	1	0.024250
10.033333	1	0.023500
10.050000	1	0.023750
10.066667	1	0.024750
10.083333	1	0.026625
10.100000	1	0.029375
10.116667	1	0.034000
10.133333	1	0.039125
10.150000	1	0.045875
10.166667	1	0.053250
10.183333	1	0.061875
10.200000	1	0.072125
10.216667	1	0.084250
10.233333	1	0.098625
10.250000	1	0.114500
10.266667	1	0.133000
10.283333	1	0.154250
10.300000	1	0.178250
10.316667	1	0.204500
10.333333	1	0.234125
10.350000	1	0.265750
10.366667	1	0.300375
10.383333	1	0.335500
10.400000	1	0.368750
10.416667	1	0.397000
10.433333	1	0.413750
10.450000	1	0.412000
10.466667	1	0.385875
10.483333	1	0.334750
10.500000	1	0.271250
10.516667	1	0.225625
10.533333	1	0.248375
10.550000	1	0.409000
10.566667	1	0.791000
10.583333	1	1.478750
10.600000	1	2.551500
10.616667	1	4.075000
10.633333	1	6.096125
10.650000	1	8.638875
10.666667	1	11.712000
10.683333	1	15.305375
10.700000	1	19.386000
10.716667	1	23.892625
10.733333	1	28.725125
10.750000	1	33.733250
10.766667	1	38.697000
10.783333	1	43.322875
10.800000	1	47.249250
10.816667	1	50.075000
10.833333	1	51.444750
10.850000	1	51.150375
10.866667	1	49.200750
10.883333	1	45.836625
10.900000	1	41.467250
10.916667	1	36.567125
10.933333	1	31.567500
10.950000	1	26.793250
10.966667	1	22.451750
10.983333	1	18.644000
11.000000	1	15.398125
11.016667	1	12.691875
11.033333	1	10.478000
11.050000	1	8.692000
11.066667	1	7.264750
11.083333	1	6.132500
11.100000	1	5.235750
11.116667	1	4.525125
11.133333	1	3.960750
11.150000	1	3.509000
11.166667	1	3.143875
11.183333	1	2.845500
11.200000	1	2.599250
11.216667	1	2.393000
11.233333	1	2.217875
11.250000	1	2.068375
11.266667	1	1.938625
11.283333	1	1.825125
11.300000	1	1.724500
11.316667	1	1.635750
11.333333	1	1.557000
11.350000	1	1.487250
11.366667	1	1.425125
11.383333	1	1.369875
11.400000	1	1.320250
11.416667	1	1.276000
11.433333	1	1.236125
11.450000	1	1.200750
11.466667	1	1.168125
11.483333	1	1.139250
11.500000	1	1.113875
11.516667	1	1.090500
11.533333	1	1.069500
11.550000	1	1.049375
11.566667	1	1.031750
11.583333	1	1.015250
11.600000	1	1.001125
11.616667	1	0.988000
11.633333	1	0.977000
11.650000	1	0.967625
11.666667	1	0.958750
11.683333	1	0.951000
11.700000	1	0.945000
11.716667	1	0.940000
11.733333	1	0.936625
11.750000	1	0.934625
11.766667	1	0.933375
11.783333	1	0.933875
11.800000	1	0.935250
11.816667	1	0.936750
11.833333	1	0.938625
11.850000	1	0.941750
11.866667	1	0.944750
11.883333	1	0.948125
11.900000	1	0.951000
11.916667	1	0.954500
11.933333	1	0.959000
11.950000	1	0.963500
11.966667	1	0.969250
11.983333	1	0.975250
12.000000	1	0.982250
12.016667	1	0.989000
12.033333	1	0.996375
12.050000	1	1.004875
12.066667	1	1.013000
12.083333	1	1.021500
12.100000	1	1.029875
12.116667	1	1.038750
12.133333	1	1.047375
12.150000	1	1.056375
12.166667	1	1.065625
12.183333	1	1.075125
12.200000	1	1.084750
12.216667	1	1.094750
12.233333	1	1.105500
12.250000	1	1.116875
12.266667	1	1.129750
12.283333	1	1.143500
12.300000	1	1.159625
12.316667	1	1.178500
12.333333	1	1.200625
12.350000	1	1.227250
12.366667	1	1.259875
12.383333	1	1.302250
12.400000	1	1.357875
12.416667	1	1.431500
12.433333	1	1.529000
12.450000	1	1.657125
12.466667	1	1.823500
12.483333	1	2.035750
12.500000	1	2.300000
12.516667	1	2.618750
12.533333	1	2.991500
12.550000	1	3.415875
12.566667	1	3.881750
12.583333	1	4.378625
12.600000	1	4.890000
12.616667	1	5.398875
12.633333	1	5.885750
12.650000	1	6.335500
12.666667	1	6.729875
12.683333	1	7.057125
12.700000	1	7.307625
12.716667	1	7.475875
12.733333	1	7.559125
12.750000	1	7.561125
12.766667	1	7.488250
12.783333	1	7.351000
12.800000	1	7.161000
12.816667	1	6.930500
12.833333	1	6.671125
12.850000	1	6.393250
12.866667	1	6.106000
12.883333	1	5.814500
12.900000	1	5.524125
12.916667	1	5.238750
12.933333	1	4.963250
12.950000	1	4.698125
12.966667	1	4.447750
12.983333	1	4.215875
13.000000	1	4.003250
13.016667	1	3.808875
13.033333	1	3.633500
13.050000	1	3.475500
13.066667	1	3.334000
13.083333	1	3.206500
13.100000	1	3.092125
13.116667	1	2.989125
13.133333	1	2.895000
13.150000	1	2.809875
13.166667	1	2.731625
13.183333	1	2.659750
13.200000	1	2.592375
13.216667	1	2.529625
13.233333	1	2.470125
13.250000	1	2.413250
13.266667	1	2.359875
13.283333	1	2.309500
13.300000	1	2.260250
13.316667	1	2.213375
13.333333	1	2.169500
13.350000	1	2.127625
13.366667	1	2.088375
13.383333	1	2.051250
13.400000	1	2.016250
13.416667	1	1.984000
13.433333	1	1.955000
13.450000	1	1.929000
13.466667	1	1.905625
13.483333	1	1.885750
13.500000	1	1.867500
13.516667	1	1.852375
13.533333	1	1.839000
13.550000	1	1.827375
13.566667	1	1.817000
13.583333	1	1.806750
13.600000	1	1.796750
13.616667	1	1.785375
13.633333	1	1.772500
13.650000	1	1.758125
13.666667	1	1.742250
13.683333	1	1.724500
13.700000	1	1.705625
13.716667	1	1.684500
13.733333	1	1.662625
13.750000	1	1.640375
13.766667	1	1.617375
13.783333	1	1.594500
13.800000	1	1.572250
13.816667	1	1.549750
13.833333	1	1.528250
13.850000	1	1.507375
13.866667	1	1.486875
13.883333	1	1.467375
13.900000	1	1.449125
13.916667	1	1.431500
13.933333	1	1.414625
13.950000	1	1.399250
13.966667	1	1.384125
13.983333	1	1.369750
14.000000	1	1.356000
14.016667	1	1.342875
14.033333	1	1.329875
14.050000	1	1.317875
14.066667	1	1.306125
14.083333	1	1.294625
14.100000	1	1.284125
14.116667	1	1.273750
14.133333	1	1.262875
14.150000	1	1.252750
14.166667	1	1.243625
14.183333	1	1.235500
14.200000	1	1.228875
14.216667	1	1.222625
14.233333	1	1.216750
14.250000	1	1.212750
14.266667	1	1.209875
14.283333	1	1.208500
14.300000	1	1.207750
14.316667	1	1.209375
14.333333	1	1.213375
14.350000	1	1.219125
14.366667	1	1.227500
14.383333	1	1.238000
14.400000	1	1.252750
14.416667	1	1.273000
14.433333	1	1.301875
14.450000	1	1.343625
14.466667	1	1.406875
14.483333	1	1.501125
14.500000	1	1.644125
14.516667	1	1.856500
14.533333	1	2.168375
14.550000	1	2.619500
14.566667	1	3.259500
14.583333	1	4.143500
14.600000	1	5.336500
14.616667	1	6.908500
14.633333	1	8.929375
14.650000	1	11.461625
14.666667	1	14.547500
14.683333	1	18.204125
14.700000	1	22.409250
14.716667	1	27.094125
14.733333	1	32.150500
14.750000	1	37.427000
14.766667	1	42.728625
14.783333	1	47.832125
14.800000	1	52.509125
14.816667	1	56.545375
14.833333	1	59.749000
14.850000	1	61.969750
14.866667	1	63.117500
14.883333	1	63.164125
14.900000	1	62.148375
14.916667	1	60.166625
14.933333	1	57.362625
14.950000	1	53.907750
14.966667	1	49.992125
14.983333	1	45.804125
15.000000	1	41.512250
15.016667	1	37.258000
15.033333	1	33.155000
15.050000	1	29.286625
15.066667	1	25.709125
15.083333	1	22.453875
15.100000	1	19.531875
15.116667	1	16.939750
15.133333	1	14.661000
15.150000	1	12.672500
15.166667	1	10.948125
15.183333	1	9.460750
15.200000	1	8.183125
15.216667	1	7.090250
15.233333	1	6.158375
15.250000	1	5.367250
15.266667	1	4.701125
15.283333	1	4.143250
15.300000	1	3.679125
15.316667	1	3.297500
15.333333	1	2.987625
15.350000	1	2.738250
15.366667	1	2.540375
15.383333	1	2.386125
15.400000	1	2.267375
15.416667	1	2.177500
15.433333	1	2.109000
15.450000	1	2.055750
15.466667	1	2.012625
15.483333	1	1.975500
15.500000	1	1.940500
15.516667	1	1.905125
15.533333	1	1.867875
15.550000	1	1.827125
15.566667	1	1.783750
15.583333	1	1.738250
15.600000	1	1.691500
15.616667	1	1.643625
15.633333	1	1.596500
15.650000	1	1.550125
15.666667	1	1.506750
15.683333	1	1.464750
15.700000	1	1.426250
15.716667	1	1.390125
15.733333	1	1.357625
15.750000	1	1.328625
15.766667	1	1.301750
15.783333	1	1.277250
15.800000	1	1.255375
15.816667	1	1.235000
15.833333	1	1.216750
15.850000	1	1.200250
15.866667	1	1.185750
15.883333	1	1.173750
15.900000	1	1.163875
15.916667	1	1.155625
15.933333	1	1.149000
15.950000	1	1.144750
15.966667	1	1.142625
15.983333	1	1.141375
16.000000	1	1.141125
16.016667	1	1.143125
16.033333	1	1.145750
16.050000	1	1.149375
16.066667	1	1.153625
16.083333	1	1.157375
16.100000	1	1.161875
16.116667	1	1.166250
16.133333	1	1.169500
16.150000	1	1.172375
16.166667	1	1.174500
16.183333	1	1.176125
16.200000	1	1.175875
16.216667	1	1.175000
16.233333	1	1.172500
16.250000	1	1.169625
16.266667	1	1.165875
16.283333	1	1.160500
16.300000	1	1.155125
16.316667	1	1.148500
16.333333	1	1.142625
16.350000	1	1.135625
16.366667	1	1.129375
16.383333	1	1.123875
16.400000	1	1.120000
16.416667	1	1.116750
16.433333	1	1.114750
16.450000	1	1.113750
16.466667	1	1.113625
16.483333	1	1.113625
16.500000	1	1.114250
16.516667	1	1.114250
16.533333	1	1.115375
16.550000	1	1.115750
16.566667	1	1.115250
16.583333	1	1.113500
16.600000	1	1.110750
16.616667	1	1.108000
16.633333	1	1.104875
16.650000	1	1.101125
16.666667	1	1.096875
16.683333	1	1.093750
16.700000	1	1.092000
16.716667	1	1.091750
16.733333	1	1.092750
16.750000	1	1.095750
16.766667	1	1.099875
16.783333	1	1.105500
16.800000	1	1.111625
16.816667	1	1.118625
16.833333	1	1.125625
16.850000	1	1.132500
16.866667	1	1.138625
16.883333	1	1.142625
16.900000	1	1.145625
16.916667	1	1.147000
16.933333	1	1.147250
16.950000	1	1.145625
16.966667	1	1.141750
16.983333	1	1.136375
17.000000	1	1.129625
17.016667	1	1.121625
17.033333	1	1.114250
17.050000	1	1.105875
17.066667	1	1.097375
17.083333	1	1.089250
17.100000	1	1.081000
17.116667	1	1.074625
17.133333	1	1.069000
17.150000	1	1.064125
17.166667	1	1.059750
17.183333	1	1.056500
17.200000	1	1.053875
17.216667	1	1.052375
17.233333	1	1.051375
17.250000	1	1.051750
17.266667	1	1.053000
17.283333	1	1.055125
17.300000	1	1.057750
17.316667	1	1.060875
17.333333	1	1.065125
17.350000	1	1.069375
17.366667	1	1.075000
17.383333	1	1.080500
17.400000	1	1.085125
17.416667	1	1.089500
17.433333	1	1.093875
17.450000	1	1.097125
17.466667	1	1.098875
17.483333	1	1.100375
17.500000	1	1.100375
17.516667	1	1.098875
17.533333	1	1.096250
17.550000	1	1.093250
17.566667	1	1.088875
17.583333	1	1.082250
17.600000	1	1.075375
17.616667	1	1.067750
17.633333	1	1.059500
17.650000	1	1.050000
17.666667	1	1.040625
17.683333	1	1.030625
17.700000	1	1.021500
17.716667	1	1.011250
17.733333	1	1.001250
17.750000	1	0.992125
17.766667	1	0.983250
17.783333	1	0.975250
17.800000	1	0.966625
17.816667	1	0.959375
17.833333	1	0.953250
17.850000	1	0.946875
17.866667	1	0.941500
17.883333	1	0.935500
17.900000	1	0.930625
17.916667	1	0.925375
17.933333	1	0.920875
17.950000	1	0.916375
17.966667	1	0.911375
17.983333	1	0.905875
18.000000	1	0.900375
18.016667	1	0.894875
18.033333	1	0.888625
18.050000	1	0.883375
18.066667	1	0.878375
18.083333	1	0.873750
18.100000	1	0.868875
18.116667	1	0.864125
18.133333	1	0.859875
18.150000	1	0.856250
18.166667	1	0.854125
18.183333	1	0.851750
18.200000	1	0.850250
18.216667	1	0.848875
18.233333	1	0.848500
18.250000	1	0.847875
18.266667	1	0.847625
18.283333	1	0.847250
18.300000	1	0.846500
18.316667	1	0.846250
18.333333	1	0.845875
18.350000	1	0.845750
18.366667	1	0.845625
18.383333	1	0.846125
18.400000	1	0.846375
18.416667	1	0.847250
18.433333	1	0.850000
18.450000	1	0.853875
18.466667	1	0.858375
18.483333	1	0.863625
18.500000	1	0.869125
18.516667	1	0.875750
18.533333	1	0.884500
18.550000	1	0.893250
18.566667	1	0.903500
18.583333	1	0.915000
18.600000	1	0.926000
18.616667	1	0.937625
18.633333	1	0.950750
18.650000	1	0.964750
18.666667	1	0.977875
18.683333	1	0.991875
18.700000	1	1.005750
18.716667	1	1.019875
18.733333	1	1.033500
18.750000	1	1.048250
18.766667	1	1.061625
18.783333	1	1.074000
18.800000	1	1.086000
18.816667	1	1.097125
18.833333	1	1.105750
18.850000	1	1.112750
18.866667	1	1.117875
18.883333	1	1.121000
18.900000	1	1.121625
18.916667	1	1.119375
18.933333	1	1.114125
18.950000	1	1.107250
18.966667	1	1.096625
18.983333	1	1.083875
19.000000	1	1.068125
19.016667	1	1.051125
19.033333	1	1.032000
19.050000	1	1.010875
19.066667	1	0.990625
19.083333	1	0.969625
19.100000	1	0.949750
19.116667	1	0.931000
19.133333	1	0.913875
19.150000	1	0.900625
19.166667	1	0.890750
19.183333	1	0.885250
19.200000	1	0.886125
19.216667	1	0.893875
19.233333	1	0.908375
19.250000	1	0.931250
19.266667	1	0.963500
19.283333	1	1.005875
19.300000	1	1.056625
19.316667	1	1.117250
19.333333	1	1.187250
19.350000	1	1.264125
19.366667	1	1.348250
19.383333	1	1.437875
19.400000	1	1.530500
19.416667	1	1.623250
19.433333	1	1.713875
19.450000	1	1.798875
19.466667	1	1.876375
19.483333	1	1.944375
19.500000	1	2.000375
19.516667	1	2.043750
19.533333	1	2.072875
19.550000	1	2.087125
19.566667	1	2.087250
19.583333	1	2.073750
19.600000	1	2.046625
19.616667	1	2.008250
19.633333	1	1.960000
19.650000	1	1.903625
19.666667	1	1.840500
19.683333	1	1.772750
19.700000	1	1.700875
19.716667	1	1.628875
19.733333	1	1.556500
19.750000	1	1.484000
19.766667	1	1.413250
19.783333	1	1.344625
19.800000	1	1.278500
19.816667	1	1.215125
19.833333	1	1.155750
19.850000	1	1.100250
19.866667	1	1.049500
19.883333	1	1.002500
19.900000	1	0.961875
19.916667	1	0.926000
19.933333	1	0.896125
19.950000	1	0.873250
19.966667	1	0.857875
19.983333	1	0.850125
20.000000	1	0.851125
20.016667	1	0.862000
20.033333	1	0.883375
20.050000	1	0.915875
20.066667	1	0.960250
20.083333	1	1.016625
20.100000	1	1.083625
20.116667	1	1.162625
20.133333	1	1.251000
20.150000	1	1.347500
20.166667	1	1.449875
20.183333	1	1.556500
20.200000	1	1.664000
20.216667	1	1.768625
20.233333	1	1.867250
20.250000	1	1.956250
20.266667	1	2.032000
20.283333	1	2.093500
20.300000	1	2.138125
20.316667	1	2.163875
20.333333	1	2.170750
20.350000	1	2.158625
20.366667	1	2.128500
20.383333	1	2.082125
20.400000	1	2.021000
20.416667	1	1.948375
20.433333	1	1.866000
20.450000	1	1.778500
20.466667	1	1.688000
20.483333	1	1.596000
20.500000	1	1.506625
20.516667	1	1.422750
20.533333	1	1.345250
20.550000	1	1.276000
20.566667	1	1.216375
20.583333	1	1.168375
20.600000	1	1.132250
20.616667	1	1.108625
20.633333	1	1.098875
20.650000	1	1.102000
20.666667	1	1.118000
20.683333	1	1.146625
20.700000	1	1.186750
20.716667	1	1.236500
20.733333	1	1.295000
20.750000	1	1.359500
20.766667	1	1.427875
20.783333	1	1.497750
20.800000	1	1.565875
20.816667	1	1.630000
20.833333	1	1.686625
20.850000	1	1.734750
20.866667	1	1.771750
20.883333	1	1.795375
20.900000	1	1.806875
20.916667	1	1.804250
20.933333	1	1.787750
20.950000	1	1.759125
20.966667	1	1.718250
20.983333	1	1.667500
21.000000	1	1.608500
21.016667	1	1.543000
21.033333	1	1.473875
21.050000	1	1.402000
21.066667	1	1.329625
21.083333	1	1.257750
21.100000	1	1.188625
21.116667	1	1.122125
21.133333	1	1.059375
21.150000	1	1.001250
21.166667	1	0.946500
21.183333	1	0.896875
21.200000	1	0.850750
21.216667	1	0.809000
21.233333	1	0.772125
21.250000	1	0.739125
21.266667	1	0.709500
21.283333	1	0.682625
21.300000	1	0.659500
21.316667	1	0.638625
21.333333	1	0.620500
21.350000	1	0.604625
21.366667	1	0.590125
21.383333	1	0.577000
21.400000	1	0.565625
21.416667	1	0.555750
21.433333	1	0.547375
21.450000	1	0.539625
21.466667	1	0.532500
21.483333	1	0.527750
21.500000	1	0.524000
21.516667	1	0.521000
21.533333	1	0.519500
21.550000	1	0.519125
21.566667	1	0.519750
21.583333	1	0.521875
21.600000	1	0.525875
21.616667	1	0.532250
21.633333	1	0.540125
21.650000	1	0.550250
21.666667	1	0.562000
21.683333	1	0.576375
21.700000	1	0.593375
21.716667	1	0.612625
21.733333	1	0.633500
21.750000	1	0.657000
21.766667	1	0.681625
21.783333	1	0.707625
21.800000	1	0.734125
21.816667	1	0.761125
21.833333	1	0.788500
21.850000	1	0.814500
21.866667	1	0.840750
21.883333	1	0.865125
21.900000	1	0.887500
21.916667	1	0.907625
21.933333	1	0.924625
21.950000	1	0.938625
21.966667	1	0.950625
21.983333	1	0.958375
22.000000	1	0.962875
22.016667	1	0.964125
22.033333	1	0.963250
22.050000	1	0.959125
22.066667	1	0.952625
22.083333	1	0.945000
22.100000	1	0.934000
22.116667	1	0.921875
22.133333	1	0.908875
22.150000	1	0.894750
22.166667	1	0.879000
22.183333	1	0.862750
22.200000	1	0.845750
22.216667	1	0.828875
22.233333	1	0.810625
22.250000	1	0.792375
22.266667	1	0.773375
22.283333	1	0.755125
22.300000	1	0.736125
22.316667	1	0.717625
22.333333	1	0.699375
22.350000	1	0.681375
22.366667	1	0.663125
22.383333	1	0.645500
22.400000	1	0.628375
22.416667	1	0.611750
22.433333	1	0.595750
22.450000	1	0.580625
22.466667	1	0.565875
22.483333	1	0.552500
22.500000	1	0.539750
22.516667	1	0.528750
22.533333	1	0.517875
22.550000	1	0.507875
22.566667	1	0.498250
22.583333	1	0.489625
22.600000	1	0.481500
22.616667	1	0.474250
22.633333	1	0.467125
22.650000	1	0.460875
22.666667	1	0.454500
22.683333	1	0.448375
22.700000	1	0.443125
22.716667	1	0.438000
22.733333	1	0.433500
22.750000	1	0.428500
22.766667	1	0.424750
22.783333	1	0.421125
22.800000	1	0.417375
22.816667	1	0.413250
22.833333	1	0.410625
22.850000	1	0.407750
22.866667	1	0.405125
22.883333	1	0.402500
22.900000	1	0.400625
22.916667	1	0.398750
22.933333	1	0.397500
22.950000	1	0.396750
22.966667	1	0.395000
22.983333	1	0.395000
23.000000	1	0.394625
23.016667	1	0.395375
23.033333	1	0.395625
23.050000	1	0.396000
23.066667	1	0.396750
23.083333	1	0.398000
23.100000	1	0.399500
23.116667	1	0.401125
23.133333	1	0.401875
23.150000	1	0.403750
23.166667	1	0.405750
23.183333	1	0.407125
23.200000	1	0.409375
23.216667	1	0.412250
23.233333	1	0.414625
23.250000	1	0.417250
23.266667	1	0.421625
23.283333	1	0.425625
23.300000	1	0.431875
23.316667	1	0.440000
23.333333	1	0.450125
23.350000	1	0.463750
23.366667	1	0.481250
23.383333	1	0.504000
23.400000	1	0.533375
23.416667	1	0.570250
23.433333	1	0.617125
23.450000	1	0.674000
23.466667	1	0.744000
23.483333	1	0.829125
23.500000	1	0.932000
23.516667	1	1.052125
23.533333	1	1.192375
23.550000	1	1.353750
23.566667	1	1.537250
23.583333	1	1.742500
23.600000	1	1.968750
23.616667	1	2.215375
23.633333	1	2.478375
23.650000	1	2.756250
23.666667	1	3.043750
23.683333	1	3.337625
23.700000	1	3.632375
23.716667	1	3.921000
23.733333	1	4.198500
23.750000	1	4.459000
23.766667	1	4.696000
23.783333	1	4.904875
23.800000	1	5.078250
23.816667	1	5.215000
23.833333	1	5.310750
23.850000	1	5.366000
23.866667	1	5.378500
23.883333	1	5.349625
23.900000	1	5.281125
23.916667	1	5.175250
23.933333	1	5.036125
23.950000	1	4.867625
23.966667	1	4.674250
23.983333	1	4.461250
24.000000	1	4.233000
24.016667	1	3.995250
24.033333	1	3.752500
24.050000	1	3.507625
24.066667	1	3.265125
24.083333	1	3.028250
24.100000	1	2.799250
24.116667	1	2.580250
24.133333	1	2.372125
24.150000	1	2.176000
24.166667	1	1.993375
24.183333	1	1.822375
24.200000	1	1.664875
24.216667	1	1.520125
24.233333	1	1.387750
24.250000	1	1.268125
24.266667	1	1.159375
24.283333	1	1.061500
24.300000	1	0.972750
24.316667	1	0.893625
24.333333	1	0.822750
24.350000	1	0.759875
24.366667	1	0.704125
24.383333	1	0.655500
24.400000	1	0.613000
24.416667	1	0.576500
24.433333	1	0.545125
24.450000	1	0.518375
24.466667	1	0.495500
24.483333	1	0.476375
24.500000	1	0.460500
24.516667	1	0.446125
24.533333	1	0.434750
24.550000	1	0.425375
24.566667	1	0.418250
24.583333	1	0.411875
24.600000	1	0.407000
24.616667	1	0.402250
24.633333	1	0.398875
24.650000	1	0.395375
24.666667	1	0.392625
24.683333	1	0.390125
24.700000	1	0.387375
24.716667	1	0.384625
24.733333	1	0.382250
24.750000	1	0.379875
24.766667	1	0.377750
24.783333	1	0.375250
24.800000	1	0.373125
24.816667	1	0.371125
24.833333	1	0.368750
24.850000	1	0.366750
24.866667	1	0.364875
24.883333	1	0.363000
24.900000	1	0.360875
24.916667	1	0.359250
24.933333	1	0.357875
24.950000	1	0.357500
24.966667	1	0.356875
24.983333	1	0.356000
25.000000	1	0.355000
25.016667	1	0.355000
25.033333	1	0.354625
25.050000	1	0.354375
25.066667	1	0.353875
25.083333	1	0.353375
25.100000	1	0.353625
25.116667	1	0.353625
25.133333	1	0.353250
25.150000	1	0.353000
25.166667	1	0.353250
25.183333	1	0.352750
25.200000	1	0.353250
25.216667	1	0.353000
25.233333	1	0.351875
25.250000	1	0.351750
25.266667	1	0.351125
25.283333	1	0.350750
25.300000	1	0.349750
25.316667	1	0.348625
25.333333	1	0.348125
25.350000	1	0.346875
25.366667	1	0.346500
25.383333	1	0.346000
25.400000	1	0.345500
25.416667	1	0.345250
25.433333	1	0.345000
25.450000	1	0.344250
25.466667	1	0.344250
25.483333	1	0.344375
25.500000	1	0.344625
25.516667	1	0.345875
25.533333	1	0.347250
25.550000	1	0.348000
25.566667	1	0.347875
25.583333	1	0.348500
25.600000	1	0.348500
25.616667	1	0.349000
25.633333	1	0.349500
25.650000	1	0.351000
25.666667	1	0.352500
25.683333	1	0.352625
25.700000	1	0.353000
25.716667	1	0.353750
25.733333	1	0.354875
25.750000	1	0.355500
25.766667	1	0.355875
25.783333	1	0.356625
25.800000	1	0.356875
25.816667	1	0.357250
25.833333	1	0.357500
25.850000	1	0.357625
25.866667	1	0.357625
25.883333	1	0.358750
25.900000	1	0.359625
25.916667	1	0.360125
25.933333	1	0.361000
25.950000	1	0.362125
25.966667	1	0.363625
25.983333	1	0.364125
26.000000	1	0.365625
26.016667	1	0.366250
26.033333	1	0.367875
26.050000	1	0.369250
26.066667	1	0.371750
26.083333	1	0.373500
26.100000	1	0.375875
26.116667	1	0.377500
26.133333	1	0.379750
26.150000	1	0.381875
26.166667	1	0.384500
26.183333	1	0.386875
26.200000	1	0.388750
26.216667	1	0.390500
26.233333	1	0.393125
26.250000	1	0.394500
26.266667	1	0.396125
26.283333	1	0.398000
26.300000	1	0.397875
26.316667	1	0.398750
26.333333	1	0.399625
26.350000	1	0.399625
26.366667	1	0.399375
26.383333	1	0.398625
26.400000	1	0.397125
26.416667	1	0.395625
26.433333	1	0.393500
26.450000	1	0.391000
26.466667	1	0.388875
26.483333	1	0.386000
26.500000	1	0.382625
26.516667	1	0.378750
26.533333	1	0.374500
26.550000	1	0.370000
26.566667	1	0.365625
26.583333	1	0.361000
26.600000	1	0.356875
26.616667	1	0.351375
26.633333	1	0.346750
26.650000	1	0.341875
26.666667	1	0.337500
26.683333	1	0.332750
26.700000	1	0.328000
26.716667	1	0.323875
26.733333	1	0.319375
26.750000	1	0.315625
26.766667	1	0.312375
26.783333	1	0.309125
26.800000	1	0.305750
26.816667	1	0.303000
26.833333	1	0.300375
26.850000	1	0.298125
26.866667	1	0.297250
26.883333	1	0.295875
26.900000	1	0.295375
26.916667	1	0.295125
26.933333	1	0.296000
26.950000	1	0.296000
26.966667	1	0.297000
26.983333	1	0.298875
27.000000	1	0.300250
27.016667	1	0.303000
27.033333	1	0.305375
27.050000	1	0.307750
27.066667	1	0.310750
27.083333	1	0.314250
27.100000	1	0.318125
27.116667	1	0.323750
27.133333	1	0.328750
27.150000	1	0.333750
27.166667	1	0.339750
27.183333	1	0.347000
27.200000	1	0.355625
27.216667	1	0.365750
27.233333	1	0.376750
27.250000	1	0.390750
27.266667	1	0.406000
27.283333	1	0.424500
27.300000	1	0.446250
27.316667	1	0.472375
27.333333	1	0.502000
27.350000	1	0.536750
27.366667	1	0.577750
27.383333	1	0.626750
27.400000	1	0.682625
27.416667	1	0.747125
27.433333	1	0.821375
27.450000	1	0.906000
27.466667	1	1.003000
27.483333	1	1.111750
27.500000	1	1.233250
27.516667	1	1.367750
27.533333	1	1.515375
27.550000	1	1.676750
27.566667	1	1.852000
27.583333	1	2.039000
27.600000	1	2.237500
27.616667	1	2.446250
27.633333	1	2.663500
27.650000	1	2.888250
27.666667	1	3.117875
27.683333	1	3.349125
27.700000	1	3.579625
27.716667	1	3.805750
27.733333	1	4.024250
27.750000	1	4.232500
27.766667	1	4.425875
27.783333	1	4.601875
27.800000	1	4.757125
27.816667	1	4.889500
27.833333	1	4.996375
27.850000	1	5.075875
27.866667	1	5.126750
27.883333	1	5.147250
27.900000	1	5.138750
27.916667	1	5.100250
27.933333	1	5.033000
27.950000	1	4.939250
27.966667	1	4.819875
27.983333	1	4.679125
28.000000	1	4.518625
28.016667	1	4.341250
28.033333	1	4.150375
28.050000	1	3.949250
28.066667	1	3.742125
28.083333	1	3.529500
28.100000	1	3.315625
28.116667	1	3.103375
28.133333	1	2.894875
28.150000	1	2.692000
28.166667	1	2.496375
28.183333	1	2.309375
28.200000	1	2.132000
28.216667	1	1.963875
28.233333	1	1.806375
28.250000	1	1.659750
28.266667	1	1.523625
28.283333	1	1.398000
28.300000	1	1.282500
28.316667	1	1.176500
28.333333	1	1.079875
28.350000	1	0.992500
28.366667	1	0.912625
28.383333	1	0.841125
28.400000	1	0.777250
28.416667	1	0.720750
28.433333	1	0.669625
28.450000	1	0.624625
28.466667	1	0.584875
28.483333	1	0.550500
28.500000	1	0.521125
28.516667	1	0.495875
28.533333	1	0.473875
28.550000	1	0.455750
28.566667	1	0.441625
28.583333	1	0.430750
28.600000	1	0.422125
28.616667	1	0.416375
28.633333	1	0.412750
28.650000	1	0.411000
28.666667	1	0.410625
28.683333	1	0.411625
28.700000	1	0.414250
28.716667	1	0.417875
28.733333	1	0.422500
28.750000	1	0.427125
28.766667	1	0.433250
28.783333	1	0.438625
28.800000	1	0.444875
28.816667	1	0.450625
28.833333	1	0.456375
28.850000	1	0.461250
28.866667	1	0.466000
28.883333	1	0.469750
28.900000	1	0.473125
28.916667	1	0.475250
28.933333	1	0.477000
28.950000	1	0.477875
28.966667	1	0.477125
28.983333	1	0.475500
29.000000	1	0.472875
29.016667	1	0.468500
29.033333	1	0.462875
29.050000	1	0.456125
29.066667	1	0.446875
29.083333	1	0.436500
29.100000	1	0.425000
29.116667	1	0.412000
29.133333	1	0.397250
29.150000	1	0.380875
29.166667	1	0.362250
29.183333	1	0.342125
29.200000	1	0.319750
29.216667	1	0.296250
29.233333	1	0.269375
29.250000	1	0.242000
29.266667	1	0.212375
29.283333	1	0.180250
29.300000	1	0.146625
29.316667	1	0.110875
29.333333	1	0.073000
29.350000	1	0.033375
29.366667	1	-0.008500
29.383333	1	-0.051375
29.400000	1	-0.095750
29.416667	1	-0.141875
29.433333	1	-0.189125
29.450000	1	-0.236625
29.466667	1	-0.284625
29.483333	1	-0.334000
29.500000	1	-0.383750
29.516667	1	-0.432500
29.533333	1	-0.480875
29.550000	1	-0.527375
29.566667	1	-0.572875
29.583333	1	-0.615500
29.600000	1	-0.656125
29.616667	1	-0.694375
29.633333	1	-0.729750
29.650000	1	-0.761875
29.666667	1	-0.790000
29.683333	1	-0.814625
29.700000	1	-0.835375
29.716667	1	-0.851500
29.733333	1	-0.864375
29.750000	1	-0.872500
29.766667	1	-0.876250
29.783333	1	-0.875000
29.800000	1	-0.870000
29.816667	1	-0.860625
29.833333	1	-0.847750
29.850000	1	-0.831375
29.866667	1	-0.812000
29.883333	1	-0.789250
29.900000	1	-0.764375
29.916667	1	-0.737000
29.933333	1	-0.707625
29.950000	1	-0.676750
29.966667	1	-0.645000
29.983333	1	-0.611375
30.000000	1	-0.577625
30.016667	1	-0.543500
30.033333	1	-0.509375
30.050000	1	-0.475625
30.066667	1	-0.443125
30.083333	1	-0.410250
30.100000	1	-0.378250
30.116667	1	-0.347250
30.133333	1	-0.317625
30.150000	1	-0.288750
30.166667	1	-0.261250
30.183333	1	-0.235000
30.200000	1	-0.209750
30.216667	1	-0.186500
30.233333	1	-0.164875
30.250000	1	-0.144625
30.266667	1	-0.124750
30.283333	1	-0.106500
30.300000	1	-0.089125
30.316667	1	-0.073375
30.333333	1	-0.058250
30.350000	1	-0.043875
30.366667	1	-0.030500
30.383333	1	-0.018625
30.400000	1	-0.006875
30.416667	1	0.003625
30.433333	1	0.014500
30.450000	1	0.024625
30.466667	1	0.033625
30.483333	1	0.042375
30.500000	1	0.051750
30.516667	1	0.059250
30.533333	1	0.067125
30.550000	1	0.075125
30.566667	1	0.083375
30.583333	1	0.091500
30.600000	1	0.099000
30.616667	1	0.107000
30.633333	1	0.114875
30.650000	1	0.123375
30.666667	1	0.131500
30.683333	1	0.139625
30.700000	1	0.148000
30.716667	1	0.157250
30.733333	1	0.166000
30.750000	1	0.174625
30.766667	1	0.184000
30.783333	1	0.192875
30.800000	1	0.202875
30.816667	1	0.213000
30.833333	1	0.223250
30.850000	1	0.233375
30.866667	1	0.243750
30.883333	1	0.254875
30.900000	1	0.266125
30.916667	1	0.278125
30.933333	1	0.291125
30.950000	1	0.304625
30.966667	1	0.319375
30.983333	1	0.335750
31.000000	1	0.354125
31.016667	1	0.374125
31.033333	1	0.396750
31.050000	1	0.422125
31.066667	1	0.450625
31.083333	1	0.482750
31.100000	1	0.519250
31.116667	1	0.560125
31.133333	1	0.605000
31.150000	1	0.656000
31.166667	1	0.712875
31.183333	1	0.776375
31.200000	1	0.846500
31.216667	1	0.922875
31.233333	1	1.006375
31.250000	1	1.097000
31.266667	1	1.193125
31.283333	1	1.296375
31.300000	1	1.404875
31.316667	1	1.519750
31.333333	1	1.639000
31.350000	1	1.762000
31.366667	1	1.886875
31.383333	1	2.013375
31.400000	1	2.141125
31.416667	1	2.267625
31.433333	1	2.392000
31.450000	1	2.512250
31.466667	1	2.626500
31.483333	1	2.734500
31.500000	1	2.834125
31.516667	1	2.923375
31.533333	1	3.002125
31.550000	1	3.069625
31.566667	1	3.124125
31.583333	1	3.164750
31.600000	1	3.192625
31.616667	1	3.205750
31.633333	1	3.205750
31.650000	1	3.191875
31.666667	1	3.165250
31.683333	1	3.125250
31.700000	1	3.074250
31.716667	1	3.011750
31.733333	1	2.939750
31.750000	1	2.858375
31.766667	1	2.770000
31.783333	1	2.674375
31.800000	1	2.573875
31.816667	1	2.469250
31.833333	1	2.361125
31.850000	1	2.251375
31.866667	1	2.140250
31.883333	1	2.030000
31.900000	1	1.920125
31.916667	1	1.811875
31.933333	1	1.706500
31.950000	1	1.604125
31.966667	1	1.504500
31.983333	1	1.408625
32.000000	1	1.316625
32.016667	1	1.228000
32.033333	1	1.143750
32.050000	1	1.063250
32.066667	1	0.986625
32.083333	1	0.914500
32.100000	1	0.846250
32.116667	1	0.782250
32.133333	1	0.721875
32.150000	1	0.665625
32.166667	1	0.613000
32.183333	1	0.563000
32.200000	1	0.516500
32.216667	1	0.472250
32.233333	1	0.432750
32.250000	1	0.395125
32.266667	1	0.359750
32.283333	1	0.327000
32.300000	1	0.297250
32.316667	1	0.269750
32.333333	1	0.244500
32.350000	1	0.221500
32.366667	1	0.200750
32.383333	1	0.181250
32.400000	1	0.163375
32.416667	1	0.147000
32.433333	1	0.132125
32.450000	1	0.118500
32.466667	1	0.106375
32.483333	1	0.095750
32.500000	1	0.085500
32.516667	1	0.076875
32.533333	1	0.068250
32.550000	1	0.061375
32.566667	1	0.055000
32.583333	1	0.049250
32.600000	1	0.043250
32.616667	1	0.039000
32.633333	1	0.034625
32.650000	1	0.031000
32.666667	1	0.027250
32.683333	1	0.023875
32.700000	1	0.020875
32.716667	1	0.018500
32.733333	1	0.016125
32.750000	1	0.013625
32.766667	1	0.011375
32.783333	1	0.009875
32.800000	1	0.008125
32.816667	1	0.006875
32.833333	1	0.005500
32.850000	1	0.004875
32.866667	1	0.003250
32.883333	1	0.002500
32.900000	1	0.001750
32.916667	1	0.001625
32.933333	1	0.000000
32.950000	1	0.000000
32.966667	1	-0.000625
32.983333	1	-0.001250
33.000000	1	-0.001250
33.016667	1	-0.001375
33.033333	1	-0.001625
33.050000	1	-0.001500
33.066667	1	-0.002000
33.083333	1	-0.002500
33.100000	1	-0.002875
33.116667	1	-0.003125
33.133333	1	-0.002875
33.150000	1	-0.003000
33.166667	1	-0.003125
33.183333	1	-0.002875
33.200000	1	-0.003875
33.216667	1	-0.004000
33.233333	1	-0.004750
33.250000	1	-0.005000
33.266667	1	-0.005250
33.283333	1	-0.005000
33.300000	1	-0.005375
33.316667	1	-0.005500
33.333333	1	-0.005375
33.350000	1	-0.005375
33.366667	1	-0.005500
33.383333	1	-0.005250
33.400000	1	-0.004875
33.416667	1	-0.005000
33.433333	1	-0.004875
33.450000	1	-0.004750
33.466667	1	-0.004000
33.483333	1	-0.003125
33.500000	1	-0.001875
33.516667	1	-0.001875
33.533333	1	-0.000125
33.550000	1	0.000500
33.566667	1	0.001875
33.583333	1	0.003250
33.600000	1	0.006000
33.616667	1	0.007875
33.633333	1	0.010000
33.650000	1	0.012750
33.666667	1	0.016250
33.683333	1	0.018750
33.700000	1	0.021500
33.716667	1	0.024375
33.733333	1	0.027750
33.750000	1	0.031250
33.766667	1	0.035000
33.783333	1	0.038000
33.800000	1	0.042250
33.816667	1	0.046500
33.833333	1	0.050250
33.850000	1	0.053625
33.866667	1	0.056750
33.883333	1	0.060875
33.900000	1	0.064250
33.916667	1	0.067375
33.933333	1	0.071000
33.950000	1	0.074125
33.966667	1	0.077500
33.983333	1	0.080125
34.000000	1	0.082625
34.016667	1	0.084750
34.033333	1	0.086625
34.050000	1	0.088625
34.066667	1	0.090000
34.083333	1	0.091125
34.100000	1	0.092750
34.116667	1	0.093750
34.133333	1	0.095125
34.150000	1	0.096750
34.166667	1	0.098125
34.183333	1	0.099500
34.200000	1	0.099875
34.216667	1	0.100250
34.233333	1	0.100750
34.250000	1	0.101625
34.266667	1	0.102375
34.283333	1	0.103250
34.300000	1	0.104375
34.316667	1	0.104625
34.333333	1	0.105375
34.350000	1	0.105875
34.366667	1	0.106625
34.383333	1	0.107500
34.400000	1	0.108500
34.416667	1	0.108875
34.433333	1	0.109625
34.450000	1	0.109375
34.466667	1	0.110000
34.483333	1	0.109500
34.500000	1	0.109750
34.516667	1	0.109875
34.533333	1	0.109750
34.550000	1	0.109875
34.566667	1	0.109500
34.583333	1	0.109250
34.600000	1	0.109125
34.616667	1	0.108375
34.633333	1	0.107125
34.650000	1	0.106875
34.666667	1	0.106000
34.683333	1	0.104625
34.700000	1	0.102750
34.716667	1	0.101625
34.733333	1	0.099750
34.750000	1	0.097500
34.766667	1	0.095000
34.783333	1	0.093125
34.800000	1	0.091375
34.816667	1	0.089375
34.833333	1	0.087250
34.850000	1	0.085125
34.866667	1	0.082750
34.883333	1	0.079375
34.900000	1	0.076500
34.916667	1	0.073750
34.933333	1	0.071000
34.950000	1	0.068375
34.966667	1	0.065375
34.983333	1	0.062875
35.000000	1	0.059750
35.016667	1	0.057000
35.033333	1	0.054125
35.050000	1	0.051250
35.066667	1	0.048500
35.083333	1	0.046250
35.100000	1	0.043375
35.116667	1	0.040625
35.133333	1	0.038250
35.150000	1	0.036125
35.166667	1	0.033750
35.183333	1	0.031500
35.200000	1	0.028875
35.216667	1	0.026500
35.233333	1	0.023875
35.250000	1	0.022250
35.266667	1	0.020250
35.283333	1	0.018625
35.300000	1	0.016875
35.316667	1	0.016000
35.333333	1	0.015125
35.350000	1	0.014250
35.366667	1	0.012625
35.383333	1	0.011750
35.400000	1	0.011625
35.416667	1	0.011250
35.433333	1	0.010750
35.450000	1	0.011000
35.466667	1	0.010125
35.483333	1	0.011000
35.500000	1	0.011875
35.516667	1	0.012750
35.533333	1	0.014125
35.550000	1	0.015375
35.566667	1	0.016625
35.583333	1	0.018500
35.600000	1	0.019625
35.616667	1	0.020000
35.633333	1	0.021625
35.650000	1	0.023625
35.666667	1	0.025250
35.683333	1	0.027625
35.700000	1	0.030250
35.716667	1	0.032750
35.733333	1	0.035000
35.750000	1	0.037625
35.766667	1	0.040125
35.783333	1	0.042875
35.800000	1	0.045250
35.816667	1	0.047875
35.833333	1	0.050750
35.850000	1	0.053625
35.866667	1	0.057125
35.883333	1	0.060250
35.900000	1	0.063125
35.916667	1	0.065625
35.933333	1	0.068875
35.950000	1	0.072375
35.966667	1	0.076125
35.983333	1	0.079375
36.000000	1	0.082250
36.016667	1	0.086250
36.033333	1	0.090125
36.050000	1	0.093500
36.066667	1	0.097250
36.083333	1	0.100500
36.100000	1	0.104125
36.116667	1	0.107125
36.133333	1	0.110250
36.150000	1	0.114000
36.166667	1	0.117375
36.183333	1	0.121125
36.200000	1	0.123875
36.216667	1	0.125625
36.233333	1	0.127750
36.250000	1	0.130375
36.266667	1	0.132500
36.283333	1	0.134250
36.300000	1	0.135375
36.316667	1	0.136750
36.333333	1	0.138125
36.350000	1	0.139750
36.366667	1	0.140875
36.383333	1	0.141125
36.400000	1	0.142000
36.416667	1	0.142000
36.433333	1	0.141500
36.450000	1	0.140875
36.466667	1	0.140875
36.483333	1	0.139875
36.500000	1	0.139250
36.516667	1	0.137500
36.533333	1	0.136250
36.550000	1	0.134375
36.566667	1	0.132375
36.583333	1	0.130000
36.600000	1	0.128000
36.616667	1	0.124375
36.633333	1	0.121625
36.650000	1	0.117500
36.666667	1	0.114000
36.683333	1	0.109750
36.700000	1	0.106125
36.716667	1	0.102125
36.733333	1	0.098125
36.750000	1	0.093750
36.766667	1	0.089875
36.783333	1	0.085625
36.800000	1	0.080750
36.816667	1	0.077125
36.833333	1	0.072500
36.850000	1	0.069125
36.866667	1	0.064875
36.883333	1	0.061250
36.900000	1	0.057625
36.916667	1	0.053875
36.933333	1	0.050000
36.950000	1	0.046750
36.966667	1	0.043250
36.983333	1	0.039375
37.000000	1	0.036125
37.016667	1	0.033500
37.033333	1	0.031125
37.050000	1	0.028875
37.066667	1	0.026875
37.083333	1	0.025375
37.100000	1	0.023750
37.116667	1	0.022375
37.133333	1	0.021125
37.150000	1	0.019500
37.166667	1	0.019250
37.183333	1	0.017875
37.200000	1	0.017125
37.216667	1	0.017000
37.233333	1	0.016750
37.250000	1	0.016250
37.266667	1	0.016500
37.283333	1	0.016000
37.300000	1	0.016250
37.316667	1	0.016500
37.333333	1	0.016750
37.350000	1	0.017000
37.366667	1	0.016750
37.383333	1	0.017500
37.400000	1	0.017750
37.416667	1	0.017875
37.433333	1	0.017375
37.450000	1	0.016875
37.466667	1	0.016875
37.483333	1	0.017625
37.500000	1	0.017500
37.516667	1	0.017000
37.533333	1	0.017000
37.550000	1	0.016875
37.566667	1	0.016125
37.583333	1	0.016875
37.600000	1	0.016750
37.616667	1	0.016500
37.633333	1	0.016125
37.650000	1	0.015750
37.666667	1	0.015125
37.683333	1	0.014750
37.700000	1	0.014375
37.716667	1	0.014250
37.733333	1	0.014500
37.750000	1	0.014625
37.766667	1	0.014625
37.783333	1	0.014125
37.800000	1	0.014125
37.816667	1	0.013500
37.833333	1	0.013500
37.850000	1	0.013500
37.866667	1	0.013875
37.883333	1	0.013500
37.900000	1	0.013375
37.916667	1	0.012750
37.933333	1	0.012875
37.950000	1	0.012875
37.966667	1	0.012125
37.983333	1	0.010875
38.000000	1	0.010375
38.016667	1	0.009000
38.033333	1	0.008500
38.050000	1	0.007750
38.066667	1	0.006750
38.083333	1	0.005000
38.100000	1	0.003500
38.116667	1	0.002375
38.133333	1	0.001125
38.150000	1	0.000000
38.166667	1	-0.001375
38.183333	1	-0.002375
38.200000	1	-0.004000
38.216667	1	-0.005375
38.233333	1	-0.007125
38.250000	1	-0.008000
38.266667	1	-0.009500
38.283333	1	-0.010000
38.300000	1	-0.010375
38.316667	1	-0.010625
38.333333	1	-0.011875
38.350000	1	-0.012000
38.366667	1	-0.013125
38.383333	1	-0.013625
38.400000	1	-0.014000
38.416667	1	-0.014250
38.433333	1	-0.014625
38.450000	1	-0.014750
38.466667	1	-0.014500
38.483333	1	-0.014375
38.500000	1	-0.014500
38.516667	1	-0.014375
38.533333	1	-0.014375
38.550000	1	-0.014875
38.566667	1	-0.015125
38.583333	1	-0.014625
38.600000	1	-0.014500
38.616667	1	-0.014625
38.633333	1	-0.014500
38.650000	1	-0.015125
38.666667	1	-0.015500
38.683333	1	-0.015625
38.700000	1	-0.016000
38.716667	1	-0.016125
38.733333	1	-0.016625
38.750000	1	-0.016875
38.766667	1	-0.016500
38.783333	1	-0.017125
38.800000	1	-0.017500
38.816667	1	-0.018250
38.833333	1	-0.018875
38.850000	1	-0.019000
38.866667	1	-0.018875
38.883333	1	-0.018750
38.900000	1	-0.018500
38.916667	1	-0.018500
38.933333	1	-0.017625
38.950000	1	-0.017875
38.966667	1	-0.017750
38.983333	1	-0.018000
39.000000	1	-0.016875
39.016667	1	-0.015750
39.033333	1	-0.014750
39.050000	1	-0.012875
39.066667	1	-0.011500
39.083333	1	-0.010000
39.100000	1	-0.008000
39.116667	1	-0.006375
39.133333	1	-0.005375
39.150000	1	-0.003625
39.166667	1	-0.002125
39.183333	1	-0.000125
39.200000	1	0.001625
39.216667	1	0.003625
39.233333	1	0.005750
39.250000	1	0.007750
39.266667	1	0.009750
39.283333	1	0.011500
39.300000	1	0.013750
39.316667	1	0.015375
39.333333	1	0.017000
39.350000	1	0.018500
39.366667	1	0.020750
39.383333	1	0.021875
39.400000	1	0.023375
39.416667	1	0.024375
39.433333	1	0.025875
39.450000	1	0.026125
39.466667	1	0.026500
39.483333	1	0.027375
39.500000	1	0.027500
39.516667	1	0.027875
39.533333	1	0.027625
39.550000	1	0.027000
39.566667	1	0.026750
39.583333	1	0.025875
39.600000	1	0.024250
39.616667	1	0.023125
39.633333	1	0.021250
39.650000	1	0.018625
39.666667	1	0.015875
39.683333	1	0.014000
39.700000	1	0.011250
39.716667	1	0.008500
39.733333	1	0.005750
39.750000	1	0.002500
39.766667	1	-0.001625
39.783333	1	-0.005125
39.800000	1	-0.008625
39.816667	1	-0.012125
39.833333	1	-0.015375
39.850000	1	-0.019250
39.866667	1	-0.022875
39.883333	1	-0.026375
39.900000	1	-0.029875
39.916667	1	-0.034000
39.933333	1	-0.037250
39.950000	1	-0.040500
39.966667	1	-0.043750
39.983333	1	-0.047000
40.000000	1	-0.050125
