URL	chrom://7040-86g6c92/XVault/Ultimate_3000/20/20240517_CMO_FP23_FP25_MarkusDeplate.seq/398.smp/RI_1.channel/RI_1.chm
Channel	RI_1

Injection Information:
Data Vault	XVault
Sequence	20240517_CMO_FP23_FP25_MarkusDeplate
Name	FP27_21_s5
Number	123
Position	BE5
Comment	
Processing Method	
Instrument Method	run_25B_method
Type	Unknown
Status	Finished
Inject Time	31.05.2024 06:39:32 +02:00
Volume (µl)	20.0000
Dilution Factor	1.0000
Weight	1.0000

Chromatogram Data Information:
Time Min. (min)	0.000000
Time Max. (min)	40.000000
Data Points	2401
Detector	RI
Generating Data System	Chromeleon 7.3.2.11814
Exporting Data System	Chromeleon 7.3.2.0
Operator	Instrument Controller
Signal Quantity	Refractive 
Signal Unit	µRIU
Signal Min.	-0.504375
Signal Max.	53.699875
Channel	RI_1
Driver Name	RID520Driver.dll
Channel Type	Evaluation
Min. Step (s)	1
Max. Step (s)	1
Average Step (s)	1

Signal Parameter Information:
Signal Info	

Chromatogram Data:
Time (min)	Step (s)	Value (µRIU)
0.000000	n.a.	-0.020750
0.016667	1	-0.020875
0.033333	1	-0.020750
0.050000	1	-0.020750
0.066667	1	-0.020375
0.083333	1	-0.020125
0.100000	1	-0.019125
0.116667	1	-0.019250
0.133333	1	-0.019250
0.150000	1	-0.019000
0.166667	1	-0.018750
0.183333	1	-0.018500
0.200000	1	-0.017750
0.216667	1	-0.017750
0.233333	1	-0.016750
0.250000	1	-0.016125
0.266667	1	-0.015375
0.283333	1	-0.014375
0.300000	1	-0.013625
0.316667	1	-0.012875
0.333333	1	-0.011375
0.350000	1	-0.010500
0.366667	1	-0.010000
0.383333	1	-0.009500
0.400000	1	-0.009750
0.416667	1	-0.008125
0.433333	1	-0.006250
0.450000	1	-0.003000
0.466667	1	0.000875
0.483333	1	0.004250
0.500000	1	0.007500
0.516667	1	0.009125
0.533333	1	0.011750
0.550000	1	0.014375
0.566667	1	0.015750
0.583333	1	0.016000
0.600000	1	0.016125
0.616667	1	0.016375
0.633333	1	0.016375
0.650000	1	0.017500
0.666667	1	0.019250
0.683333	1	0.021125
0.700000	1	0.022625
0.716667	1	0.024625
0.733333	1	0.026375
0.750000	1	0.028500
0.766667	1	0.031250
0.783333	1	0.032875
0.800000	1	0.035250
0.816667	1	0.037250
0.833333	1	0.039750
0.850000	1	0.041500
0.866667	1	0.043875
0.883333	1	0.045625
0.900000	1	0.047625
0.916667	1	0.049625
0.933333	1	0.052000
0.950000	1	0.054125
0.966667	1	0.056125
0.983333	1	0.057625
1.000000	1	0.059500
1.016667	1	0.060500
1.033333	1	0.062375
1.050000	1	0.063250
1.066667	1	0.064375
1.083333	1	0.065375
1.100000	1	0.065875
1.116667	1	0.066875
1.133333	1	0.067500
1.150000	1	0.067125
1.166667	1	0.066875
1.183333	1	0.067250
1.200000	1	0.067125
1.216667	1	0.066375
1.233333	1	0.065375
1.250000	1	0.064750
1.266667	1	0.063500
1.283333	1	0.062750
1.300000	1	0.061375
1.316667	1	0.059250
1.333333	1	0.057625
1.350000	1	0.055750
1.366667	1	0.053250
1.383333	1	0.051875
1.400000	1	0.050000
1.416667	1	0.047750
1.433333	1	0.046125
1.450000	1	0.044250
1.466667	1	0.042375
1.483333	1	0.041125
1.500000	1	0.039625
1.516667	1	0.037250
1.533333	1	0.035000
1.550000	1	0.033250
1.566667	1	0.032125
1.583333	1	0.029875
1.600000	1	0.028875
1.616667	1	0.027625
1.633333	1	0.026750
1.650000	1	0.025875
1.666667	1	0.024625
1.683333	1	0.023500
1.700000	1	0.022625
1.716667	1	0.021250
1.733333	1	0.020875
1.750000	1	0.020250
1.766667	1	0.020375
1.783333	1	0.020250
1.800000	1	0.020750
1.816667	1	0.020000
1.833333	1	0.020000
1.850000	1	0.020875
1.866667	1	0.020875
1.883333	1	0.021125
1.900000	1	0.022000
1.916667	1	0.023625
1.933333	1	0.024500
1.950000	1	0.025125
1.966667	1	0.025875
1.983333	1	0.026875
2.000000	1	0.027750
2.016667	1	0.028875
2.033333	1	0.029875
2.050000	1	0.030250
2.066667	1	0.031250
2.083333	1	0.031625
2.100000	1	0.031750
2.116667	1	0.031750
2.133333	1	0.031500
2.150000	1	0.031625
2.166667	1	0.031250
2.183333	1	0.030125
2.200000	1	0.029750
2.216667	1	0.028875
2.233333	1	0.027625
2.250000	1	0.026250
2.266667	1	0.024875
2.283333	1	0.022625
2.300000	1	0.020500
2.316667	1	0.018125
2.333333	1	0.016250
2.350000	1	0.012750
2.366667	1	0.010375
2.383333	1	0.007500
2.400000	1	0.004250
2.416667	1	0.001500
2.433333	1	-0.001375
2.450000	1	-0.004250
2.466667	1	-0.007500
2.483333	1	-0.011125
2.500000	1	-0.014125
2.516667	1	-0.017000
2.533333	1	-0.019250
2.550000	1	-0.021000
2.566667	1	-0.024125
2.583333	1	-0.026125
2.600000	1	-0.027875
2.616667	1	-0.029375
2.633333	1	-0.030500
2.650000	1	-0.031750
2.666667	1	-0.032500
2.683333	1	-0.033500
2.700000	1	-0.034375
2.716667	1	-0.034750
2.733333	1	-0.035125
2.750000	1	-0.035500
2.766667	1	-0.035625
2.783333	1	-0.035375
2.800000	1	-0.035250
2.816667	1	-0.035875
2.833333	1	-0.036000
2.850000	1	-0.036000
2.866667	1	-0.035750
2.883333	1	-0.036500
2.900000	1	-0.037750
2.916667	1	-0.037375
2.933333	1	-0.036625
2.950000	1	-0.036625
2.966667	1	-0.036375
2.983333	1	-0.035875
3.000000	1	-0.036125
3.016667	1	-0.036000
3.033333	1	-0.034875
3.050000	1	-0.034250
3.066667	1	-0.034250
3.083333	1	-0.033625
3.100000	1	-0.033750
3.116667	1	-0.034000
3.133333	1	-0.032625
3.150000	1	-0.031625
3.166667	1	-0.030375
3.183333	1	-0.029125
3.200000	1	-0.027750
3.216667	1	-0.026375
3.233333	1	-0.025250
3.250000	1	-0.024125
3.266667	1	-0.023500
3.283333	1	-0.021625
3.300000	1	-0.019875
3.316667	1	-0.017875
3.333333	1	-0.016500
3.350000	1	-0.014625
3.366667	1	-0.013500
3.383333	1	-0.011875
3.400000	1	-0.009750
3.416667	1	-0.007750
3.433333	1	-0.006250
3.450000	1	-0.004250
3.466667	1	-0.003000
3.483333	1	-0.001250
3.500000	1	0.000625
3.516667	1	0.002250
3.533333	1	0.004125
3.550000	1	0.005750
3.566667	1	0.007750
3.583333	1	0.009250
3.600000	1	0.010625
3.616667	1	0.012625
3.633333	1	0.014625
3.650000	1	0.015875
3.666667	1	0.017500
3.683333	1	0.019000
3.700000	1	0.020625
3.716667	1	0.021500
3.733333	1	0.022750
3.750000	1	0.024125
3.766667	1	0.024500
3.783333	1	0.025500
3.800000	1	0.026500
3.816667	1	0.027250
3.833333	1	0.028125
3.850000	1	0.029125
3.866667	1	0.030000
3.883333	1	0.030250
3.900000	1	0.031000
3.916667	1	0.031750
3.933333	1	0.031625
3.950000	1	0.032500
3.966667	1	0.032750
3.983333	1	0.032625
4.000000	1	0.033125
4.016667	1	0.033500
4.033333	1	0.034000
4.050000	1	0.034625
4.066667	1	0.034375
4.083333	1	0.034750
4.100000	1	0.035125
4.116667	1	0.035500
4.133333	1	0.035750
4.150000	1	0.035875
4.166667	1	0.036000
4.183333	1	0.036125
4.200000	1	0.035875
4.216667	1	0.035625
4.233333	1	0.035250
4.250000	1	0.036625
4.266667	1	0.036375
4.283333	1	0.036000
4.300000	1	0.036125
4.316667	1	0.036000
4.333333	1	0.035500
4.350000	1	0.035875
4.366667	1	0.035625
4.383333	1	0.035000
4.400000	1	0.035000
4.416667	1	0.034625
4.433333	1	0.034250
4.450000	1	0.034125
4.466667	1	0.033875
4.483333	1	0.033625
4.500000	1	0.033750
4.516667	1	0.033125
4.533333	1	0.033750
4.550000	1	0.034125
4.566667	1	0.034625
4.583333	1	0.034875
4.600000	1	0.035250
4.616667	1	0.035625
4.633333	1	0.036875
4.650000	1	0.037500
4.666667	1	0.038375
4.683333	1	0.039750
4.700000	1	0.040250
4.716667	1	0.042250
4.733333	1	0.043250
4.750000	1	0.044875
4.766667	1	0.046250
4.783333	1	0.047875
4.800000	1	0.050000
4.816667	1	0.052375
4.833333	1	0.054625
4.850000	1	0.057000
4.866667	1	0.059375
4.883333	1	0.062625
4.900000	1	0.065875
4.916667	1	0.069000
4.933333	1	0.071500
4.950000	1	0.075000
4.966667	1	0.078875
4.983333	1	0.082000
5.000000	1	0.085375
5.016667	1	0.089125
5.033333	1	0.093250
5.050000	1	0.097375
5.066667	1	0.102625
5.083333	1	0.107125
5.100000	1	0.112375
5.116667	1	0.116250
5.133333	1	0.121250
5.150000	1	0.127250
5.166667	1	0.132750
5.183333	1	0.137750
5.200000	1	0.142875
5.216667	1	0.148375
5.233333	1	0.153875
5.250000	1	0.159250
5.266667	1	0.164250
5.283333	1	0.169500
5.300000	1	0.175000
5.316667	1	0.179125
5.333333	1	0.183500
5.350000	1	0.187750
5.366667	1	0.191625
5.383333	1	0.195500
5.400000	1	0.199000
5.416667	1	0.203375
5.433333	1	0.206750
5.450000	1	0.210125
5.466667	1	0.213250
5.483333	1	0.216250
5.500000	1	0.218250
5.516667	1	0.220375
5.533333	1	0.222875
5.550000	1	0.225500
5.566667	1	0.228000
5.583333	1	0.230750
5.600000	1	0.232875
5.616667	1	0.234750
5.633333	1	0.236125
5.650000	1	0.238250
5.666667	1	0.239875
5.683333	1	0.240875
5.700000	1	0.242750
5.716667	1	0.243250
5.733333	1	0.243875
5.750000	1	0.244625
5.766667	1	0.245750
5.783333	1	0.246625
5.800000	1	0.247250
5.816667	1	0.247125
5.833333	1	0.246750
5.850000	1	0.246500
5.866667	1	0.245625
5.883333	1	0.244750
5.900000	1	0.243625
5.916667	1	0.241500
5.933333	1	0.240000
5.950000	1	0.238000
5.966667	1	0.235500
5.983333	1	0.232625
6.000000	1	0.229875
6.016667	1	0.226250
6.033333	1	0.222875
6.050000	1	0.219500
6.066667	1	0.215875
6.083333	1	0.212250
6.100000	1	0.208125
6.116667	1	0.203750
6.133333	1	0.199625
6.150000	1	0.195375
6.166667	1	0.191375
6.183333	1	0.187625
6.200000	1	0.183625
6.216667	1	0.179375
6.233333	1	0.174875
6.250000	1	0.170625
6.266667	1	0.167000
6.283333	1	0.163375
6.300000	1	0.160250
6.316667	1	0.157125
6.333333	1	0.153500
6.350000	1	0.151000
6.366667	1	0.148000
6.383333	1	0.145875
6.400000	1	0.143875
6.416667	1	0.141750
6.433333	1	0.139125
6.450000	1	0.136875
6.466667	1	0.134875
6.483333	1	0.133625
6.500000	1	0.132000
6.516667	1	0.130000
6.533333	1	0.128500
6.550000	1	0.126750
6.566667	1	0.125500
6.583333	1	0.123750
6.600000	1	0.122375
6.616667	1	0.120500
6.633333	1	0.119250
6.650000	1	0.117625
6.666667	1	0.116250
6.683333	1	0.114500
6.700000	1	0.112750
6.716667	1	0.110875
6.733333	1	0.109375
6.750000	1	0.107625
6.766667	1	0.106375
6.783333	1	0.104750
6.800000	1	0.103250
6.816667	1	0.101375
6.833333	1	0.099250
6.850000	1	0.097875
6.866667	1	0.096375
6.883333	1	0.095500
6.900000	1	0.094750
6.916667	1	0.093500
6.933333	1	0.092125
6.950000	1	0.090875
6.966667	1	0.090500
6.983333	1	0.090000
7.000000	1	0.089500
7.016667	1	0.089250
7.033333	1	0.088500
7.050000	1	0.088125
7.066667	1	0.088250
7.083333	1	0.088500
7.100000	1	0.089250
7.116667	1	0.089500
7.133333	1	0.090875
7.150000	1	0.091875
7.166667	1	0.093125
7.183333	1	0.094250
7.200000	1	0.095875
7.216667	1	0.097125
7.233333	1	0.098375
7.250000	1	0.099625
7.266667	1	0.101000
7.283333	1	0.102375
7.300000	1	0.104750
7.316667	1	0.106625
7.333333	1	0.109000
7.350000	1	0.110750
7.366667	1	0.112750
7.383333	1	0.114625
7.400000	1	0.116500
7.416667	1	0.117375
7.433333	1	0.118250
7.450000	1	0.120000
7.466667	1	0.121000
7.483333	1	0.122375
7.500000	1	0.122375
7.516667	1	0.123000
7.533333	1	0.123625
7.550000	1	0.124000
7.566667	1	0.123500
7.583333	1	0.123875
7.600000	1	0.123125
7.616667	1	0.121750
7.633333	1	0.120500
7.650000	1	0.118625
7.666667	1	0.116875
7.683333	1	0.115125
7.700000	1	0.113625
7.716667	1	0.111625
7.733333	1	0.108625
7.750000	1	0.106375
7.766667	1	0.103625
7.783333	1	0.100875
7.800000	1	0.097750
7.816667	1	0.094625
7.833333	1	0.092000
7.850000	1	0.089250
7.866667	1	0.085750
7.883333	1	0.082500
7.900000	1	0.080125
7.916667	1	0.076625
7.933333	1	0.073250
7.950000	1	0.070500
7.966667	1	0.066750
7.983333	1	0.063750
8.000000	1	0.061000
8.016667	1	0.057625
8.033333	1	0.054375
8.050000	1	0.051375
8.066667	1	0.048000
8.083333	1	0.044375
8.100000	1	0.041500
8.116667	1	0.038625
8.133333	1	0.036125
8.150000	1	0.033750
8.166667	1	0.030375
8.183333	1	0.027375
8.200000	1	0.024750
8.216667	1	0.022125
8.233333	1	0.019500
8.250000	1	0.016500
8.266667	1	0.014500
8.283333	1	0.011500
8.300000	1	0.008625
8.316667	1	0.005375
8.333333	1	0.001875
8.350000	1	-0.000375
8.366667	1	-0.002750
8.383333	1	-0.004875
8.400000	1	-0.007250
8.416667	1	-0.009875
8.433333	1	-0.011875
8.450000	1	-0.013875
8.466667	1	-0.016000
8.483333	1	-0.017250
8.500000	1	-0.018125
8.516667	1	-0.019500
8.533333	1	-0.021750
8.550000	1	-0.023000
8.566667	1	-0.023125
8.583333	1	-0.024000
8.600000	1	-0.023750
8.616667	1	-0.024500
8.633333	1	-0.024125
8.650000	1	-0.023000
8.666667	1	-0.021750
8.683333	1	-0.021250
8.700000	1	-0.020250
8.716667	1	-0.018625
8.733333	1	-0.016625
8.750000	1	-0.014375
8.766667	1	-0.011625
8.783333	1	-0.008625
8.800000	1	-0.005875
8.816667	1	-0.002625
8.833333	1	-0.000375
8.850000	1	0.002375
8.866667	1	0.006000
8.883333	1	0.008875
8.900000	1	0.012375
8.916667	1	0.016125
8.933333	1	0.018875
8.950000	1	0.022000
8.966667	1	0.024625
8.983333	1	0.027500
9.000000	1	0.030000
9.016667	1	0.032500
9.033333	1	0.034625
9.050000	1	0.036000
9.066667	1	0.037625
9.083333	1	0.039000
9.100000	1	0.039500
9.116667	1	0.040375
9.133333	1	0.041875
9.150000	1	0.042000
9.166667	1	0.041750
9.183333	1	0.041375
9.200000	1	0.041250
9.216667	1	0.039500
9.233333	1	0.038875
9.250000	1	0.037750
9.266667	1	0.035500
9.283333	1	0.034375
9.300000	1	0.033125
9.316667	1	0.030750
9.333333	1	0.028875
9.350000	1	0.026750
9.366667	1	0.024625
9.383333	1	0.022000
9.400000	1	0.020375
9.416667	1	0.018375
9.433333	1	0.016375
9.450000	1	0.014125
9.466667	1	0.011875
9.483333	1	0.009625
9.500000	1	0.008125
9.516667	1	0.006125
9.533333	1	0.003750
9.550000	1	0.001625
9.566667	1	-0.000625
9.583333	1	-0.003375
9.600000	1	-0.005750
9.616667	1	-0.008000
9.633333	1	-0.010250
9.650000	1	-0.012750
9.666667	1	-0.014375
9.683333	1	-0.016250
9.700000	1	-0.018250
9.716667	1	-0.020000
9.733333	1	-0.021500
9.750000	1	-0.022875
9.766667	1	-0.024500
9.783333	1	-0.026250
9.800000	1	-0.028375
9.816667	1	-0.030375
9.833333	1	-0.032625
9.850000	1	-0.034750
9.866667	1	-0.037000
9.883333	1	-0.039250
9.900000	1	-0.040375
9.916667	1	-0.041500
9.933333	1	-0.042375
9.950000	1	-0.043875
9.966667	1	-0.044375
9.983333	1	-0.044875
10.000000	1	-0.045125
10.016667	1	-0.044750
10.033333	1	-0.043375
10.050000	1	-0.041375
10.066667	1	-0.037625
10.083333	1	-0.033750
10.100000	1	-0.029500
10.116667	1	-0.023875
10.133333	1	-0.017000
10.150000	1	-0.009875
10.166667	1	-0.001500
10.183333	1	0.008250
10.200000	1	0.019250
10.216667	1	0.032000
10.233333	1	0.046125
10.250000	1	0.061375
10.266667	1	0.079125
10.283333	1	0.099625
10.300000	1	0.122625
10.316667	1	0.148125
10.333333	1	0.176000
10.350000	1	0.207000
10.366667	1	0.240000
10.383333	1	0.273750
10.400000	1	0.305750
10.416667	1	0.333125
10.433333	1	0.348750
10.450000	1	0.345875
10.466667	1	0.318875
10.483333	1	0.269250
10.500000	1	0.209375
10.516667	1	0.169250
10.533333	1	0.199500
10.550000	1	0.369500
10.566667	1	0.759750
10.583333	1	1.455625
10.600000	1	2.535250
10.616667	1	4.062125
10.633333	1	6.082500
10.650000	1	8.620375
10.666667	1	11.685875
10.683333	1	15.264875
10.700000	1	19.323625
10.716667	1	23.799500
10.733333	1	28.593625
10.750000	1	33.553500
10.766667	1	38.461125
10.783333	1	43.022875
10.800000	1	46.878000
10.816667	1	49.632750
10.833333	1	50.939500
10.850000	1	50.597750
10.866667	1	48.622125
10.883333	1	45.256625
10.900000	1	40.906500
10.916667	1	36.041875
10.933333	1	31.086625
10.950000	1	26.361750
10.966667	1	22.069625
10.983333	1	18.310250
11.000000	1	15.108875
11.016667	1	12.443625
11.033333	1	10.264500
11.050000	1	8.509375
11.066667	1	7.108750
11.083333	1	5.998750
11.100000	1	5.120125
11.116667	1	4.424625
11.133333	1	3.871000
11.150000	1	3.427500
11.166667	1	3.068875
11.183333	1	2.775875
11.200000	1	2.532750
11.216667	1	2.328625
11.233333	1	2.155625
11.250000	1	2.007375
11.266667	1	1.879375
11.283333	1	1.767125
11.300000	1	1.669250
11.316667	1	1.582500
11.333333	1	1.505375
11.350000	1	1.437500
11.366667	1	1.376500
11.383333	1	1.322250
11.400000	1	1.274375
11.416667	1	1.230875
11.433333	1	1.192625
11.450000	1	1.158875
11.466667	1	1.128625
11.483333	1	1.100375
11.500000	1	1.075125
11.516667	1	1.051375
11.533333	1	1.029875
11.550000	1	1.010625
11.566667	1	0.993250
11.583333	1	0.977000
11.600000	1	0.961375
11.616667	1	0.948000
11.633333	1	0.935500
11.650000	1	0.924375
11.666667	1	0.913875
11.683333	1	0.904000
11.700000	1	0.895500
11.716667	1	0.889625
11.733333	1	0.883625
11.750000	1	0.879125
11.766667	1	0.875750
11.783333	1	0.873375
11.800000	1	0.871875
11.816667	1	0.871500
11.833333	1	0.871375
11.850000	1	0.872375
11.866667	1	0.874000
11.883333	1	0.876125
11.900000	1	0.879125
11.916667	1	0.883250
11.933333	1	0.887375
11.950000	1	0.892250
11.966667	1	0.897250
11.983333	1	0.902875
12.000000	1	0.909500
12.016667	1	0.916625
12.033333	1	0.923875
12.050000	1	0.931625
12.066667	1	0.939625
12.083333	1	0.947625
12.100000	1	0.955625
12.116667	1	0.963375
12.133333	1	0.971250
12.150000	1	0.978750
12.166667	1	0.985750
12.183333	1	0.992375
12.200000	1	0.999625
12.216667	1	1.006500
12.233333	1	1.013750
12.250000	1	1.022125
12.266667	1	1.031375
12.283333	1	1.041625
12.300000	1	1.053875
12.316667	1	1.067500
12.333333	1	1.084875
12.350000	1	1.107000
12.366667	1	1.135375
12.383333	1	1.173125
12.400000	1	1.223625
12.416667	1	1.291750
12.433333	1	1.383875
12.450000	1	1.506875
12.466667	1	1.667500
12.483333	1	1.873875
12.500000	1	2.130375
12.516667	1	2.441500
12.533333	1	2.805625
12.550000	1	3.219000
12.566667	1	3.673000
12.583333	1	4.155750
12.600000	1	4.652375
12.616667	1	5.143125
12.633333	1	5.611750
12.650000	1	6.039250
12.666667	1	6.410125
12.683333	1	6.711250
12.700000	1	6.934500
12.716667	1	7.075375
12.733333	1	7.132625
12.750000	1	7.111125
12.766667	1	7.020375
12.783333	1	6.870375
12.800000	1	6.674000
12.816667	1	6.441875
12.833333	1	6.187250
12.850000	1	5.917875
12.866667	1	5.641000
12.883333	1	5.362000
12.900000	1	5.087000
12.916667	1	4.818625
12.933333	1	4.559875
12.950000	1	4.315250
12.966667	1	4.086125
12.983333	1	3.874250
13.000000	1	3.679875
13.016667	1	3.503125
13.033333	1	3.344250
13.050000	1	3.201875
13.066667	1	3.074250
13.083333	1	2.960000
13.100000	1	2.856250
13.116667	1	2.762125
13.133333	1	2.677500
13.150000	1	2.600125
13.166667	1	2.528875
13.183333	1	2.462750
13.200000	1	2.401000
13.216667	1	2.342750
13.233333	1	2.287750
13.250000	1	2.235500
13.266667	1	2.185500
13.283333	1	2.138125
13.300000	1	2.092375
13.316667	1	2.048500
13.333333	1	2.006125
13.350000	1	1.967125
13.366667	1	1.929875
13.383333	1	1.893750
13.400000	1	1.860625
13.416667	1	1.830125
13.433333	1	1.802500
13.450000	1	1.777875
13.466667	1	1.755875
13.483333	1	1.736500
13.500000	1	1.719875
13.516667	1	1.705500
13.533333	1	1.692500
13.550000	1	1.682000
13.566667	1	1.672875
13.583333	1	1.663750
13.600000	1	1.654500
13.616667	1	1.644500
13.633333	1	1.633250
13.650000	1	1.620625
13.666667	1	1.606125
13.683333	1	1.590250
13.700000	1	1.572500
13.716667	1	1.552875
13.733333	1	1.532250
13.750000	1	1.511250
13.766667	1	1.490625
13.783333	1	1.469625
13.800000	1	1.448625
13.816667	1	1.429625
13.833333	1	1.409875
13.850000	1	1.392000
13.866667	1	1.374500
13.883333	1	1.358000
13.900000	1	1.341875
13.916667	1	1.326875
13.933333	1	1.312750
13.950000	1	1.299000
13.966667	1	1.286000
13.983333	1	1.272625
14.000000	1	1.260875
14.016667	1	1.248500
14.033333	1	1.236750
14.050000	1	1.225750
14.066667	1	1.215125
14.083333	1	1.204500
14.100000	1	1.194000
14.116667	1	1.183000
14.133333	1	1.172875
14.150000	1	1.162750
14.166667	1	1.153875
14.183333	1	1.145375
14.200000	1	1.137875
14.216667	1	1.131250
14.233333	1	1.125250
14.250000	1	1.120625
14.266667	1	1.116625
14.283333	1	1.114375
14.300000	1	1.113750
14.316667	1	1.114125
14.333333	1	1.117250
14.350000	1	1.121875
14.366667	1	1.128875
14.383333	1	1.138875
14.400000	1	1.151625
14.416667	1	1.169625
14.433333	1	1.194500
14.450000	1	1.231750
14.466667	1	1.286125
14.483333	1	1.368625
14.500000	1	1.492125
14.516667	1	1.677000
14.533333	1	1.948000
14.550000	1	2.339750
14.566667	1	2.893125
14.583333	1	3.657125
14.600000	1	4.686000
14.616667	1	6.039375
14.633333	1	7.777250
14.650000	1	9.950375
14.666667	1	12.595125
14.683333	1	15.723500
14.700000	1	19.313625
14.716667	1	23.305500
14.733333	1	27.604750
14.750000	1	32.080125
14.766667	1	36.569500
14.783333	1	40.882250
14.800000	1	44.828125
14.816667	1	48.225250
14.833333	1	50.911625
14.850000	1	52.761000
14.866667	1	53.698250
14.883333	1	53.699875
14.900000	1	52.801375
14.916667	1	51.085500
14.933333	1	48.675625
14.950000	1	45.718875
14.966667	1	42.374750
14.983333	1	38.802750
15.000000	1	35.145375
15.016667	1	31.522500
15.033333	1	28.030375
15.050000	1	24.740125
15.066667	1	21.698125
15.083333	1	18.933000
15.100000	1	16.454875
15.116667	1	14.260250
15.133333	1	12.333500
15.150000	1	10.655125
15.166667	1	9.201625
15.183333	1	7.950750
15.200000	1	6.878125
15.216667	1	5.962375
15.233333	1	5.183750
15.250000	1	4.525000
15.266667	1	3.971000
15.283333	1	3.509000
15.300000	1	3.127125
15.316667	1	2.813875
15.333333	1	2.561625
15.350000	1	2.360750
15.366667	1	2.204750
15.383333	1	2.084875
15.400000	1	1.995125
15.416667	1	1.928500
15.433333	1	1.879500
15.450000	1	1.842875
15.466667	1	1.813875
15.483333	1	1.789125
15.500000	1	1.764500
15.516667	1	1.738875
15.533333	1	1.708750
15.550000	1	1.675250
15.566667	1	1.638375
15.583333	1	1.597375
15.600000	1	1.555125
15.616667	1	1.511875
15.633333	1	1.467875
15.650000	1	1.425125
15.666667	1	1.384125
15.683333	1	1.346000
15.700000	1	1.310500
15.716667	1	1.278250
15.733333	1	1.248250
15.750000	1	1.220875
15.766667	1	1.196750
15.783333	1	1.175000
15.800000	1	1.154875
15.816667	1	1.136500
15.833333	1	1.119750
15.850000	1	1.105750
15.866667	1	1.093125
15.883333	1	1.081625
15.900000	1	1.072125
15.916667	1	1.064125
15.933333	1	1.057875
15.950000	1	1.053750
15.966667	1	1.050125
15.983333	1	1.047500
16.000000	1	1.046375
16.016667	1	1.046375
16.033333	1	1.046875
16.050000	1	1.047750
16.066667	1	1.048250
16.083333	1	1.049375
16.100000	1	1.050875
16.116667	1	1.051125
16.133333	1	1.051750
16.150000	1	1.051875
16.166667	1	1.052000
16.183333	1	1.050625
16.200000	1	1.048500
16.216667	1	1.046125
16.233333	1	1.042250
16.250000	1	1.037625
16.266667	1	1.032625
16.283333	1	1.026500
16.300000	1	1.019875
16.316667	1	1.011875
16.333333	1	1.005000
16.350000	1	0.997750
16.366667	1	0.990625
16.383333	1	0.984125
16.400000	1	0.978375
16.416667	1	0.973500
16.433333	1	0.969500
16.450000	1	0.966500
16.466667	1	0.964500
16.483333	1	0.963500
16.500000	1	0.963000
16.516667	1	0.962625
16.533333	1	0.961875
16.550000	1	0.961875
16.566667	1	0.960625
16.583333	1	0.959625
16.600000	1	0.958750
16.616667	1	0.957875
16.633333	1	0.956500
16.650000	1	0.955250
16.666667	1	0.954750
16.683333	1	0.956125
16.700000	1	0.958250
16.716667	1	0.961375
16.733333	1	0.965500
16.750000	1	0.971625
16.766667	1	0.979750
16.783333	1	0.989125
16.800000	1	0.999125
16.816667	1	1.009375
16.833333	1	1.020125
16.850000	1	1.029625
16.866667	1	1.038000
16.883333	1	1.044625
16.900000	1	1.049250
16.916667	1	1.051750
16.933333	1	1.052750
16.950000	1	1.051250
16.966667	1	1.047750
16.983333	1	1.042125
17.000000	1	1.035000
17.016667	1	1.026875
17.033333	1	1.018250
17.050000	1	1.008000
17.066667	1	0.998125
17.083333	1	0.988125
17.100000	1	0.977875
17.116667	1	0.968250
17.133333	1	0.959875
17.150000	1	0.952125
17.166667	1	0.944750
17.183333	1	0.939500
17.200000	1	0.935000
17.216667	1	0.931125
17.233333	1	0.927625
17.250000	1	0.925875
17.266667	1	0.924375
17.283333	1	0.924625
17.300000	1	0.925375
17.316667	1	0.927250
17.333333	1	0.930125
17.350000	1	0.933750
17.366667	1	0.937500
17.383333	1	0.942125
17.400000	1	0.947375
17.416667	1	0.952500
17.433333	1	0.957250
17.450000	1	0.962000
17.466667	1	0.965000
17.483333	1	0.967250
17.500000	1	0.968875
17.516667	1	0.969500
17.533333	1	0.968750
17.550000	1	0.967625
17.566667	1	0.964625
17.583333	1	0.960000
17.600000	1	0.955875
17.616667	1	0.950500
17.633333	1	0.944250
17.650000	1	0.936500
17.666667	1	0.929250
17.683333	1	0.921750
17.700000	1	0.914250
17.716667	1	0.906625
17.733333	1	0.898250
17.750000	1	0.890375
17.766667	1	0.882625
17.783333	1	0.875750
17.800000	1	0.868750
17.816667	1	0.862500
17.833333	1	0.855625
17.850000	1	0.849500
17.866667	1	0.843125
17.883333	1	0.837125
17.900000	1	0.831125
17.916667	1	0.825625
17.933333	1	0.818875
17.950000	1	0.812500
17.966667	1	0.804875
17.983333	1	0.798000
18.000000	1	0.790625
18.016667	1	0.784125
18.033333	1	0.777000
18.050000	1	0.769750
18.066667	1	0.762625
18.083333	1	0.756125
18.100000	1	0.749375
18.116667	1	0.743375
18.133333	1	0.738750
18.150000	1	0.733875
18.166667	1	0.730250
18.183333	1	0.727625
18.200000	1	0.725125
18.216667	1	0.723750
18.233333	1	0.722750
18.250000	1	0.721375
18.266667	1	0.719625
18.283333	1	0.718500
18.300000	1	0.717500
18.316667	1	0.716500
18.333333	1	0.714875
18.350000	1	0.713625
18.366667	1	0.712375
18.383333	1	0.711500
18.400000	1	0.711250
18.416667	1	0.711375
18.433333	1	0.712500
18.450000	1	0.713875
18.466667	1	0.714875
18.483333	1	0.716750
18.500000	1	0.719500
18.516667	1	0.722125
18.533333	1	0.725250
18.550000	1	0.729375
18.566667	1	0.733500
18.583333	1	0.737875
18.600000	1	0.742625
18.616667	1	0.747375
18.633333	1	0.752625
18.650000	1	0.757375
18.666667	1	0.761125
18.683333	1	0.765250
18.700000	1	0.767875
18.716667	1	0.771000
18.733333	1	0.773375
18.750000	1	0.775000
18.766667	1	0.776625
18.783333	1	0.777875
18.800000	1	0.777750
18.816667	1	0.777500
18.833333	1	0.776750
18.850000	1	0.773875
18.866667	1	0.771000
18.883333	1	0.767125
18.900000	1	0.762125
18.916667	1	0.757000
18.933333	1	0.750125
18.950000	1	0.742875
18.966667	1	0.735625
18.983333	1	0.727375
19.000000	1	0.719500
19.016667	1	0.711500
19.033333	1	0.703750
19.050000	1	0.696125
19.066667	1	0.690000
19.083333	1	0.685375
19.100000	1	0.682875
19.116667	1	0.683625
19.133333	1	0.688375
19.150000	1	0.698500
19.166667	1	0.714250
19.183333	1	0.737750
19.200000	1	0.769750
19.216667	1	0.812125
19.233333	1	0.866750
19.250000	1	0.933750
19.266667	1	1.015250
19.283333	1	1.110875
19.300000	1	1.222750
19.316667	1	1.348750
19.333333	1	1.487250
19.350000	1	1.638500
19.366667	1	1.799000
19.383333	1	1.965500
19.400000	1	2.134000
19.416667	1	2.300375
19.433333	1	2.459500
19.450000	1	2.606375
19.466667	1	2.737875
19.483333	1	2.848750
19.500000	1	2.935875
19.516667	1	2.996625
19.533333	1	3.031125
19.550000	1	3.038125
19.566667	1	3.018375
19.583333	1	2.974250
19.600000	1	2.907375
19.616667	1	2.820125
19.633333	1	2.717125
19.650000	1	2.601500
19.666667	1	2.476750
19.683333	1	2.346500
19.700000	1	2.213875
19.716667	1	2.081750
19.733333	1	1.952500
19.750000	1	1.827125
19.766667	1	1.707500
19.783333	1	1.595125
19.800000	1	1.490500
19.816667	1	1.394500
19.833333	1	1.306750
19.850000	1	1.227625
19.866667	1	1.158375
19.883333	1	1.098375
19.900000	1	1.048250
19.916667	1	1.009375
19.933333	1	0.982625
19.950000	1	0.968875
19.966667	1	0.969375
19.983333	1	0.986750
20.000000	1	1.021750
20.016667	1	1.077125
20.033333	1	1.154375
20.050000	1	1.254250
20.066667	1	1.379125
20.083333	1	1.528875
20.100000	1	1.702750
20.116667	1	1.900625
20.133333	1	2.119000
20.150000	1	2.354625
20.166667	1	2.603125
20.183333	1	2.859375
20.200000	1	3.116125
20.216667	1	3.366375
20.233333	1	3.602500
20.250000	1	3.815750
20.266667	1	4.000125
20.283333	1	4.149000
20.300000	1	4.258750
20.316667	1	4.325875
20.333333	1	4.348500
20.350000	1	4.326750
20.366667	1	4.263500
20.383333	1	4.160125
20.400000	1	4.023500
20.416667	1	3.858125
20.433333	1	3.671375
20.450000	1	3.469250
20.466667	1	3.257000
20.483333	1	3.041625
20.500000	1	2.829250
20.516667	1	2.624500
20.533333	1	2.430750
20.550000	1	2.252000
20.566667	1	2.089000
20.583333	1	1.944875
20.600000	1	1.820000
20.616667	1	1.716000
20.633333	1	1.632250
20.650000	1	1.568750
20.666667	1	1.525250
20.683333	1	1.499750
20.700000	1	1.491375
20.716667	1	1.498000
20.733333	1	1.517375
20.750000	1	1.547625
20.766667	1	1.584000
20.783333	1	1.625500
20.800000	1	1.669500
20.816667	1	1.712000
20.833333	1	1.750250
20.850000	1	1.781250
20.866667	1	1.804125
20.883333	1	1.816250
20.900000	1	1.817125
20.916667	1	1.806375
20.933333	1	1.785000
20.950000	1	1.751625
20.966667	1	1.708000
20.983333	1	1.655125
21.000000	1	1.596000
21.016667	1	1.530875
21.033333	1	1.462500
21.050000	1	1.391750
21.066667	1	1.320750
21.083333	1	1.250625
21.100000	1	1.183125
21.116667	1	1.118000
21.133333	1	1.056625
21.150000	1	0.999125
21.166667	1	0.946375
21.183333	1	0.898250
21.200000	1	0.854000
21.216667	1	0.813250
21.233333	1	0.778125
21.250000	1	0.745500
21.266667	1	0.716625
21.283333	1	0.690000
21.300000	1	0.667000
21.316667	1	0.647000
21.333333	1	0.629375
21.350000	1	0.614125
21.366667	1	0.600000
21.383333	1	0.586875
21.400000	1	0.576375
21.416667	1	0.566000
21.433333	1	0.558250
21.450000	1	0.551625
21.466667	1	0.545875
21.483333	1	0.541125
21.500000	1	0.538000
21.516667	1	0.537375
21.533333	1	0.537250
21.550000	1	0.540125
21.566667	1	0.545125
21.583333	1	0.552000
21.600000	1	0.562500
21.616667	1	0.575250
21.633333	1	0.590875
21.650000	1	0.609750
21.666667	1	0.633375
21.683333	1	0.660625
21.700000	1	0.692125
21.716667	1	0.727375
21.733333	1	0.767625
21.750000	1	0.810625
21.766667	1	0.857250
21.783333	1	0.906250
21.800000	1	0.956750
21.816667	1	1.008250
21.833333	1	1.059375
21.850000	1	1.109250
21.866667	1	1.156750
21.883333	1	1.201000
21.900000	1	1.240375
21.916667	1	1.275500
21.933333	1	1.304500
21.950000	1	1.326875
21.966667	1	1.342375
21.983333	1	1.351250
22.000000	1	1.353000
22.016667	1	1.348000
22.033333	1	1.336375
22.050000	1	1.319125
22.066667	1	1.296750
22.083333	1	1.270125
22.100000	1	1.240125
22.116667	1	1.207250
22.133333	1	1.171875
22.150000	1	1.135000
22.166667	1	1.097000
22.183333	1	1.058500
22.200000	1	1.020125
22.216667	1	0.981750
22.233333	1	0.944500
22.250000	1	0.908250
22.266667	1	0.872375
22.283333	1	0.838125
22.300000	1	0.804250
22.316667	1	0.772250
22.333333	1	0.741500
22.350000	1	0.712625
22.366667	1	0.684875
22.383333	1	0.657750
22.400000	1	0.633375
22.416667	1	0.610125
22.433333	1	0.588625
22.450000	1	0.568625
22.466667	1	0.549875
22.483333	1	0.533000
22.500000	1	0.516625
22.516667	1	0.502375
22.533333	1	0.489375
22.550000	1	0.477750
22.566667	1	0.467625
22.583333	1	0.457250
22.600000	1	0.447750
22.616667	1	0.439250
22.633333	1	0.431375
22.650000	1	0.424125
22.666667	1	0.417125
22.683333	1	0.411750
22.700000	1	0.406375
22.716667	1	0.401625
22.733333	1	0.396500
22.750000	1	0.392250
22.766667	1	0.387500
22.783333	1	0.383125
22.800000	1	0.378750
22.816667	1	0.376000
22.833333	1	0.372625
22.850000	1	0.370500
22.866667	1	0.367250
22.883333	1	0.364375
22.900000	1	0.362500
22.916667	1	0.360500
22.933333	1	0.358750
22.950000	1	0.358000
22.966667	1	0.357250
22.983333	1	0.357375
23.000000	1	0.357625
23.016667	1	0.358125
23.033333	1	0.359000
23.050000	1	0.360125
23.066667	1	0.362375
23.083333	1	0.364500
23.100000	1	0.366500
23.116667	1	0.368375
23.133333	1	0.370750
23.150000	1	0.373000
23.166667	1	0.376000
23.183333	1	0.378875
23.200000	1	0.381500
23.216667	1	0.384750
23.233333	1	0.388500
23.250000	1	0.392625
23.266667	1	0.397750
23.283333	1	0.403500
23.300000	1	0.411000
23.316667	1	0.420875
23.333333	1	0.433625
23.350000	1	0.450125
23.366667	1	0.471625
23.383333	1	0.498750
23.400000	1	0.532875
23.416667	1	0.574750
23.433333	1	0.628500
23.450000	1	0.695875
23.466667	1	0.776875
23.483333	1	0.873750
23.500000	1	0.989000
23.516667	1	1.126125
23.533333	1	1.284875
23.550000	1	1.467375
23.566667	1	1.673375
23.583333	1	1.904000
23.600000	1	2.158000
23.616667	1	2.433250
23.633333	1	2.727500
23.650000	1	3.036875
23.666667	1	3.357000
23.683333	1	3.683375
23.700000	1	4.010375
23.716667	1	4.330750
23.733333	1	4.638500
23.750000	1	4.927250
23.766667	1	5.189250
23.783333	1	5.418125
23.800000	1	5.610000
23.816667	1	5.759500
23.833333	1	5.865375
23.850000	1	5.924500
23.866667	1	5.937750
23.883333	1	5.905250
23.900000	1	5.829250
23.916667	1	5.713125
23.933333	1	5.558875
23.950000	1	5.372500
23.966667	1	5.159625
23.983333	1	4.926000
24.000000	1	4.676250
24.016667	1	4.414750
24.033333	1	4.148125
24.050000	1	3.880750
24.066667	1	3.617250
24.083333	1	3.359000
24.100000	1	3.109875
24.116667	1	2.871000
24.133333	1	2.644875
24.150000	1	2.432125
24.166667	1	2.233250
24.183333	1	2.049125
24.200000	1	1.880500
24.216667	1	1.724750
24.233333	1	1.583250
24.250000	1	1.454750
24.266667	1	1.338125
24.283333	1	1.234000
24.300000	1	1.140250
24.316667	1	1.056750
24.333333	1	0.982250
24.350000	1	0.915750
24.366667	1	0.857625
24.383333	1	0.806750
24.400000	1	0.762375
24.416667	1	0.723625
24.433333	1	0.691125
24.450000	1	0.662750
24.466667	1	0.638375
24.483333	1	0.617750
24.500000	1	0.600000
24.516667	1	0.585625
24.533333	1	0.573375
24.550000	1	0.563000
24.566667	1	0.554125
24.583333	1	0.546125
24.600000	1	0.539375
24.616667	1	0.533125
24.633333	1	0.527750
24.650000	1	0.521875
24.666667	1	0.517125
24.683333	1	0.512000
24.700000	1	0.506625
24.716667	1	0.501750
24.733333	1	0.497000
24.750000	1	0.492250
24.766667	1	0.487250
24.783333	1	0.482625
24.800000	1	0.477375
24.816667	1	0.472375
24.833333	1	0.467500
24.850000	1	0.462875
24.866667	1	0.458250
24.883333	1	0.453375
24.900000	1	0.449500
24.916667	1	0.445875
24.933333	1	0.441875
24.950000	1	0.438625
24.966667	1	0.435000
24.983333	1	0.431625
25.000000	1	0.429250
25.016667	1	0.425750
25.033333	1	0.423125
25.050000	1	0.420625
25.066667	1	0.418375
25.083333	1	0.416625
25.100000	1	0.415750
25.116667	1	0.413750
25.133333	1	0.412375
25.150000	1	0.410625
25.166667	1	0.408750
25.183333	1	0.407500
25.200000	1	0.406250
25.216667	1	0.405250
25.233333	1	0.404375
25.250000	1	0.403125
25.266667	1	0.402375
25.283333	1	0.401875
25.300000	1	0.401875
25.316667	1	0.402375
25.333333	1	0.402625
25.350000	1	0.402375
25.366667	1	0.402875
25.383333	1	0.403875
25.400000	1	0.404500
25.416667	1	0.406375
25.433333	1	0.408125
25.450000	1	0.409875
25.466667	1	0.411875
25.483333	1	0.414500
25.500000	1	0.417000
25.516667	1	0.419750
25.533333	1	0.422000
25.550000	1	0.424375
25.566667	1	0.426250
25.583333	1	0.429000
25.600000	1	0.430875
25.616667	1	0.432375
25.633333	1	0.433500
25.650000	1	0.435000
25.666667	1	0.435375
25.683333	1	0.435875
25.700000	1	0.435375
25.716667	1	0.435250
25.733333	1	0.434625
25.750000	1	0.432875
25.766667	1	0.430875
25.783333	1	0.428625
25.800000	1	0.426375
25.816667	1	0.423625
25.833333	1	0.420750
25.850000	1	0.417750
25.866667	1	0.414375
25.883333	1	0.410625
25.900000	1	0.407000
25.916667	1	0.404125
25.933333	1	0.401500
25.950000	1	0.398125
25.966667	1	0.395125
25.983333	1	0.392625
26.000000	1	0.390000
26.016667	1	0.387875
26.033333	1	0.387250
26.050000	1	0.386375
26.066667	1	0.385500
26.083333	1	0.385125
26.100000	1	0.385250
26.116667	1	0.385125
26.133333	1	0.386500
26.150000	1	0.388250
26.166667	1	0.389625
26.183333	1	0.391000
26.200000	1	0.393125
26.216667	1	0.395875
26.233333	1	0.398500
26.250000	1	0.401250
26.266667	1	0.404000
26.283333	1	0.407250
26.300000	1	0.410250
26.316667	1	0.413625
26.333333	1	0.416125
26.350000	1	0.418000
26.366667	1	0.419625
26.383333	1	0.421625
26.400000	1	0.422625
26.416667	1	0.423625
26.433333	1	0.424500
26.450000	1	0.425125
26.466667	1	0.425500
26.483333	1	0.425000
26.500000	1	0.424625
26.516667	1	0.422875
26.533333	1	0.421125
26.550000	1	0.418750
26.566667	1	0.416500
26.583333	1	0.413000
26.600000	1	0.410125
26.616667	1	0.406625
26.633333	1	0.402875
26.650000	1	0.399250
26.666667	1	0.395875
26.683333	1	0.392000
26.700000	1	0.387750
26.716667	1	0.384000
26.733333	1	0.380250
26.750000	1	0.376500
26.766667	1	0.373375
26.783333	1	0.370375
26.800000	1	0.366875
26.816667	1	0.363750
26.833333	1	0.361250
26.850000	1	0.359125
26.866667	1	0.356875
26.883333	1	0.355375
26.900000	1	0.353875
26.916667	1	0.352625
26.933333	1	0.351875
26.950000	1	0.351875
26.966667	1	0.352250
26.983333	1	0.352500
27.000000	1	0.352625
27.016667	1	0.353500
27.033333	1	0.355000
27.050000	1	0.357125
27.066667	1	0.358625
27.083333	1	0.361750
27.100000	1	0.364875
27.116667	1	0.368625
27.133333	1	0.372125
27.150000	1	0.377250
27.166667	1	0.383125
27.183333	1	0.389750
27.200000	1	0.398000
27.216667	1	0.408000
27.233333	1	0.420750
27.250000	1	0.434750
27.266667	1	0.452125
27.283333	1	0.472875
27.300000	1	0.498250
27.316667	1	0.527750
27.333333	1	0.562500
27.350000	1	0.603875
27.366667	1	0.652625
27.383333	1	0.709750
27.400000	1	0.775375
27.416667	1	0.851500
27.433333	1	0.939500
27.450000	1	1.040375
27.466667	1	1.153625
27.483333	1	1.281250
27.500000	1	1.423875
27.516667	1	1.581250
27.533333	1	1.753875
27.550000	1	1.941625
27.566667	1	2.144375
27.583333	1	2.361875
27.600000	1	2.592250
27.616667	1	2.833500
27.633333	1	3.085500
27.650000	1	3.345625
27.666667	1	3.610000
27.683333	1	3.877875
27.700000	1	4.144250
27.716667	1	4.406000
27.733333	1	4.659250
27.750000	1	4.900375
27.766667	1	5.125375
27.783333	1	5.329875
27.800000	1	5.510750
27.816667	1	5.665875
27.833333	1	5.792375
27.850000	1	5.887625
27.866667	1	5.950375
27.883333	1	5.978875
27.900000	1	5.973375
27.916667	1	5.933625
27.933333	1	5.861250
27.950000	1	5.757625
27.966667	1	5.625875
27.983333	1	5.467625
28.000000	1	5.287500
28.016667	1	5.088000
28.033333	1	4.872625
28.050000	1	4.644875
28.066667	1	4.409000
28.083333	1	4.167750
28.100000	1	3.924750
28.116667	1	3.682750
28.133333	1	3.445375
28.150000	1	3.214250
28.166667	1	2.991125
28.183333	1	2.777875
28.200000	1	2.575000
28.216667	1	2.383000
28.233333	1	2.202375
28.250000	1	2.033875
28.266667	1	1.877250
28.283333	1	1.731875
28.300000	1	1.597625
28.316667	1	1.474250
28.333333	1	1.361250
28.350000	1	1.257500
28.366667	1	1.163000
28.383333	1	1.077125
28.400000	1	0.998500
28.416667	1	0.928000
28.433333	1	0.864000
28.450000	1	0.806500
28.466667	1	0.754125
28.483333	1	0.707000
28.500000	1	0.665875
28.516667	1	0.629000
28.533333	1	0.595875
28.550000	1	0.566500
28.566667	1	0.540875
28.583333	1	0.518625
28.600000	1	0.498875
28.616667	1	0.481875
28.633333	1	0.468250
28.650000	1	0.456875
28.666667	1	0.447625
28.683333	1	0.439875
28.700000	1	0.433875
28.716667	1	0.428875
28.733333	1	0.426000
28.750000	1	0.424125
28.766667	1	0.423625
28.783333	1	0.423500
28.800000	1	0.424750
28.816667	1	0.426500
28.833333	1	0.429125
28.850000	1	0.432125
28.866667	1	0.434875
28.883333	1	0.439250
28.900000	1	0.442750
28.916667	1	0.447250
28.933333	1	0.451250
28.950000	1	0.455000
28.966667	1	0.458250
28.983333	1	0.461375
29.000000	1	0.463750
29.016667	1	0.466000
29.033333	1	0.466625
29.050000	1	0.467375
29.066667	1	0.467500
29.083333	1	0.466125
29.100000	1	0.463375
29.116667	1	0.459375
29.133333	1	0.454250
29.150000	1	0.447625
29.166667	1	0.440000
29.183333	1	0.430500
29.200000	1	0.419250
29.216667	1	0.405500
29.233333	1	0.390125
29.250000	1	0.373250
29.266667	1	0.354875
29.283333	1	0.333625
29.300000	1	0.310625
29.316667	1	0.285250
29.333333	1	0.258125
29.350000	1	0.229250
29.366667	1	0.198500
29.383333	1	0.166125
29.400000	1	0.131875
29.416667	1	0.096875
29.433333	1	0.060750
29.450000	1	0.022875
29.466667	1	-0.015250
29.483333	1	-0.054250
29.500000	1	-0.093625
29.516667	1	-0.132875
29.533333	1	-0.171625
29.550000	1	-0.209125
29.566667	1	-0.246500
29.583333	1	-0.282375
29.600000	1	-0.316375
29.616667	1	-0.347875
29.633333	1	-0.376875
29.650000	1	-0.403750
29.666667	1	-0.428375
29.683333	1	-0.449375
29.700000	1	-0.466750
29.716667	1	-0.480750
29.733333	1	-0.492000
29.750000	1	-0.499500
29.766667	1	-0.503500
29.783333	1	-0.504375
29.800000	1	-0.501500
29.816667	1	-0.495375
29.833333	1	-0.486750
29.850000	1	-0.474625
29.866667	1	-0.460125
29.883333	1	-0.443750
29.900000	1	-0.425000
29.916667	1	-0.404750
29.933333	1	-0.382375
29.950000	1	-0.358500
29.966667	1	-0.333500
29.983333	1	-0.308125
30.000000	1	-0.281500
30.016667	1	-0.255250
30.033333	1	-0.228625
30.050000	1	-0.202750
30.066667	1	-0.176500
30.083333	1	-0.150375
30.100000	1	-0.124750
30.116667	1	-0.099500
30.133333	1	-0.075750
30.150000	1	-0.052375
30.166667	1	-0.030375
30.183333	1	-0.009250
30.200000	1	0.010500
30.216667	1	0.029875
30.233333	1	0.047875
30.250000	1	0.065375
30.266667	1	0.081875
30.283333	1	0.097250
30.300000	1	0.111875
30.316667	1	0.126250
30.333333	1	0.138750
30.350000	1	0.151500
30.366667	1	0.162500
30.383333	1	0.173375
30.400000	1	0.183750
30.416667	1	0.193875
30.433333	1	0.203250
30.450000	1	0.212375
30.466667	1	0.220875
30.483333	1	0.228875
30.500000	1	0.237250
30.516667	1	0.245375
30.533333	1	0.252875
30.550000	1	0.260250
30.566667	1	0.268250
30.583333	1	0.276125
30.600000	1	0.284625
30.616667	1	0.292250
30.633333	1	0.300875
30.650000	1	0.309125
30.666667	1	0.317625
30.683333	1	0.326250
30.700000	1	0.334875
30.716667	1	0.343875
30.733333	1	0.353000
30.750000	1	0.362875
30.766667	1	0.372125
30.783333	1	0.382500
30.800000	1	0.393000
30.816667	1	0.403375
30.833333	1	0.414250
30.850000	1	0.425500
30.866667	1	0.437125
30.883333	1	0.449000
30.900000	1	0.461375
30.916667	1	0.473750
30.933333	1	0.487625
30.950000	1	0.502500
30.966667	1	0.518000
30.983333	1	0.536375
31.000000	1	0.555000
31.016667	1	0.576875
31.033333	1	0.601250
31.050000	1	0.628250
31.066667	1	0.659000
31.083333	1	0.694125
31.100000	1	0.733375
31.116667	1	0.778000
31.133333	1	0.827375
31.150000	1	0.883125
31.166667	1	0.944375
31.183333	1	1.013375
31.200000	1	1.088875
31.216667	1	1.172375
31.233333	1	1.263125
31.250000	1	1.361500
31.266667	1	1.466500
31.283333	1	1.578250
31.300000	1	1.696500
31.316667	1	1.820000
31.333333	1	1.948750
31.350000	1	2.081750
31.366667	1	2.217500
31.383333	1	2.354875
31.400000	1	2.493250
31.416667	1	2.630875
31.433333	1	2.765750
31.450000	1	2.896000
31.466667	1	3.019875
31.483333	1	3.136375
31.500000	1	3.244250
31.516667	1	3.342000
31.533333	1	3.427875
31.550000	1	3.501500
31.566667	1	3.561625
31.583333	1	3.607500
31.600000	1	3.638875
31.616667	1	3.655250
31.633333	1	3.656750
31.650000	1	3.644500
31.666667	1	3.617250
31.683333	1	3.576625
31.700000	1	3.523750
31.716667	1	3.459375
31.733333	1	3.384000
31.750000	1	3.299375
31.766667	1	3.206500
31.783333	1	3.106250
31.800000	1	3.000375
31.816667	1	2.890375
31.833333	1	2.776750
31.850000	1	2.660250
31.866667	1	2.542875
31.883333	1	2.425875
31.900000	1	2.309625
31.916667	1	2.195750
31.933333	1	2.084000
31.950000	1	1.974750
31.966667	1	1.868750
31.983333	1	1.767250
32.000000	1	1.668625
32.016667	1	1.574625
32.033333	1	1.485000
32.050000	1	1.399500
32.066667	1	1.318000
32.083333	1	1.241375
32.100000	1	1.169375
32.116667	1	1.101875
32.133333	1	1.037750
32.150000	1	0.977500
32.166667	1	0.921750
32.183333	1	0.869250
32.200000	1	0.820625
32.216667	1	0.774125
32.233333	1	0.731875
32.250000	1	0.691875
32.266667	1	0.654375
32.283333	1	0.619125
32.300000	1	0.585625
32.316667	1	0.555625
32.333333	1	0.527375
32.350000	1	0.500875
32.366667	1	0.476750
32.383333	1	0.454375
32.400000	1	0.433625
32.416667	1	0.414125
32.433333	1	0.396000
32.450000	1	0.379250
32.466667	1	0.363500
32.483333	1	0.348875
32.500000	1	0.334875
32.516667	1	0.321250
32.533333	1	0.309375
32.550000	1	0.298375
32.566667	1	0.287875
32.583333	1	0.277750
32.600000	1	0.269000
32.616667	1	0.260000
32.633333	1	0.252000
32.650000	1	0.244000
32.666667	1	0.237500
32.683333	1	0.230125
32.700000	1	0.223500
32.716667	1	0.216875
32.733333	1	0.211500
32.750000	1	0.206250
32.766667	1	0.201875
32.783333	1	0.197250
32.800000	1	0.193000
32.816667	1	0.189125
32.833333	1	0.185250
32.850000	1	0.181375
32.866667	1	0.178125
32.883333	1	0.175500
32.900000	1	0.173000
32.916667	1	0.170875
32.933333	1	0.168250
32.950000	1	0.166375
32.966667	1	0.164750
32.983333	1	0.163875
33.000000	1	0.162875
33.016667	1	0.161625
33.033333	1	0.161125
33.050000	1	0.161000
33.066667	1	0.160500
33.083333	1	0.161125
33.100000	1	0.161125
33.116667	1	0.161500
33.133333	1	0.162875
33.150000	1	0.164375
33.166667	1	0.165625
33.183333	1	0.167250
33.200000	1	0.169750
33.216667	1	0.172000
33.233333	1	0.173750
33.250000	1	0.176500
33.266667	1	0.178375
33.283333	1	0.181125
33.300000	1	0.184250
33.316667	1	0.187250
33.333333	1	0.190750
33.350000	1	0.194125
33.366667	1	0.197500
33.383333	1	0.200750
33.400000	1	0.204375
33.416667	1	0.207750
33.433333	1	0.210875
33.450000	1	0.213500
33.466667	1	0.216625
33.483333	1	0.219250
33.500000	1	0.222000
33.516667	1	0.224375
33.533333	1	0.226750
33.550000	1	0.229000
33.566667	1	0.231250
33.583333	1	0.233625
33.600000	1	0.235000
33.616667	1	0.236500
33.633333	1	0.238000
33.650000	1	0.239375
33.666667	1	0.240875
33.683333	1	0.242625
33.700000	1	0.244125
33.716667	1	0.245125
33.733333	1	0.246625
33.750000	1	0.248000
33.766667	1	0.248500
33.783333	1	0.250000
33.800000	1	0.252000
33.816667	1	0.253250
33.833333	1	0.253750
33.850000	1	0.255000
33.866667	1	0.255875
33.883333	1	0.257375
33.900000	1	0.258375
33.916667	1	0.259250
33.933333	1	0.261500
33.950000	1	0.263375
33.966667	1	0.265000
33.983333	1	0.266500
34.000000	1	0.267875
34.016667	1	0.268875
34.033333	1	0.270875
34.050000	1	0.271625
34.066667	1	0.272750
34.083333	1	0.273250
34.100000	1	0.274375
34.116667	1	0.275000
34.133333	1	0.276000
34.150000	1	0.277375
34.166667	1	0.277875
34.183333	1	0.278500
34.200000	1	0.278750
34.216667	1	0.278125
34.233333	1	0.277750
34.250000	1	0.277750
34.266667	1	0.277125
34.283333	1	0.276500
34.300000	1	0.275625
34.316667	1	0.275000
34.333333	1	0.275000
34.350000	1	0.275125
34.366667	1	0.274250
34.383333	1	0.273625
34.400000	1	0.272875
34.416667	1	0.272250
34.433333	1	0.271625
34.450000	1	0.271375
34.466667	1	0.270500
34.483333	1	0.270625
34.500000	1	0.270625
34.516667	1	0.270625
34.533333	1	0.270500
34.550000	1	0.270875
34.566667	1	0.272125
34.583333	1	0.273625
34.600000	1	0.273875
34.616667	1	0.274625
34.633333	1	0.275500
34.650000	1	0.276750
34.666667	1	0.277500
34.683333	1	0.278250
34.700000	1	0.279625
34.716667	1	0.281125
34.733333	1	0.283125
34.750000	1	0.284250
34.766667	1	0.285750
34.783333	1	0.286125
34.800000	1	0.287500
34.816667	1	0.288500
34.833333	1	0.289750
34.850000	1	0.290625
34.866667	1	0.291500
34.883333	1	0.291625
34.900000	1	0.291625
34.916667	1	0.292250
34.933333	1	0.292375
34.950000	1	0.292500
34.966667	1	0.292875
34.983333	1	0.292250
35.000000	1	0.291250
35.016667	1	0.289875
35.033333	1	0.289500
35.050000	1	0.288875
35.066667	1	0.288125
35.083333	1	0.287500
35.100000	1	0.286250
35.116667	1	0.285875
35.133333	1	0.284875
35.150000	1	0.284375
35.166667	1	0.283750
35.183333	1	0.283000
35.200000	1	0.283250
35.216667	1	0.283375
35.233333	1	0.283625
35.250000	1	0.284125
35.266667	1	0.284375
35.283333	1	0.285625
35.300000	1	0.287375
35.316667	1	0.289250
35.333333	1	0.291000
35.350000	1	0.293500
35.366667	1	0.295875
35.383333	1	0.297875
35.400000	1	0.300875
35.416667	1	0.304000
35.433333	1	0.307000
35.450000	1	0.310625
35.466667	1	0.313500
35.483333	1	0.316750
35.500000	1	0.320375
35.516667	1	0.323500
35.533333	1	0.327500
35.550000	1	0.330375
35.566667	1	0.333500
35.583333	1	0.336375
35.600000	1	0.339125
35.616667	1	0.341500
35.633333	1	0.343875
35.650000	1	0.345375
35.666667	1	0.347375
35.683333	1	0.349125
35.700000	1	0.351000
35.716667	1	0.353375
35.733333	1	0.354875
35.750000	1	0.356000
35.766667	1	0.357625
35.783333	1	0.358625
35.800000	1	0.359500
35.816667	1	0.360625
35.833333	1	0.360500
35.850000	1	0.360250
35.866667	1	0.360500
35.883333	1	0.360875
35.900000	1	0.361625
35.916667	1	0.362625
35.933333	1	0.362750
35.950000	1	0.363250
35.966667	1	0.363875
35.983333	1	0.364375
36.000000	1	0.364625
36.016667	1	0.365000
36.033333	1	0.364750
36.050000	1	0.365625
36.066667	1	0.366000
36.083333	1	0.366625
36.100000	1	0.367125
36.116667	1	0.367500
36.133333	1	0.367875
36.150000	1	0.368125
36.166667	1	0.369125
36.183333	1	0.369000
36.200000	1	0.369375
36.216667	1	0.368875
36.233333	1	0.369125
36.250000	1	0.368000
36.266667	1	0.368125
36.283333	1	0.367500
36.300000	1	0.367125
36.316667	1	0.367250
36.333333	1	0.365875
36.350000	1	0.364875
36.366667	1	0.363000
36.383333	1	0.362000
36.400000	1	0.361000
36.416667	1	0.360000
36.433333	1	0.358000
36.450000	1	0.356625
36.466667	1	0.354875
36.483333	1	0.352500
36.500000	1	0.350500
36.516667	1	0.348375
36.533333	1	0.346375
36.550000	1	0.344000
36.566667	1	0.341375
36.583333	1	0.338875
36.600000	1	0.336000
36.616667	1	0.333375
36.633333	1	0.330125
36.650000	1	0.328000
36.666667	1	0.325000
36.683333	1	0.322750
36.700000	1	0.319750
36.716667	1	0.317500
36.733333	1	0.314875
36.750000	1	0.312375
36.766667	1	0.310375
36.783333	1	0.307875
36.800000	1	0.305250
36.816667	1	0.303250
36.833333	1	0.300625
36.850000	1	0.297875
36.866667	1	0.295250
36.883333	1	0.292625
36.900000	1	0.291000
36.916667	1	0.288875
36.933333	1	0.286625
36.950000	1	0.284000
36.966667	1	0.282750
36.983333	1	0.280750
37.000000	1	0.279375
37.016667	1	0.277250
37.033333	1	0.275750
37.050000	1	0.274500
37.066667	1	0.273500
37.083333	1	0.273000
37.100000	1	0.272250
37.116667	1	0.271375
37.133333	1	0.271000
37.150000	1	0.271250
37.166667	1	0.271500
37.183333	1	0.271250
37.200000	1	0.271500
37.216667	1	0.272375
37.233333	1	0.272750
37.250000	1	0.272625
37.266667	1	0.274625
37.283333	1	0.276125
37.300000	1	0.277000
37.316667	1	0.278125
37.333333	1	0.278500
37.350000	1	0.279500
37.366667	1	0.280125
37.383333	1	0.281125
37.400000	1	0.281875
37.416667	1	0.282125
37.433333	1	0.281625
37.450000	1	0.281500
37.466667	1	0.281625
37.483333	1	0.281000
37.500000	1	0.280500
37.516667	1	0.279000
37.533333	1	0.277625
37.550000	1	0.276375
37.566667	1	0.274250
37.583333	1	0.272125
37.600000	1	0.269250
37.616667	1	0.266500
37.633333	1	0.263500
37.650000	1	0.260750
37.666667	1	0.258250
37.683333	1	0.255375
37.700000	1	0.251625
37.716667	1	0.248375
37.733333	1	0.244750
37.750000	1	0.241375
37.766667	1	0.238000
37.783333	1	0.235000
37.800000	1	0.231875
37.816667	1	0.228000
37.833333	1	0.224625
37.850000	1	0.221500
37.866667	1	0.218625
37.883333	1	0.216250
37.900000	1	0.214375
37.916667	1	0.211750
37.933333	1	0.209750
37.950000	1	0.207750
37.966667	1	0.205125
37.983333	1	0.203000
38.000000	1	0.201375
38.016667	1	0.199750
38.033333	1	0.198000
38.050000	1	0.196500
38.066667	1	0.194750
38.083333	1	0.193375
38.100000	1	0.192000
38.116667	1	0.190750
38.133333	1	0.189625
38.150000	1	0.188250
38.166667	1	0.187125
38.183333	1	0.186125
38.200000	1	0.184625
38.216667	1	0.183000
38.233333	1	0.181250
38.250000	1	0.180125
38.266667	1	0.178875
38.283333	1	0.178250
38.300000	1	0.177250
38.316667	1	0.176000
38.333333	1	0.175875
38.350000	1	0.174875
38.366667	1	0.174125
38.383333	1	0.173500
38.400000	1	0.173250
38.416667	1	0.173375
38.433333	1	0.173625
38.450000	1	0.173500
38.466667	1	0.173625
38.483333	1	0.174125
38.500000	1	0.175250
38.516667	1	0.176125
38.533333	1	0.176750
38.550000	1	0.177375
38.566667	1	0.178625
38.583333	1	0.179750
38.600000	1	0.180750
38.616667	1	0.181625
38.633333	1	0.182875
38.650000	1	0.183875
38.666667	1	0.186000
38.683333	1	0.187750
38.700000	1	0.189000
38.716667	1	0.190625
38.733333	1	0.191500
38.750000	1	0.192875
38.766667	1	0.194125
38.783333	1	0.195375
38.800000	1	0.196125
38.816667	1	0.197375
38.833333	1	0.197875
38.850000	1	0.198750
38.866667	1	0.200000
38.883333	1	0.200500
38.900000	1	0.200875
38.916667	1	0.201000
38.933333	1	0.200625
38.950000	1	0.200250
38.966667	1	0.200000
38.983333	1	0.199875
39.000000	1	0.199500
39.016667	1	0.199250
39.033333	1	0.198750
39.050000	1	0.197375
39.066667	1	0.195875
39.083333	1	0.195750
39.100000	1	0.194875
39.116667	1	0.193625
39.133333	1	0.193250
39.150000	1	0.191375
39.166667	1	0.190625
39.183333	1	0.189750
39.200000	1	0.188500
39.216667	1	0.187625
39.233333	1	0.186500
39.250000	1	0.185250
39.266667	1	0.184125
39.283333	1	0.183750
39.300000	1	0.183500
39.316667	1	0.183000
39.333333	1	0.182500
39.350000	1	0.182875
39.366667	1	0.182375
39.383333	1	0.181750
39.400000	1	0.181375
39.416667	1	0.181500
39.433333	1	0.181125
39.450000	1	0.180500
39.466667	1	0.180125
39.483333	1	0.180125
39.500000	1	0.179625
39.516667	1	0.180125
39.533333	1	0.180125
39.550000	1	0.179750
39.566667	1	0.179500
39.583333	1	0.179250
39.600000	1	0.179125
39.616667	1	0.179125
39.633333	1	0.178750
39.650000	1	0.178500
39.666667	1	0.178125
39.683333	1	0.177875
39.700000	1	0.177500
39.716667	1	0.177125
39.733333	1	0.176750
39.750000	1	0.175875
39.766667	1	0.175375
39.783333	1	0.174875
39.800000	1	0.174125
39.816667	1	0.173250
39.833333	1	0.173625
39.850000	1	0.173000
39.866667	1	0.172750
39.883333	1	0.172125
39.900000	1	0.171500
39.916667	1	0.171000
39.933333	1	0.170750
39.950000	1	0.170500
39.966667	1	0.170500
39.983333	1	0.170875
40.000000	1	0.171125
