URL	chrom://7040-86g6c92/XVault/Ultimate_3000/20/20240517_CMO_FP23_FP25_MarkusDeplate.seq/675.smp/RI_1.channel/RI_1.chm
Channel	RI_1

Injection Information:
Data Vault	XVault
Sequence	20240517_CMO_FP23_FP25_MarkusDeplate
Name	FP27_25_s3
Number	130
Position	BE12
Comment	
Processing Method	
Instrument Method	run_25B_method
Type	Unknown
Status	Finished
Inject Time	31.05.2024 11:28:19 +02:00
Volume (µl)	20.0000
Dilution Factor	1.0000
Weight	1.0000

Chromatogram Data Information:
Time Min. (min)	0.000000
Time Max. (min)	40.000000
Data Points	2401
Detector	RI
Generating Data System	Chromeleon 7.3.2.11814
Exporting Data System	Chromeleon 7.3.2.0
Operator	Instrument Controller
Signal Quantity	Refractive 
Signal Unit	µRIU
Signal Min.	-0.763500
Signal Max.	67.913375
Channel	RI_1
Driver Name	RID520Driver.dll
Channel Type	Evaluation
Min. Step (s)	1
Max. Step (s)	1
Average Step (s)	1

Signal Parameter Information:
Signal Info	

Chromatogram Data:
Time (min)	Step (s)	Value (µRIU)
0.000000	n.a.	0.028000
0.016667	1	0.027625
0.033333	1	0.027000
0.050000	1	0.026125
0.066667	1	0.025625
0.083333	1	0.023625
0.100000	1	0.022250
0.116667	1	0.020500
0.133333	1	0.017875
0.150000	1	0.014875
0.166667	1	0.012375
0.183333	1	0.009875
0.200000	1	0.007625
0.216667	1	0.005000
0.233333	1	0.002000
0.250000	1	-0.000250
0.266667	1	-0.002875
0.283333	1	-0.005750
0.300000	1	-0.008500
0.316667	1	-0.011375
0.333333	1	-0.014250
0.350000	1	-0.017125
0.366667	1	-0.020125
0.383333	1	-0.023125
0.400000	1	-0.026125
0.416667	1	-0.028375
0.433333	1	-0.030250
0.450000	1	-0.031125
0.466667	1	-0.030625
0.483333	1	-0.030125
0.500000	1	-0.029750
0.516667	1	-0.030875
0.533333	1	-0.032000
0.550000	1	-0.032375
0.566667	1	-0.034000
0.583333	1	-0.035875
0.600000	1	-0.038500
0.616667	1	-0.040500
0.633333	1	-0.042875
0.650000	1	-0.044375
0.666667	1	-0.044625
0.683333	1	-0.044375
0.700000	1	-0.043625
0.716667	1	-0.043500
0.733333	1	-0.042625
0.750000	1	-0.042500
0.766667	1	-0.041375
0.783333	1	-0.041000
0.800000	1	-0.039750
0.816667	1	-0.038250
0.833333	1	-0.037000
0.850000	1	-0.036000
0.866667	1	-0.035000
0.883333	1	-0.033875
0.900000	1	-0.032250
0.916667	1	-0.030875
0.933333	1	-0.030500
0.950000	1	-0.029875
0.966667	1	-0.029375
0.983333	1	-0.029125
1.000000	1	-0.029625
1.016667	1	-0.029250
1.033333	1	-0.028875
1.050000	1	-0.028625
1.066667	1	-0.028250
1.083333	1	-0.028000
1.100000	1	-0.028000
1.116667	1	-0.028125
1.133333	1	-0.028625
1.150000	1	-0.029000
1.166667	1	-0.029625
1.183333	1	-0.029375
1.200000	1	-0.029375
1.216667	1	-0.029250
1.233333	1	-0.030375
1.250000	1	-0.030750
1.266667	1	-0.030250
1.283333	1	-0.029500
1.300000	1	-0.029000
1.316667	1	-0.028375
1.333333	1	-0.027875
1.350000	1	-0.027250
1.366667	1	-0.026375
1.383333	1	-0.025375
1.400000	1	-0.024000
1.416667	1	-0.022250
1.433333	1	-0.020875
1.450000	1	-0.019500
1.466667	1	-0.017375
1.483333	1	-0.015625
1.500000	1	-0.014375
1.516667	1	-0.012250
1.533333	1	-0.010500
1.550000	1	-0.008000
1.566667	1	-0.005875
1.583333	1	-0.003750
1.600000	1	-0.001250
1.616667	1	0.000500
1.633333	1	0.002250
1.650000	1	0.004250
1.666667	1	0.006250
1.683333	1	0.008375
1.700000	1	0.010000
1.716667	1	0.011375
1.733333	1	0.012375
1.750000	1	0.014125
1.766667	1	0.015500
1.783333	1	0.016375
1.800000	1	0.017125
1.816667	1	0.017875
1.833333	1	0.018750
1.850000	1	0.019375
1.866667	1	0.019000
1.883333	1	0.018875
1.900000	1	0.018250
1.916667	1	0.017625
1.933333	1	0.016500
1.950000	1	0.015625
1.966667	1	0.013875
1.983333	1	0.012500
2.000000	1	0.011000
2.016667	1	0.008250
2.033333	1	0.007125
2.050000	1	0.005125
2.066667	1	0.003500
2.083333	1	0.001500
2.100000	1	-0.000250
2.116667	1	-0.002625
2.133333	1	-0.004625
2.150000	1	-0.006500
2.166667	1	-0.007875
2.183333	1	-0.009500
2.200000	1	-0.010500
2.216667	1	-0.012000
2.233333	1	-0.012125
2.250000	1	-0.013000
2.266667	1	-0.013375
2.283333	1	-0.014500
2.300000	1	-0.014500
2.316667	1	-0.014750
2.333333	1	-0.015000
2.350000	1	-0.015125
2.366667	1	-0.014375
2.383333	1	-0.014125
2.400000	1	-0.012875
2.416667	1	-0.011750
2.433333	1	-0.010750
2.450000	1	-0.008875
2.466667	1	-0.007000
2.483333	1	-0.005000
2.500000	1	-0.002875
2.516667	1	-0.000875
2.533333	1	0.001875
2.550000	1	0.005000
2.566667	1	0.008125
2.583333	1	0.011750
2.600000	1	0.014500
2.616667	1	0.018000
2.633333	1	0.021875
2.650000	1	0.025250
2.666667	1	0.029000
2.683333	1	0.032375
2.700000	1	0.035875
2.716667	1	0.039125
2.733333	1	0.043125
2.750000	1	0.046250
2.766667	1	0.049625
2.783333	1	0.053250
2.800000	1	0.056500
2.816667	1	0.059750
2.833333	1	0.063125
2.850000	1	0.065875
2.866667	1	0.069750
2.883333	1	0.072875
2.900000	1	0.076250
2.916667	1	0.079000
2.933333	1	0.081500
2.950000	1	0.083375
2.966667	1	0.086125
2.983333	1	0.088125
3.000000	1	0.090375
3.016667	1	0.092375
3.033333	1	0.095000
3.050000	1	0.098000
3.066667	1	0.101000
3.083333	1	0.103625
3.100000	1	0.106000
3.116667	1	0.108625
3.133333	1	0.110750
3.150000	1	0.113375
3.166667	1	0.115375
3.183333	1	0.118500
3.200000	1	0.121375
3.216667	1	0.123750
3.233333	1	0.126625
3.250000	1	0.129625
3.266667	1	0.131875
3.283333	1	0.135000
3.300000	1	0.138250
3.316667	1	0.141625
3.333333	1	0.144625
3.350000	1	0.147750
3.366667	1	0.150500
3.383333	1	0.154625
3.400000	1	0.158000
3.416667	1	0.161625
3.433333	1	0.165375
3.450000	1	0.169000
3.466667	1	0.173125
3.483333	1	0.176500
3.500000	1	0.180375
3.516667	1	0.184000
3.533333	1	0.187000
3.550000	1	0.190375
3.566667	1	0.193625
3.583333	1	0.197250
3.600000	1	0.200375
3.616667	1	0.204000
3.633333	1	0.207500
3.650000	1	0.211000
3.666667	1	0.214375
3.683333	1	0.217625
3.700000	1	0.220250
3.716667	1	0.222875
3.733333	1	0.224875
3.750000	1	0.226625
3.766667	1	0.228125
3.783333	1	0.229375
3.800000	1	0.230250
3.816667	1	0.230750
3.833333	1	0.231375
3.850000	1	0.231750
3.866667	1	0.231375
3.883333	1	0.230375
3.900000	1	0.229875
3.916667	1	0.228250
3.933333	1	0.226500
3.950000	1	0.225000
3.966667	1	0.223375
3.983333	1	0.220875
4.000000	1	0.218125
4.016667	1	0.215375
4.033333	1	0.212125
4.050000	1	0.209500
4.066667	1	0.206125
4.083333	1	0.201875
4.100000	1	0.197875
4.116667	1	0.193250
4.133333	1	0.189500
4.150000	1	0.184750
4.166667	1	0.180000
4.183333	1	0.175500
4.200000	1	0.170375
4.216667	1	0.164750
4.233333	1	0.160000
4.250000	1	0.155375
4.266667	1	0.150250
4.283333	1	0.143625
4.300000	1	0.139000
4.316667	1	0.134125
4.333333	1	0.128875
4.350000	1	0.123250
4.366667	1	0.117750
4.383333	1	0.112375
4.400000	1	0.106750
4.416667	1	0.101625
4.433333	1	0.096125
4.450000	1	0.091000
4.466667	1	0.085000
4.483333	1	0.079500
4.500000	1	0.074750
4.516667	1	0.069375
4.533333	1	0.064625
4.550000	1	0.059625
4.566667	1	0.054750
4.583333	1	0.050000
4.600000	1	0.045625
4.616667	1	0.041625
4.633333	1	0.037000
4.650000	1	0.033500
4.666667	1	0.029375
4.683333	1	0.025500
4.700000	1	0.021875
4.716667	1	0.018125
4.733333	1	0.014500
4.750000	1	0.011750
4.766667	1	0.008750
4.783333	1	0.006250
4.800000	1	0.003875
4.816667	1	0.001625
4.833333	1	-0.000625
4.850000	1	-0.002125
4.866667	1	-0.004000
4.883333	1	-0.005875
4.900000	1	-0.007125
4.916667	1	-0.008500
4.933333	1	-0.009625
4.950000	1	-0.010125
4.966667	1	-0.011500
4.983333	1	-0.012125
5.000000	1	-0.012125
5.016667	1	-0.012875
5.033333	1	-0.012750
5.050000	1	-0.012000
5.066667	1	-0.011250
5.083333	1	-0.010750
5.100000	1	-0.009625
5.116667	1	-0.008750
5.133333	1	-0.008500
5.150000	1	-0.007125
5.166667	1	-0.005625
5.183333	1	-0.003500
5.200000	1	-0.002125
5.216667	1	-0.000625
5.233333	1	0.001375
5.250000	1	0.003875
5.266667	1	0.006625
5.283333	1	0.009125
5.300000	1	0.010625
5.316667	1	0.013125
5.333333	1	0.014625
5.350000	1	0.017125
5.366667	1	0.019250
5.383333	1	0.022500
5.400000	1	0.024875
5.416667	1	0.027125
5.433333	1	0.030000
5.450000	1	0.032500
5.466667	1	0.034125
5.483333	1	0.036750
5.500000	1	0.039000
5.516667	1	0.041500
5.533333	1	0.043625
5.550000	1	0.045375
5.566667	1	0.047500
5.583333	1	0.049625
5.600000	1	0.051625
5.616667	1	0.053875
5.633333	1	0.055000
5.650000	1	0.055625
5.666667	1	0.057250
5.683333	1	0.057750
5.700000	1	0.057750
5.716667	1	0.057625
5.733333	1	0.057000
5.750000	1	0.056375
5.766667	1	0.055500
5.783333	1	0.054625
5.800000	1	0.053125
5.816667	1	0.051000
5.833333	1	0.048625
5.850000	1	0.046000
5.866667	1	0.043625
5.883333	1	0.040750
5.900000	1	0.037250
5.916667	1	0.034000
5.933333	1	0.031500
5.950000	1	0.028000
5.966667	1	0.023750
5.983333	1	0.020000
6.000000	1	0.016750
6.016667	1	0.013000
6.033333	1	0.009250
6.050000	1	0.006125
6.066667	1	0.002625
6.083333	1	0.000000
6.100000	1	-0.002125
6.116667	1	-0.004875
6.133333	1	-0.007000
6.150000	1	-0.009250
6.166667	1	-0.011250
6.183333	1	-0.012625
6.200000	1	-0.014500
6.216667	1	-0.016000
6.233333	1	-0.016500
6.250000	1	-0.017375
6.266667	1	-0.018000
6.283333	1	-0.018750
6.300000	1	-0.018750
6.316667	1	-0.018750
6.333333	1	-0.019125
6.350000	1	-0.018625
6.366667	1	-0.018500
6.383333	1	-0.019000
6.400000	1	-0.018125
6.416667	1	-0.018375
6.433333	1	-0.017875
6.450000	1	-0.018500
6.466667	1	-0.019250
6.483333	1	-0.019125
6.500000	1	-0.019000
6.516667	1	-0.019250
6.533333	1	-0.020125
6.550000	1	-0.020250
6.566667	1	-0.020500
6.583333	1	-0.021375
6.600000	1	-0.022500
6.616667	1	-0.023750
6.633333	1	-0.025000
6.650000	1	-0.026625
6.666667	1	-0.028375
6.683333	1	-0.029750
6.700000	1	-0.031250
6.716667	1	-0.032625
6.733333	1	-0.034375
6.750000	1	-0.035750
6.766667	1	-0.037375
6.783333	1	-0.038625
6.800000	1	-0.039875
6.816667	1	-0.041000
6.833333	1	-0.042625
6.850000	1	-0.043625
6.866667	1	-0.044750
6.883333	1	-0.045375
6.900000	1	-0.046750
6.916667	1	-0.047625
6.933333	1	-0.047875
6.950000	1	-0.048125
6.966667	1	-0.048125
6.983333	1	-0.047750
7.000000	1	-0.048000
7.016667	1	-0.048500
7.033333	1	-0.048875
7.050000	1	-0.049125
7.066667	1	-0.048750
7.083333	1	-0.048625
7.100000	1	-0.048125
7.116667	1	-0.048000
7.133333	1	-0.047000
7.150000	1	-0.046125
7.166667	1	-0.046375
7.183333	1	-0.045875
7.200000	1	-0.044875
7.216667	1	-0.044750
7.233333	1	-0.044625
7.250000	1	-0.044375
7.266667	1	-0.044625
7.283333	1	-0.044375
7.300000	1	-0.044375
7.316667	1	-0.044125
7.333333	1	-0.044375
7.350000	1	-0.045500
7.366667	1	-0.046625
7.383333	1	-0.047000
7.400000	1	-0.047750
7.416667	1	-0.048750
7.433333	1	-0.050250
7.450000	1	-0.052125
7.466667	1	-0.053375
7.483333	1	-0.054625
7.500000	1	-0.056750
7.516667	1	-0.059000
7.533333	1	-0.061750
7.550000	1	-0.063750
7.566667	1	-0.066000
7.583333	1	-0.068125
7.600000	1	-0.070625
7.616667	1	-0.073125
7.633333	1	-0.075125
7.650000	1	-0.077625
7.666667	1	-0.079500
7.683333	1	-0.081500
7.700000	1	-0.083875
7.716667	1	-0.085500
7.733333	1	-0.086750
7.750000	1	-0.088500
7.766667	1	-0.088875
7.783333	1	-0.089625
7.800000	1	-0.090125
7.816667	1	-0.090375
7.833333	1	-0.091000
7.850000	1	-0.091250
7.866667	1	-0.091375
7.883333	1	-0.091125
7.900000	1	-0.090500
7.916667	1	-0.090500
7.933333	1	-0.090125
7.950000	1	-0.089625
7.966667	1	-0.089125
7.983333	1	-0.088750
8.000000	1	-0.088250
8.016667	1	-0.087625
8.033333	1	-0.087750
8.050000	1	-0.087250
8.066667	1	-0.087500
8.083333	1	-0.087750
8.100000	1	-0.087250
8.116667	1	-0.087750
8.133333	1	-0.088125
8.150000	1	-0.088500
8.166667	1	-0.088750
8.183333	1	-0.089125
8.200000	1	-0.090250
8.216667	1	-0.092125
8.233333	1	-0.093125
8.250000	1	-0.094125
8.266667	1	-0.095250
8.283333	1	-0.096250
8.300000	1	-0.097750
8.316667	1	-0.098875
8.333333	1	-0.100375
8.350000	1	-0.101875
8.366667	1	-0.102875
8.383333	1	-0.104375
8.400000	1	-0.105625
8.416667	1	-0.107000
8.433333	1	-0.107750
8.450000	1	-0.109000
8.466667	1	-0.110000
8.483333	1	-0.111125
8.500000	1	-0.111875
8.516667	1	-0.113250
8.533333	1	-0.114500
8.550000	1	-0.115625
8.566667	1	-0.116375
8.583333	1	-0.116750
8.600000	1	-0.117000
8.616667	1	-0.118000
8.633333	1	-0.118000
8.650000	1	-0.119000
8.666667	1	-0.118625
8.683333	1	-0.119125
8.700000	1	-0.120125
8.716667	1	-0.120125
8.733333	1	-0.120750
8.750000	1	-0.120625
8.766667	1	-0.120500
8.783333	1	-0.120000
8.800000	1	-0.119750
8.816667	1	-0.119625
8.833333	1	-0.119625
8.850000	1	-0.119500
8.866667	1	-0.119375
8.883333	1	-0.119750
8.900000	1	-0.119500
8.916667	1	-0.118250
8.933333	1	-0.117875
8.950000	1	-0.117500
8.966667	1	-0.116875
8.983333	1	-0.115625
9.000000	1	-0.114875
9.016667	1	-0.114125
9.033333	1	-0.113250
9.050000	1	-0.112125
9.066667	1	-0.111125
9.083333	1	-0.109875
9.100000	1	-0.108625
9.116667	1	-0.107500
9.133333	1	-0.105375
9.150000	1	-0.103625
9.166667	1	-0.102000
9.183333	1	-0.100375
9.200000	1	-0.098500
9.216667	1	-0.097125
9.233333	1	-0.095625
9.250000	1	-0.093875
9.266667	1	-0.092250
9.283333	1	-0.090625
9.300000	1	-0.087750
9.316667	1	-0.085625
9.333333	1	-0.084250
9.350000	1	-0.082125
9.366667	1	-0.080375
9.383333	1	-0.078625
9.400000	1	-0.076750
9.416667	1	-0.075875
9.433333	1	-0.075000
9.450000	1	-0.073500
9.466667	1	-0.072500
9.483333	1	-0.071500
9.500000	1	-0.070875
9.516667	1	-0.069375
9.533333	1	-0.069125
9.550000	1	-0.068250
9.566667	1	-0.068625
9.583333	1	-0.067875
9.600000	1	-0.068125
9.616667	1	-0.067875
9.633333	1	-0.067875
9.650000	1	-0.067500
9.666667	1	-0.067375
9.683333	1	-0.066625
9.700000	1	-0.066000
9.716667	1	-0.064500
9.733333	1	-0.063875
9.750000	1	-0.063125
9.766667	1	-0.062500
9.783333	1	-0.061625
9.800000	1	-0.060625
9.816667	1	-0.059250
9.833333	1	-0.058125
9.850000	1	-0.056500
9.866667	1	-0.054500
9.883333	1	-0.052625
9.900000	1	-0.050625
9.916667	1	-0.049000
9.933333	1	-0.046625
9.950000	1	-0.044375
9.966667	1	-0.041750
9.983333	1	-0.040000
10.000000	1	-0.037000
10.016667	1	-0.034250
10.033333	1	-0.030875
10.050000	1	-0.027000
10.066667	1	-0.023000
10.083333	1	-0.018500
10.100000	1	-0.012625
10.116667	1	-0.006625
10.133333	1	0.000125
10.150000	1	0.008000
10.166667	1	0.016625
10.183333	1	0.026875
10.200000	1	0.038125
10.216667	1	0.050875
10.233333	1	0.064875
10.250000	1	0.080500
10.266667	1	0.098625
10.283333	1	0.118625
10.300000	1	0.141125
10.316667	1	0.167000
10.333333	1	0.194750
10.350000	1	0.225250
10.366667	1	0.257250
10.383333	1	0.290750
10.400000	1	0.323375
10.416667	1	0.351125
10.433333	1	0.367875
10.450000	1	0.367000
10.466667	1	0.344000
10.483333	1	0.299875
10.500000	1	0.246125
10.516667	1	0.212000
10.533333	1	0.246625
10.550000	1	0.416375
10.566667	1	0.802750
10.583333	1	1.489875
10.600000	1	2.558125
10.616667	1	4.071125
10.633333	1	6.080875
10.650000	1	8.611000
10.666667	1	11.673500
10.683333	1	15.259750
10.700000	1	19.343250
10.716667	1	23.866250
10.733333	1	28.740625
10.750000	1	33.827750
10.766667	1	38.929750
10.783333	1	43.773875
10.800000	1	48.014375
10.816667	1	51.248875
10.833333	1	53.093375
10.850000	1	53.279125
10.866667	1	51.737750
10.883333	1	48.644000
10.900000	1	44.370750
10.916667	1	39.396875
10.933333	1	34.190625
10.950000	1	29.128375
10.966667	1	24.461625
10.983333	1	20.330375
11.000000	1	16.781875
11.016667	1	13.805750
11.033333	1	11.357875
11.050000	1	9.375500
11.066667	1	7.787875
11.083333	1	6.525000
11.100000	1	5.525750
11.116667	1	4.734875
11.133333	1	4.108125
11.150000	1	3.609625
11.166667	1	3.209125
11.183333	1	2.885500
11.200000	1	2.620125
11.216667	1	2.399375
11.233333	1	2.215500
11.250000	1	2.058375
11.266667	1	1.923375
11.283333	1	1.806125
11.300000	1	1.703750
11.316667	1	1.613500
11.333333	1	1.534250
11.350000	1	1.464500
11.366667	1	1.402625
11.383333	1	1.347250
11.400000	1	1.297750
11.416667	1	1.254750
11.433333	1	1.216250
11.450000	1	1.181250
11.466667	1	1.150000
11.483333	1	1.122500
11.500000	1	1.097500
11.516667	1	1.075500
11.533333	1	1.054750
11.550000	1	1.037125
11.566667	1	1.020000
11.583333	1	1.005125
11.600000	1	0.991875
11.616667	1	0.980375
11.633333	1	0.969875
11.650000	1	0.960500
11.666667	1	0.952875
11.683333	1	0.946750
11.700000	1	0.942375
11.716667	1	0.939125
11.733333	1	0.937125
11.750000	1	0.935750
11.766667	1	0.936000
11.783333	1	0.936875
11.800000	1	0.938125
11.816667	1	0.940000
11.833333	1	0.941500
11.850000	1	0.942375
11.866667	1	0.944000
11.883333	1	0.944750
11.900000	1	0.945125
11.916667	1	0.945625
11.933333	1	0.946125
11.950000	1	0.945875
11.966667	1	0.946250
11.983333	1	0.946375
12.000000	1	0.947625
12.016667	1	0.948375
12.033333	1	0.950000
12.050000	1	0.952250
12.066667	1	0.954750
12.083333	1	0.958625
12.100000	1	0.962625
12.116667	1	0.967250
12.133333	1	0.972625
12.150000	1	0.979125
12.166667	1	0.986000
12.183333	1	0.993625
12.200000	1	1.002875
12.216667	1	1.013375
12.233333	1	1.025125
12.250000	1	1.038625
12.266667	1	1.054750
12.283333	1	1.072250
12.300000	1	1.092250
12.316667	1	1.114750
12.333333	1	1.139375
12.350000	1	1.167875
12.366667	1	1.199875
12.383333	1	1.235625
12.400000	1	1.276875
12.416667	1	1.325250
12.433333	1	1.382875
12.450000	1	1.453000
12.466667	1	1.538125
12.483333	1	1.641500
12.500000	1	1.765125
12.516667	1	1.911750
12.533333	1	2.081250
12.550000	1	2.274875
12.566667	1	2.490000
12.583333	1	2.724750
12.600000	1	2.976500
12.616667	1	3.238625
12.633333	1	3.506125
12.650000	1	3.772750
12.666667	1	4.031375
12.683333	1	4.274750
12.700000	1	4.496125
12.716667	1	4.687250
12.733333	1	4.844375
12.750000	1	4.962500
12.766667	1	5.040250
12.783333	1	5.078000
12.800000	1	5.078375
12.816667	1	5.044000
12.833333	1	4.977500
12.850000	1	4.885250
12.866667	1	4.770750
12.883333	1	4.638250
12.900000	1	4.490375
12.916667	1	4.333375
12.933333	1	4.170750
12.950000	1	4.006625
12.966667	1	3.845500
12.983333	1	3.690500
13.000000	1	3.543000
13.016667	1	3.406250
13.033333	1	3.280625
13.050000	1	3.165000
13.066667	1	3.059625
13.083333	1	2.963375
13.100000	1	2.875500
13.116667	1	2.795375
13.133333	1	2.720875
13.150000	1	2.652875
13.166667	1	2.590250
13.183333	1	2.531375
13.200000	1	2.476375
13.216667	1	2.424000
13.233333	1	2.374875
13.250000	1	2.327875
13.266667	1	2.283250
13.283333	1	2.239375
13.300000	1	2.198000
13.316667	1	2.158500
13.333333	1	2.121125
13.350000	1	2.085125
13.366667	1	2.052000
13.383333	1	2.020625
13.400000	1	1.991625
13.416667	1	1.964750
13.433333	1	1.940625
13.450000	1	1.919000
13.466667	1	1.900125
13.483333	1	1.884250
13.500000	1	1.870375
13.516667	1	1.858125
13.533333	1	1.847375
13.550000	1	1.838500
13.566667	1	1.830000
13.583333	1	1.822125
13.600000	1	1.812750
13.616667	1	1.802375
13.633333	1	1.791000
13.650000	1	1.778125
13.666667	1	1.763125
13.683333	1	1.745875
13.700000	1	1.726125
13.716667	1	1.705625
13.733333	1	1.683125
13.750000	1	1.659000
13.766667	1	1.635375
13.783333	1	1.610750
13.800000	1	1.587750
13.816667	1	1.564250
13.833333	1	1.542250
13.850000	1	1.520250
13.866667	1	1.499000
13.883333	1	1.478625
13.900000	1	1.459250
13.916667	1	1.441000
13.933333	1	1.423375
13.950000	1	1.406125
13.966667	1	1.390500
13.983333	1	1.375750
14.000000	1	1.361375
14.016667	1	1.347375
14.033333	1	1.334125
14.050000	1	1.321250
14.066667	1	1.309000
14.083333	1	1.297250
14.100000	1	1.286250
14.116667	1	1.275125
14.133333	1	1.264875
14.150000	1	1.254750
14.166667	1	1.245375
14.183333	1	1.237000
14.200000	1	1.229750
14.216667	1	1.222500
14.233333	1	1.217000
14.250000	1	1.212500
14.266667	1	1.209000
14.283333	1	1.207000
14.300000	1	1.207000
14.316667	1	1.208250
14.333333	1	1.212625
14.350000	1	1.219125
14.366667	1	1.227750
14.383333	1	1.239125
14.400000	1	1.255125
14.416667	1	1.277250
14.433333	1	1.308500
14.450000	1	1.353625
14.466667	1	1.420625
14.483333	1	1.521125
14.500000	1	1.671125
14.516667	1	1.893125
14.533333	1	2.219125
14.550000	1	2.688875
14.566667	1	3.352250
14.583333	1	4.268375
14.600000	1	5.503625
14.616667	1	7.132250
14.633333	1	9.228250
14.650000	1	11.859250
14.666667	1	15.075375
14.683333	1	18.896625
14.700000	1	23.308375
14.716667	1	28.243875
14.733333	1	33.598500
14.750000	1	39.216250
14.766667	1	44.897625
14.783333	1	50.410500
14.800000	1	55.514250
14.816667	1	59.976500
14.833333	1	63.587750
14.850000	1	66.178375
14.866667	1	67.635250
14.883333	1	67.913375
14.900000	1	67.035250
14.916667	1	65.092125
14.933333	1	62.228125
14.950000	1	58.624375
14.966667	1	54.479500
14.983333	1	50.000125
15.000000	1	45.370375
15.016667	1	40.750750
15.033333	1	36.269500
15.050000	1	32.026000
15.066667	1	28.087125
15.083333	1	24.493250
15.100000	1	21.262625
15.116667	1	18.394125
15.133333	1	15.872500
15.150000	1	13.673625
15.166667	1	11.768250
15.183333	1	10.128375
15.200000	1	8.723375
15.216667	1	7.524000
15.233333	1	6.504625
15.250000	1	5.642750
15.266667	1	4.918875
15.283333	1	4.313875
15.300000	1	3.812875
15.316667	1	3.401750
15.333333	1	3.067875
15.350000	1	2.799875
15.366667	1	2.588750
15.383333	1	2.424375
15.400000	1	2.298500
15.416667	1	2.203250
15.433333	1	2.131125
15.450000	1	2.076375
15.466667	1	2.032875
15.483333	1	1.995625
15.500000	1	1.961500
15.516667	1	1.926750
15.533333	1	1.889625
15.550000	1	1.849000
15.566667	1	1.804625
15.583333	1	1.757250
15.600000	1	1.707375
15.616667	1	1.656750
15.633333	1	1.606125
15.650000	1	1.556875
15.666667	1	1.508875
15.683333	1	1.463500
15.700000	1	1.420375
15.716667	1	1.380250
15.733333	1	1.343375
15.750000	1	1.309125
15.766667	1	1.276750
15.783333	1	1.247250
15.800000	1	1.219625
15.816667	1	1.193750
15.833333	1	1.170375
15.850000	1	1.148625
15.866667	1	1.129500
15.883333	1	1.112250
15.900000	1	1.096750
15.916667	1	1.083625
15.933333	1	1.072875
15.950000	1	1.063500
15.966667	1	1.057375
15.983333	1	1.053125
16.000000	1	1.050750
16.016667	1	1.050000
16.033333	1	1.050875
16.050000	1	1.053750
16.066667	1	1.057500
16.083333	1	1.062375
16.100000	1	1.067500
16.116667	1	1.073750
16.133333	1	1.079750
16.150000	1	1.084500
16.166667	1	1.089000
16.183333	1	1.092875
16.200000	1	1.096875
16.216667	1	1.099500
16.233333	1	1.100875
16.250000	1	1.101625
16.266667	1	1.101375
16.283333	1	1.099750
16.300000	1	1.098000
16.316667	1	1.095750
16.333333	1	1.093500
16.350000	1	1.092125
16.366667	1	1.091750
16.383333	1	1.091875
16.400000	1	1.092500
16.416667	1	1.094750
16.433333	1	1.098750
16.450000	1	1.104125
16.466667	1	1.109375
16.483333	1	1.115500
16.500000	1	1.121375
16.516667	1	1.127000
16.533333	1	1.131500
16.550000	1	1.135625
16.566667	1	1.139000
16.583333	1	1.140000
16.600000	1	1.140125
16.616667	1	1.139000
16.633333	1	1.136500
16.650000	1	1.132375
16.666667	1	1.127750
16.683333	1	1.123250
16.700000	1	1.119625
16.716667	1	1.116125
16.733333	1	1.114000
16.750000	1	1.112875
16.766667	1	1.113125
16.783333	1	1.115125
16.800000	1	1.118875
16.816667	1	1.122875
16.833333	1	1.127875
16.850000	1	1.131750
16.866667	1	1.135000
16.883333	1	1.138375
16.900000	1	1.140000
16.916667	1	1.140125
16.933333	1	1.138875
16.950000	1	1.135500
16.966667	1	1.131125
16.983333	1	1.125500
17.000000	1	1.119000
17.016667	1	1.111750
17.033333	1	1.103625
17.050000	1	1.095625
17.066667	1	1.088750
17.083333	1	1.082625
17.100000	1	1.076250
17.116667	1	1.071500
17.133333	1	1.066750
17.150000	1	1.063625
17.166667	1	1.061500
17.183333	1	1.060875
17.200000	1	1.060875
17.216667	1	1.061750
17.233333	1	1.063375
17.250000	1	1.065625
17.266667	1	1.068625
17.283333	1	1.071125
17.300000	1	1.074875
17.316667	1	1.079000
17.333333	1	1.084375
17.350000	1	1.089375
17.366667	1	1.093625
17.383333	1	1.097625
17.400000	1	1.101625
17.416667	1	1.105000
17.433333	1	1.107125
17.450000	1	1.107750
17.466667	1	1.107125
17.483333	1	1.104375
17.500000	1	1.101250
17.516667	1	1.096000
17.533333	1	1.089000
17.550000	1	1.079875
17.566667	1	1.069125
17.583333	1	1.057250
17.600000	1	1.044250
17.616667	1	1.030625
17.633333	1	1.016375
17.650000	1	1.000875
17.666667	1	0.985125
17.683333	1	0.969500
17.700000	1	0.953250
17.716667	1	0.937500
17.733333	1	0.922750
17.750000	1	0.909000
17.766667	1	0.894875
17.783333	1	0.882625
17.800000	1	0.870750
17.816667	1	0.860375
17.833333	1	0.850750
17.850000	1	0.842625
17.866667	1	0.834875
17.883333	1	0.828625
17.900000	1	0.823125
17.916667	1	0.818000
17.933333	1	0.813250
17.950000	1	0.809125
17.966667	1	0.805625
17.983333	1	0.802750
18.000000	1	0.799125
18.016667	1	0.795875
18.033333	1	0.792625
18.050000	1	0.789125
18.066667	1	0.786250
18.083333	1	0.783125
18.100000	1	0.780000
18.116667	1	0.777750
18.133333	1	0.776125
18.150000	1	0.774500
18.166667	1	0.773125
18.183333	1	0.772500
18.200000	1	0.772500
18.216667	1	0.772375
18.233333	1	0.772500
18.250000	1	0.773625
18.266667	1	0.773500
18.283333	1	0.774000
18.300000	1	0.775500
18.316667	1	0.776250
18.333333	1	0.777125
18.350000	1	0.777875
18.366667	1	0.780250
18.383333	1	0.782625
18.400000	1	0.786125
18.416667	1	0.791000
18.433333	1	0.796125
18.450000	1	0.804250
18.466667	1	0.813375
18.483333	1	0.824750
18.500000	1	0.837750
18.516667	1	0.852625
18.533333	1	0.869875
18.550000	1	0.889125
18.566667	1	0.910625
18.583333	1	0.933375
18.600000	1	0.958625
18.616667	1	0.985625
18.633333	1	1.014500
18.650000	1	1.045125
18.666667	1	1.077250
18.683333	1	1.110500
18.700000	1	1.144875
18.716667	1	1.180125
18.733333	1	1.215125
18.750000	1	1.250500
18.766667	1	1.285750
18.783333	1	1.320250
18.800000	1	1.352625
18.816667	1	1.383250
18.833333	1	1.411375
18.850000	1	1.435750
18.866667	1	1.455875
18.883333	1	1.470250
18.900000	1	1.479500
18.916667	1	1.482750
18.933333	1	1.479750
18.950000	1	1.470000
18.966667	1	1.453625
18.983333	1	1.431000
19.000000	1	1.401875
19.016667	1	1.367375
19.033333	1	1.327750
19.050000	1	1.284250
19.066667	1	1.237500
19.083333	1	1.189000
19.100000	1	1.139125
19.116667	1	1.089500
19.133333	1	1.040500
19.150000	1	0.993375
19.166667	1	0.949250
19.183333	1	0.908375
19.200000	1	0.871125
19.216667	1	0.838625
19.233333	1	0.810500
19.250000	1	0.788750
19.266667	1	0.772750
19.283333	1	0.763625
19.300000	1	0.760250
19.316667	1	0.763000
19.333333	1	0.771000
19.350000	1	0.785750
19.366667	1	0.806125
19.383333	1	0.830500
19.400000	1	0.858875
19.416667	1	0.890000
19.433333	1	0.923125
19.450000	1	0.958000
19.466667	1	0.992375
19.483333	1	1.026000
19.500000	1	1.058000
19.516667	1	1.086875
19.533333	1	1.112625
19.550000	1	1.134000
19.566667	1	1.151500
19.583333	1	1.164125
19.600000	1	1.172250
19.616667	1	1.174875
19.633333	1	1.173000
19.650000	1	1.166625
19.666667	1	1.155125
19.683333	1	1.139875
19.700000	1	1.121500
19.716667	1	1.098625
19.733333	1	1.072875
19.750000	1	1.044875
19.766667	1	1.015375
19.783333	1	0.984375
19.800000	1	0.951625
19.816667	1	0.918250
19.833333	1	0.884750
19.850000	1	0.851875
19.866667	1	0.819750
19.883333	1	0.789000
19.900000	1	0.760625
19.916667	1	0.734250
19.933333	1	0.710875
19.950000	1	0.691000
19.966667	1	0.675625
19.983333	1	0.664750
20.000000	1	0.658750
20.016667	1	0.659000
20.033333	1	0.665250
20.050000	1	0.678500
20.066667	1	0.698375
20.083333	1	0.725375
20.100000	1	0.759500
20.116667	1	0.799500
20.133333	1	0.846500
20.150000	1	0.898125
20.166667	1	0.954500
20.183333	1	1.013000
20.200000	1	1.072625
20.216667	1	1.130375
20.233333	1	1.184250
20.250000	1	1.234250
20.266667	1	1.277250
20.283333	1	1.311250
20.300000	1	1.335875
20.316667	1	1.350000
20.333333	1	1.354000
20.350000	1	1.346625
20.366667	1	1.329125
20.383333	1	1.300875
20.400000	1	1.264750
20.416667	1	1.222125
20.433333	1	1.174000
20.450000	1	1.122875
20.466667	1	1.070250
20.483333	1	1.017750
20.500000	1	0.966500
20.516667	1	0.920000
20.533333	1	0.879250
20.550000	1	0.843875
20.566667	1	0.816875
20.583333	1	0.799125
20.600000	1	0.790375
20.616667	1	0.791875
20.633333	1	0.804000
20.650000	1	0.827375
20.666667	1	0.861375
20.683333	1	0.906000
20.700000	1	0.959875
20.716667	1	1.021750
20.733333	1	1.090625
20.750000	1	1.164375
20.766667	1	1.241125
20.783333	1	1.318375
20.800000	1	1.393500
20.816667	1	1.463625
20.833333	1	1.526375
20.850000	1	1.579750
20.866667	1	1.621500
20.883333	1	1.650375
20.900000	1	1.665750
20.916667	1	1.666500
20.933333	1	1.654625
20.950000	1	1.628625
20.966667	1	1.591375
20.983333	1	1.544000
21.000000	1	1.487750
21.016667	1	1.424375
21.033333	1	1.356750
21.050000	1	1.285750
21.066667	1	1.215125
21.083333	1	1.144375
21.100000	1	1.075375
21.116667	1	1.009125
21.133333	1	0.946375
21.150000	1	0.887875
21.166667	1	0.834375
21.183333	1	0.784625
21.200000	1	0.739375
21.216667	1	0.698875
21.233333	1	0.662625
21.250000	1	0.629875
21.266667	1	0.601750
21.283333	1	0.576000
21.300000	1	0.553375
21.316667	1	0.533875
21.333333	1	0.515875
21.350000	1	0.499625
21.366667	1	0.486000
21.383333	1	0.473875
21.400000	1	0.463500
21.416667	1	0.454000
21.433333	1	0.445250
21.450000	1	0.437625
21.466667	1	0.430875
21.483333	1	0.425250
21.500000	1	0.420250
21.516667	1	0.415625
21.533333	1	0.411500
21.550000	1	0.408000
21.566667	1	0.404875
21.583333	1	0.402375
21.600000	1	0.400750
21.616667	1	0.399250
21.633333	1	0.398125
21.650000	1	0.397000
21.666667	1	0.396875
21.683333	1	0.397375
21.700000	1	0.398000
21.716667	1	0.399250
21.733333	1	0.400375
21.750000	1	0.401875
21.766667	1	0.404125
21.783333	1	0.406125
21.800000	1	0.408250
21.816667	1	0.411000
21.833333	1	0.413875
21.850000	1	0.416750
21.866667	1	0.419125
21.883333	1	0.421875
21.900000	1	0.425125
21.916667	1	0.429000
21.933333	1	0.432875
21.950000	1	0.437375
21.966667	1	0.442000
21.983333	1	0.447375
22.000000	1	0.452625
22.016667	1	0.457750
22.033333	1	0.462875
22.050000	1	0.468125
22.066667	1	0.473125
22.083333	1	0.478625
22.100000	1	0.483500
22.116667	1	0.487625
22.133333	1	0.491625
22.150000	1	0.494375
22.166667	1	0.496375
22.183333	1	0.496750
22.200000	1	0.496875
22.216667	1	0.495125
22.233333	1	0.492375
22.250000	1	0.488000
22.266667	1	0.482625
22.283333	1	0.477375
22.300000	1	0.469500
22.316667	1	0.461500
22.333333	1	0.453000
22.350000	1	0.444000
22.366667	1	0.434250
22.383333	1	0.424875
22.400000	1	0.414500
22.416667	1	0.404250
22.433333	1	0.395125
22.450000	1	0.386375
22.466667	1	0.377625
22.483333	1	0.370000
22.500000	1	0.361750
22.516667	1	0.354750
22.533333	1	0.348625
22.550000	1	0.342875
22.566667	1	0.337250
22.583333	1	0.331750
22.600000	1	0.327000
22.616667	1	0.322750
22.633333	1	0.318250
22.650000	1	0.315125
22.666667	1	0.311375
22.683333	1	0.307250
22.700000	1	0.303625
22.716667	1	0.300375
22.733333	1	0.297625
22.750000	1	0.294750
22.766667	1	0.292375
22.783333	1	0.289750
22.800000	1	0.286875
22.816667	1	0.284500
22.833333	1	0.282875
22.850000	1	0.280375
22.866667	1	0.278875
22.883333	1	0.277500
22.900000	1	0.275875
22.916667	1	0.274625
22.933333	1	0.273500
22.950000	1	0.273125
22.966667	1	0.272250
22.983333	1	0.272000
23.000000	1	0.272375
23.016667	1	0.272625
23.033333	1	0.273625
23.050000	1	0.274500
23.066667	1	0.275750
23.083333	1	0.277500
23.100000	1	0.280125
23.116667	1	0.282500
23.133333	1	0.285250
23.150000	1	0.288125
23.166667	1	0.291250
23.183333	1	0.295125
23.200000	1	0.298000
23.216667	1	0.302375
23.233333	1	0.307250
23.250000	1	0.312250
23.266667	1	0.318625
23.283333	1	0.326750
23.300000	1	0.336125
23.316667	1	0.348500
23.333333	1	0.364125
23.350000	1	0.383875
23.366667	1	0.408625
23.383333	1	0.440375
23.400000	1	0.479625
23.416667	1	0.529500
23.433333	1	0.590625
23.450000	1	0.665875
23.466667	1	0.756125
23.483333	1	0.865125
23.500000	1	0.994625
23.516667	1	1.146625
23.533333	1	1.323000
23.550000	1	1.525375
23.566667	1	1.754250
23.583333	1	2.009750
23.600000	1	2.291125
23.616667	1	2.596125
23.633333	1	2.922875
23.650000	1	3.266750
23.666667	1	3.623500
23.683333	1	3.987875
23.700000	1	4.354000
23.716667	1	4.714125
23.733333	1	5.061875
23.750000	1	5.389000
23.766667	1	5.688750
23.783333	1	5.954000
23.800000	1	6.179250
23.816667	1	6.360000
23.833333	1	6.492000
23.850000	1	6.574375
23.866667	1	6.605875
23.883333	1	6.587375
23.900000	1	6.520375
23.916667	1	6.408250
23.933333	1	6.255000
23.950000	1	6.065000
23.966667	1	5.844000
23.983333	1	5.598375
24.000000	1	5.334250
24.016667	1	5.056625
24.033333	1	4.770875
24.050000	1	4.482125
24.066667	1	4.194625
24.083333	1	3.912625
24.100000	1	3.638250
24.116667	1	3.374500
24.133333	1	3.122875
24.150000	1	2.884500
24.166667	1	2.660500
24.183333	1	2.450375
24.200000	1	2.257000
24.216667	1	2.077250
24.233333	1	1.911500
24.250000	1	1.759500
24.266667	1	1.620875
24.283333	1	1.495750
24.300000	1	1.381250
24.316667	1	1.278125
24.333333	1	1.185000
24.350000	1	1.101625
24.366667	1	1.027250
24.383333	1	0.961250
24.400000	1	0.903500
24.416667	1	0.852375
24.433333	1	0.806875
24.450000	1	0.767750
24.466667	1	0.734125
24.483333	1	0.704500
24.500000	1	0.678750
24.516667	1	0.657375
24.533333	1	0.639000
24.550000	1	0.623375
24.566667	1	0.610000
24.583333	1	0.598500
24.600000	1	0.587375
24.616667	1	0.577625
24.633333	1	0.568875
24.650000	1	0.561375
24.666667	1	0.554500
24.683333	1	0.547875
24.700000	1	0.541125
24.716667	1	0.534750
24.733333	1	0.528250
24.750000	1	0.521625
24.766667	1	0.515125
24.783333	1	0.508625
24.800000	1	0.502250
24.816667	1	0.496250
24.833333	1	0.490250
24.850000	1	0.484500
24.866667	1	0.479125
24.883333	1	0.473750
24.900000	1	0.468500
24.916667	1	0.463125
24.933333	1	0.458250
24.950000	1	0.453750
24.966667	1	0.449875
24.983333	1	0.445250
25.000000	1	0.441250
25.016667	1	0.436625
25.033333	1	0.432875
25.050000	1	0.428625
25.066667	1	0.425250
25.083333	1	0.421750
25.100000	1	0.419250
25.116667	1	0.415625
25.133333	1	0.411500
25.150000	1	0.408625
25.166667	1	0.404750
25.183333	1	0.400750
25.200000	1	0.397625
25.216667	1	0.393625
25.233333	1	0.389625
25.250000	1	0.385000
25.266667	1	0.380875
25.283333	1	0.377125
25.300000	1	0.373500
25.316667	1	0.369750
25.333333	1	0.365750
25.350000	1	0.362250
25.366667	1	0.358250
25.383333	1	0.354625
25.400000	1	0.351250
25.416667	1	0.348375
25.433333	1	0.345500
25.450000	1	0.343000
25.466667	1	0.341125
25.483333	1	0.340250
25.500000	1	0.338875
25.516667	1	0.337250
25.533333	1	0.335625
25.550000	1	0.335000
25.566667	1	0.333625
25.583333	1	0.332500
25.600000	1	0.331250
25.616667	1	0.331000
25.633333	1	0.330625
25.650000	1	0.329375
25.666667	1	0.329250
25.683333	1	0.328500
25.700000	1	0.328375
25.716667	1	0.327500
25.733333	1	0.326500
25.750000	1	0.325375
25.766667	1	0.324250
25.783333	1	0.323750
25.800000	1	0.322250
25.816667	1	0.321375
25.833333	1	0.321375
25.850000	1	0.320750
25.866667	1	0.319875
25.883333	1	0.318375
25.900000	1	0.318250
25.916667	1	0.317625
25.933333	1	0.318250
25.950000	1	0.319000
25.966667	1	0.319750
25.983333	1	0.321000
26.000000	1	0.322250
26.016667	1	0.323750
26.033333	1	0.326125
26.050000	1	0.328250
26.066667	1	0.331375
26.083333	1	0.335125
26.100000	1	0.338375
26.116667	1	0.342375
26.133333	1	0.346125
26.150000	1	0.350125
26.166667	1	0.354750
26.183333	1	0.359375
26.200000	1	0.363375
26.216667	1	0.368250
26.233333	1	0.373250
26.250000	1	0.377750
26.266667	1	0.381875
26.283333	1	0.385375
26.300000	1	0.388625
26.316667	1	0.391125
26.333333	1	0.393250
26.350000	1	0.394375
26.366667	1	0.395125
26.383333	1	0.395125
26.400000	1	0.394375
26.416667	1	0.392375
26.433333	1	0.390125
26.450000	1	0.387000
26.466667	1	0.384125
26.483333	1	0.380125
26.500000	1	0.376000
26.516667	1	0.370500
26.533333	1	0.365375
26.550000	1	0.359125
26.566667	1	0.353250
26.583333	1	0.346625
26.600000	1	0.340500
26.616667	1	0.333750
26.633333	1	0.327250
26.650000	1	0.320375
26.666667	1	0.313625
26.683333	1	0.307750
26.700000	1	0.301750
26.716667	1	0.295625
26.733333	1	0.290000
26.750000	1	0.284500
26.766667	1	0.278875
26.783333	1	0.274000
26.800000	1	0.269500
26.816667	1	0.265500
26.833333	1	0.261375
26.850000	1	0.258000
26.866667	1	0.255250
26.883333	1	0.252625
26.900000	1	0.250500
26.916667	1	0.248625
26.933333	1	0.246500
26.950000	1	0.245125
26.966667	1	0.243500
26.983333	1	0.243000
27.000000	1	0.242500
27.016667	1	0.242625
27.033333	1	0.243500
27.050000	1	0.244875
27.066667	1	0.246375
27.083333	1	0.248000
27.100000	1	0.250875
27.116667	1	0.253625
27.133333	1	0.258375
27.150000	1	0.263375
27.166667	1	0.269125
27.183333	1	0.276375
27.200000	1	0.285375
27.216667	1	0.295875
27.233333	1	0.308250
27.250000	1	0.321625
27.266667	1	0.338375
27.283333	1	0.358375
27.300000	1	0.381375
27.316667	1	0.408125
27.333333	1	0.439125
27.350000	1	0.475875
27.366667	1	0.518125
27.383333	1	0.566750
27.400000	1	0.621750
27.416667	1	0.685125
27.433333	1	0.757625
27.450000	1	0.838625
27.466667	1	0.931000
27.483333	1	1.034125
27.500000	1	1.148250
27.516667	1	1.273375
27.533333	1	1.410000
27.550000	1	1.558250
27.566667	1	1.717250
27.583333	1	1.886500
27.600000	1	2.064875
27.616667	1	2.251500
27.633333	1	2.444125
27.650000	1	2.642875
27.666667	1	2.844875
27.683333	1	3.046500
27.700000	1	3.247000
27.716667	1	3.441125
27.733333	1	3.628375
27.750000	1	3.804875
27.766667	1	3.968750
27.783333	1	4.115250
27.800000	1	4.244125
27.816667	1	4.351375
27.833333	1	4.437000
27.850000	1	4.498500
27.866667	1	4.533875
27.883333	1	4.544500
27.900000	1	4.529500
27.916667	1	4.488875
27.933333	1	4.424750
27.950000	1	4.337375
27.966667	1	4.229125
27.983333	1	4.103250
28.000000	1	3.960750
28.016667	1	3.805125
28.033333	1	3.638000
28.050000	1	3.463125
28.066667	1	3.282625
28.083333	1	3.099875
28.100000	1	2.916625
28.116667	1	2.735125
28.133333	1	2.557625
28.150000	1	2.385500
28.166667	1	2.219000
28.183333	1	2.060500
28.200000	1	1.910875
28.216667	1	1.770500
28.233333	1	1.638625
28.250000	1	1.516500
28.266667	1	1.402750
28.283333	1	1.298250
28.300000	1	1.202625
28.316667	1	1.115375
28.333333	1	1.036125
28.350000	1	0.964375
28.366667	1	0.900125
28.383333	1	0.842375
28.400000	1	0.790750
28.416667	1	0.745125
28.433333	1	0.704750
28.450000	1	0.669375
28.466667	1	0.638500
28.483333	1	0.612250
28.500000	1	0.589375
28.516667	1	0.570750
28.533333	1	0.555750
28.550000	1	0.543750
28.566667	1	0.534375
28.583333	1	0.528125
28.600000	1	0.524125
28.616667	1	0.522000
28.633333	1	0.521625
28.650000	1	0.523625
28.666667	1	0.526625
28.683333	1	0.531250
28.700000	1	0.536500
28.716667	1	0.542375
28.733333	1	0.548875
28.750000	1	0.556125
28.766667	1	0.564375
28.783333	1	0.571625
28.800000	1	0.578750
28.816667	1	0.586125
28.833333	1	0.593375
28.850000	1	0.600000
28.866667	1	0.606375
28.883333	1	0.611750
28.900000	1	0.616625
28.916667	1	0.619750
28.933333	1	0.622250
28.950000	1	0.623750
28.966667	1	0.623875
28.983333	1	0.623250
29.000000	1	0.620625
29.016667	1	0.616875
29.033333	1	0.612250
29.050000	1	0.605000
29.066667	1	0.596500
29.083333	1	0.587875
29.100000	1	0.577000
29.116667	1	0.563500
29.133333	1	0.547875
29.150000	1	0.530875
29.166667	1	0.512125
29.183333	1	0.491375
29.200000	1	0.468625
29.216667	1	0.444250
29.233333	1	0.417500
29.250000	1	0.389250
29.266667	1	0.358375
29.283333	1	0.325375
29.300000	1	0.290500
29.316667	1	0.254000
29.333333	1	0.215000
29.350000	1	0.173875
29.366667	1	0.130750
29.383333	1	0.085500
29.400000	1	0.040125
29.416667	1	-0.006875
29.433333	1	-0.054500
29.450000	1	-0.103000
29.466667	1	-0.152750
29.483333	1	-0.202250
29.500000	1	-0.252250
29.516667	1	-0.300625
29.533333	1	-0.350125
29.550000	1	-0.397250
29.566667	1	-0.443250
29.583333	1	-0.486250
29.600000	1	-0.527625
29.616667	1	-0.566375
29.633333	1	-0.602500
29.650000	1	-0.635750
29.666667	1	-0.665375
29.683333	1	-0.691375
29.700000	1	-0.713750
29.716667	1	-0.731875
29.733333	1	-0.745375
29.750000	1	-0.754875
29.766667	1	-0.761500
29.783333	1	-0.763500
29.800000	1	-0.761875
29.816667	1	-0.756000
29.833333	1	-0.747000
29.850000	1	-0.734250
29.866667	1	-0.718625
29.883333	1	-0.700000
29.900000	1	-0.678875
29.916667	1	-0.655375
29.933333	1	-0.630875
29.950000	1	-0.604875
29.966667	1	-0.576750
29.983333	1	-0.548250
30.000000	1	-0.518750
30.016667	1	-0.488875
30.033333	1	-0.458625
30.050000	1	-0.428000
30.066667	1	-0.398125
30.083333	1	-0.369125
30.100000	1	-0.339875
30.116667	1	-0.312250
30.133333	1	-0.284875
30.150000	1	-0.258875
30.166667	1	-0.234625
30.183333	1	-0.210625
30.200000	1	-0.188875
30.216667	1	-0.167625
30.233333	1	-0.148625
30.250000	1	-0.129750
30.266667	1	-0.112125
30.283333	1	-0.095250
30.300000	1	-0.080375
30.316667	1	-0.065750
30.333333	1	-0.052875
30.350000	1	-0.040875
30.366667	1	-0.030000
30.383333	1	-0.019250
30.400000	1	-0.009250
30.416667	1	-0.000625
30.433333	1	0.007250
30.450000	1	0.015000
30.466667	1	0.022500
30.483333	1	0.029375
30.500000	1	0.036250
30.516667	1	0.042750
30.533333	1	0.048500
30.550000	1	0.055250
30.566667	1	0.061750
30.583333	1	0.068250
30.600000	1	0.075625
30.616667	1	0.082125
30.633333	1	0.089125
30.650000	1	0.097000
30.666667	1	0.104000
30.683333	1	0.111750
30.700000	1	0.119750
30.716667	1	0.127750
30.733333	1	0.136500
30.750000	1	0.145375
30.766667	1	0.154500
30.783333	1	0.163625
30.800000	1	0.173625
30.816667	1	0.184375
30.833333	1	0.195125
30.850000	1	0.206000
30.866667	1	0.217125
30.883333	1	0.228375
30.900000	1	0.240750
30.916667	1	0.252875
30.933333	1	0.265625
30.950000	1	0.278750
30.966667	1	0.292875
30.983333	1	0.308000
31.000000	1	0.323500
31.016667	1	0.341125
31.033333	1	0.358750
31.050000	1	0.378250
31.066667	1	0.398750
31.083333	1	0.421625
31.100000	1	0.446750
31.116667	1	0.474000
31.133333	1	0.504125
31.150000	1	0.537500
31.166667	1	0.573750
31.183333	1	0.613000
31.200000	1	0.656125
31.216667	1	0.702625
31.233333	1	0.752125
31.250000	1	0.805500
31.266667	1	0.863250
31.283333	1	0.923875
31.300000	1	0.987875
31.316667	1	1.054875
31.333333	1	1.124250
31.350000	1	1.195750
31.366667	1	1.269625
31.383333	1	1.343750
31.400000	1	1.417625
31.416667	1	1.491625
31.433333	1	1.564750
31.450000	1	1.635625
31.466667	1	1.703000
31.483333	1	1.766750
31.500000	1	1.825125
31.516667	1	1.878375
31.533333	1	1.924625
31.550000	1	1.964500
31.566667	1	1.996625
31.583333	1	2.021250
31.600000	1	2.038000
31.616667	1	2.047000
31.633333	1	2.047500
31.650000	1	2.040500
31.666667	1	2.024750
31.683333	1	2.001375
31.700000	1	1.970625
31.716667	1	1.934125
31.733333	1	1.891125
31.750000	1	1.843250
31.766667	1	1.790250
31.783333	1	1.733375
31.800000	1	1.673125
31.816667	1	1.610625
31.833333	1	1.545250
31.850000	1	1.478750
31.866667	1	1.412250
31.883333	1	1.344875
31.900000	1	1.278000
31.916667	1	1.212125
31.933333	1	1.147750
31.950000	1	1.085000
31.966667	1	1.024750
31.983333	1	0.965750
32.000000	1	0.909250
32.016667	1	0.855375
32.033333	1	0.803500
32.050000	1	0.753750
32.066667	1	0.706875
32.083333	1	0.662750
32.100000	1	0.620750
32.116667	1	0.581250
32.133333	1	0.544000
32.150000	1	0.509375
32.166667	1	0.476500
32.183333	1	0.445625
32.200000	1	0.416875
32.216667	1	0.389625
32.233333	1	0.363750
32.250000	1	0.339750
32.266667	1	0.317375
32.283333	1	0.296500
32.300000	1	0.277000
32.316667	1	0.258625
32.333333	1	0.241250
32.350000	1	0.224250
32.366667	1	0.209625
32.383333	1	0.195250
32.400000	1	0.181750
32.416667	1	0.169250
32.433333	1	0.157375
32.450000	1	0.146375
32.466667	1	0.135750
32.483333	1	0.126250
32.500000	1	0.117000
32.516667	1	0.107875
32.533333	1	0.100500
32.550000	1	0.092625
32.566667	1	0.086250
32.583333	1	0.079375
32.600000	1	0.073500
32.616667	1	0.068625
32.633333	1	0.063375
32.650000	1	0.058875
32.666667	1	0.054750
32.683333	1	0.050375
32.700000	1	0.047125
32.716667	1	0.044250
32.733333	1	0.041500
32.750000	1	0.038500
32.766667	1	0.036875
32.783333	1	0.035750
32.800000	1	0.035125
32.816667	1	0.034375
32.833333	1	0.034375
32.850000	1	0.034250
32.866667	1	0.034625
32.883333	1	0.035500
32.900000	1	0.036125
32.916667	1	0.038000
32.933333	1	0.039250
32.950000	1	0.040750
32.966667	1	0.043125
32.983333	1	0.045500
33.000000	1	0.047750
33.016667	1	0.050250
33.033333	1	0.053250
33.050000	1	0.056000
33.066667	1	0.058750
33.083333	1	0.062375
33.100000	1	0.065875
33.116667	1	0.069250
33.133333	1	0.073000
33.150000	1	0.076000
33.166667	1	0.079875
33.183333	1	0.083500
33.200000	1	0.086875
33.216667	1	0.090625
33.233333	1	0.094250
33.250000	1	0.097500
33.266667	1	0.101250
33.283333	1	0.103875
33.300000	1	0.106625
33.316667	1	0.109250
33.333333	1	0.112250
33.350000	1	0.115250
33.366667	1	0.117875
33.383333	1	0.120375
33.400000	1	0.123250
33.416667	1	0.125750
33.433333	1	0.127875
33.450000	1	0.130125
33.466667	1	0.132750
33.483333	1	0.135125
33.500000	1	0.137375
33.516667	1	0.140000
33.533333	1	0.142750
33.550000	1	0.145500
33.566667	1	0.148125
33.583333	1	0.150875
33.600000	1	0.153375
33.616667	1	0.156250
33.633333	1	0.158625
33.650000	1	0.161500
33.666667	1	0.164125
33.683333	1	0.167000
33.700000	1	0.169750
33.716667	1	0.172875
33.733333	1	0.176000
33.750000	1	0.178750
33.766667	1	0.182000
33.783333	1	0.184875
33.800000	1	0.187625
33.816667	1	0.190250
33.833333	1	0.193125
33.850000	1	0.195375
33.866667	1	0.198125
33.883333	1	0.199625
33.900000	1	0.202125
33.916667	1	0.203750
33.933333	1	0.205375
33.950000	1	0.207000
33.966667	1	0.209250
33.983333	1	0.210375
34.000000	1	0.211875
34.016667	1	0.213125
34.033333	1	0.214250
34.050000	1	0.214250
34.066667	1	0.213875
34.083333	1	0.213250
34.100000	1	0.213500
34.116667	1	0.213375
34.133333	1	0.213000
34.150000	1	0.212375
34.166667	1	0.211375
34.183333	1	0.210625
34.200000	1	0.209125
34.216667	1	0.207375
34.233333	1	0.206125
34.250000	1	0.205500
34.266667	1	0.204375
34.283333	1	0.202750
34.300000	1	0.201500
34.316667	1	0.200875
34.333333	1	0.200375
34.350000	1	0.199875
34.366667	1	0.199250
34.383333	1	0.199000
34.400000	1	0.197750
34.416667	1	0.197500
34.433333	1	0.197125
34.450000	1	0.197375
34.466667	1	0.198125
34.483333	1	0.199750
34.500000	1	0.201125
34.516667	1	0.202750
34.533333	1	0.204375
34.550000	1	0.206125
34.566667	1	0.207875
34.583333	1	0.210250
34.600000	1	0.212875
34.616667	1	0.215625
34.633333	1	0.217875
34.650000	1	0.220125
34.666667	1	0.222000
34.683333	1	0.224250
34.700000	1	0.226875
34.716667	1	0.228750
34.733333	1	0.230875
34.750000	1	0.233000
34.766667	1	0.235000
34.783333	1	0.235875
34.800000	1	0.237125
34.816667	1	0.237875
34.833333	1	0.238625
34.850000	1	0.239375
34.866667	1	0.239875
34.883333	1	0.240000
34.900000	1	0.239500
34.916667	1	0.238375
34.933333	1	0.237125
34.950000	1	0.236000
34.966667	1	0.234375
34.983333	1	0.232625
35.000000	1	0.230625
35.016667	1	0.227875
35.033333	1	0.225000
35.050000	1	0.222500
35.066667	1	0.219375
35.083333	1	0.216625
35.100000	1	0.212750
35.116667	1	0.209375
35.133333	1	0.206250
35.150000	1	0.203375
35.166667	1	0.200000
35.183333	1	0.197125
35.200000	1	0.194250
35.216667	1	0.191500
35.233333	1	0.189125
35.250000	1	0.186625
35.266667	1	0.184375
35.283333	1	0.183000
35.300000	1	0.181375
35.316667	1	0.179500
35.333333	1	0.178625
35.350000	1	0.177375
35.366667	1	0.176500
35.383333	1	0.175375
35.400000	1	0.175125
35.416667	1	0.174750
35.433333	1	0.175000
35.450000	1	0.174625
35.466667	1	0.174875
35.483333	1	0.174750
35.500000	1	0.175000
35.516667	1	0.175625
35.533333	1	0.176625
35.550000	1	0.178000
35.566667	1	0.178625
35.583333	1	0.179500
35.600000	1	0.180500
35.616667	1	0.181625
35.633333	1	0.182375
35.650000	1	0.183875
35.666667	1	0.185125
35.683333	1	0.186250
35.700000	1	0.187625
35.716667	1	0.188250
35.733333	1	0.189250
35.750000	1	0.190375
35.766667	1	0.190875
35.783333	1	0.191625
35.800000	1	0.192250
35.816667	1	0.192500
35.833333	1	0.192500
35.850000	1	0.193250
35.866667	1	0.193875
35.883333	1	0.194500
35.900000	1	0.194125
35.916667	1	0.194625
35.933333	1	0.194375
35.950000	1	0.194375
35.966667	1	0.194500
35.983333	1	0.194625
36.000000	1	0.195250
36.016667	1	0.195000
36.033333	1	0.195500
36.050000	1	0.195875
36.066667	1	0.196125
36.083333	1	0.195750
36.100000	1	0.196125
36.116667	1	0.196375
36.133333	1	0.197375
36.150000	1	0.197875
36.166667	1	0.199375
36.183333	1	0.199375
36.200000	1	0.199750
36.216667	1	0.199500
36.233333	1	0.200125
36.250000	1	0.200625
36.266667	1	0.200625
36.283333	1	0.200625
36.300000	1	0.200000
36.316667	1	0.200500
36.333333	1	0.200125
36.350000	1	0.200250
36.366667	1	0.200000
36.383333	1	0.200000
36.400000	1	0.199875
36.416667	1	0.199500
36.433333	1	0.198375
36.450000	1	0.197875
36.466667	1	0.197500
36.483333	1	0.197500
36.500000	1	0.196250
36.516667	1	0.195625
36.533333	1	0.194875
36.550000	1	0.194500
36.566667	1	0.193125
36.583333	1	0.192500
36.600000	1	0.191000
36.616667	1	0.190125
36.633333	1	0.189375
36.650000	1	0.187875
36.666667	1	0.186875
36.683333	1	0.186500
36.700000	1	0.186000
36.716667	1	0.184375
36.733333	1	0.183125
36.750000	1	0.182000
36.766667	1	0.180750
36.783333	1	0.179125
36.800000	1	0.177875
36.816667	1	0.176250
36.833333	1	0.175000
36.850000	1	0.173875
36.866667	1	0.172625
36.883333	1	0.171250
36.900000	1	0.170125
36.916667	1	0.168875
36.933333	1	0.167500
36.950000	1	0.166250
36.966667	1	0.164375
36.983333	1	0.163125
37.000000	1	0.161375
37.016667	1	0.159500
37.033333	1	0.157750
37.050000	1	0.155750
37.066667	1	0.154500
37.083333	1	0.153625
37.100000	1	0.152625
37.116667	1	0.151625
37.133333	1	0.150750
37.150000	1	0.149375
37.166667	1	0.147500
37.183333	1	0.146375
37.200000	1	0.145000
37.216667	1	0.144375
37.233333	1	0.143000
37.250000	1	0.142500
37.266667	1	0.140875
37.283333	1	0.140250
37.300000	1	0.139375
37.316667	1	0.137875
37.333333	1	0.136875
37.350000	1	0.136250
37.366667	1	0.135625
37.383333	1	0.134250
37.400000	1	0.133000
37.416667	1	0.131750
37.433333	1	0.131000
37.450000	1	0.130000
37.466667	1	0.129000
37.483333	1	0.128000
37.500000	1	0.127000
37.516667	1	0.126000
37.533333	1	0.125375
37.550000	1	0.123625
37.566667	1	0.122375
37.583333	1	0.121250
37.600000	1	0.121250
37.616667	1	0.120250
37.633333	1	0.119000
37.650000	1	0.118250
37.666667	1	0.116500
37.683333	1	0.115375
37.700000	1	0.115125
37.716667	1	0.114125
37.733333	1	0.113250
37.750000	1	0.112000
37.766667	1	0.111625
37.783333	1	0.110125
37.800000	1	0.109000
37.816667	1	0.107875
37.833333	1	0.106375
37.850000	1	0.105250
37.866667	1	0.103875
37.883333	1	0.103750
37.900000	1	0.103125
37.916667	1	0.102375
37.933333	1	0.101625
37.950000	1	0.100625
37.966667	1	0.099625
37.983333	1	0.098625
38.000000	1	0.098000
38.016667	1	0.097375
38.033333	1	0.096625
38.050000	1	0.095625
38.066667	1	0.094750
38.083333	1	0.094250
38.100000	1	0.093625
38.116667	1	0.092750
38.133333	1	0.091625
38.150000	1	0.090625
38.166667	1	0.090250
38.183333	1	0.089250
38.200000	1	0.089125
38.216667	1	0.087625
38.233333	1	0.086500
38.250000	1	0.085875
38.266667	1	0.084750
38.283333	1	0.084000
38.300000	1	0.083250
38.316667	1	0.082250
38.333333	1	0.081375
38.350000	1	0.080375
38.366667	1	0.079750
38.383333	1	0.078750
38.400000	1	0.078750
38.416667	1	0.078625
38.433333	1	0.078750
38.450000	1	0.078625
38.466667	1	0.077750
38.483333	1	0.078000
38.500000	1	0.077875
38.516667	1	0.077875
38.533333	1	0.078000
38.550000	1	0.077750
38.566667	1	0.077875
38.583333	1	0.078500
38.600000	1	0.077875
38.616667	1	0.077250
38.633333	1	0.076750
38.650000	1	0.076000
38.666667	1	0.075375
38.683333	1	0.074625
38.700000	1	0.074000
38.716667	1	0.073250
38.733333	1	0.072250
38.750000	1	0.070375
38.766667	1	0.069000
38.783333	1	0.067875
38.800000	1	0.066125
38.816667	1	0.063625
38.833333	1	0.062000
38.850000	1	0.060625
38.866667	1	0.058000
38.883333	1	0.055750
38.900000	1	0.053250
38.916667	1	0.050750
38.933333	1	0.048000
38.950000	1	0.045500
38.966667	1	0.043125
38.983333	1	0.040375
39.000000	1	0.037500
39.016667	1	0.034875
39.033333	1	0.033000
39.050000	1	0.030750
39.066667	1	0.029000
39.083333	1	0.026750
39.100000	1	0.024750
39.116667	1	0.022375
39.133333	1	0.020625
39.150000	1	0.019000
39.166667	1	0.017500
39.183333	1	0.016125
39.200000	1	0.015625
39.216667	1	0.014625
39.233333	1	0.014375
39.250000	1	0.013250
39.266667	1	0.013125
39.283333	1	0.013250
39.300000	1	0.013500
39.316667	1	0.014125
39.333333	1	0.014875
39.350000	1	0.015625
39.366667	1	0.016375
39.383333	1	0.017875
39.400000	1	0.018625
39.416667	1	0.019250
39.433333	1	0.020250
39.450000	1	0.021625
39.466667	1	0.023250
39.483333	1	0.024250
39.500000	1	0.025375
39.516667	1	0.026375
39.533333	1	0.027375
39.550000	1	0.028125
39.566667	1	0.028875
39.583333	1	0.029375
39.600000	1	0.029750
39.616667	1	0.030375
39.633333	1	0.030375
39.650000	1	0.030375
39.666667	1	0.030250
39.683333	1	0.030375
39.700000	1	0.030750
39.716667	1	0.030500
39.733333	1	0.029875
39.750000	1	0.030125
39.766667	1	0.030125
39.783333	1	0.029625
39.800000	1	0.029625
39.816667	1	0.029375
39.833333	1	0.029000
39.850000	1	0.029625
39.866667	1	0.029750
39.883333	1	0.029875
39.900000	1	0.030375
39.916667	1	0.029750
39.933333	1	0.029625
39.950000	1	0.029875
39.966667	1	0.030250
39.983333	1	0.031125
40.000000	1	0.031125
