File Path	chrom://marshall/Chromeleon7/HPLC_Ultimate_3000/Users/markusar/20230610_CMO_FP11_FP12.seq/704.smp/RI_1.channel/RI_1.chm
Channel	RI_1

Injection Information:
Data Vault	Chromeleon7
Injection	FP11_4_S3
Injection Number	18
Position	BB5
Comment	
Processing Method	
Instrument Method	run_25B_method
Type	Unknown
Status	Finished
Injection Date	11.06.2023
Injection Time	06:20:19
Injection Volume (µl)	20.000
Dilution Factor	1.0000
Weight	1.0000

Chromatogram Data Information:
Time Min. (min)	0.000000
Time Max. (min)	40.000000
Data Points	2401
Detector	RI
Generating Data System	Chromeleon 7.2.5.9507
Exporting Data System	Chromeleon 7.2.5.0
Operator	Instrument Controller
Signal Quantity	Refractive 
Signal Unit	µRIU
Signal Min.	-0.806500
Signal Max.	61.282125
Channel	RI_1
Driver Name	RID520Driver.dll
Channel Type	Evaluation
Min. Step (s)	1
Max. Step (s)	1
Average Step (s)	1

Signal Parameter Information:
Signal Info	

Chromatogram Data:
Time (min)	Step (s)	Value (µRIU)
0.000000	n.a.	-0.012500
0.016667	1	-0.013125
0.033333	1	-0.014625
0.050000	1	-0.015750
0.066667	1	-0.016625
0.083333	1	-0.017750
0.100000	1	-0.018750
0.116667	1	-0.020750
0.133333	1	-0.022000
0.150000	1	-0.022750
0.166667	1	-0.024500
0.183333	1	-0.025375
0.200000	1	-0.026500
0.216667	1	-0.027750
0.233333	1	-0.028625
0.250000	1	-0.029750
0.266667	1	-0.030375
0.283333	1	-0.031000
0.300000	1	-0.032250
0.316667	1	-0.034750
0.333333	1	-0.038250
0.350000	1	-0.042375
0.366667	1	-0.046250
0.383333	1	-0.047625
0.400000	1	-0.045750
0.416667	1	-0.042750
0.433333	1	-0.040500
0.450000	1	-0.037750
0.466667	1	-0.036625
0.483333	1	-0.035500
0.500000	1	-0.033500
0.516667	1	-0.032250
0.533333	1	-0.031875
0.550000	1	-0.034250
0.566667	1	-0.036625
0.583333	1	-0.039875
0.600000	1	-0.043375
0.616667	1	-0.045750
0.633333	1	-0.048250
0.650000	1	-0.050750
0.666667	1	-0.052875
0.683333	1	-0.054875
0.700000	1	-0.056500
0.716667	1	-0.058250
0.733333	1	-0.059875
0.750000	1	-0.061250
0.766667	1	-0.063125
0.783333	1	-0.065000
0.800000	1	-0.066500
0.816667	1	-0.067750
0.833333	1	-0.068625
0.850000	1	-0.069375
0.866667	1	-0.071125
0.883333	1	-0.072250
0.900000	1	-0.073500
0.916667	1	-0.074000
0.933333	1	-0.075375
0.950000	1	-0.075875
0.966667	1	-0.076500
0.983333	1	-0.077250
1.000000	1	-0.077375
1.016667	1	-0.078000
1.033333	1	-0.078250
1.050000	1	-0.078125
1.066667	1	-0.078125
1.083333	1	-0.078250
1.100000	1	-0.077625
1.116667	1	-0.077375
1.133333	1	-0.077250
1.150000	1	-0.077375
1.166667	1	-0.077000
1.183333	1	-0.076000
1.200000	1	-0.075875
1.216667	1	-0.075500
1.233333	1	-0.074750
1.250000	1	-0.074000
1.266667	1	-0.073125
1.283333	1	-0.071875
1.300000	1	-0.070875
1.316667	1	-0.070000
1.333333	1	-0.069125
1.350000	1	-0.067750
1.366667	1	-0.066250
1.383333	1	-0.065000
1.400000	1	-0.063750
1.416667	1	-0.062250
1.433333	1	-0.060750
1.450000	1	-0.059125
1.466667	1	-0.057875
1.483333	1	-0.056125
1.500000	1	-0.054625
1.516667	1	-0.053625
1.533333	1	-0.052375
1.550000	1	-0.051125
1.566667	1	-0.049625
1.583333	1	-0.048375
1.600000	1	-0.047625
1.616667	1	-0.046375
1.633333	1	-0.045125
1.650000	1	-0.043625
1.666667	1	-0.042125
1.683333	1	-0.041625
1.700000	1	-0.041125
1.716667	1	-0.040375
1.733333	1	-0.039125
1.750000	1	-0.038625
1.766667	1	-0.038125
1.783333	1	-0.037750
1.800000	1	-0.037000
1.816667	1	-0.036625
1.833333	1	-0.035625
1.850000	1	-0.035625
1.866667	1	-0.035500
1.883333	1	-0.035000
1.900000	1	-0.034500
1.916667	1	-0.034125
1.933333	1	-0.034500
1.950000	1	-0.034500
1.966667	1	-0.034500
1.983333	1	-0.034625
2.000000	1	-0.034125
2.016667	1	-0.034125
2.033333	1	-0.034250
2.050000	1	-0.034375
2.066667	1	-0.034250
2.083333	1	-0.034250
2.100000	1	-0.034250
2.116667	1	-0.035250
2.133333	1	-0.035125
2.150000	1	-0.035625
2.166667	1	-0.036000
2.183333	1	-0.035375
2.200000	1	-0.035500
2.216667	1	-0.036125
2.233333	1	-0.036750
2.250000	1	-0.036750
2.266667	1	-0.037500
2.283333	1	-0.038000
2.300000	1	-0.038625
2.316667	1	-0.039000
2.333333	1	-0.039250
2.350000	1	-0.039750
2.366667	1	-0.039750
2.383333	1	-0.040125
2.400000	1	-0.040625
2.416667	1	-0.042500
2.433333	1	-0.042375
2.450000	1	-0.043250
2.466667	1	-0.042625
2.483333	1	-0.042375
2.500000	1	-0.043500
2.516667	1	-0.043750
2.533333	1	-0.044000
2.550000	1	-0.044625
2.566667	1	-0.044625
2.583333	1	-0.045750
2.600000	1	-0.045375
2.616667	1	-0.045500
2.633333	1	-0.045375
2.650000	1	-0.045875
2.666667	1	-0.046250
2.683333	1	-0.046250
2.700000	1	-0.047125
2.716667	1	-0.047250
2.733333	1	-0.047250
2.750000	1	-0.047250
2.766667	1	-0.047250
2.783333	1	-0.047500
2.800000	1	-0.047625
2.816667	1	-0.047125
2.833333	1	-0.046875
2.850000	1	-0.046625
2.866667	1	-0.046625
2.883333	1	-0.046625
2.900000	1	-0.046750
2.916667	1	-0.047250
2.933333	1	-0.047250
2.950000	1	-0.047000
2.966667	1	-0.046750
2.983333	1	-0.047000
3.000000	1	-0.046875
3.016667	1	-0.046875
3.033333	1	-0.046500
3.050000	1	-0.046625
3.066667	1	-0.047125
3.083333	1	-0.047000
3.100000	1	-0.046250
3.116667	1	-0.046875
3.133333	1	-0.046875
3.150000	1	-0.047250
3.166667	1	-0.047000
3.183333	1	-0.047125
3.200000	1	-0.047250
3.216667	1	-0.047000
3.233333	1	-0.046500
3.250000	1	-0.045750
3.266667	1	-0.046625
3.283333	1	-0.046125
3.300000	1	-0.046125
3.316667	1	-0.045875
3.333333	1	-0.045125
3.350000	1	-0.044625
3.366667	1	-0.044875
3.383333	1	-0.044375
3.400000	1	-0.043750
3.416667	1	-0.043500
3.433333	1	-0.043125
3.450000	1	-0.042625
3.466667	1	-0.042250
3.483333	1	-0.042125
3.500000	1	-0.041875
3.516667	1	-0.041875
3.533333	1	-0.040750
3.550000	1	-0.040250
3.566667	1	-0.039500
3.583333	1	-0.039000
3.600000	1	-0.038500
3.616667	1	-0.038125
3.633333	1	-0.037625
3.650000	1	-0.036750
3.666667	1	-0.036625
3.683333	1	-0.036500
3.700000	1	-0.036750
3.716667	1	-0.036500
3.733333	1	-0.036375
3.750000	1	-0.036000
3.766667	1	-0.035375
3.783333	1	-0.035125
3.800000	1	-0.034750
3.816667	1	-0.035000
3.833333	1	-0.035125
3.850000	1	-0.035125
3.866667	1	-0.035000
3.883333	1	-0.034875
3.900000	1	-0.035000
3.916667	1	-0.035250
3.933333	1	-0.035250
3.950000	1	-0.035625
3.966667	1	-0.035750
3.983333	1	-0.036125
4.000000	1	-0.036500
4.016667	1	-0.037125
4.033333	1	-0.037625
4.050000	1	-0.037375
4.066667	1	-0.038500
4.083333	1	-0.038375
4.100000	1	-0.038875
4.116667	1	-0.039125
4.133333	1	-0.040000
4.150000	1	-0.040500
4.166667	1	-0.040750
4.183333	1	-0.041125
4.200000	1	-0.041750
4.216667	1	-0.042250
4.233333	1	-0.042875
4.250000	1	-0.042500
4.266667	1	-0.042750
4.283333	1	-0.043000
4.300000	1	-0.043125
4.316667	1	-0.042875
4.333333	1	-0.042375
4.350000	1	-0.042750
4.366667	1	-0.042625
4.383333	1	-0.042500
4.400000	1	-0.042000
4.416667	1	-0.041750
4.433333	1	-0.041375
4.450000	1	-0.040875
4.466667	1	-0.040500
4.483333	1	-0.040375
4.500000	1	-0.040500
4.516667	1	-0.039375
4.533333	1	-0.039125
4.550000	1	-0.038875
4.566667	1	-0.037750
4.583333	1	-0.037125
4.600000	1	-0.036125
4.616667	1	-0.035250
4.633333	1	-0.033250
4.650000	1	-0.032625
4.666667	1	-0.031000
4.683333	1	-0.030000
4.700000	1	-0.028750
4.716667	1	-0.027250
4.733333	1	-0.025875
4.750000	1	-0.024375
4.766667	1	-0.023250
4.783333	1	-0.021250
4.800000	1	-0.019250
4.816667	1	-0.017375
4.833333	1	-0.015375
4.850000	1	-0.013750
4.866667	1	-0.011875
4.883333	1	-0.010000
4.900000	1	-0.008125
4.916667	1	-0.006125
4.933333	1	-0.004000
4.950000	1	-0.001875
4.966667	1	0.000125
4.983333	1	0.002375
5.000000	1	0.004750
5.016667	1	0.007250
5.033333	1	0.009625
5.050000	1	0.012125
5.066667	1	0.014875
5.083333	1	0.016875
5.100000	1	0.019125
5.116667	1	0.021625
5.133333	1	0.024125
5.150000	1	0.026000
5.166667	1	0.028375
5.183333	1	0.030500
5.200000	1	0.032375
5.216667	1	0.035000
5.233333	1	0.036500
5.250000	1	0.038125
5.266667	1	0.039625
5.283333	1	0.040875
5.300000	1	0.042500
5.316667	1	0.043750
5.333333	1	0.045875
5.350000	1	0.047000
5.366667	1	0.048125
5.383333	1	0.048750
5.400000	1	0.049250
5.416667	1	0.049750
5.433333	1	0.050500
5.450000	1	0.051000
5.466667	1	0.051500
5.483333	1	0.052125
5.500000	1	0.051875
5.516667	1	0.051500
5.533333	1	0.050375
5.550000	1	0.049875
5.566667	1	0.049000
5.583333	1	0.048000
5.600000	1	0.047875
5.616667	1	0.046500
5.633333	1	0.046000
5.650000	1	0.044875
5.666667	1	0.043750
5.683333	1	0.043125
5.700000	1	0.041750
5.716667	1	0.040250
5.733333	1	0.039125
5.750000	1	0.038250
5.766667	1	0.036625
5.783333	1	0.035375
5.800000	1	0.034875
5.816667	1	0.033125
5.833333	1	0.032125
5.850000	1	0.031375
5.866667	1	0.030125
5.883333	1	0.029000
5.900000	1	0.027625
5.916667	1	0.026500
5.933333	1	0.026125
5.950000	1	0.025500
5.966667	1	0.025000
5.983333	1	0.024750
6.000000	1	0.023875
6.016667	1	0.023625
6.033333	1	0.023000
6.050000	1	0.022625
6.066667	1	0.022250
6.083333	1	0.022750
6.100000	1	0.023000
6.116667	1	0.023125
6.133333	1	0.023250
6.150000	1	0.023500
6.166667	1	0.024000
6.183333	1	0.023625
6.200000	1	0.025000
6.216667	1	0.025875
6.233333	1	0.025625
6.250000	1	0.026250
6.266667	1	0.026875
6.283333	1	0.027375
6.300000	1	0.028125
6.316667	1	0.029000
6.333333	1	0.030125
6.350000	1	0.031250
6.366667	1	0.032500
6.383333	1	0.033625
6.400000	1	0.035125
6.416667	1	0.036500
6.433333	1	0.037250
6.450000	1	0.038250
6.466667	1	0.039500
6.483333	1	0.041125
6.500000	1	0.042000
6.516667	1	0.043375
6.533333	1	0.045375
6.550000	1	0.047000
6.566667	1	0.048625
6.583333	1	0.049750
6.600000	1	0.051625
6.616667	1	0.052875
6.633333	1	0.054375
6.650000	1	0.055625
6.666667	1	0.057125
6.683333	1	0.058375
6.700000	1	0.059750
6.716667	1	0.060375
6.733333	1	0.061625
6.750000	1	0.062250
6.766667	1	0.062875
6.783333	1	0.064000
6.800000	1	0.064375
6.816667	1	0.065375
6.833333	1	0.065875
6.850000	1	0.066000
6.866667	1	0.066500
6.883333	1	0.067000
6.900000	1	0.066250
6.916667	1	0.066125
6.933333	1	0.066500
6.950000	1	0.065875
6.966667	1	0.065000
6.983333	1	0.064500
7.000000	1	0.063625
7.016667	1	0.062625
7.033333	1	0.061125
7.050000	1	0.059625
7.066667	1	0.058125
7.083333	1	0.056375
7.100000	1	0.054750
7.116667	1	0.053375
7.133333	1	0.052000
7.150000	1	0.050625
7.166667	1	0.048750
7.183333	1	0.046250
7.200000	1	0.044125
7.216667	1	0.041500
7.233333	1	0.038750
7.250000	1	0.036375
7.266667	1	0.033750
7.283333	1	0.031875
7.300000	1	0.029125
7.316667	1	0.027125
7.333333	1	0.025000
7.350000	1	0.022375
7.366667	1	0.019500
7.383333	1	0.017250
7.400000	1	0.014500
7.416667	1	0.012000
7.433333	1	0.009750
7.450000	1	0.007500
7.466667	1	0.005500
7.483333	1	0.003375
7.500000	1	0.001875
7.516667	1	0.000375
7.533333	1	-0.000625
7.550000	1	-0.002000
7.566667	1	-0.003250
7.583333	1	-0.005250
7.600000	1	-0.005750
7.616667	1	-0.007250
7.633333	1	-0.008500
7.650000	1	-0.009625
7.666667	1	-0.010125
7.683333	1	-0.010875
7.700000	1	-0.011500
7.716667	1	-0.011750
7.733333	1	-0.011500
7.750000	1	-0.011750
7.766667	1	-0.012000
7.783333	1	-0.011625
7.800000	1	-0.011875
7.816667	1	-0.011125
7.833333	1	-0.010375
7.850000	1	-0.009250
7.866667	1	-0.009000
7.883333	1	-0.008375
7.900000	1	-0.007000
7.916667	1	-0.006625
7.933333	1	-0.005375
7.950000	1	-0.004000
7.966667	1	-0.002375
7.983333	1	-0.001500
8.000000	1	-0.000625
8.016667	1	0.000375
8.033333	1	0.001125
8.050000	1	0.002750
8.066667	1	0.004125
8.083333	1	0.005125
8.100000	1	0.006625
8.116667	1	0.008500
8.133333	1	0.010000
8.150000	1	0.011625
8.166667	1	0.013750
8.183333	1	0.015000
8.200000	1	0.016125
8.216667	1	0.017625
8.233333	1	0.018875
8.250000	1	0.020000
8.266667	1	0.021875
8.283333	1	0.023750
8.300000	1	0.025125
8.316667	1	0.026875
8.333333	1	0.028250
8.350000	1	0.029250
8.366667	1	0.031000
8.383333	1	0.032250
8.400000	1	0.033875
8.416667	1	0.035500
8.433333	1	0.036375
8.450000	1	0.037500
8.466667	1	0.038875
8.483333	1	0.040000
8.500000	1	0.041375
8.516667	1	0.042375
8.533333	1	0.043000
8.550000	1	0.044500
8.566667	1	0.046000
8.583333	1	0.046750
8.600000	1	0.047750
8.616667	1	0.048375
8.633333	1	0.049250
8.650000	1	0.049875
8.666667	1	0.050000
8.683333	1	0.051000
8.700000	1	0.052125
8.716667	1	0.052500
8.733333	1	0.053750
8.750000	1	0.054125
8.766667	1	0.053750
8.783333	1	0.053875
8.800000	1	0.053750
8.816667	1	0.054250
8.833333	1	0.054500
8.850000	1	0.055000
8.866667	1	0.055625
8.883333	1	0.055125
8.900000	1	0.055000
8.916667	1	0.055500
8.933333	1	0.055625
8.950000	1	0.055875
8.966667	1	0.056000
8.983333	1	0.054875
9.000000	1	0.054375
9.016667	1	0.053875
9.033333	1	0.053625
9.050000	1	0.053125
9.066667	1	0.053250
9.083333	1	0.052750
9.100000	1	0.052625
9.116667	1	0.052250
9.133333	1	0.051750
9.150000	1	0.051875
9.166667	1	0.050500
9.183333	1	0.049750
9.200000	1	0.049000
9.216667	1	0.048375
9.233333	1	0.047875
9.250000	1	0.047250
9.266667	1	0.046625
9.283333	1	0.046125
9.300000	1	0.046125
9.316667	1	0.046125
9.333333	1	0.046000
9.350000	1	0.045250
9.366667	1	0.045500
9.383333	1	0.045750
9.400000	1	0.045875
9.416667	1	0.045375
9.433333	1	0.045875
9.450000	1	0.046000
9.466667	1	0.046750
9.483333	1	0.048500
9.500000	1	0.050125
9.516667	1	0.052250
9.533333	1	0.055375
9.550000	1	0.058750
9.566667	1	0.062500
9.583333	1	0.065875
9.600000	1	0.070125
9.616667	1	0.076500
9.633333	1	0.084250
9.650000	1	0.093000
9.666667	1	0.103250
9.683333	1	0.115500
9.700000	1	0.129250
9.716667	1	0.144625
9.733333	1	0.163125
9.750000	1	0.183875
9.766667	1	0.207250
9.783333	1	0.234500
9.800000	1	0.265625
9.816667	1	0.301875
9.833333	1	0.340500
9.850000	1	0.379375
9.866667	1	0.415250
9.883333	1	0.443875
9.900000	1	0.464750
9.916667	1	0.481500
9.933333	1	0.504375
9.950000	1	0.552250
9.966667	1	0.649750
9.983333	1	0.827625
10.000000	1	1.117000
10.016667	1	1.547500
10.033333	1	2.144625
10.050000	1	2.927000
10.066667	1	3.908000
10.083333	1	5.097000
10.100000	1	6.497625
10.116667	1	8.106000
10.133333	1	9.910750
10.150000	1	11.892875
10.166667	1	14.025000
10.183333	1	16.275000
10.200000	1	18.606625
10.216667	1	20.985625
10.233333	1	23.376250
10.250000	1	25.739125
10.266667	1	28.035375
10.283333	1	30.217125
10.300000	1	32.224625
10.316667	1	33.975625
10.333333	1	35.368500
10.350000	1	36.285750
10.366667	1	36.613125
10.383333	1	36.261625
10.400000	1	35.198375
10.416667	1	33.463500
10.433333	1	31.176000
10.450000	1	28.513500
10.466667	1	25.670750
10.483333	1	22.829000
10.500000	1	20.126000
10.516667	1	17.646375
10.533333	1	15.426000
10.550000	1	13.466500
10.566667	1	11.750625
10.583333	1	10.255125
10.600000	1	8.955000
10.616667	1	7.829500
10.633333	1	6.861250
10.650000	1	6.036500
10.666667	1	5.338375
10.683333	1	4.751250
10.700000	1	4.260125
10.716667	1	3.850875
10.733333	1	3.509500
10.750000	1	3.223375
10.766667	1	2.983250
10.783333	1	2.780750
10.800000	1	2.607000
10.816667	1	2.457500
10.833333	1	2.327625
10.850000	1	2.213500
10.866667	1	2.113250
10.883333	1	2.024375
10.900000	1	1.944750
10.916667	1	1.873125
10.933333	1	1.807500
10.950000	1	1.747875
10.966667	1	1.692000
10.983333	1	1.639375
11.000000	1	1.589375
11.016667	1	1.541750
11.033333	1	1.496125
11.050000	1	1.451000
11.066667	1	1.409000
11.083333	1	1.367500
11.100000	1	1.328000
11.116667	1	1.289500
11.133333	1	1.252250
11.150000	1	1.217125
11.166667	1	1.183750
11.183333	1	1.152250
11.200000	1	1.123125
11.216667	1	1.096375
11.233333	1	1.071875
11.250000	1	1.050375
11.266667	1	1.031000
11.283333	1	1.014000
11.300000	1	1.000000
11.316667	1	0.988250
11.333333	1	0.979500
11.350000	1	0.972875
11.366667	1	0.969500
11.383333	1	0.968250
11.400000	1	0.969875
11.416667	1	0.973750
11.433333	1	0.979250
11.450000	1	0.986750
11.466667	1	0.996625
11.483333	1	1.006875
11.500000	1	1.017375
11.516667	1	1.027875
11.533333	1	1.038125
11.550000	1	1.047375
11.566667	1	1.054625
11.583333	1	1.060750
11.600000	1	1.064375
11.616667	1	1.064250
11.633333	1	1.062125
11.650000	1	1.057625
11.666667	1	1.050750
11.683333	1	1.041625
11.700000	1	1.031500
11.716667	1	1.019375
11.733333	1	1.006750
11.750000	1	0.993375
11.766667	1	0.979875
11.783333	1	0.967125
11.800000	1	0.955000
11.816667	1	0.943750
11.833333	1	0.934125
11.850000	1	0.925625
11.866667	1	0.917125
11.883333	1	0.911000
11.900000	1	0.906125
11.916667	1	0.902250
11.933333	1	0.899875
11.950000	1	0.899125
11.966667	1	0.901250
11.983333	1	0.905250
12.000000	1	0.912375
12.016667	1	0.922375
12.033333	1	0.935750
12.050000	1	0.953500
12.066667	1	0.977125
12.083333	1	1.007375
12.100000	1	1.046375
12.116667	1	1.096375
12.133333	1	1.159500
12.150000	1	1.238375
12.166667	1	1.336375
12.183333	1	1.456500
12.200000	1	1.602125
12.216667	1	1.777625
12.233333	1	1.988500
12.250000	1	2.240375
12.266667	1	2.542125
12.283333	1	2.903000
12.300000	1	3.337000
12.316667	1	3.862000
12.333333	1	4.497625
12.350000	1	5.265500
12.366667	1	6.192875
12.383333	1	7.306500
12.400000	1	8.633875
12.416667	1	10.197875
12.433333	1	12.018000
12.450000	1	14.107250
12.466667	1	16.473125
12.483333	1	19.111375
12.500000	1	22.004875
12.516667	1	25.124500
12.533333	1	28.432250
12.550000	1	31.879500
12.566667	1	35.413250
12.583333	1	38.977875
12.600000	1	42.510250
12.616667	1	45.946125
12.633333	1	49.216750
12.650000	1	52.250875
12.666667	1	54.970875
12.683333	1	57.296125
12.700000	1	59.149500
12.716667	1	60.462875
12.733333	1	61.183000
12.750000	1	61.282125
12.766667	1	60.753125
12.783333	1	59.615000
12.800000	1	57.911500
12.816667	1	55.708125
12.833333	1	53.089000
12.850000	1	50.149250
12.866667	1	46.988250
12.883333	1	43.699500
12.900000	1	40.366750
12.916667	1	37.061125
12.933333	1	33.837875
12.950000	1	30.738875
12.966667	1	27.794625
12.983333	1	25.026875
13.000000	1	22.448750
13.016667	1	20.066750
13.033333	1	17.874500
13.050000	1	15.860125
13.066667	1	14.007625
13.083333	1	12.305875
13.100000	1	10.750500
13.116667	1	9.348125
13.133333	1	8.113875
13.150000	1	7.053875
13.166667	1	6.161750
13.183333	1	5.421000
13.200000	1	4.808125
13.216667	1	4.299750
13.233333	1	3.874500
13.250000	1	3.516250
13.266667	1	3.211000
13.283333	1	2.949125
13.300000	1	2.722000
13.316667	1	2.523375
13.333333	1	2.348375
13.350000	1	2.194375
13.366667	1	2.056750
13.383333	1	1.934500
13.400000	1	1.823750
13.416667	1	1.723875
13.433333	1	1.633750
13.450000	1	1.552250
13.466667	1	1.477875
13.483333	1	1.410500
13.500000	1	1.349125
13.516667	1	1.293375
13.533333	1	1.242875
13.550000	1	1.197000
13.566667	1	1.155375
13.583333	1	1.117750
13.600000	1	1.085000
13.616667	1	1.054750
13.633333	1	1.027625
13.650000	1	1.003625
13.666667	1	0.982875
13.683333	1	0.964625
13.700000	1	0.948000
13.716667	1	0.933125
13.733333	1	0.919750
13.750000	1	0.907750
13.766667	1	0.897750
13.783333	1	0.887875
13.800000	1	0.878625
13.816667	1	0.870000
13.833333	1	0.861500
13.850000	1	0.851250
13.866667	1	0.841125
13.883333	1	0.830000
13.900000	1	0.818375
13.916667	1	0.806000
13.933333	1	0.792625
13.950000	1	0.779500
13.966667	1	0.766000
13.983333	1	0.751500
14.000000	1	0.737250
14.016667	1	0.723875
14.033333	1	0.710875
14.050000	1	0.698125
14.066667	1	0.685625
14.083333	1	0.674250
14.100000	1	0.662750
14.116667	1	0.650875
14.133333	1	0.640375
14.150000	1	0.630125
14.166667	1	0.620750
14.183333	1	0.612125
14.200000	1	0.603875
14.216667	1	0.595500
14.233333	1	0.588625
14.250000	1	0.581750
14.266667	1	0.575875
14.283333	1	0.570625
14.300000	1	0.565375
14.316667	1	0.560750
14.333333	1	0.556625
14.350000	1	0.553750
14.366667	1	0.550875
14.383333	1	0.547625
14.400000	1	0.545000
14.416667	1	0.543000
14.433333	1	0.540875
14.450000	1	0.539625
14.466667	1	0.538250
14.483333	1	0.538375
14.500000	1	0.537750
14.516667	1	0.537750
14.533333	1	0.537375
14.550000	1	0.537250
14.566667	1	0.537625
14.583333	1	0.538375
14.600000	1	0.539250
14.616667	1	0.539625
14.633333	1	0.540375
14.650000	1	0.540875
14.666667	1	0.541375
14.683333	1	0.542500
14.700000	1	0.542875
14.716667	1	0.543875
14.733333	1	0.544625
14.750000	1	0.545875
14.766667	1	0.546250
14.783333	1	0.547500
14.800000	1	0.548625
14.816667	1	0.550125
14.833333	1	0.551500
14.850000	1	0.553500
14.866667	1	0.555500
14.883333	1	0.557125
14.900000	1	0.558500
14.916667	1	0.560750
14.933333	1	0.562375
14.950000	1	0.564250
14.966667	1	0.566250
14.983333	1	0.568125
15.000000	1	0.569625
15.016667	1	0.570750
15.033333	1	0.571750
15.050000	1	0.571750
15.066667	1	0.571625
15.083333	1	0.570375
15.100000	1	0.568750
15.116667	1	0.567250
15.133333	1	0.564875
15.150000	1	0.562500
15.166667	1	0.559750
15.183333	1	0.557500
15.200000	1	0.554500
15.216667	1	0.551625
15.233333	1	0.548875
15.250000	1	0.546500
15.266667	1	0.544375
15.283333	1	0.542000
15.300000	1	0.539750
15.316667	1	0.538000
15.333333	1	0.537625
15.350000	1	0.538125
15.366667	1	0.538625
15.383333	1	0.539875
15.400000	1	0.542250
15.416667	1	0.546000
15.433333	1	0.550500
15.450000	1	0.556125
15.466667	1	0.564000
15.483333	1	0.573500
15.500000	1	0.583875
15.516667	1	0.595500
15.533333	1	0.608375
15.550000	1	0.623625
15.566667	1	0.639875
15.583333	1	0.657375
15.600000	1	0.676250
15.616667	1	0.696000
15.633333	1	0.716375
15.650000	1	0.737250
15.666667	1	0.758750
15.683333	1	0.780625
15.700000	1	0.800750
15.716667	1	0.820250
15.733333	1	0.838125
15.750000	1	0.854375
15.766667	1	0.867875
15.783333	1	0.878125
15.800000	1	0.884875
15.816667	1	0.887875
15.833333	1	0.888125
15.850000	1	0.883875
15.866667	1	0.876875
15.883333	1	0.866750
15.900000	1	0.853750
15.916667	1	0.839625
15.933333	1	0.823000
15.950000	1	0.806250
15.966667	1	0.788750
15.983333	1	0.772000
16.000000	1	0.756000
16.016667	1	0.740750
16.033333	1	0.726125
16.050000	1	0.713375
16.066667	1	0.701500
16.083333	1	0.690625
16.100000	1	0.681625
16.116667	1	0.673375
16.133333	1	0.667000
16.150000	1	0.660875
16.166667	1	0.656625
16.183333	1	0.653125
16.200000	1	0.651875
16.216667	1	0.650500
16.233333	1	0.650500
16.250000	1	0.650375
16.266667	1	0.651750
16.283333	1	0.653250
16.300000	1	0.654500
16.316667	1	0.656000
16.333333	1	0.658875
16.350000	1	0.661250
16.366667	1	0.663625
16.383333	1	0.665500
16.400000	1	0.668000
16.416667	1	0.669250
16.433333	1	0.670750
16.450000	1	0.671500
16.466667	1	0.672500
16.483333	1	0.672375
16.500000	1	0.672000
16.516667	1	0.671250
16.533333	1	0.671125
16.550000	1	0.671125
16.566667	1	0.671375
16.583333	1	0.671375
16.600000	1	0.672250
16.616667	1	0.673125
16.633333	1	0.674875
16.650000	1	0.677000
16.666667	1	0.679750
16.683333	1	0.682875
16.700000	1	0.686375
16.716667	1	0.689750
16.733333	1	0.693500
16.750000	1	0.698250
16.766667	1	0.703250
16.783333	1	0.707500
16.800000	1	0.712000
16.816667	1	0.717125
16.833333	1	0.721375
16.850000	1	0.725250
16.866667	1	0.729625
16.883333	1	0.733625
16.900000	1	0.737000
16.916667	1	0.740125
16.933333	1	0.742500
16.950000	1	0.744625
16.966667	1	0.746250
16.983333	1	0.747375
17.000000	1	0.748125
17.016667	1	0.748500
17.033333	1	0.748500
17.050000	1	0.748125
17.066667	1	0.747625
17.083333	1	0.746500
17.100000	1	0.745500
17.116667	1	0.743750
17.133333	1	0.742750
17.150000	1	0.741500
17.166667	1	0.740500
17.183333	1	0.738875
17.200000	1	0.737500
17.216667	1	0.736250
17.233333	1	0.733875
17.250000	1	0.731125
17.266667	1	0.728250
17.283333	1	0.724125
17.300000	1	0.720000
17.316667	1	0.714750
17.333333	1	0.709375
17.350000	1	0.704000
17.366667	1	0.698125
17.383333	1	0.692125
17.400000	1	0.686000
17.416667	1	0.680500
17.433333	1	0.674375
17.450000	1	0.668625
17.466667	1	0.663500
17.483333	1	0.659000
17.500000	1	0.655375
17.516667	1	0.652000
17.533333	1	0.650375
17.550000	1	0.648875
17.566667	1	0.648375
17.583333	1	0.648875
17.600000	1	0.651000
17.616667	1	0.653625
17.633333	1	0.657375
17.650000	1	0.661500
17.666667	1	0.667000
17.683333	1	0.673125
17.700000	1	0.680375
17.716667	1	0.687250
17.733333	1	0.695625
17.750000	1	0.704625
17.766667	1	0.714250
17.783333	1	0.724000
17.800000	1	0.734625
17.816667	1	0.745125
17.833333	1	0.754750
17.850000	1	0.764000
17.866667	1	0.773250
17.883333	1	0.782250
17.900000	1	0.790250
17.916667	1	0.797625
17.933333	1	0.804250
17.950000	1	0.809500
17.966667	1	0.813250
17.983333	1	0.815750
18.000000	1	0.817375
18.016667	1	0.816750
18.033333	1	0.814875
18.050000	1	0.811125
18.066667	1	0.806250
18.083333	1	0.799000
18.100000	1	0.790750
18.116667	1	0.782375
18.133333	1	0.771875
18.150000	1	0.760125
18.166667	1	0.747875
18.183333	1	0.734625
18.200000	1	0.721750
18.216667	1	0.708000
18.233333	1	0.694625
18.250000	1	0.680750
18.266667	1	0.667500
18.283333	1	0.654750
18.300000	1	0.642375
18.316667	1	0.631000
18.333333	1	0.619625
18.350000	1	0.609500
18.366667	1	0.600250
18.383333	1	0.592250
18.400000	1	0.584250
18.416667	1	0.577500
18.433333	1	0.571125
18.450000	1	0.565625
18.466667	1	0.561375
18.483333	1	0.557625
18.500000	1	0.554750
18.516667	1	0.552375
18.533333	1	0.550875
18.550000	1	0.549250
18.566667	1	0.548625
18.583333	1	0.548875
18.600000	1	0.548750
18.616667	1	0.549250
18.633333	1	0.550000
18.650000	1	0.551875
18.666667	1	0.553250
18.683333	1	0.555375
18.700000	1	0.557875
18.716667	1	0.560500
18.733333	1	0.564125
18.750000	1	0.566875
18.766667	1	0.571250
18.783333	1	0.575500
18.800000	1	0.580625
18.816667	1	0.586875
18.833333	1	0.593000
18.850000	1	0.600375
18.866667	1	0.608000
18.883333	1	0.617125
18.900000	1	0.628500
18.916667	1	0.640125
18.933333	1	0.653000
18.950000	1	0.666875
18.966667	1	0.681875
18.983333	1	0.699000
19.000000	1	0.717750
19.016667	1	0.739000
19.033333	1	0.761000
19.050000	1	0.784875
19.066667	1	0.810500
19.083333	1	0.837750
19.100000	1	0.867000
19.116667	1	0.897000
19.133333	1	0.929125
19.150000	1	0.961375
19.166667	1	0.994625
19.183333	1	1.028125
19.200000	1	1.061625
19.216667	1	1.095125
19.233333	1	1.127250
19.250000	1	1.158000
19.266667	1	1.186875
19.283333	1	1.213125
19.300000	1	1.237000
19.316667	1	1.256500
19.333333	1	1.272500
19.350000	1	1.283875
19.366667	1	1.291250
19.383333	1	1.292625
19.400000	1	1.290125
19.416667	1	1.282625
19.433333	1	1.269750
19.450000	1	1.252750
19.466667	1	1.231125
19.483333	1	1.206000
19.500000	1	1.176875
19.516667	1	1.144375
19.533333	1	1.109875
19.550000	1	1.074000
19.566667	1	1.035875
19.583333	1	0.997625
19.600000	1	0.958125
19.616667	1	0.919875
19.633333	1	0.882375
19.650000	1	0.845875
19.666667	1	0.811625
19.683333	1	0.778625
19.700000	1	0.748000
19.716667	1	0.720875
19.733333	1	0.696375
19.750000	1	0.674125
19.766667	1	0.655500
19.783333	1	0.639750
19.800000	1	0.626625
19.816667	1	0.616125
19.833333	1	0.609625
19.850000	1	0.604375
19.866667	1	0.602750
19.883333	1	0.603500
19.900000	1	0.607000
19.916667	1	0.612625
19.933333	1	0.620625
19.950000	1	0.629500
19.966667	1	0.640375
19.983333	1	0.652375
20.000000	1	0.665375
20.016667	1	0.678375
20.033333	1	0.691625
20.050000	1	0.705125
20.066667	1	0.718375
20.083333	1	0.731500
20.100000	1	0.743500
20.116667	1	0.755375
20.133333	1	0.765875
20.150000	1	0.774750
20.166667	1	0.782000
20.183333	1	0.788500
20.200000	1	0.793625
20.216667	1	0.797875
20.233333	1	0.800750
20.250000	1	0.803000
20.266667	1	0.804875
20.283333	1	0.805500
20.300000	1	0.805875
20.316667	1	0.806000
20.333333	1	0.807250
20.350000	1	0.808875
20.366667	1	0.810750
20.383333	1	0.812375
20.400000	1	0.815250
20.416667	1	0.818250
20.433333	1	0.823000
20.450000	1	0.828500
20.466667	1	0.835125
20.483333	1	0.841875
20.500000	1	0.849000
20.516667	1	0.857500
20.533333	1	0.866375
20.550000	1	0.875125
20.566667	1	0.884875
20.583333	1	0.894375
20.600000	1	0.903375
20.616667	1	0.912000
20.633333	1	0.919875
20.650000	1	0.927375
20.666667	1	0.934625
20.683333	1	0.942000
20.700000	1	0.949625
20.716667	1	0.957000
20.733333	1	0.964875
20.750000	1	0.972750
20.766667	1	0.982125
20.783333	1	0.992500
20.800000	1	1.003750
20.816667	1	1.015875
20.833333	1	1.030125
20.850000	1	1.046000
20.866667	1	1.064250
20.883333	1	1.083250
20.900000	1	1.102625
20.916667	1	1.123750
20.933333	1	1.144875
20.950000	1	1.165625
20.966667	1	1.185250
20.983333	1	1.204625
21.000000	1	1.221000
21.016667	1	1.234250
21.033333	1	1.244125
21.050000	1	1.249500
21.066667	1	1.250625
21.083333	1	1.246625
21.100000	1	1.236375
21.116667	1	1.221375
21.133333	1	1.201375
21.150000	1	1.175750
21.166667	1	1.145250
21.183333	1	1.110500
21.200000	1	1.072625
21.216667	1	1.031500
21.233333	1	0.988250
21.250000	1	0.944000
21.266667	1	0.899125
21.283333	1	0.854125
21.300000	1	0.810500
21.316667	1	0.766875
21.333333	1	0.725750
21.350000	1	0.686250
21.366667	1	0.649125
21.383333	1	0.614125
21.400000	1	0.581750
21.416667	1	0.551500
21.433333	1	0.524125
21.450000	1	0.500250
21.466667	1	0.478000
21.483333	1	0.458375
21.500000	1	0.441250
21.516667	1	0.426500
21.533333	1	0.413125
21.550000	1	0.402000
21.566667	1	0.391625
21.583333	1	0.383250
21.600000	1	0.376500
21.616667	1	0.371875
21.633333	1	0.368500
21.650000	1	0.366750
21.666667	1	0.366375
21.683333	1	0.367000
21.700000	1	0.369375
21.716667	1	0.373000
21.733333	1	0.378750
21.750000	1	0.386250
21.766667	1	0.393625
21.783333	1	0.403750
21.800000	1	0.415000
21.816667	1	0.427875
21.833333	1	0.442500
21.850000	1	0.458875
21.866667	1	0.476375
21.883333	1	0.495250
21.900000	1	0.515500
21.916667	1	0.536750
21.933333	1	0.559500
21.950000	1	0.583250
21.966667	1	0.608000
21.983333	1	0.632625
22.000000	1	0.658250
22.016667	1	0.683500
22.033333	1	0.708375
22.050000	1	0.732625
22.066667	1	0.756375
22.083333	1	0.777875
22.100000	1	0.797875
22.116667	1	0.816125
22.133333	1	0.831125
22.150000	1	0.843625
22.166667	1	0.853375
22.183333	1	0.859000
22.200000	1	0.861500
22.216667	1	0.860625
22.233333	1	0.856250
22.250000	1	0.848000
22.266667	1	0.837250
22.283333	1	0.823375
22.300000	1	0.807625
22.316667	1	0.789250
22.333333	1	0.770125
22.350000	1	0.748750
22.366667	1	0.726500
22.383333	1	0.703750
22.400000	1	0.681500
22.416667	1	0.659000
22.433333	1	0.637000
22.450000	1	0.615750
22.466667	1	0.596250
22.483333	1	0.578000
22.500000	1	0.561625
22.516667	1	0.546500
22.533333	1	0.532750
22.550000	1	0.520875
22.566667	1	0.510250
22.583333	1	0.500500
22.600000	1	0.492000
22.616667	1	0.484875
22.633333	1	0.479250
22.650000	1	0.474375
22.666667	1	0.470250
22.683333	1	0.467000
22.700000	1	0.464250
22.716667	1	0.462250
22.733333	1	0.459875
22.750000	1	0.458375
22.766667	1	0.455875
22.783333	1	0.453875
22.800000	1	0.452000
22.816667	1	0.449625
22.833333	1	0.447500
22.850000	1	0.444375
22.866667	1	0.442375
22.883333	1	0.439125
22.900000	1	0.436500
22.916667	1	0.433000
22.933333	1	0.429000
22.950000	1	0.424875
22.966667	1	0.420375
22.983333	1	0.416125
23.000000	1	0.412125
23.016667	1	0.407625
23.033333	1	0.403000
23.050000	1	0.398000
23.066667	1	0.393375
23.083333	1	0.389125
23.100000	1	0.384875
23.116667	1	0.381125
23.133333	1	0.377750
23.150000	1	0.374875
23.166667	1	0.372375
23.183333	1	0.369500
23.200000	1	0.367625
23.216667	1	0.366750
23.233333	1	0.366250
23.250000	1	0.366500
23.266667	1	0.369125
23.283333	1	0.371000
23.300000	1	0.374125
23.316667	1	0.379125
23.333333	1	0.385250
23.350000	1	0.392750
23.366667	1	0.401500
23.383333	1	0.412125
23.400000	1	0.425250
23.416667	1	0.440000
23.433333	1	0.456750
23.450000	1	0.476875
23.466667	1	0.500375
23.483333	1	0.527750
23.500000	1	0.558875
23.516667	1	0.594125
23.533333	1	0.634500
23.550000	1	0.680500
23.566667	1	0.732250
23.583333	1	0.790500
23.600000	1	0.855250
23.616667	1	0.926125
23.633333	1	1.004750
23.650000	1	1.090875
23.666667	1	1.184000
23.683333	1	1.284750
23.700000	1	1.394000
23.716667	1	1.511375
23.733333	1	1.635250
23.750000	1	1.766125
23.766667	1	1.903750
23.783333	1	2.046625
23.800000	1	2.194750
23.816667	1	2.346875
23.833333	1	2.501500
23.850000	1	2.657250
23.866667	1	2.812500
23.883333	1	2.966125
23.900000	1	3.116625
23.916667	1	3.261500
23.933333	1	3.398125
23.950000	1	3.525375
23.966667	1	3.640250
23.983333	1	3.741500
24.000000	1	3.826000
24.016667	1	3.892750
24.033333	1	3.940875
24.050000	1	3.970125
24.066667	1	3.978750
24.083333	1	3.967000
24.100000	1	3.934875
24.116667	1	3.882500
24.133333	1	3.812875
24.150000	1	3.724500
24.166667	1	3.620500
24.183333	1	3.503125
24.200000	1	3.373875
24.216667	1	3.236125
24.233333	1	3.090750
24.250000	1	2.941125
24.266667	1	2.789250
24.283333	1	2.636250
24.300000	1	2.483500
24.316667	1	2.334000
24.333333	1	2.188625
24.350000	1	2.048500
24.366667	1	1.914875
24.383333	1	1.788500
24.400000	1	1.669000
24.416667	1	1.559375
24.433333	1	1.456250
24.450000	1	1.362250
24.466667	1	1.276250
24.483333	1	1.197250
24.500000	1	1.125000
24.516667	1	1.059125
24.533333	1	1.000250
24.550000	1	0.946250
24.566667	1	0.897875
24.583333	1	0.853500
24.600000	1	0.813125
24.616667	1	0.776500
24.633333	1	0.742875
24.650000	1	0.712125
24.666667	1	0.683625
24.683333	1	0.656625
24.700000	1	0.631625
24.716667	1	0.607375
24.733333	1	0.584875
24.750000	1	0.562625
24.766667	1	0.540750
24.783333	1	0.520125
24.800000	1	0.500125
24.816667	1	0.480875
24.833333	1	0.461875
24.850000	1	0.443625
24.866667	1	0.426125
24.883333	1	0.409375
24.900000	1	0.392750
24.916667	1	0.376750
24.933333	1	0.361000
24.950000	1	0.346875
24.966667	1	0.333500
24.983333	1	0.320750
25.000000	1	0.308375
25.016667	1	0.296875
25.033333	1	0.286625
25.050000	1	0.277125
25.066667	1	0.269000
25.083333	1	0.260875
25.100000	1	0.254250
25.116667	1	0.248375
25.133333	1	0.243000
25.150000	1	0.237750
25.166667	1	0.234375
25.183333	1	0.230750
25.200000	1	0.227875
25.216667	1	0.226125
25.233333	1	0.225000
25.250000	1	0.223875
25.266667	1	0.223625
25.283333	1	0.224375
25.300000	1	0.225125
25.316667	1	0.226000
25.333333	1	0.227000
25.350000	1	0.228750
25.366667	1	0.230500
25.383333	1	0.232375
25.400000	1	0.234875
25.416667	1	0.237000
25.433333	1	0.239250
25.450000	1	0.242000
25.466667	1	0.243875
25.483333	1	0.246250
25.500000	1	0.248750
25.516667	1	0.251375
25.533333	1	0.253250
25.550000	1	0.254125
25.566667	1	0.255500
25.583333	1	0.256750
25.600000	1	0.258375
25.616667	1	0.259375
25.633333	1	0.259875
25.650000	1	0.260125
25.666667	1	0.260000
25.683333	1	0.260250
25.700000	1	0.260500
25.716667	1	0.260000
25.733333	1	0.259375
25.750000	1	0.258125
25.766667	1	0.257375
25.783333	1	0.256875
25.800000	1	0.256125
25.816667	1	0.254250
25.833333	1	0.252750
25.850000	1	0.251625
25.866667	1	0.250125
25.883333	1	0.248875
25.900000	1	0.247750
25.916667	1	0.246125
25.933333	1	0.244750
25.950000	1	0.243500
25.966667	1	0.241375
25.983333	1	0.240250
26.000000	1	0.239250
26.016667	1	0.238250
26.033333	1	0.237750
26.050000	1	0.236875
26.066667	1	0.235625
26.083333	1	0.235500
26.100000	1	0.236000
26.116667	1	0.235750
26.133333	1	0.235875
26.150000	1	0.236125
26.166667	1	0.237000
26.183333	1	0.237000
26.200000	1	0.238250
26.216667	1	0.239250
26.233333	1	0.240625
26.250000	1	0.241625
26.266667	1	0.243125
26.283333	1	0.244000
26.300000	1	0.245500
26.316667	1	0.246750
26.333333	1	0.248125
26.350000	1	0.249875
26.366667	1	0.251125
26.383333	1	0.251750
26.400000	1	0.252750
26.416667	1	0.254000
26.433333	1	0.255375
26.450000	1	0.256250
26.466667	1	0.256000
26.483333	1	0.255625
26.500000	1	0.255125
26.516667	1	0.254125
26.533333	1	0.252625
26.550000	1	0.250500
26.566667	1	0.247750
26.583333	1	0.245000
26.600000	1	0.241875
26.616667	1	0.238000
26.633333	1	0.234250
26.650000	1	0.230500
26.666667	1	0.226500
26.683333	1	0.221125
26.700000	1	0.216375
26.716667	1	0.211625
26.733333	1	0.205875
26.750000	1	0.200125
26.766667	1	0.194125
26.783333	1	0.188375
26.800000	1	0.182875
26.816667	1	0.177875
26.833333	1	0.172125
26.850000	1	0.166875
26.866667	1	0.162000
26.883333	1	0.157375
26.900000	1	0.152250
26.916667	1	0.148000
26.933333	1	0.144250
26.950000	1	0.141125
26.966667	1	0.137500
26.983333	1	0.134875
27.000000	1	0.132750
27.016667	1	0.130875
27.033333	1	0.129000
27.050000	1	0.128375
27.066667	1	0.128125
27.083333	1	0.128375
27.100000	1	0.128875
27.116667	1	0.130250
27.133333	1	0.132250
27.150000	1	0.135250
27.166667	1	0.138250
27.183333	1	0.141625
27.200000	1	0.145750
27.216667	1	0.151375
27.233333	1	0.157250
27.250000	1	0.163000
27.266667	1	0.170375
27.283333	1	0.178625
27.300000	1	0.187625
27.316667	1	0.197750
27.333333	1	0.209125
27.350000	1	0.221500
27.366667	1	0.235625
27.383333	1	0.250750
27.400000	1	0.268250
27.416667	1	0.287625
27.433333	1	0.309125
27.450000	1	0.333500
27.466667	1	0.360500
27.483333	1	0.390000
27.500000	1	0.422125
27.516667	1	0.458125
27.533333	1	0.497375
27.550000	1	0.540625
27.566667	1	0.587875
27.583333	1	0.640500
27.600000	1	0.697125
27.616667	1	0.758500
27.633333	1	0.825375
27.650000	1	0.897000
27.666667	1	0.974250
27.683333	1	1.055875
27.700000	1	1.143375
27.716667	1	1.235875
27.733333	1	1.333500
27.750000	1	1.436250
27.766667	1	1.542500
27.783333	1	1.653500
27.800000	1	1.768750
27.816667	1	1.886750
27.833333	1	2.007375
27.850000	1	2.130000
27.866667	1	2.254500
27.883333	1	2.378500
27.900000	1	2.502000
27.916667	1	2.624375
27.933333	1	2.744250
27.950000	1	2.860500
27.966667	1	2.971625
27.983333	1	3.076375
28.000000	1	3.174625
28.016667	1	3.264500
28.033333	1	3.345000
28.050000	1	3.415375
28.066667	1	3.474125
28.083333	1	3.519500
28.100000	1	3.552250
28.116667	1	3.570625
28.133333	1	3.574625
28.150000	1	3.563375
28.166667	1	3.537500
28.183333	1	3.497000
28.200000	1	3.442125
28.216667	1	3.373375
28.233333	1	3.292125
28.250000	1	3.198000
28.266667	1	3.092750
28.283333	1	2.977250
28.300000	1	2.853375
28.316667	1	2.722375
28.333333	1	2.585750
28.350000	1	2.445500
28.366667	1	2.302125
28.383333	1	2.157875
28.400000	1	2.012875
28.416667	1	1.868875
28.433333	1	1.727625
28.450000	1	1.588625
28.466667	1	1.453125
28.483333	1	1.320750
28.500000	1	1.193375
28.516667	1	1.071000
28.533333	1	0.953000
28.550000	1	0.840875
28.566667	1	0.732750
28.583333	1	0.630250
28.600000	1	0.532750
28.616667	1	0.439875
28.633333	1	0.350625
28.650000	1	0.265500
28.666667	1	0.184250
28.683333	1	0.106000
28.700000	1	0.031625
28.716667	1	-0.039250
28.733333	1	-0.107250
28.750000	1	-0.172500
28.766667	1	-0.234625
28.783333	1	-0.293500
28.800000	1	-0.348875
28.816667	1	-0.402625
28.833333	1	-0.453375
28.850000	1	-0.501125
28.866667	1	-0.546250
28.883333	1	-0.588000
28.900000	1	-0.626625
28.916667	1	-0.661500
28.933333	1	-0.692625
28.950000	1	-0.720625
28.966667	1	-0.744875
28.983333	1	-0.764625
29.000000	1	-0.780750
29.016667	1	-0.793250
29.033333	1	-0.801875
29.050000	1	-0.806250
29.066667	1	-0.806500
29.083333	1	-0.803250
29.100000	1	-0.795750
29.116667	1	-0.783875
29.133333	1	-0.768875
29.150000	1	-0.750125
29.166667	1	-0.728875
29.183333	1	-0.704250
29.200000	1	-0.677250
29.216667	1	-0.646875
29.233333	1	-0.614125
29.250000	1	-0.579250
29.266667	1	-0.543000
29.283333	1	-0.505625
29.300000	1	-0.467250
29.316667	1	-0.427750
29.333333	1	-0.388750
29.350000	1	-0.348000
29.366667	1	-0.307000
29.383333	1	-0.266750
29.400000	1	-0.227000
29.416667	1	-0.186875
29.433333	1	-0.148750
29.450000	1	-0.111500
29.466667	1	-0.075000
29.483333	1	-0.039375
29.500000	1	-0.005500
29.516667	1	0.026750
29.533333	1	0.058375
29.550000	1	0.088250
29.566667	1	0.115750
29.583333	1	0.142250
29.600000	1	0.166750
29.616667	1	0.189750
29.633333	1	0.211375
29.650000	1	0.231000
29.666667	1	0.249000
29.683333	1	0.266250
29.700000	1	0.281625
29.716667	1	0.295500
29.733333	1	0.308500
29.750000	1	0.319875
29.766667	1	0.330125
29.783333	1	0.338375
29.800000	1	0.345500
29.816667	1	0.353000
29.833333	1	0.359000
29.850000	1	0.364250
29.866667	1	0.368625
29.883333	1	0.373125
29.900000	1	0.376125
29.916667	1	0.378375
29.933333	1	0.380125
29.950000	1	0.382750
29.966667	1	0.384875
29.983333	1	0.387375
30.000000	1	0.389375
30.016667	1	0.392250
30.033333	1	0.394750
30.050000	1	0.397625
30.066667	1	0.400750
30.083333	1	0.405250
30.100000	1	0.409750
30.116667	1	0.415375
30.133333	1	0.422250
30.150000	1	0.430000
30.166667	1	0.439125
30.183333	1	0.449375
30.200000	1	0.461250
30.216667	1	0.475375
30.233333	1	0.490750
30.250000	1	0.509375
30.266667	1	0.529750
30.283333	1	0.552250
30.300000	1	0.577125
30.316667	1	0.604625
30.333333	1	0.635125
30.350000	1	0.669625
30.366667	1	0.706875
30.383333	1	0.747750
30.400000	1	0.792000
30.416667	1	0.840125
30.433333	1	0.892500
30.450000	1	0.948000
30.466667	1	1.008000
30.483333	1	1.071000
30.500000	1	1.138625
30.516667	1	1.210875
30.533333	1	1.285875
30.550000	1	1.365000
30.566667	1	1.447250
30.583333	1	1.532375
30.600000	1	1.619500
30.616667	1	1.710250
30.633333	1	1.801875
30.650000	1	1.894875
30.666667	1	1.988625
30.683333	1	2.082500
30.700000	1	2.174625
30.716667	1	2.265500
30.733333	1	2.354625
30.750000	1	2.440500
30.766667	1	2.521875
30.783333	1	2.597875
30.800000	1	2.669000
30.816667	1	2.732625
30.833333	1	2.789625
30.850000	1	2.838875
30.866667	1	2.879125
30.883333	1	2.910125
30.900000	1	2.932000
30.916667	1	2.944125
30.933333	1	2.946750
30.950000	1	2.939125
30.966667	1	2.922000
30.983333	1	2.895500
31.000000	1	2.860000
31.016667	1	2.815500
31.033333	1	2.762250
31.050000	1	2.700875
31.066667	1	2.633375
31.083333	1	2.559875
31.100000	1	2.480500
31.116667	1	2.396250
31.133333	1	2.308875
31.150000	1	2.218375
31.166667	1	2.125875
31.183333	1	2.031625
31.200000	1	1.936875
31.216667	1	1.843125
31.233333	1	1.749500
31.250000	1	1.657750
31.266667	1	1.567375
31.283333	1	1.479750
31.300000	1	1.393875
31.316667	1	1.312750
31.333333	1	1.235125
31.350000	1	1.159875
31.366667	1	1.088375
31.383333	1	1.020625
31.400000	1	0.957000
31.416667	1	0.896750
31.433333	1	0.840375
31.450000	1	0.787625
31.466667	1	0.738625
31.483333	1	0.693125
31.500000	1	0.650125
31.516667	1	0.611125
31.533333	1	0.575125
31.550000	1	0.541875
31.566667	1	0.511000
31.583333	1	0.483000
31.600000	1	0.457125
31.616667	1	0.433625
31.633333	1	0.412750
31.650000	1	0.392875
31.666667	1	0.375500
31.683333	1	0.360000
31.700000	1	0.345125
31.716667	1	0.332625
31.733333	1	0.321000
31.750000	1	0.310625
31.766667	1	0.301250
31.783333	1	0.293500
31.800000	1	0.286750
31.816667	1	0.280750
31.833333	1	0.275500
31.850000	1	0.270625
31.866667	1	0.267375
31.883333	1	0.264500
31.900000	1	0.262000
31.916667	1	0.260000
31.933333	1	0.258750
31.950000	1	0.257500
31.966667	1	0.256875
31.983333	1	0.255875
32.000000	1	0.255750
32.016667	1	0.255750
32.033333	1	0.255750
32.050000	1	0.255375
32.066667	1	0.255375
32.083333	1	0.254500
32.100000	1	0.253875
32.116667	1	0.253250
32.133333	1	0.253125
32.150000	1	0.252875
32.166667	1	0.251250
32.183333	1	0.249625
32.200000	1	0.247625
32.216667	1	0.244750
32.233333	1	0.242500
32.250000	1	0.239500
32.266667	1	0.236250
32.283333	1	0.232375
32.300000	1	0.228500
32.316667	1	0.224875
32.333333	1	0.221250
32.350000	1	0.216875
32.366667	1	0.212500
32.383333	1	0.207375
32.400000	1	0.203125
32.416667	1	0.198000
32.433333	1	0.193375
32.450000	1	0.188750
32.466667	1	0.184375
32.483333	1	0.179875
32.500000	1	0.175125
32.516667	1	0.170625
32.533333	1	0.165625
32.550000	1	0.161000
32.566667	1	0.157625
32.583333	1	0.154375
32.600000	1	0.151250
32.616667	1	0.147500
32.633333	1	0.143625
32.650000	1	0.140875
32.666667	1	0.137875
32.683333	1	0.134625
32.700000	1	0.131125
32.716667	1	0.128125
32.733333	1	0.125000
32.750000	1	0.122250
32.766667	1	0.119000
32.783333	1	0.115625
32.800000	1	0.112375
32.816667	1	0.108125
32.833333	1	0.104375
32.850000	1	0.101250
32.866667	1	0.097500
32.883333	1	0.093000
32.900000	1	0.088875
32.916667	1	0.084375
32.933333	1	0.079750
32.950000	1	0.075000
32.966667	1	0.069750
32.983333	1	0.065000
33.000000	1	0.060000
33.016667	1	0.054125
33.033333	1	0.048875
33.050000	1	0.044125
33.066667	1	0.039250
33.083333	1	0.033875
33.100000	1	0.028625
33.116667	1	0.024000
33.133333	1	0.019500
33.150000	1	0.015375
33.166667	1	0.011375
33.183333	1	0.007000
33.200000	1	0.002625
33.216667	1	-0.001000
33.233333	1	-0.004625
33.250000	1	-0.007500
33.266667	1	-0.010875
33.283333	1	-0.013625
33.300000	1	-0.016000
33.316667	1	-0.018000
33.333333	1	-0.019125
33.350000	1	-0.020500
33.366667	1	-0.022500
33.383333	1	-0.023000
33.400000	1	-0.023625
33.416667	1	-0.024000
33.433333	1	-0.024125
33.450000	1	-0.024125
33.466667	1	-0.023500
33.483333	1	-0.023125
33.500000	1	-0.021625
33.516667	1	-0.020125
33.533333	1	-0.018500
33.550000	1	-0.016500
33.566667	1	-0.013625
33.583333	1	-0.011125
33.600000	1	-0.008500
33.616667	1	-0.005625
33.633333	1	-0.001625
33.650000	1	0.002125
33.666667	1	0.006625
33.683333	1	0.011875
33.700000	1	0.017000
33.716667	1	0.022625
33.733333	1	0.029375
33.750000	1	0.036000
33.766667	1	0.043625
33.783333	1	0.051250
33.800000	1	0.060125
33.816667	1	0.068875
33.833333	1	0.078250
33.850000	1	0.088125
33.866667	1	0.099250
33.883333	1	0.111000
33.900000	1	0.123125
33.916667	1	0.136625
33.933333	1	0.150875
33.950000	1	0.165500
33.966667	1	0.181375
33.983333	1	0.197875
34.000000	1	0.214875
34.016667	1	0.232625
34.033333	1	0.251625
34.050000	1	0.270500
34.066667	1	0.290750
34.083333	1	0.311000
34.100000	1	0.332375
34.116667	1	0.353875
34.133333	1	0.375500
34.150000	1	0.398250
34.166667	1	0.421250
34.183333	1	0.445125
34.200000	1	0.468000
34.216667	1	0.490250
34.233333	1	0.512625
34.250000	1	0.535375
34.266667	1	0.557125
34.283333	1	0.577750
34.300000	1	0.598000
34.316667	1	0.617000
34.333333	1	0.635125
34.350000	1	0.651375
34.366667	1	0.666250
34.383333	1	0.680125
34.400000	1	0.691125
34.416667	1	0.701375
34.433333	1	0.708875
34.450000	1	0.715000
34.466667	1	0.719625
34.483333	1	0.721875
34.500000	1	0.721875
34.516667	1	0.720500
34.533333	1	0.716750
34.550000	1	0.711750
34.566667	1	0.704500
34.583333	1	0.695125
34.600000	1	0.683750
34.616667	1	0.671000
34.633333	1	0.656625
34.650000	1	0.641125
34.666667	1	0.624875
34.683333	1	0.607125
34.700000	1	0.588250
34.716667	1	0.569000
34.733333	1	0.549125
34.750000	1	0.529250
34.766667	1	0.509375
34.783333	1	0.488125
34.800000	1	0.467125
34.816667	1	0.447250
34.833333	1	0.427250
34.850000	1	0.407250
34.866667	1	0.388375
34.883333	1	0.369875
34.900000	1	0.351625
34.916667	1	0.334000
34.933333	1	0.318125
34.950000	1	0.302000
34.966667	1	0.286875
34.983333	1	0.272875
35.000000	1	0.259625
35.016667	1	0.247375
35.033333	1	0.235625
35.050000	1	0.225125
35.066667	1	0.215250
35.083333	1	0.206375
35.100000	1	0.197625
35.116667	1	0.189750
35.133333	1	0.182625
35.150000	1	0.176250
35.166667	1	0.170625
35.183333	1	0.165125
35.200000	1	0.160375
35.216667	1	0.156125
35.233333	1	0.152500
35.250000	1	0.149875
35.266667	1	0.147250
35.283333	1	0.145375
35.300000	1	0.143500
35.316667	1	0.142250
35.333333	1	0.141250
35.350000	1	0.139875
35.366667	1	0.138750
35.383333	1	0.138250
35.400000	1	0.138250
35.416667	1	0.137500
35.433333	1	0.137125
35.450000	1	0.136750
35.466667	1	0.136625
35.483333	1	0.136375
35.500000	1	0.136625
35.516667	1	0.136625
35.533333	1	0.137125
35.550000	1	0.137375
35.566667	1	0.137000
35.583333	1	0.137125
35.600000	1	0.136500
35.616667	1	0.136375
35.633333	1	0.135500
35.650000	1	0.135125
35.666667	1	0.134625
35.683333	1	0.134125
35.700000	1	0.134125
35.716667	1	0.133500
35.733333	1	0.133125
35.750000	1	0.132000
35.766667	1	0.131375
35.783333	1	0.130750
35.800000	1	0.130000
35.816667	1	0.129250
35.833333	1	0.128000
35.850000	1	0.127250
35.866667	1	0.126500
35.883333	1	0.125125
35.900000	1	0.125000
35.916667	1	0.124000
35.933333	1	0.122750
35.950000	1	0.122000
35.966667	1	0.120625
35.983333	1	0.118750
36.000000	1	0.117125
36.016667	1	0.116375
36.033333	1	0.115000
36.050000	1	0.113625
36.066667	1	0.112000
36.083333	1	0.110625
36.100000	1	0.109500
36.116667	1	0.108125
36.133333	1	0.106125
36.150000	1	0.105250
36.166667	1	0.103875
36.183333	1	0.102625
36.200000	1	0.101000
36.216667	1	0.099625
36.233333	1	0.097375
36.250000	1	0.095875
36.266667	1	0.094000
36.283333	1	0.092625
36.300000	1	0.091375
36.316667	1	0.089875
36.333333	1	0.088750
36.350000	1	0.087000
36.366667	1	0.085625
36.383333	1	0.084125
36.400000	1	0.082875
36.416667	1	0.081125
36.433333	1	0.080125
36.450000	1	0.079000
36.466667	1	0.077750
36.483333	1	0.076250
36.500000	1	0.074500
36.516667	1	0.073250
36.533333	1	0.071875
36.550000	1	0.070250
36.566667	1	0.068875
36.583333	1	0.068000
36.600000	1	0.066375
36.616667	1	0.065000
36.633333	1	0.063500
36.650000	1	0.061500
36.666667	1	0.060000
36.683333	1	0.058000
36.700000	1	0.056375
36.716667	1	0.054750
36.733333	1	0.052750
36.750000	1	0.050875
36.766667	1	0.048125
36.783333	1	0.046000
36.800000	1	0.043125
36.816667	1	0.041250
36.833333	1	0.038625
36.850000	1	0.036000
36.866667	1	0.032875
36.883333	1	0.029625
36.900000	1	0.026250
36.916667	1	0.023250
36.933333	1	0.020375
36.950000	1	0.017500
36.966667	1	0.014125
36.983333	1	0.009875
37.000000	1	0.006625
37.016667	1	0.003375
37.033333	1	-0.000750
37.050000	1	-0.004500
37.066667	1	-0.007750
37.083333	1	-0.011375
37.100000	1	-0.014750
37.116667	1	-0.017875
37.133333	1	-0.021750
37.150000	1	-0.024625
37.166667	1	-0.028625
37.183333	1	-0.031625
37.200000	1	-0.034875
37.216667	1	-0.038625
37.233333	1	-0.041875
37.250000	1	-0.044625
37.266667	1	-0.047500
37.283333	1	-0.049750
37.300000	1	-0.052000
37.316667	1	-0.054250
37.333333	1	-0.056125
37.350000	1	-0.058375
37.366667	1	-0.060125
37.383333	1	-0.062375
37.400000	1	-0.064000
37.416667	1	-0.066000
37.433333	1	-0.067250
37.450000	1	-0.068250
37.466667	1	-0.069000
37.483333	1	-0.070500
37.500000	1	-0.071500
37.516667	1	-0.071625
37.533333	1	-0.072250
37.550000	1	-0.073125
37.566667	1	-0.073500
37.583333	1	-0.073250
37.600000	1	-0.073875
37.616667	1	-0.074125
37.633333	1	-0.074125
37.650000	1	-0.073875
37.666667	1	-0.074125
37.683333	1	-0.073125
37.700000	1	-0.073375
37.716667	1	-0.072625
37.733333	1	-0.071875
37.750000	1	-0.071500
37.766667	1	-0.071625
37.783333	1	-0.070875
37.800000	1	-0.070375
37.816667	1	-0.069625
37.833333	1	-0.068625
37.850000	1	-0.068000
37.866667	1	-0.066500
37.883333	1	-0.065000
37.900000	1	-0.064750
37.916667	1	-0.063750
37.933333	1	-0.063000
37.950000	1	-0.061375
37.966667	1	-0.059625
37.983333	1	-0.058000
38.000000	1	-0.057250
38.016667	1	-0.056375
38.033333	1	-0.055000
38.050000	1	-0.054250
38.066667	1	-0.053125
38.083333	1	-0.052125
38.100000	1	-0.050500
38.116667	1	-0.049250
38.133333	1	-0.047625
38.150000	1	-0.046125
38.166667	1	-0.045375
38.183333	1	-0.044250
38.200000	1	-0.043250
38.216667	1	-0.042000
38.233333	1	-0.041375
38.250000	1	-0.039625
38.266667	1	-0.038750
38.283333	1	-0.037625
38.300000	1	-0.036750
38.316667	1	-0.036000
38.333333	1	-0.035250
38.350000	1	-0.034500
38.366667	1	-0.034375
38.383333	1	-0.034000
38.400000	1	-0.033000
38.416667	1	-0.032750
38.433333	1	-0.032250
38.450000	1	-0.031750
38.466667	1	-0.031000
38.483333	1	-0.030125
38.500000	1	-0.029750
38.516667	1	-0.029875
38.533333	1	-0.030000
38.550000	1	-0.029750
38.566667	1	-0.029625
38.583333	1	-0.030000
38.600000	1	-0.030250
38.616667	1	-0.031125
38.633333	1	-0.031250
38.650000	1	-0.031875
38.666667	1	-0.032000
38.683333	1	-0.032250
38.700000	1	-0.032500
38.716667	1	-0.033250
38.733333	1	-0.033750
38.750000	1	-0.034500
38.766667	1	-0.034750
38.783333	1	-0.035625
38.800000	1	-0.036125
38.816667	1	-0.036875
38.833333	1	-0.037250
38.850000	1	-0.037875
38.866667	1	-0.038250
38.883333	1	-0.038875
38.900000	1	-0.039500
38.916667	1	-0.040125
38.933333	1	-0.041000
38.950000	1	-0.041750
38.966667	1	-0.042125
38.983333	1	-0.043375
39.000000	1	-0.043625
39.016667	1	-0.044375
39.033333	1	-0.044875
39.050000	1	-0.045625
39.066667	1	-0.046875
39.083333	1	-0.047750
39.100000	1	-0.048625
39.116667	1	-0.049500
39.133333	1	-0.050250
39.150000	1	-0.051125
39.166667	1	-0.051000
39.183333	1	-0.051875
39.200000	1	-0.052125
39.216667	1	-0.053750
39.233333	1	-0.054375
39.250000	1	-0.054375
39.266667	1	-0.055000
39.283333	1	-0.055250
39.300000	1	-0.055500
39.316667	1	-0.055625
39.333333	1	-0.055875
39.350000	1	-0.056250
39.366667	1	-0.056125
39.383333	1	-0.055750
39.400000	1	-0.056000
39.416667	1	-0.056250
39.433333	1	-0.056250
39.450000	1	-0.056250
39.466667	1	-0.055625
39.483333	1	-0.055625
39.500000	1	-0.054875
39.516667	1	-0.054875
39.533333	1	-0.054125
39.550000	1	-0.054250
39.566667	1	-0.054000
39.583333	1	-0.053250
39.600000	1	-0.052875
39.616667	1	-0.052125
39.633333	1	-0.051000
39.650000	1	-0.049375
39.666667	1	-0.048250
39.683333	1	-0.047250
39.700000	1	-0.046875
39.716667	1	-0.045625
39.733333	1	-0.044625
39.750000	1	-0.043750
39.766667	1	-0.042375
39.783333	1	-0.040750
39.800000	1	-0.039750
39.816667	1	-0.037250
39.833333	1	-0.035375
39.850000	1	-0.033250
39.866667	1	-0.031500
39.883333	1	-0.029500
39.900000	1	-0.027250
39.916667	1	-0.025750
39.933333	1	-0.023875
39.950000	1	-0.021750
39.966667	1	-0.019875
39.983333	1	-0.018625
40.000000	1	-0.016625
