File Path	chrom://marshall/Chromeleon7/HPLC_Ultimate_3000/Users/markusar/20230531_CMO_stabTest _FP08_FP09.seq/850.smp/RI_1.channel/RI_1.chm
Channel	RI_1

Injection Information:
Data Vault	Chromeleon7
Injection	FP10__4_s3
Injection Number	88
Position	BF2
Comment	
Processing Method	
Instrument Method	run_25B_method
Type	Unknown
Status	Finished
Injection Date	04.06.2023
Injection Time	02:05:02
Injection Volume (µl)	20.000
Dilution Factor	1.0000
Weight	1.0000

Chromatogram Data Information:
Time Min. (min)	0.000000
Time Max. (min)	40.000000
Data Points	2401
Detector	RI
Generating Data System	Chromeleon 7.2.5.9507
Exporting Data System	Chromeleon 7.2.5.0
Operator	Instrument Controller
Signal Quantity	Refractive 
Signal Unit	µRIU
Signal Min.	-0.546875
Signal Max.	67.265875
Channel	RI_1
Driver Name	RID520Driver.dll
Channel Type	Evaluation
Min. Step (s)	1
Max. Step (s)	1
Average Step (s)	1

Signal Parameter Information:
Signal Info	

Chromatogram Data:
Time (min)	Step (s)	Value (µRIU)
0.000000	n.a.	-0.050875
0.016667	1	-0.051375
0.033333	1	-0.052000
0.050000	1	-0.052625
0.066667	1	-0.052875
0.083333	1	-0.053125
0.100000	1	-0.053375
0.116667	1	-0.053500
0.133333	1	-0.054125
0.150000	1	-0.054625
0.166667	1	-0.055250
0.183333	1	-0.054750
0.200000	1	-0.055250
0.216667	1	-0.056000
0.233333	1	-0.056250
0.250000	1	-0.056250
0.266667	1	-0.056875
0.283333	1	-0.058375
0.300000	1	-0.061750
0.316667	1	-0.066125
0.333333	1	-0.068500
0.350000	1	-0.068250
0.366667	1	-0.065375
0.383333	1	-0.061750
0.400000	1	-0.058750
0.416667	1	-0.056250
0.433333	1	-0.053625
0.450000	1	-0.051750
0.466667	1	-0.050875
0.483333	1	-0.051750
0.500000	1	-0.054000
0.516667	1	-0.056250
0.533333	1	-0.059000
0.550000	1	-0.061625
0.566667	1	-0.063625
0.583333	1	-0.065000
0.600000	1	-0.066250
0.616667	1	-0.067500
0.633333	1	-0.068000
0.650000	1	-0.069125
0.666667	1	-0.070250
0.683333	1	-0.071250
0.700000	1	-0.071625
0.716667	1	-0.072500
0.733333	1	-0.073375
0.750000	1	-0.073750
0.766667	1	-0.074500
0.783333	1	-0.075000
0.800000	1	-0.075125
0.816667	1	-0.075750
0.833333	1	-0.076000
0.850000	1	-0.076000
0.866667	1	-0.075750
0.883333	1	-0.075250
0.900000	1	-0.076125
0.916667	1	-0.076375
0.933333	1	-0.075750
0.950000	1	-0.076250
0.966667	1	-0.076750
0.983333	1	-0.075875
1.000000	1	-0.075875
1.016667	1	-0.076125
1.033333	1	-0.076250
1.050000	1	-0.076125
1.066667	1	-0.076125
1.083333	1	-0.076250
1.100000	1	-0.075875
1.116667	1	-0.075500
1.133333	1	-0.075875
1.150000	1	-0.075625
1.166667	1	-0.075625
1.183333	1	-0.075500
1.200000	1	-0.076250
1.216667	1	-0.075750
1.233333	1	-0.076125
1.250000	1	-0.077125
1.266667	1	-0.077125
1.283333	1	-0.076625
1.300000	1	-0.076375
1.316667	1	-0.076625
1.333333	1	-0.077000
1.350000	1	-0.078125
1.366667	1	-0.077875
1.383333	1	-0.077875
1.400000	1	-0.077875
1.416667	1	-0.077750
1.433333	1	-0.077500
1.450000	1	-0.077375
1.466667	1	-0.077500
1.483333	1	-0.077375
1.500000	1	-0.077875
1.516667	1	-0.078000
1.533333	1	-0.078125
1.550000	1	-0.078250
1.566667	1	-0.078125
1.583333	1	-0.078250
1.600000	1	-0.078500
1.616667	1	-0.078375
1.633333	1	-0.078000
1.650000	1	-0.078125
1.666667	1	-0.078250
1.683333	1	-0.077625
1.700000	1	-0.077250
1.716667	1	-0.076875
1.733333	1	-0.076375
1.750000	1	-0.076125
1.766667	1	-0.076000
1.783333	1	-0.075750
1.800000	1	-0.075000
1.816667	1	-0.073625
1.833333	1	-0.072625
1.850000	1	-0.071625
1.866667	1	-0.071125
1.883333	1	-0.070750
1.900000	1	-0.070125
1.916667	1	-0.069500
1.933333	1	-0.068375
1.950000	1	-0.067500
1.966667	1	-0.065750
1.983333	1	-0.065000
2.000000	1	-0.063750
2.016667	1	-0.063625
2.033333	1	-0.062250
2.050000	1	-0.061250
2.066667	1	-0.059375
2.083333	1	-0.057875
2.100000	1	-0.056375
2.116667	1	-0.055250
2.133333	1	-0.054375
2.150000	1	-0.053375
2.166667	1	-0.052625
2.183333	1	-0.051625
2.200000	1	-0.050250
2.216667	1	-0.048625
2.233333	1	-0.047125
2.250000	1	-0.046125
2.266667	1	-0.044875
2.283333	1	-0.044000
2.300000	1	-0.043250
2.316667	1	-0.042750
2.333333	1	-0.042500
2.350000	1	-0.041375
2.366667	1	-0.040500
2.383333	1	-0.039875
2.400000	1	-0.039500
2.416667	1	-0.038625
2.433333	1	-0.038250
2.450000	1	-0.037375
2.466667	1	-0.036750
2.483333	1	-0.036125
2.500000	1	-0.035625
2.516667	1	-0.035000
2.533333	1	-0.034625
2.550000	1	-0.034500
2.566667	1	-0.034875
2.583333	1	-0.035875
2.600000	1	-0.035375
2.616667	1	-0.034875
2.633333	1	-0.034750
2.650000	1	-0.035375
2.666667	1	-0.034750
2.683333	1	-0.035625
2.700000	1	-0.036000
2.716667	1	-0.036625
2.733333	1	-0.037125
2.750000	1	-0.037500
2.766667	1	-0.037875
2.783333	1	-0.038625
2.800000	1	-0.039000
2.816667	1	-0.040000
2.833333	1	-0.040500
2.850000	1	-0.041500
2.866667	1	-0.041875
2.883333	1	-0.043375
2.900000	1	-0.044375
2.916667	1	-0.045250
2.933333	1	-0.046000
2.950000	1	-0.047250
2.966667	1	-0.047750
2.983333	1	-0.048500
3.000000	1	-0.049375
3.016667	1	-0.049750
3.033333	1	-0.050250
3.050000	1	-0.050625
3.066667	1	-0.051500
3.083333	1	-0.051875
3.100000	1	-0.052500
3.116667	1	-0.052875
3.133333	1	-0.053875
3.150000	1	-0.054125
3.166667	1	-0.054250
3.183333	1	-0.054625
3.200000	1	-0.055000
3.216667	1	-0.055250
3.233333	1	-0.055000
3.250000	1	-0.054625
3.266667	1	-0.054750
3.283333	1	-0.055250
3.300000	1	-0.054875
3.316667	1	-0.054875
3.333333	1	-0.054750
3.350000	1	-0.054875
3.366667	1	-0.054875
3.383333	1	-0.054625
3.400000	1	-0.054375
3.416667	1	-0.054000
3.433333	1	-0.054000
3.450000	1	-0.053625
3.466667	1	-0.052750
3.483333	1	-0.052750
3.500000	1	-0.052500
3.516667	1	-0.051500
3.533333	1	-0.050500
3.550000	1	-0.050250
3.566667	1	-0.050000
3.583333	1	-0.049875
3.600000	1	-0.049375
3.616667	1	-0.048500
3.633333	1	-0.047750
3.650000	1	-0.047250
3.666667	1	-0.047500
3.683333	1	-0.047625
3.700000	1	-0.048250
3.716667	1	-0.047250
3.733333	1	-0.046625
3.750000	1	-0.046875
3.766667	1	-0.046625
3.783333	1	-0.046625
3.800000	1	-0.047125
3.816667	1	-0.047375
3.833333	1	-0.047375
3.850000	1	-0.047500
3.866667	1	-0.047375
3.883333	1	-0.047875
3.900000	1	-0.048375
3.916667	1	-0.048500
3.933333	1	-0.049125
3.950000	1	-0.049750
3.966667	1	-0.050125
3.983333	1	-0.050875
4.000000	1	-0.051500
4.016667	1	-0.051500
4.033333	1	-0.051500
4.050000	1	-0.051875
4.066667	1	-0.052750
4.083333	1	-0.053250
4.100000	1	-0.055000
4.116667	1	-0.055625
4.133333	1	-0.056500
4.150000	1	-0.057250
4.166667	1	-0.058000
4.183333	1	-0.059000
4.200000	1	-0.060125
4.216667	1	-0.060500
4.233333	1	-0.060875
4.250000	1	-0.061625
4.266667	1	-0.063000
4.283333	1	-0.063500
4.300000	1	-0.063750
4.316667	1	-0.064375
4.333333	1	-0.064750
4.350000	1	-0.064875
4.366667	1	-0.065625
4.383333	1	-0.066000
4.400000	1	-0.066750
4.416667	1	-0.066000
4.433333	1	-0.066250
4.450000	1	-0.065625
4.466667	1	-0.065875
4.483333	1	-0.065125
4.500000	1	-0.064250
4.516667	1	-0.063250
4.533333	1	-0.063125
4.550000	1	-0.061750
4.566667	1	-0.060750
4.583333	1	-0.059000
4.600000	1	-0.057500
4.616667	1	-0.056250
4.633333	1	-0.054250
4.650000	1	-0.051875
4.666667	1	-0.050500
4.683333	1	-0.048000
4.700000	1	-0.045625
4.716667	1	-0.043000
4.733333	1	-0.040500
4.750000	1	-0.037250
4.766667	1	-0.034000
4.783333	1	-0.031000
4.800000	1	-0.027750
4.816667	1	-0.024500
4.833333	1	-0.020250
4.850000	1	-0.017000
4.866667	1	-0.013625
4.883333	1	-0.009875
4.900000	1	-0.006500
4.916667	1	-0.002625
4.933333	1	0.000500
4.950000	1	0.004375
4.966667	1	0.007500
4.983333	1	0.011000
5.000000	1	0.015000
5.016667	1	0.018375
5.033333	1	0.021000
5.050000	1	0.023375
5.066667	1	0.027000
5.083333	1	0.030500
5.100000	1	0.033250
5.116667	1	0.035125
5.133333	1	0.037625
5.150000	1	0.039750
5.166667	1	0.042500
5.183333	1	0.044625
5.200000	1	0.046000
5.216667	1	0.047750
5.233333	1	0.049250
5.250000	1	0.050750
5.266667	1	0.051625
5.283333	1	0.052625
5.300000	1	0.053625
5.316667	1	0.054250
5.333333	1	0.054375
5.350000	1	0.055125
5.366667	1	0.056000
5.383333	1	0.055750
5.400000	1	0.055250
5.416667	1	0.055500
5.433333	1	0.055375
5.450000	1	0.055500
5.466667	1	0.055000
5.483333	1	0.054625
5.500000	1	0.053875
5.516667	1	0.052500
5.533333	1	0.052125
5.550000	1	0.051375
5.566667	1	0.050250
5.583333	1	0.049250
5.600000	1	0.049000
5.616667	1	0.047250
5.633333	1	0.046125
5.650000	1	0.045875
5.666667	1	0.044250
5.683333	1	0.042750
5.700000	1	0.041500
5.716667	1	0.040875
5.733333	1	0.040375
5.750000	1	0.039250
5.766667	1	0.038250
5.783333	1	0.037250
5.800000	1	0.036250
5.816667	1	0.034875
5.833333	1	0.034250
5.850000	1	0.033875
5.866667	1	0.033000
5.883333	1	0.032375
5.900000	1	0.031500
5.916667	1	0.030875
5.933333	1	0.030125
5.950000	1	0.029875
5.966667	1	0.029250
5.983333	1	0.029000
6.000000	1	0.028875
6.016667	1	0.028875
6.033333	1	0.028750
6.050000	1	0.029125
6.066667	1	0.029625
6.083333	1	0.030375
6.100000	1	0.030000
6.116667	1	0.030500
6.133333	1	0.031125
6.150000	1	0.032000
6.166667	1	0.032875
6.183333	1	0.034250
6.200000	1	0.035500
6.216667	1	0.036750
6.233333	1	0.037750
6.250000	1	0.039000
6.266667	1	0.040625
6.283333	1	0.042000
6.300000	1	0.044000
6.316667	1	0.045500
6.333333	1	0.047625
6.350000	1	0.049000
6.366667	1	0.050500
6.383333	1	0.052000
6.400000	1	0.054000
6.416667	1	0.055875
6.433333	1	0.057250
6.450000	1	0.059125
6.466667	1	0.060000
6.483333	1	0.061875
6.500000	1	0.063500
6.516667	1	0.065000
6.533333	1	0.066250
6.550000	1	0.067250
6.566667	1	0.068125
6.583333	1	0.068875
6.600000	1	0.068750
6.616667	1	0.069500
6.633333	1	0.069500
6.650000	1	0.069500
6.666667	1	0.068750
6.683333	1	0.067625
6.700000	1	0.066375
6.716667	1	0.065375
6.733333	1	0.064500
6.750000	1	0.063750
6.766667	1	0.062250
6.783333	1	0.061250
6.800000	1	0.059375
6.816667	1	0.057625
6.833333	1	0.055500
6.850000	1	0.053750
6.866667	1	0.051250
6.883333	1	0.048125
6.900000	1	0.045500
6.916667	1	0.042125
6.933333	1	0.039875
6.950000	1	0.037250
6.966667	1	0.035000
6.983333	1	0.031750
7.000000	1	0.029125
7.016667	1	0.026125
7.033333	1	0.022625
7.050000	1	0.019625
7.066667	1	0.016750
7.083333	1	0.013750
7.100000	1	0.011250
7.116667	1	0.008500
7.133333	1	0.005500
7.150000	1	0.003000
7.166667	1	0.000125
7.183333	1	-0.002625
7.200000	1	-0.004625
7.216667	1	-0.007125
7.233333	1	-0.009625
7.250000	1	-0.012125
7.266667	1	-0.014500
7.283333	1	-0.016375
7.300000	1	-0.018750
7.316667	1	-0.021250
7.333333	1	-0.023125
7.350000	1	-0.024875
7.366667	1	-0.026625
7.383333	1	-0.027875
7.400000	1	-0.029250
7.416667	1	-0.030875
7.433333	1	-0.032750
7.450000	1	-0.035000
7.466667	1	-0.036250
7.483333	1	-0.037375
7.500000	1	-0.038875
7.516667	1	-0.039625
7.533333	1	-0.040625
7.550000	1	-0.042000
7.566667	1	-0.042375
7.583333	1	-0.043000
7.600000	1	-0.043500
7.616667	1	-0.044875
7.633333	1	-0.045375
7.650000	1	-0.045750
7.666667	1	-0.046000
7.683333	1	-0.046875
7.700000	1	-0.047250
7.716667	1	-0.047000
7.733333	1	-0.046500
7.750000	1	-0.047125
7.766667	1	-0.047000
7.783333	1	-0.046000
7.800000	1	-0.045875
7.816667	1	-0.046125
7.833333	1	-0.046250
7.850000	1	-0.045625
7.866667	1	-0.045500
7.883333	1	-0.045000
7.900000	1	-0.044250
7.916667	1	-0.043625
7.933333	1	-0.042500
7.950000	1	-0.041500
7.966667	1	-0.041125
7.983333	1	-0.039250
8.000000	1	-0.038250
8.016667	1	-0.036375
8.033333	1	-0.035125
8.050000	1	-0.033875
8.066667	1	-0.032250
8.083333	1	-0.030750
8.100000	1	-0.029125
8.116667	1	-0.027250
8.133333	1	-0.024875
8.150000	1	-0.022250
8.166667	1	-0.020375
8.183333	1	-0.018500
8.200000	1	-0.016750
8.216667	1	-0.015125
8.233333	1	-0.013000
8.250000	1	-0.010375
8.266667	1	-0.008000
8.283333	1	-0.006375
8.300000	1	-0.004625
8.316667	1	-0.001875
8.333333	1	0.000125
8.350000	1	0.001500
8.366667	1	0.004125
8.383333	1	0.007125
8.400000	1	0.009875
8.416667	1	0.011500
8.433333	1	0.013875
8.450000	1	0.015375
8.466667	1	0.017250
8.483333	1	0.019250
8.500000	1	0.020625
8.516667	1	0.022375
8.533333	1	0.024625
8.550000	1	0.026125
8.566667	1	0.028000
8.583333	1	0.029750
8.600000	1	0.031500
8.616667	1	0.032625
8.633333	1	0.034000
8.650000	1	0.035125
8.666667	1	0.036125
8.683333	1	0.037500
8.700000	1	0.038875
8.716667	1	0.040375
8.733333	1	0.041000
8.750000	1	0.041875
8.766667	1	0.042625
8.783333	1	0.043750
8.800000	1	0.043875
8.816667	1	0.044625
8.833333	1	0.044875
8.850000	1	0.045375
8.866667	1	0.044500
8.883333	1	0.044500
8.900000	1	0.044875
8.916667	1	0.044500
8.933333	1	0.044500
8.950000	1	0.044000
8.966667	1	0.043625
8.983333	1	0.043500
9.000000	1	0.043000
9.016667	1	0.042625
9.033333	1	0.041375
9.050000	1	0.040625
9.066667	1	0.039750
9.083333	1	0.039250
9.100000	1	0.038625
9.116667	1	0.037375
9.133333	1	0.036625
9.150000	1	0.036125
9.166667	1	0.035875
9.183333	1	0.034875
9.200000	1	0.033375
9.216667	1	0.032250
9.233333	1	0.031750
9.250000	1	0.031750
9.266667	1	0.030625
9.283333	1	0.030250
9.300000	1	0.028625
9.316667	1	0.027750
9.333333	1	0.027125
9.350000	1	0.027375
9.366667	1	0.027000
9.383333	1	0.027000
9.400000	1	0.026875
9.416667	1	0.026750
9.433333	1	0.027500
9.450000	1	0.028250
9.466667	1	0.029625
9.483333	1	0.031875
9.500000	1	0.034750
9.516667	1	0.038625
9.533333	1	0.042500
9.550000	1	0.047000
9.566667	1	0.052500
9.583333	1	0.059625
9.600000	1	0.067250
9.616667	1	0.076125
9.633333	1	0.087000
9.650000	1	0.099875
9.666667	1	0.114250
9.683333	1	0.131375
9.700000	1	0.150375
9.716667	1	0.170625
9.733333	1	0.192000
9.750000	1	0.214000
9.766667	1	0.235125
9.783333	1	0.254000
9.800000	1	0.270625
9.816667	1	0.283125
9.833333	1	0.289750
9.850000	1	0.288500
9.866667	1	0.276750
9.883333	1	0.251000
9.900000	1	0.211750
9.916667	1	0.167625
9.933333	1	0.140750
9.950000	1	0.171250
9.966667	1	0.315000
9.983333	1	0.635250
10.000000	1	1.196000
10.016667	1	2.052625
10.033333	1	3.249000
10.050000	1	4.812625
10.066667	1	6.756250
10.083333	1	9.080250
10.100000	1	11.769750
10.116667	1	14.795000
10.133333	1	18.106250
10.150000	1	21.635875
10.166667	1	25.290000
10.183333	1	28.948875
10.200000	1	32.472125
10.216667	1	35.696000
10.233333	1	38.444125
10.250000	1	40.549125
10.266667	1	41.879250
10.283333	1	42.360000
10.300000	1	41.986500
10.316667	1	40.826500
10.333333	1	39.007375
10.350000	1	36.690625
10.366667	1	34.052375
10.383333	1	31.255625
10.400000	1	28.437375
10.416667	1	25.701750
10.433333	1	23.121625
10.450000	1	20.742125
10.466667	1	18.579375
10.483333	1	16.637000
10.500000	1	14.907000
10.516667	1	13.373625
10.533333	1	12.019875
10.550000	1	10.825750
10.566667	1	9.770375
10.583333	1	8.836875
10.600000	1	8.007375
10.616667	1	7.270250
10.633333	1	6.614250
10.650000	1	6.030000
10.666667	1	5.510250
10.683333	1	5.048000
10.700000	1	4.637000
10.716667	1	4.272875
10.733333	1	3.949625
10.750000	1	3.663500
10.766667	1	3.410125
10.783333	1	3.185500
10.800000	1	2.986500
10.816667	1	2.809375
10.833333	1	2.650625
10.850000	1	2.508375
10.866667	1	2.379875
10.883333	1	2.263125
10.900000	1	2.156625
10.916667	1	2.058500
10.933333	1	1.968500
10.950000	1	1.884500
10.966667	1	1.806625
10.983333	1	1.733750
11.000000	1	1.666250
11.016667	1	1.603000
11.033333	1	1.544875
11.050000	1	1.490375
11.066667	1	1.440250
11.083333	1	1.393875
11.100000	1	1.350625
11.116667	1	1.310875
11.133333	1	1.274500
11.150000	1	1.241875
11.166667	1	1.211875
11.183333	1	1.185000
11.200000	1	1.161625
11.216667	1	1.140000
11.233333	1	1.120625
11.250000	1	1.104125
11.266667	1	1.090375
11.283333	1	1.079750
11.300000	1	1.072750
11.316667	1	1.067875
11.333333	1	1.066375
11.350000	1	1.067875
11.366667	1	1.072375
11.383333	1	1.080500
11.400000	1	1.089750
11.416667	1	1.100500
11.433333	1	1.111625
11.450000	1	1.122250
11.466667	1	1.132250
11.483333	1	1.139875
11.500000	1	1.144625
11.516667	1	1.145875
11.533333	1	1.144500
11.550000	1	1.140125
11.566667	1	1.132125
11.583333	1	1.122625
11.600000	1	1.111375
11.616667	1	1.099375
11.633333	1	1.086000
11.650000	1	1.072000
11.666667	1	1.058000
11.683333	1	1.044125
11.700000	1	1.031375
11.716667	1	1.019125
11.733333	1	1.007750
11.750000	1	0.997500
11.766667	1	0.987125
11.783333	1	0.978375
11.800000	1	0.970875
11.816667	1	0.964875
11.833333	1	0.960000
11.850000	1	0.957125
11.866667	1	0.956125
11.883333	1	0.957125
11.900000	1	0.960750
11.916667	1	0.967000
11.933333	1	0.976750
11.950000	1	0.990000
11.966667	1	1.007250
11.983333	1	1.029875
12.000000	1	1.058000
12.016667	1	1.093000
12.033333	1	1.135625
12.050000	1	1.189375
12.066667	1	1.254750
12.083333	1	1.334125
12.100000	1	1.432375
12.116667	1	1.551750
12.133333	1	1.696875
12.150000	1	1.873375
12.166667	1	2.085375
12.183333	1	2.338375
12.200000	1	2.637500
12.216667	1	2.988250
12.233333	1	3.396500
12.250000	1	3.868625
12.266667	1	4.415750
12.283333	1	5.049750
12.300000	1	5.787250
12.316667	1	6.649250
12.333333	1	7.663875
12.350000	1	8.867375
12.366667	1	10.306000
12.383333	1	12.031125
12.400000	1	14.097375
12.416667	1	16.553875
12.433333	1	19.444625
12.450000	1	22.796625
12.466667	1	26.610250
12.483333	1	30.849750
12.500000	1	35.437375
12.516667	1	40.254875
12.533333	1	45.148125
12.550000	1	49.939375
12.566667	1	54.441125
12.583333	1	58.471000
12.600000	1	61.868000
12.616667	1	64.504625
12.633333	1	66.298750
12.650000	1	67.215625
12.666667	1	67.265875
12.683333	1	66.501250
12.700000	1	65.009750
12.716667	1	62.901750
12.733333	1	60.303875
12.750000	1	57.343750
12.766667	1	54.141750
12.783333	1	50.804375
12.800000	1	47.426875
12.816667	1	44.089250
12.833333	1	40.849375
12.850000	1	37.749250
12.866667	1	34.815875
12.883333	1	32.065750
12.900000	1	29.505625
12.916667	1	27.137250
12.933333	1	24.955875
12.950000	1	22.954125
12.966667	1	21.124125
12.983333	1	19.454875
13.000000	1	17.933000
13.016667	1	16.548625
13.033333	1	15.288250
13.050000	1	14.137375
13.066667	1	13.083125
13.083333	1	12.112875
13.100000	1	11.215250
13.116667	1	10.380250
13.133333	1	9.596375
13.150000	1	8.855625
13.166667	1	8.148875
13.183333	1	7.466250
13.200000	1	6.804875
13.216667	1	6.159625
13.233333	1	5.534500
13.250000	1	4.937250
13.266667	1	4.384875
13.283333	1	3.892375
13.300000	1	3.467000
13.316667	1	3.110000
13.333333	1	2.812750
13.350000	1	2.565000
13.366667	1	2.356375
13.383333	1	2.179875
13.400000	1	2.028125
13.416667	1	1.897125
13.433333	1	1.782875
13.450000	1	1.681250
13.466667	1	1.591625
13.483333	1	1.512625
13.500000	1	1.442125
13.516667	1	1.379500
13.533333	1	1.323375
13.550000	1	1.273125
13.566667	1	1.228875
13.583333	1	1.189625
13.600000	1	1.156000
13.616667	1	1.125125
13.633333	1	1.098500
13.650000	1	1.074125
13.666667	1	1.052750
13.683333	1	1.033000
13.700000	1	1.015125
13.716667	1	0.998000
13.733333	1	0.980750
13.750000	1	0.964625
13.766667	1	0.947750
13.783333	1	0.930875
13.800000	1	0.914875
13.816667	1	0.898875
13.833333	1	0.883000
13.850000	1	0.866250
13.866667	1	0.850625
13.883333	1	0.834375
13.900000	1	0.817750
13.916667	1	0.801125
13.933333	1	0.785000
13.950000	1	0.769625
13.966667	1	0.754500
13.983333	1	0.739750
14.000000	1	0.724500
14.016667	1	0.710875
14.033333	1	0.697125
14.050000	1	0.684625
14.066667	1	0.671625
14.083333	1	0.660250
14.100000	1	0.650125
14.116667	1	0.639750
14.133333	1	0.629250
14.150000	1	0.620625
14.166667	1	0.612750
14.183333	1	0.605375
14.200000	1	0.598500
14.216667	1	0.592125
14.233333	1	0.587125
14.250000	1	0.582625
14.266667	1	0.579375
14.283333	1	0.576125
14.300000	1	0.573625
14.316667	1	0.571500
14.333333	1	0.571125
14.350000	1	0.571125
14.366667	1	0.572250
14.383333	1	0.574125
14.400000	1	0.576625
14.416667	1	0.579250
14.433333	1	0.582000
14.450000	1	0.585750
14.466667	1	0.588875
14.483333	1	0.591500
14.500000	1	0.594500
14.516667	1	0.597250
14.533333	1	0.599875
14.550000	1	0.601875
14.566667	1	0.603750
14.583333	1	0.604625
14.600000	1	0.606000
14.616667	1	0.607125
14.633333	1	0.608250
14.650000	1	0.609375
14.666667	1	0.610500
14.683333	1	0.612250
14.700000	1	0.614000
14.716667	1	0.615750
14.733333	1	0.618875
14.750000	1	0.622125
14.766667	1	0.625750
14.783333	1	0.631375
14.800000	1	0.637625
14.816667	1	0.643875
14.833333	1	0.650750
14.850000	1	0.657625
14.866667	1	0.664000
14.883333	1	0.670000
14.900000	1	0.675125
14.916667	1	0.680000
14.933333	1	0.683250
14.950000	1	0.685125
14.966667	1	0.686000
14.983333	1	0.685125
15.000000	1	0.683625
15.016667	1	0.681000
15.033333	1	0.676500
15.050000	1	0.671750
15.066667	1	0.666500
15.083333	1	0.660625
15.100000	1	0.654250
15.116667	1	0.647500
15.133333	1	0.641125
15.150000	1	0.635000
15.166667	1	0.629250
15.183333	1	0.624000
15.200000	1	0.619625
15.216667	1	0.616000
15.233333	1	0.612375
15.250000	1	0.609875
15.266667	1	0.608375
15.283333	1	0.606750
15.300000	1	0.606625
15.316667	1	0.606500
15.333333	1	0.607250
15.350000	1	0.609125
15.366667	1	0.611625
15.383333	1	0.615000
15.400000	1	0.619875
15.416667	1	0.625875
15.433333	1	0.633875
15.450000	1	0.643500
15.466667	1	0.655625
15.483333	1	0.669375
15.500000	1	0.687000
15.516667	1	0.706875
15.533333	1	0.729500
15.550000	1	0.755375
15.566667	1	0.782500
15.583333	1	0.811625
15.600000	1	0.840250
15.616667	1	0.869625
15.633333	1	0.897250
15.650000	1	0.923125
15.666667	1	0.944125
15.683333	1	0.960750
15.700000	1	0.973250
15.716667	1	0.981250
15.733333	1	0.984750
15.750000	1	0.982875
15.766667	1	0.978125
15.783333	1	0.970125
15.800000	1	0.959375
15.816667	1	0.946125
15.833333	1	0.931625
15.850000	1	0.916750
15.866667	1	0.901125
15.883333	1	0.884750
15.900000	1	0.869125
15.916667	1	0.853625
15.933333	1	0.839500
15.950000	1	0.825250
15.966667	1	0.812125
15.983333	1	0.800125
16.000000	1	0.788875
16.016667	1	0.779375
16.033333	1	0.770750
16.050000	1	0.762250
16.066667	1	0.755875
16.083333	1	0.749375
16.100000	1	0.744500
16.116667	1	0.741250
16.133333	1	0.738750
16.150000	1	0.737375
16.166667	1	0.737625
16.183333	1	0.738250
16.200000	1	0.739000
16.216667	1	0.739750
16.233333	1	0.740375
16.250000	1	0.740750
16.266667	1	0.741625
16.283333	1	0.741875
16.300000	1	0.742750
16.316667	1	0.741750
16.333333	1	0.741125
16.350000	1	0.740125
16.366667	1	0.739125
16.383333	1	0.737625
16.400000	1	0.735500
16.416667	1	0.733750
16.433333	1	0.732500
16.450000	1	0.730750
16.466667	1	0.729125
16.483333	1	0.727750
16.500000	1	0.727250
16.516667	1	0.727000
16.533333	1	0.727250
16.550000	1	0.728000
16.566667	1	0.730000
16.583333	1	0.731625
16.600000	1	0.735375
16.616667	1	0.739000
16.633333	1	0.742375
16.650000	1	0.746750
16.666667	1	0.751750
16.683333	1	0.756125
16.700000	1	0.760750
16.716667	1	0.766875
16.733333	1	0.772375
16.750000	1	0.777250
16.766667	1	0.781625
16.783333	1	0.786375
16.800000	1	0.789500
16.816667	1	0.792000
16.833333	1	0.794125
16.850000	1	0.795375
16.866667	1	0.796125
16.883333	1	0.795625
16.900000	1	0.794625
16.916667	1	0.793750
16.933333	1	0.791375
16.950000	1	0.789625
16.966667	1	0.788000
16.983333	1	0.787000
17.000000	1	0.786125
17.016667	1	0.786250
17.033333	1	0.786250
17.050000	1	0.786750
17.066667	1	0.786875
17.083333	1	0.787500
17.100000	1	0.787625
17.116667	1	0.786750
17.133333	1	0.785375
17.150000	1	0.783000
17.166667	1	0.780000
17.183333	1	0.775875
17.200000	1	0.771000
17.216667	1	0.764875
17.233333	1	0.758250
17.250000	1	0.751375
17.266667	1	0.743750
17.283333	1	0.735750
17.300000	1	0.728000
17.316667	1	0.719375
17.333333	1	0.711500
17.350000	1	0.703875
17.366667	1	0.697875
17.383333	1	0.691625
17.400000	1	0.686125
17.416667	1	0.681000
17.433333	1	0.677250
17.450000	1	0.673500
17.466667	1	0.671375
17.483333	1	0.670750
17.500000	1	0.670875
17.516667	1	0.672125
17.533333	1	0.674500
17.550000	1	0.678000
17.566667	1	0.682125
17.583333	1	0.688000
17.600000	1	0.694875
17.616667	1	0.702500
17.633333	1	0.711000
17.650000	1	0.720375
17.666667	1	0.730500
17.683333	1	0.741000
17.700000	1	0.752625
17.716667	1	0.763500
17.733333	1	0.774875
17.750000	1	0.787000
17.766667	1	0.798750
17.783333	1	0.810625
17.800000	1	0.822000
17.816667	1	0.832375
17.833333	1	0.841750
17.850000	1	0.849500
17.866667	1	0.855750
17.883333	1	0.860750
17.900000	1	0.863875
17.916667	1	0.864875
17.933333	1	0.864125
17.950000	1	0.861750
17.966667	1	0.857250
17.983333	1	0.851375
18.000000	1	0.844125
18.016667	1	0.834750
18.033333	1	0.823750
18.050000	1	0.812375
18.066667	1	0.800125
18.083333	1	0.787750
18.100000	1	0.774125
18.116667	1	0.761375
18.133333	1	0.748625
18.150000	1	0.734875
18.166667	1	0.721750
18.183333	1	0.709250
18.200000	1	0.696875
18.216667	1	0.685625
18.233333	1	0.675000
18.250000	1	0.665250
18.266667	1	0.655750
18.283333	1	0.648125
18.300000	1	0.640875
18.316667	1	0.635500
18.333333	1	0.630750
18.350000	1	0.626750
18.366667	1	0.624375
18.383333	1	0.622625
18.400000	1	0.621375
18.416667	1	0.621500
18.433333	1	0.621750
18.450000	1	0.622375
18.466667	1	0.623500
18.483333	1	0.625000
18.500000	1	0.626500
18.516667	1	0.628375
18.533333	1	0.630125
18.550000	1	0.632125
18.566667	1	0.635000
18.583333	1	0.637875
18.600000	1	0.640750
18.616667	1	0.644625
18.633333	1	0.648250
18.650000	1	0.651875
18.666667	1	0.656625
18.683333	1	0.661250
18.700000	1	0.667375
18.716667	1	0.673250
18.733333	1	0.679875
18.750000	1	0.686500
18.766667	1	0.694375
18.783333	1	0.702500
18.800000	1	0.711500
18.816667	1	0.721250
18.833333	1	0.731125
18.850000	1	0.741625
18.866667	1	0.753625
18.883333	1	0.767250
18.900000	1	0.781500
18.916667	1	0.797500
18.933333	1	0.815000
18.950000	1	0.834750
18.966667	1	0.856625
18.983333	1	0.881750
19.000000	1	0.908500
19.016667	1	0.938500
19.033333	1	0.969875
19.050000	1	1.004000
19.066667	1	1.040375
19.083333	1	1.078125
19.100000	1	1.117000
19.116667	1	1.155375
19.133333	1	1.194250
19.150000	1	1.230875
19.166667	1	1.265625
19.183333	1	1.297500
19.200000	1	1.326000
19.216667	1	1.349875
19.233333	1	1.368875
19.250000	1	1.382875
19.266667	1	1.390875
19.283333	1	1.392625
19.300000	1	1.388000
19.316667	1	1.377625
19.333333	1	1.361750
19.350000	1	1.341375
19.366667	1	1.316875
19.383333	1	1.287375
19.400000	1	1.254125
19.416667	1	1.217500
19.433333	1	1.178750
19.450000	1	1.137875
19.466667	1	1.096750
19.483333	1	1.055125
19.500000	1	1.013125
19.516667	1	0.971625
19.533333	1	0.931500
19.550000	1	0.892750
19.566667	1	0.855500
19.583333	1	0.821125
19.600000	1	0.787750
19.616667	1	0.757625
19.633333	1	0.729875
19.650000	1	0.704375
19.666667	1	0.682250
19.683333	1	0.663000
19.700000	1	0.647000
19.716667	1	0.634250
19.733333	1	0.624500
19.750000	1	0.618625
19.766667	1	0.615250
19.783333	1	0.615625
19.800000	1	0.617875
19.816667	1	0.624250
19.833333	1	0.633750
19.850000	1	0.645000
19.866667	1	0.658000
19.883333	1	0.673375
19.900000	1	0.689250
19.916667	1	0.706625
19.933333	1	0.724875
19.950000	1	0.742625
19.966667	1	0.760375
19.983333	1	0.777000
20.000000	1	0.792500
20.016667	1	0.806000
20.033333	1	0.817625
20.050000	1	0.827125
20.066667	1	0.834750
20.083333	1	0.840125
20.100000	1	0.842750
20.116667	1	0.844375
20.133333	1	0.844250
20.150000	1	0.842625
20.166667	1	0.839625
20.183333	1	0.835375
20.200000	1	0.830500
20.216667	1	0.825375
20.233333	1	0.820375
20.250000	1	0.815625
20.266667	1	0.812000
20.283333	1	0.808750
20.300000	1	0.807250
20.316667	1	0.808125
20.333333	1	0.810375
20.350000	1	0.813875
20.366667	1	0.819750
20.383333	1	0.826750
20.400000	1	0.835000
20.416667	1	0.844375
20.433333	1	0.854000
20.450000	1	0.865000
20.466667	1	0.875000
20.483333	1	0.883875
20.500000	1	0.892625
20.516667	1	0.900500
20.533333	1	0.906875
20.550000	1	0.913125
20.566667	1	0.918750
20.583333	1	0.922250
20.600000	1	0.924875
20.616667	1	0.929000
20.633333	1	0.932375
20.650000	1	0.937750
20.666667	1	0.944375
20.683333	1	0.953625
20.700000	1	0.965625
20.716667	1	0.981375
20.733333	1	1.001000
20.750000	1	1.023875
20.766667	1	1.050875
20.783333	1	1.081750
20.800000	1	1.115375
20.816667	1	1.151000
20.833333	1	1.187750
20.850000	1	1.224375
20.866667	1	1.259125
20.883333	1	1.292125
20.900000	1	1.321000
20.916667	1	1.345250
20.933333	1	1.363375
20.950000	1	1.374750
20.966667	1	1.378375
20.983333	1	1.375125
21.000000	1	1.363750
21.016667	1	1.344500
21.033333	1	1.317875
21.050000	1	1.285750
21.066667	1	1.247750
21.083333	1	1.206125
21.100000	1	1.160125
21.116667	1	1.112250
21.133333	1	1.062500
21.150000	1	1.012375
21.166667	1	0.962625
21.183333	1	0.914000
21.200000	1	0.865750
21.216667	1	0.818750
21.233333	1	0.774125
21.250000	1	0.732500
21.266667	1	0.693625
21.283333	1	0.657625
21.300000	1	0.624375
21.316667	1	0.594125
21.333333	1	0.566625
21.350000	1	0.542000
21.366667	1	0.519500
21.383333	1	0.499500
21.400000	1	0.482250
21.416667	1	0.466875
21.433333	1	0.452875
21.450000	1	0.441125
21.466667	1	0.431625
21.483333	1	0.423500
21.500000	1	0.416625
21.516667	1	0.412625
21.533333	1	0.409625
21.550000	1	0.407375
21.566667	1	0.406875
21.583333	1	0.408375
21.600000	1	0.410875
21.616667	1	0.414375
21.633333	1	0.420375
21.650000	1	0.428625
21.666667	1	0.438500
21.683333	1	0.451000
21.700000	1	0.465750
21.716667	1	0.483000
21.733333	1	0.503500
21.750000	1	0.527625
21.766667	1	0.554500
21.783333	1	0.585250
21.800000	1	0.619000
21.816667	1	0.655500
21.833333	1	0.696125
21.850000	1	0.739250
21.866667	1	0.785625
21.883333	1	0.834000
21.900000	1	0.883375
21.916667	1	0.933000
21.933333	1	0.983375
21.950000	1	1.033125
21.966667	1	1.080750
21.983333	1	1.126000
22.000000	1	1.166375
22.016667	1	1.202625
22.033333	1	1.234000
22.050000	1	1.259125
22.066667	1	1.278250
22.083333	1	1.290625
22.100000	1	1.296750
22.116667	1	1.295500
22.133333	1	1.288750
22.150000	1	1.276125
22.166667	1	1.257375
22.183333	1	1.233000
22.200000	1	1.204500
22.216667	1	1.172500
22.233333	1	1.137250
22.250000	1	1.101000
22.266667	1	1.062625
22.283333	1	1.024125
22.300000	1	0.985500
22.316667	1	0.947125
22.333333	1	0.909875
22.350000	1	0.874000
22.366667	1	0.839875
22.383333	1	0.807625
22.400000	1	0.777125
22.416667	1	0.748875
22.433333	1	0.723500
22.450000	1	0.699250
22.466667	1	0.677500
22.483333	1	0.658500
22.500000	1	0.641625
22.516667	1	0.627000
22.533333	1	0.613250
22.550000	1	0.601625
22.566667	1	0.591500
22.583333	1	0.581375
22.600000	1	0.573750
22.616667	1	0.566375
22.633333	1	0.559375
22.650000	1	0.553500
22.666667	1	0.548000
22.683333	1	0.543500
22.700000	1	0.539000
22.716667	1	0.534625
22.733333	1	0.530625
22.750000	1	0.525500
22.766667	1	0.519500
22.783333	1	0.514250
22.800000	1	0.509375
22.816667	1	0.503375
22.833333	1	0.496875
22.850000	1	0.490375
22.866667	1	0.483750
22.883333	1	0.477000
22.900000	1	0.469875
22.916667	1	0.462250
22.933333	1	0.455250
22.950000	1	0.448125
22.966667	1	0.441000
22.983333	1	0.433625
23.000000	1	0.426250
23.016667	1	0.420125
23.033333	1	0.414125
23.050000	1	0.409000
23.066667	1	0.404000
23.083333	1	0.400750
23.100000	1	0.397500
23.116667	1	0.395625
23.133333	1	0.394750
23.150000	1	0.395000
23.166667	1	0.395500
23.183333	1	0.398500
23.200000	1	0.401750
23.216667	1	0.406000
23.233333	1	0.412375
23.250000	1	0.420125
23.266667	1	0.429125
23.283333	1	0.439750
23.300000	1	0.452500
23.316667	1	0.467625
23.333333	1	0.484500
23.350000	1	0.503125
23.366667	1	0.524375
23.383333	1	0.547250
23.400000	1	0.572875
23.416667	1	0.601875
23.433333	1	0.634625
23.450000	1	0.671625
23.466667	1	0.712875
23.483333	1	0.760000
23.500000	1	0.812375
23.516667	1	0.871500
23.533333	1	0.938750
23.550000	1	1.013750
23.566667	1	1.098875
23.583333	1	1.193750
23.600000	1	1.300625
23.616667	1	1.418750
23.633333	1	1.550375
23.650000	1	1.693750
23.666667	1	1.849250
23.683333	1	2.017500
23.700000	1	2.196750
23.716667	1	2.385500
23.733333	1	2.583000
23.750000	1	2.786625
23.766667	1	2.992125
23.783333	1	3.197500
23.800000	1	3.400125
23.816667	1	3.595750
23.833333	1	3.781750
23.850000	1	3.953750
23.866667	1	4.108250
23.883333	1	4.241750
23.900000	1	4.352250
23.916667	1	4.438000
23.933333	1	4.497500
23.950000	1	4.530000
23.966667	1	4.534375
23.983333	1	4.511125
24.000000	1	4.461375
24.016667	1	4.387750
24.033333	1	4.292125
24.050000	1	4.176250
24.066667	1	4.044000
24.083333	1	3.897625
24.100000	1	3.740375
24.116667	1	3.574000
24.133333	1	3.401375
24.150000	1	3.226125
24.166667	1	3.050375
24.183333	1	2.875875
24.200000	1	2.705125
24.216667	1	2.539875
24.233333	1	2.381375
24.250000	1	2.230750
24.266667	1	2.088500
24.283333	1	1.954875
24.300000	1	1.829125
24.316667	1	1.712000
24.333333	1	1.605250
24.350000	1	1.505875
24.366667	1	1.415000
24.383333	1	1.331375
24.400000	1	1.255125
24.416667	1	1.186125
24.433333	1	1.122500
24.450000	1	1.064750
24.466667	1	1.012125
24.483333	1	0.963875
24.500000	1	0.919625
24.516667	1	0.879000
24.533333	1	0.840125
24.550000	1	0.804375
24.566667	1	0.770375
24.583333	1	0.738250
24.600000	1	0.707875
24.616667	1	0.679625
24.633333	1	0.651875
24.650000	1	0.625250
24.666667	1	0.599875
24.683333	1	0.575125
24.700000	1	0.551125
24.716667	1	0.528375
24.733333	1	0.506125
24.750000	1	0.485500
24.766667	1	0.465250
24.783333	1	0.445500
24.800000	1	0.426875
24.816667	1	0.409000
24.833333	1	0.393125
24.850000	1	0.377625
24.866667	1	0.363500
24.883333	1	0.350625
24.900000	1	0.338250
24.916667	1	0.327125
24.933333	1	0.316250
24.950000	1	0.306250
24.966667	1	0.297750
24.983333	1	0.290250
25.000000	1	0.283500
25.016667	1	0.277625
25.033333	1	0.272000
25.050000	1	0.267875
25.066667	1	0.264375
25.083333	1	0.261625
25.100000	1	0.259000
25.116667	1	0.258125
25.133333	1	0.256750
25.150000	1	0.256000
25.166667	1	0.256250
25.183333	1	0.257000
25.200000	1	0.258125
25.216667	1	0.259125
25.233333	1	0.260875
25.250000	1	0.262750
25.266667	1	0.264500
25.283333	1	0.267125
25.300000	1	0.269500
25.316667	1	0.272250
25.333333	1	0.273875
25.350000	1	0.276000
25.366667	1	0.277750
25.383333	1	0.279375
25.400000	1	0.281125
25.416667	1	0.282625
25.433333	1	0.283875
25.450000	1	0.285500
25.466667	1	0.286875
25.483333	1	0.287875
25.500000	1	0.288500
25.516667	1	0.288250
25.533333	1	0.288125
25.550000	1	0.287250
25.566667	1	0.286500
25.583333	1	0.285500
25.600000	1	0.283625
25.616667	1	0.281875
25.633333	1	0.280000
25.650000	1	0.277625
25.666667	1	0.275125
25.683333	1	0.272250
25.700000	1	0.269750
25.716667	1	0.266125
25.733333	1	0.262375
25.750000	1	0.258250
25.766667	1	0.254250
25.783333	1	0.250125
25.800000	1	0.245375
25.816667	1	0.240250
25.833333	1	0.234500
25.850000	1	0.229125
25.866667	1	0.224125
25.883333	1	0.218500
25.900000	1	0.212875
25.916667	1	0.205875
25.933333	1	0.199000
25.950000	1	0.192500
25.966667	1	0.184750
25.983333	1	0.177250
26.000000	1	0.170625
26.016667	1	0.163625
26.033333	1	0.156875
26.050000	1	0.150125
26.066667	1	0.143750
26.083333	1	0.138250
26.100000	1	0.132625
26.116667	1	0.127375
26.133333	1	0.123000
26.150000	1	0.119375
26.166667	1	0.116000
26.183333	1	0.112875
26.200000	1	0.110750
26.216667	1	0.108750
26.233333	1	0.107875
26.250000	1	0.108250
26.266667	1	0.109250
26.283333	1	0.109500
26.300000	1	0.111125
26.316667	1	0.112750
26.333333	1	0.114250
26.350000	1	0.116500
26.366667	1	0.119000
26.383333	1	0.122250
26.400000	1	0.125250
26.416667	1	0.127750
26.433333	1	0.130500
26.450000	1	0.133125
26.466667	1	0.135375
26.483333	1	0.137625
26.500000	1	0.139750
26.516667	1	0.141625
26.533333	1	0.142875
26.550000	1	0.144250
26.566667	1	0.145375
26.583333	1	0.145875
26.600000	1	0.146125
26.616667	1	0.146500
26.633333	1	0.147375
26.650000	1	0.148000
26.666667	1	0.148125
26.683333	1	0.148500
26.700000	1	0.148375
26.716667	1	0.148875
26.733333	1	0.149125
26.750000	1	0.149375
26.766667	1	0.150375
26.783333	1	0.151750
26.800000	1	0.153250
26.816667	1	0.155250
26.833333	1	0.157125
26.850000	1	0.159625
26.866667	1	0.161750
26.883333	1	0.164750
26.900000	1	0.168250
26.916667	1	0.171500
26.933333	1	0.175125
26.950000	1	0.179250
26.966667	1	0.184375
26.983333	1	0.189875
27.000000	1	0.195375
27.016667	1	0.202000
27.033333	1	0.208625
27.050000	1	0.215750
27.066667	1	0.223500
27.083333	1	0.231875
27.100000	1	0.241000
27.116667	1	0.249500
27.133333	1	0.259500
27.150000	1	0.270000
27.166667	1	0.281125
27.183333	1	0.292625
27.200000	1	0.305125
27.216667	1	0.317625
27.233333	1	0.331375
27.250000	1	0.346250
27.266667	1	0.361625
27.283333	1	0.378500
27.300000	1	0.396625
27.316667	1	0.415000
27.333333	1	0.434875
27.350000	1	0.456250
27.366667	1	0.478625
27.383333	1	0.503000
27.400000	1	0.527875
27.416667	1	0.556375
27.433333	1	0.586750
27.450000	1	0.619750
27.466667	1	0.656375
27.483333	1	0.696125
27.500000	1	0.740000
27.516667	1	0.788375
27.533333	1	0.841500
27.550000	1	0.899625
27.566667	1	0.963250
27.583333	1	1.033375
27.600000	1	1.110000
27.616667	1	1.193625
27.633333	1	1.284000
27.650000	1	1.381750
27.666667	1	1.486000
27.683333	1	1.597375
27.700000	1	1.715125
27.716667	1	1.839250
27.733333	1	1.968625
27.750000	1	2.103125
27.766667	1	2.240625
27.783333	1	2.380375
27.800000	1	2.520000
27.816667	1	2.658500
27.833333	1	2.794500
27.850000	1	2.926625
27.866667	1	3.053125
27.883333	1	3.170500
27.900000	1	3.278375
27.916667	1	3.375250
27.933333	1	3.458125
27.950000	1	3.526625
27.966667	1	3.579750
27.983333	1	3.615750
28.000000	1	3.635375
28.016667	1	3.637375
28.033333	1	3.620750
28.050000	1	3.587125
28.066667	1	3.536625
28.083333	1	3.469375
28.100000	1	3.386250
28.116667	1	3.290125
28.133333	1	3.181125
28.150000	1	3.061500
28.166667	1	2.933250
28.183333	1	2.797500
28.200000	1	2.656750
28.216667	1	2.510875
28.233333	1	2.363500
28.250000	1	2.214875
28.266667	1	2.066375
28.283333	1	1.920625
28.300000	1	1.777500
28.316667	1	1.637750
28.333333	1	1.502875
28.350000	1	1.373500
28.366667	1	1.250625
28.383333	1	1.133625
28.400000	1	1.023250
28.416667	1	0.918250
28.433333	1	0.818500
28.450000	1	0.724250
28.466667	1	0.635000
28.483333	1	0.551000
28.500000	1	0.472000
28.516667	1	0.396750
28.533333	1	0.325875
28.550000	1	0.259000
28.566667	1	0.194250
28.583333	1	0.133875
28.600000	1	0.075875
28.616667	1	0.019750
28.633333	1	-0.033750
28.650000	1	-0.084250
28.666667	1	-0.132500
28.683333	1	-0.178625
28.700000	1	-0.222875
28.716667	1	-0.264625
28.733333	1	-0.304750
28.750000	1	-0.341750
28.766667	1	-0.376250
28.783333	1	-0.407625
28.800000	1	-0.436500
28.816667	1	-0.462625
28.833333	1	-0.485625
28.850000	1	-0.504125
28.866667	1	-0.519750
28.883333	1	-0.531125
28.900000	1	-0.540125
28.916667	1	-0.545500
28.933333	1	-0.546875
28.950000	1	-0.544250
28.966667	1	-0.538375
28.983333	1	-0.529375
29.000000	1	-0.516875
29.016667	1	-0.501375
29.033333	1	-0.483125
29.050000	1	-0.461375
29.066667	1	-0.437000
29.083333	1	-0.410625
29.100000	1	-0.382750
29.116667	1	-0.352625
29.133333	1	-0.320375
29.150000	1	-0.287375
29.166667	1	-0.252750
29.183333	1	-0.218875
29.200000	1	-0.183875
29.216667	1	-0.148250
29.233333	1	-0.112750
29.250000	1	-0.078000
29.266667	1	-0.043125
29.283333	1	-0.009250
29.300000	1	0.023875
29.316667	1	0.056375
29.333333	1	0.087750
29.350000	1	0.118250
29.366667	1	0.146875
29.383333	1	0.174750
29.400000	1	0.200875
29.416667	1	0.226250
29.433333	1	0.249500
29.450000	1	0.271125
29.466667	1	0.291250
29.483333	1	0.309500
29.500000	1	0.326875
29.516667	1	0.341125
29.533333	1	0.354125
29.550000	1	0.365875
29.566667	1	0.376375
29.583333	1	0.385375
29.600000	1	0.393125
29.616667	1	0.399125
29.633333	1	0.404750
29.650000	1	0.408625
29.666667	1	0.411250
29.683333	1	0.412125
29.700000	1	0.412875
29.716667	1	0.412875
29.733333	1	0.412000
29.750000	1	0.410000
29.766667	1	0.407500
29.783333	1	0.404500
29.800000	1	0.401750
29.816667	1	0.399125
29.833333	1	0.396625
29.850000	1	0.393625
29.866667	1	0.390375
29.883333	1	0.387375
29.900000	1	0.384750
29.916667	1	0.382500
29.933333	1	0.380500
29.950000	1	0.378500
29.966667	1	0.377750
29.983333	1	0.377375
30.000000	1	0.378500
30.016667	1	0.379375
30.033333	1	0.381750
30.050000	1	0.384000
30.066667	1	0.387625
30.083333	1	0.392125
30.100000	1	0.397500
30.116667	1	0.403500
30.133333	1	0.410250
30.150000	1	0.418625
30.166667	1	0.428500
30.183333	1	0.439500
30.200000	1	0.451875
30.216667	1	0.465875
30.233333	1	0.480875
30.250000	1	0.498375
30.266667	1	0.517250
30.283333	1	0.538375
30.300000	1	0.560500
30.316667	1	0.585750
30.333333	1	0.612625
30.350000	1	0.642000
30.366667	1	0.673875
30.383333	1	0.708250
30.400000	1	0.746125
30.416667	1	0.786750
30.433333	1	0.829500
30.450000	1	0.874375
30.466667	1	0.921375
30.483333	1	0.971250
30.500000	1	1.023625
30.516667	1	1.077500
30.533333	1	1.132625
30.550000	1	1.188250
30.566667	1	1.244750
30.583333	1	1.301375
30.600000	1	1.356500
30.616667	1	1.410375
30.633333	1	1.462500
30.650000	1	1.512000
30.666667	1	1.558250
30.683333	1	1.599750
30.700000	1	1.637375
30.716667	1	1.669625
30.733333	1	1.696250
30.750000	1	1.716750
30.766667	1	1.731750
30.783333	1	1.739875
30.800000	1	1.741500
30.816667	1	1.736875
30.833333	1	1.725500
30.850000	1	1.707750
30.866667	1	1.683875
30.883333	1	1.654000
30.900000	1	1.619750
30.916667	1	1.580000
30.933333	1	1.535000
30.950000	1	1.487625
30.966667	1	1.436625
30.983333	1	1.382875
31.000000	1	1.327250
31.016667	1	1.270125
31.033333	1	1.211625
31.050000	1	1.153125
31.066667	1	1.094375
31.083333	1	1.036000
31.100000	1	0.979000
31.116667	1	0.923250
31.133333	1	0.869125
31.150000	1	0.816875
31.166667	1	0.766625
31.183333	1	0.718875
31.200000	1	0.673500
31.216667	1	0.630625
31.233333	1	0.589500
31.250000	1	0.551375
31.266667	1	0.515625
31.283333	1	0.482625
31.300000	1	0.451875
31.316667	1	0.423250
31.333333	1	0.396625
31.350000	1	0.372750
31.366667	1	0.350750
31.383333	1	0.331500
31.400000	1	0.313625
31.416667	1	0.297125
31.433333	1	0.281750
31.450000	1	0.267750
31.466667	1	0.256250
31.483333	1	0.246000
31.500000	1	0.236125
31.516667	1	0.228125
31.533333	1	0.220875
31.550000	1	0.214750
31.566667	1	0.209250
31.583333	1	0.204625
31.600000	1	0.201750
31.616667	1	0.199375
31.633333	1	0.197250
31.650000	1	0.196000
31.666667	1	0.195500
31.683333	1	0.195125
31.700000	1	0.196375
31.716667	1	0.198000
31.733333	1	0.199500
31.750000	1	0.201375
31.766667	1	0.204500
31.783333	1	0.207250
31.800000	1	0.211000
31.816667	1	0.214375
31.833333	1	0.218375
31.850000	1	0.221750
31.866667	1	0.225000
31.883333	1	0.229250
31.900000	1	0.232625
31.916667	1	0.236125
31.933333	1	0.238500
31.950000	1	0.241375
31.966667	1	0.244250
31.983333	1	0.246375
32.000000	1	0.248625
32.016667	1	0.249625
32.033333	1	0.249625
32.050000	1	0.249375
32.066667	1	0.248250
32.083333	1	0.246875
32.100000	1	0.245375
32.116667	1	0.243625
32.133333	1	0.240875
32.150000	1	0.237500
32.166667	1	0.234750
32.183333	1	0.231875
32.200000	1	0.227875
32.216667	1	0.224375
32.233333	1	0.220125
32.250000	1	0.216125
32.266667	1	0.211750
32.283333	1	0.207625
32.300000	1	0.203250
32.316667	1	0.199750
32.333333	1	0.196250
32.350000	1	0.192875
32.366667	1	0.190250
32.383333	1	0.187250
32.400000	1	0.184375
32.416667	1	0.181875
32.433333	1	0.178875
32.450000	1	0.177000
32.466667	1	0.174750
32.483333	1	0.173125
32.500000	1	0.171750
32.516667	1	0.170500
32.533333	1	0.168875
32.550000	1	0.167750
32.566667	1	0.166625
32.583333	1	0.165750
32.600000	1	0.164250
32.616667	1	0.163000
32.633333	1	0.161125
32.650000	1	0.159000
32.666667	1	0.156250
32.683333	1	0.153750
32.700000	1	0.151500
32.716667	1	0.148875
32.733333	1	0.145625
32.750000	1	0.142125
32.766667	1	0.138625
32.783333	1	0.133875
32.800000	1	0.129625
32.816667	1	0.125125
32.833333	1	0.120250
32.850000	1	0.115375
32.866667	1	0.110125
32.883333	1	0.104625
32.900000	1	0.099125
32.916667	1	0.094500
32.933333	1	0.088875
32.950000	1	0.083375
32.966667	1	0.077750
32.983333	1	0.073250
33.000000	1	0.068125
33.016667	1	0.062750
33.033333	1	0.058250
33.050000	1	0.054000
33.066667	1	0.049875
33.083333	1	0.045750
33.100000	1	0.041500
33.116667	1	0.037625
33.133333	1	0.034125
33.150000	1	0.030625
33.166667	1	0.027625
33.183333	1	0.024750
33.200000	1	0.022250
33.216667	1	0.019875
33.233333	1	0.018375
33.250000	1	0.016750
33.266667	1	0.015000
33.283333	1	0.014000
33.300000	1	0.013750
33.316667	1	0.013500
33.333333	1	0.013625
33.350000	1	0.013875
33.366667	1	0.015250
33.383333	1	0.016125
33.400000	1	0.017750
33.416667	1	0.019125
33.433333	1	0.020625
33.450000	1	0.022625
33.466667	1	0.025500
33.483333	1	0.028125
33.500000	1	0.031375
33.516667	1	0.035000
33.533333	1	0.039750
33.550000	1	0.044375
33.566667	1	0.049875
33.583333	1	0.055125
33.600000	1	0.061125
33.616667	1	0.067000
33.633333	1	0.074500
33.650000	1	0.082875
33.666667	1	0.091000
33.683333	1	0.099875
33.700000	1	0.110000
33.716667	1	0.121125
33.733333	1	0.132750
33.750000	1	0.144750
33.766667	1	0.158125
33.783333	1	0.172375
33.800000	1	0.188000
33.816667	1	0.204875
33.833333	1	0.222875
33.850000	1	0.241750
33.866667	1	0.262250
33.883333	1	0.284375
33.900000	1	0.308000
33.916667	1	0.332250
33.933333	1	0.358625
33.950000	1	0.386750
33.966667	1	0.416250
33.983333	1	0.446625
34.000000	1	0.478125
34.016667	1	0.510750
34.033333	1	0.544375
34.050000	1	0.578000
34.066667	1	0.613500
34.083333	1	0.648500
34.100000	1	0.684000
34.116667	1	0.719875
34.133333	1	0.755500
34.150000	1	0.789625
34.166667	1	0.822125
34.183333	1	0.854750
34.200000	1	0.885125
34.216667	1	0.913000
34.233333	1	0.938625
34.250000	1	0.962500
34.266667	1	0.983125
34.283333	1	1.000250
34.300000	1	1.014750
34.316667	1	1.025500
34.333333	1	1.033500
34.350000	1	1.037875
34.366667	1	1.038750
34.383333	1	1.035875
34.400000	1	1.030125
34.416667	1	1.020875
34.433333	1	1.008875
34.450000	1	0.993250
34.466667	1	0.975500
34.483333	1	0.955000
34.500000	1	0.932250
34.516667	1	0.907375
34.533333	1	0.880750
34.550000	1	0.853000
34.566667	1	0.824000
34.583333	1	0.793250
34.600000	1	0.762500
34.616667	1	0.731500
34.633333	1	0.699125
34.650000	1	0.666875
34.666667	1	0.636125
34.683333	1	0.604875
34.700000	1	0.575000
34.716667	1	0.545250
34.733333	1	0.516875
34.750000	1	0.488750
34.766667	1	0.462625
34.783333	1	0.437375
34.800000	1	0.413375
34.816667	1	0.391000
34.833333	1	0.369500
34.850000	1	0.349875
34.866667	1	0.330750
34.883333	1	0.313500
34.900000	1	0.297375
34.916667	1	0.282500
34.933333	1	0.269000
34.950000	1	0.256500
34.966667	1	0.245375
34.983333	1	0.235125
35.000000	1	0.226000
35.016667	1	0.217625
35.033333	1	0.209625
35.050000	1	0.203125
35.066667	1	0.196250
35.083333	1	0.190625
35.100000	1	0.185875
35.116667	1	0.181375
35.133333	1	0.177750
35.150000	1	0.174500
35.166667	1	0.171375
35.183333	1	0.168250
35.200000	1	0.165750
35.216667	1	0.163500
35.233333	1	0.161375
35.250000	1	0.159000
35.266667	1	0.157125
35.283333	1	0.155375
35.300000	1	0.154000
35.316667	1	0.152375
35.333333	1	0.150625
35.350000	1	0.149750
35.366667	1	0.148250
35.383333	1	0.146500
35.400000	1	0.144750
35.416667	1	0.143625
35.433333	1	0.142375
35.450000	1	0.140625
35.466667	1	0.139250
35.483333	1	0.137500
35.500000	1	0.136625
35.516667	1	0.134750
35.533333	1	0.133375
35.550000	1	0.131750
35.566667	1	0.130375
35.583333	1	0.128375
35.600000	1	0.127625
35.616667	1	0.125750
35.633333	1	0.124750
35.650000	1	0.123875
35.666667	1	0.122375
35.683333	1	0.121500
35.700000	1	0.119875
35.716667	1	0.118500
35.733333	1	0.117375
35.750000	1	0.116000
35.766667	1	0.114875
35.783333	1	0.113750
35.800000	1	0.112125
35.816667	1	0.110625
35.833333	1	0.109125
35.850000	1	0.107875
35.866667	1	0.107250
35.883333	1	0.106250
35.900000	1	0.105500
35.916667	1	0.104750
35.933333	1	0.104375
35.950000	1	0.102875
35.966667	1	0.102000
35.983333	1	0.100750
36.000000	1	0.099500
36.016667	1	0.098750
36.033333	1	0.097875
36.050000	1	0.096625
36.066667	1	0.096250
36.083333	1	0.093875
36.100000	1	0.093250
36.116667	1	0.091250
36.133333	1	0.089875
36.150000	1	0.088500
36.166667	1	0.087125
36.183333	1	0.084750
36.200000	1	0.083625
36.216667	1	0.081625
36.233333	1	0.080250
36.250000	1	0.078125
36.266667	1	0.076625
36.283333	1	0.075625
36.300000	1	0.074250
36.316667	1	0.073250
36.333333	1	0.071750
36.350000	1	0.070125
36.366667	1	0.068000
36.383333	1	0.066000
36.400000	1	0.064500
36.416667	1	0.062875
36.433333	1	0.061125
36.450000	1	0.059500
36.466667	1	0.057750
36.483333	1	0.056250
36.500000	1	0.054750
36.516667	1	0.053125
36.533333	1	0.051125
36.550000	1	0.049125
36.566667	1	0.047125
36.583333	1	0.044625
36.600000	1	0.042875
36.616667	1	0.040875
36.633333	1	0.038375
36.650000	1	0.035625
36.666667	1	0.032875
36.683333	1	0.030125
36.700000	1	0.027375
36.716667	1	0.025000
36.733333	1	0.023000
36.750000	1	0.020250
36.766667	1	0.017375
36.783333	1	0.014375
36.800000	1	0.012375
36.816667	1	0.009250
36.833333	1	0.006500
36.850000	1	0.003625
36.866667	1	0.001125
36.883333	1	-0.001125
36.900000	1	-0.003750
36.916667	1	-0.006750
36.933333	1	-0.009125
36.950000	1	-0.011750
36.966667	1	-0.013750
36.983333	1	-0.016125
37.000000	1	-0.018250
37.016667	1	-0.020500
37.033333	1	-0.022875
37.050000	1	-0.024500
37.066667	1	-0.026500
37.083333	1	-0.028250
37.100000	1	-0.031000
37.116667	1	-0.032750
37.133333	1	-0.034375
37.150000	1	-0.036375
37.166667	1	-0.038125
37.183333	1	-0.039000
37.200000	1	-0.040500
37.216667	1	-0.042000
37.233333	1	-0.043375
37.250000	1	-0.044375
37.266667	1	-0.045500
37.283333	1	-0.046250
37.300000	1	-0.047000
37.316667	1	-0.048125
37.333333	1	-0.049000
37.350000	1	-0.049375
37.366667	1	-0.050375
37.383333	1	-0.050875
37.400000	1	-0.051125
37.416667	1	-0.051750
37.433333	1	-0.052000
37.450000	1	-0.051875
37.466667	1	-0.052000
37.483333	1	-0.052250
37.500000	1	-0.052375
37.516667	1	-0.052375
37.533333	1	-0.052250
37.550000	1	-0.051125
37.566667	1	-0.051000
37.583333	1	-0.051500
37.600000	1	-0.050875
37.616667	1	-0.051125
37.633333	1	-0.050000
37.650000	1	-0.049375
37.666667	1	-0.049500
37.683333	1	-0.048375
37.700000	1	-0.047375
37.716667	1	-0.046750
37.733333	1	-0.045750
37.750000	1	-0.044250
37.766667	1	-0.043125
37.783333	1	-0.041625
37.800000	1	-0.040625
37.816667	1	-0.039625
37.833333	1	-0.038250
37.850000	1	-0.037125
37.866667	1	-0.036250
37.883333	1	-0.034875
37.900000	1	-0.034125
37.916667	1	-0.033125
37.933333	1	-0.031750
37.950000	1	-0.030375
37.966667	1	-0.029750
37.983333	1	-0.028500
38.000000	1	-0.028000
38.016667	1	-0.026500
38.033333	1	-0.025250
38.050000	1	-0.024750
38.066667	1	-0.023875
38.083333	1	-0.023000
38.100000	1	-0.021750
38.116667	1	-0.021625
38.133333	1	-0.021375
38.150000	1	-0.020500
38.166667	1	-0.019500
38.183333	1	-0.019750
38.200000	1	-0.019125
38.216667	1	-0.019625
38.233333	1	-0.020000
38.250000	1	-0.020000
38.266667	1	-0.019250
38.283333	1	-0.018625
38.300000	1	-0.018625
38.316667	1	-0.020125
38.333333	1	-0.021000
38.350000	1	-0.021375
38.366667	1	-0.021125
38.383333	1	-0.021500
38.400000	1	-0.021625
38.416667	1	-0.023000
38.433333	1	-0.023250
38.450000	1	-0.023750
38.466667	1	-0.024750
38.483333	1	-0.025000
38.500000	1	-0.025125
38.516667	1	-0.025875
38.533333	1	-0.027000
38.550000	1	-0.027500
38.566667	1	-0.028250
38.583333	1	-0.028875
38.600000	1	-0.030000
38.616667	1	-0.031000
38.633333	1	-0.032000
38.650000	1	-0.032000
38.666667	1	-0.032750
38.683333	1	-0.033500
38.700000	1	-0.034125
38.716667	1	-0.035375
38.733333	1	-0.036500
38.750000	1	-0.037250
38.766667	1	-0.037625
38.783333	1	-0.038125
38.800000	1	-0.039000
38.816667	1	-0.039250
38.833333	1	-0.039500
38.850000	1	-0.040750
38.866667	1	-0.040625
38.883333	1	-0.040750
38.900000	1	-0.041250
38.916667	1	-0.042500
38.933333	1	-0.042625
38.950000	1	-0.044125
38.966667	1	-0.043875
38.983333	1	-0.044250
39.000000	1	-0.044875
39.016667	1	-0.044875
39.033333	1	-0.045375
39.050000	1	-0.046000
39.066667	1	-0.046375
39.083333	1	-0.046875
39.100000	1	-0.047125
39.116667	1	-0.047375
39.133333	1	-0.047625
39.150000	1	-0.047500
39.166667	1	-0.047125
39.183333	1	-0.047125
39.200000	1	-0.047625
39.216667	1	-0.047250
39.233333	1	-0.047750
39.250000	1	-0.047500
39.266667	1	-0.047375
39.283333	1	-0.046750
39.300000	1	-0.046500
39.316667	1	-0.045500
39.333333	1	-0.045375
39.350000	1	-0.044500
39.366667	1	-0.044375
39.383333	1	-0.043625
39.400000	1	-0.042875
39.416667	1	-0.042500
39.433333	1	-0.042000
39.450000	1	-0.040625
39.466667	1	-0.039875
39.483333	1	-0.038750
39.500000	1	-0.038125
39.516667	1	-0.037125
39.533333	1	-0.036250
39.550000	1	-0.034500
39.566667	1	-0.032875
39.583333	1	-0.032000
39.600000	1	-0.030625
39.616667	1	-0.029875
39.633333	1	-0.028250
39.650000	1	-0.026875
39.666667	1	-0.025000
39.683333	1	-0.023500
39.700000	1	-0.021750
39.716667	1	-0.020250
39.733333	1	-0.018625
39.750000	1	-0.016875
39.766667	1	-0.016250
39.783333	1	-0.015000
39.800000	1	-0.013000
39.816667	1	-0.011500
39.833333	1	-0.010250
39.850000	1	-0.009000
39.866667	1	-0.007375
39.883333	1	-0.006375
39.900000	1	-0.004500
39.916667	1	-0.003000
39.933333	1	-0.002125
39.950000	1	-0.000625
39.966667	1	-0.000125
39.983333	1	0.001500
40.000000	1	0.002250
