File Path	chrom://marshall/Chromeleon7/HPLC_Ultimate_3000/Users/markusar/20230610_CMO_FP11_FP12.seq/681.smp/RI_1.channel/RI_1.chm
Channel	RI_1

Injection Information:
Data Vault	Chromeleon7
Injection	FP11_4_S1
Injection Number	16
Position	BB3
Comment	
Processing Method	
Instrument Method	run_25B_method
Type	Unknown
Status	Finished
Injection Date	11.06.2023
Injection Time	04:58:22
Injection Volume (µl)	20.000
Dilution Factor	1.0000
Weight	1.0000

Chromatogram Data Information:
Time Min. (min)	0.000000
Time Max. (min)	40.000000
Data Points	2401
Detector	RI
Generating Data System	Chromeleon 7.2.5.9507
Exporting Data System	Chromeleon 7.2.5.0
Operator	Instrument Controller
Signal Quantity	Refractive 
Signal Unit	µRIU
Signal Min.	-0.808625
Signal Max.	63.790750
Channel	RI_1
Driver Name	RID520Driver.dll
Channel Type	Evaluation
Min. Step (s)	1
Max. Step (s)	1
Average Step (s)	1

Signal Parameter Information:
Signal Info	

Chromatogram Data:
Time (min)	Step (s)	Value (µRIU)
0.000000	n.a.	0.012875
0.016667	1	0.013125
0.033333	1	0.012750
0.050000	1	0.013000
0.066667	1	0.012750
0.083333	1	0.013125
0.100000	1	0.013500
0.116667	1	0.013125
0.133333	1	0.013250
0.150000	1	0.013125
0.166667	1	0.013000
0.183333	1	0.013125
0.200000	1	0.013500
0.216667	1	0.013625
0.233333	1	0.014375
0.250000	1	0.014625
0.266667	1	0.014750
0.283333	1	0.015250
0.300000	1	0.015375
0.316667	1	0.014250
0.333333	1	0.011875
0.350000	1	0.009000
0.366667	1	0.006500
0.383333	1	0.006250
0.400000	1	0.008625
0.416667	1	0.012500
0.433333	1	0.016125
0.450000	1	0.019000
0.466667	1	0.022000
0.483333	1	0.024250
0.500000	1	0.026750
0.516667	1	0.028000
0.533333	1	0.027875
0.550000	1	0.026875
0.566667	1	0.025000
0.583333	1	0.021500
0.600000	1	0.019500
0.616667	1	0.017125
0.633333	1	0.015625
0.650000	1	0.014000
0.666667	1	0.012500
0.683333	1	0.010625
0.700000	1	0.009500
0.716667	1	0.008250
0.733333	1	0.007000
0.750000	1	0.005375
0.766667	1	0.004625
0.783333	1	0.004250
0.800000	1	0.003500
0.816667	1	0.002125
0.833333	1	0.001375
0.850000	1	0.000875
0.866667	1	0.000125
0.883333	1	-0.000750
0.900000	1	-0.001250
0.916667	1	-0.002000
0.933333	1	-0.003125
0.950000	1	-0.003375
0.966667	1	-0.003750
0.983333	1	-0.004500
1.000000	1	-0.005000
1.016667	1	-0.005500
1.033333	1	-0.005500
1.050000	1	-0.005625
1.066667	1	-0.005625
1.083333	1	-0.006000
1.100000	1	-0.007000
1.116667	1	-0.007000
1.133333	1	-0.007000
1.150000	1	-0.007500
1.166667	1	-0.007625
1.183333	1	-0.008000
1.200000	1	-0.008000
1.216667	1	-0.008750
1.233333	1	-0.008875
1.250000	1	-0.008750
1.266667	1	-0.009250
1.283333	1	-0.009500
1.300000	1	-0.009250
1.316667	1	-0.009500
1.333333	1	-0.008875
1.350000	1	-0.009250
1.366667	1	-0.009500
1.383333	1	-0.009750
1.400000	1	-0.009875
1.416667	1	-0.009625
1.433333	1	-0.009125
1.450000	1	-0.009000
1.466667	1	-0.009250
1.483333	1	-0.009000
1.500000	1	-0.008500
1.516667	1	-0.007875
1.533333	1	-0.008250
1.550000	1	-0.008250
1.566667	1	-0.008000
1.583333	1	-0.008125
1.600000	1	-0.008500
1.616667	1	-0.008625
1.633333	1	-0.008125
1.650000	1	-0.007125
1.666667	1	-0.008250
1.683333	1	-0.008625
1.700000	1	-0.008875
1.716667	1	-0.009125
1.733333	1	-0.008625
1.750000	1	-0.008375
1.766667	1	-0.008125
1.783333	1	-0.007875
1.800000	1	-0.008000
1.816667	1	-0.008625
1.833333	1	-0.008625
1.850000	1	-0.008750
1.866667	1	-0.009000
1.883333	1	-0.009125
1.900000	1	-0.009000
1.916667	1	-0.008625
1.933333	1	-0.008500
1.950000	1	-0.008625
1.966667	1	-0.008125
1.983333	1	-0.008625
2.000000	1	-0.009000
2.016667	1	-0.008500
2.033333	1	-0.008625
2.050000	1	-0.009000
2.066667	1	-0.008875
2.083333	1	-0.008500
2.100000	1	-0.008750
2.116667	1	-0.008500
2.133333	1	-0.008625
2.150000	1	-0.008375
2.166667	1	-0.008875
2.183333	1	-0.008750
2.200000	1	-0.008750
2.216667	1	-0.008250
2.233333	1	-0.007750
2.250000	1	-0.008625
2.266667	1	-0.008750
2.283333	1	-0.009250
2.300000	1	-0.009625
2.316667	1	-0.009250
2.333333	1	-0.009000
2.350000	1	-0.008625
2.366667	1	-0.008125
2.383333	1	-0.008125
2.400000	1	-0.007500
2.416667	1	-0.007000
2.433333	1	-0.006375
2.450000	1	-0.006125
2.466667	1	-0.006625
2.483333	1	-0.007000
2.500000	1	-0.006875
2.516667	1	-0.005750
2.533333	1	-0.005375
2.550000	1	-0.004125
2.566667	1	-0.002875
2.583333	1	-0.002500
2.600000	1	-0.001875
2.616667	1	-0.000875
2.633333	1	0.000000
2.650000	1	0.000875
2.666667	1	0.002000
2.683333	1	0.003000
2.700000	1	0.004125
2.716667	1	0.005750
2.733333	1	0.007000
2.750000	1	0.008000
2.766667	1	0.009250
2.783333	1	0.010625
2.800000	1	0.011750
2.816667	1	0.013000
2.833333	1	0.014000
2.850000	1	0.015375
2.866667	1	0.017000
2.883333	1	0.017750
2.900000	1	0.018625
2.916667	1	0.019500
2.933333	1	0.020500
2.950000	1	0.021875
2.966667	1	0.022750
2.983333	1	0.023625
3.000000	1	0.024625
3.016667	1	0.025125
3.033333	1	0.026250
3.050000	1	0.027250
3.066667	1	0.028000
3.083333	1	0.029000
3.100000	1	0.030000
3.116667	1	0.030250
3.133333	1	0.030625
3.150000	1	0.030875
3.166667	1	0.031750
3.183333	1	0.032250
3.200000	1	0.032750
3.216667	1	0.032750
3.233333	1	0.033000
3.250000	1	0.033250
3.266667	1	0.033750
3.283333	1	0.033250
3.300000	1	0.034125
3.316667	1	0.034125
3.333333	1	0.034500
3.350000	1	0.034375
3.366667	1	0.033625
3.383333	1	0.033750
3.400000	1	0.033875
3.416667	1	0.033375
3.433333	1	0.033125
3.450000	1	0.032500
3.466667	1	0.032250
3.483333	1	0.031625
3.500000	1	0.031125
3.516667	1	0.030375
3.533333	1	0.029500
3.550000	1	0.029000
3.566667	1	0.028625
3.583333	1	0.027250
3.600000	1	0.026625
3.616667	1	0.025750
3.633333	1	0.025125
3.650000	1	0.023750
3.666667	1	0.023250
3.683333	1	0.022250
3.700000	1	0.020500
3.716667	1	0.019500
3.733333	1	0.018750
3.750000	1	0.018000
3.766667	1	0.017125
3.783333	1	0.016250
3.800000	1	0.015000
3.816667	1	0.014750
3.833333	1	0.014375
3.850000	1	0.013250
3.866667	1	0.012000
3.883333	1	0.010500
3.900000	1	0.009125
3.916667	1	0.008125
3.933333	1	0.007125
3.950000	1	0.005750
3.966667	1	0.005000
3.983333	1	0.003625
4.000000	1	0.003375
4.016667	1	0.002625
4.033333	1	0.001625
4.050000	1	0.000375
4.066667	1	-0.000500
4.083333	1	-0.000875
4.100000	1	-0.002000
4.116667	1	-0.002500
4.133333	1	-0.002750
4.150000	1	-0.003250
4.166667	1	-0.003625
4.183333	1	-0.004000
4.200000	1	-0.003875
4.216667	1	-0.004000
4.233333	1	-0.004250
4.250000	1	-0.004625
4.266667	1	-0.004250
4.283333	1	-0.004250
4.300000	1	-0.003500
4.316667	1	-0.003625
4.333333	1	-0.002875
4.350000	1	-0.002500
4.366667	1	-0.002125
4.383333	1	-0.001500
4.400000	1	-0.000750
4.416667	1	-0.000250
4.433333	1	0.000500
4.450000	1	0.000500
4.466667	1	0.001375
4.483333	1	0.002625
4.500000	1	0.003625
4.516667	1	0.004875
4.533333	1	0.005500
4.550000	1	0.006750
4.566667	1	0.008000
4.583333	1	0.009000
4.600000	1	0.010125
4.616667	1	0.011250
4.633333	1	0.011750
4.650000	1	0.012500
4.666667	1	0.013750
4.683333	1	0.015500
4.700000	1	0.016375
4.716667	1	0.017250
4.733333	1	0.018125
4.750000	1	0.019875
4.766667	1	0.021000
4.783333	1	0.022375
4.800000	1	0.023875
4.816667	1	0.025375
4.833333	1	0.026000
4.850000	1	0.026625
4.866667	1	0.028000
4.883333	1	0.029250
4.900000	1	0.030125
4.916667	1	0.031250
4.933333	1	0.032500
4.950000	1	0.033875
4.966667	1	0.034875
4.983333	1	0.036625
5.000000	1	0.037875
5.016667	1	0.039625
5.033333	1	0.041375
5.050000	1	0.042875
5.066667	1	0.043125
5.083333	1	0.044000
5.100000	1	0.044625
5.116667	1	0.046875
5.133333	1	0.047750
5.150000	1	0.049250
5.166667	1	0.050875
5.183333	1	0.051875
5.200000	1	0.053500
5.216667	1	0.054500
5.233333	1	0.055375
5.250000	1	0.056750
5.266667	1	0.057875
5.283333	1	0.058500
5.300000	1	0.058875
5.316667	1	0.059250
5.333333	1	0.059875
5.350000	1	0.060750
5.366667	1	0.061375
5.383333	1	0.061875
5.400000	1	0.062000
5.416667	1	0.062250
5.433333	1	0.063000
5.450000	1	0.063500
5.466667	1	0.062625
5.483333	1	0.062125
5.500000	1	0.062750
5.516667	1	0.062750
5.533333	1	0.062000
5.550000	1	0.062000
5.566667	1	0.061250
5.583333	1	0.060625
5.600000	1	0.060250
5.616667	1	0.059875
5.633333	1	0.059375
5.650000	1	0.059250
5.666667	1	0.057875
5.683333	1	0.057125
5.700000	1	0.056875
5.716667	1	0.056250
5.733333	1	0.055500
5.750000	1	0.055250
5.766667	1	0.055500
5.783333	1	0.055500
5.800000	1	0.055250
5.816667	1	0.054250
5.833333	1	0.053750
5.850000	1	0.053500
5.866667	1	0.053000
5.883333	1	0.052875
5.900000	1	0.052500
5.916667	1	0.052875
5.933333	1	0.053625
5.950000	1	0.054125
5.966667	1	0.054500
5.983333	1	0.054625
6.000000	1	0.054750
6.016667	1	0.054875
6.033333	1	0.055375
6.050000	1	0.055375
6.066667	1	0.055875
6.083333	1	0.056625
6.100000	1	0.057125
6.116667	1	0.058000
6.133333	1	0.059500
6.150000	1	0.060875
6.166667	1	0.061875
6.183333	1	0.062875
6.200000	1	0.064250
6.216667	1	0.065500
6.233333	1	0.067250
6.250000	1	0.068000
6.266667	1	0.069625
6.283333	1	0.071375
6.300000	1	0.072250
6.316667	1	0.074125
6.333333	1	0.075500
6.350000	1	0.077375
6.366667	1	0.079625
6.383333	1	0.081625
6.400000	1	0.083500
6.416667	1	0.085750
6.433333	1	0.087500
6.450000	1	0.089875
6.466667	1	0.091250
6.483333	1	0.094000
6.500000	1	0.095875
6.516667	1	0.098500
6.533333	1	0.101125
6.550000	1	0.103625
6.566667	1	0.105625
6.583333	1	0.107750
6.600000	1	0.109750
6.616667	1	0.111750
6.633333	1	0.113375
6.650000	1	0.115125
6.666667	1	0.117000
6.683333	1	0.118750
6.700000	1	0.120500
6.716667	1	0.122375
6.733333	1	0.124000
6.750000	1	0.125375
6.766667	1	0.125875
6.783333	1	0.126500
6.800000	1	0.127625
6.816667	1	0.128250
6.833333	1	0.128375
6.850000	1	0.128750
6.866667	1	0.129250
6.883333	1	0.129125
6.900000	1	0.128750
6.916667	1	0.128125
6.933333	1	0.127500
6.950000	1	0.126500
6.966667	1	0.125500
6.983333	1	0.124625
7.000000	1	0.123125
7.016667	1	0.121625
7.033333	1	0.119500
7.050000	1	0.118125
7.066667	1	0.115750
7.083333	1	0.113625
7.100000	1	0.111250
7.116667	1	0.108875
7.133333	1	0.106250
7.150000	1	0.103375
7.166667	1	0.101125
7.183333	1	0.098500
7.200000	1	0.095000
7.216667	1	0.091375
7.233333	1	0.088250
7.250000	1	0.084375
7.266667	1	0.080500
7.283333	1	0.077250
7.300000	1	0.074375
7.316667	1	0.071000
7.333333	1	0.067750
7.350000	1	0.064375
7.366667	1	0.060625
7.383333	1	0.056375
7.400000	1	0.053375
7.416667	1	0.050125
7.433333	1	0.046875
7.450000	1	0.043625
7.466667	1	0.040750
7.483333	1	0.037500
7.500000	1	0.035375
7.516667	1	0.032625
7.533333	1	0.030000
7.550000	1	0.027625
7.566667	1	0.024750
7.583333	1	0.023000
7.600000	1	0.021125
7.616667	1	0.019000
7.633333	1	0.017750
7.650000	1	0.016000
7.666667	1	0.013625
7.683333	1	0.011875
7.700000	1	0.010625
7.716667	1	0.010000
7.733333	1	0.010125
7.750000	1	0.008625
7.766667	1	0.007875
7.783333	1	0.008125
7.800000	1	0.007750
7.816667	1	0.006875
7.833333	1	0.006500
7.850000	1	0.006625
7.866667	1	0.006375
7.883333	1	0.006750
7.900000	1	0.007000
7.916667	1	0.007000
7.933333	1	0.007375
7.950000	1	0.007500
7.966667	1	0.008125
7.983333	1	0.008625
8.000000	1	0.009250
8.016667	1	0.010375
8.033333	1	0.011250
8.050000	1	0.011875
8.066667	1	0.013125
8.083333	1	0.014625
8.100000	1	0.015375
8.116667	1	0.016875
8.133333	1	0.018375
8.150000	1	0.019750
8.166667	1	0.021375
8.183333	1	0.022750
8.200000	1	0.024375
8.216667	1	0.025500
8.233333	1	0.027250
8.250000	1	0.028875
8.266667	1	0.030625
8.283333	1	0.033000
8.300000	1	0.035125
8.316667	1	0.037500
8.333333	1	0.039000
8.350000	1	0.041125
8.366667	1	0.043875
8.383333	1	0.045750
8.400000	1	0.047375
8.416667	1	0.049500
8.433333	1	0.051750
8.450000	1	0.053750
8.466667	1	0.055375
8.483333	1	0.058000
8.500000	1	0.060750
8.516667	1	0.062625
8.533333	1	0.064625
8.550000	1	0.067500
8.566667	1	0.069000
8.583333	1	0.071625
8.600000	1	0.073625
8.616667	1	0.075750
8.633333	1	0.077500
8.650000	1	0.079125
8.666667	1	0.080750
8.683333	1	0.082750
8.700000	1	0.084250
8.716667	1	0.086000
8.733333	1	0.087750
8.750000	1	0.089250
8.766667	1	0.090500
8.783333	1	0.091500
8.800000	1	0.092500
8.816667	1	0.093125
8.833333	1	0.094500
8.850000	1	0.095375
8.866667	1	0.096125
8.883333	1	0.096625
8.900000	1	0.097625
8.916667	1	0.097875
8.933333	1	0.098625
8.950000	1	0.099250
8.966667	1	0.099875
8.983333	1	0.100375
9.000000	1	0.100250
9.016667	1	0.100750
9.033333	1	0.100875
9.050000	1	0.101250
9.066667	1	0.101125
9.083333	1	0.100500
9.100000	1	0.100625
9.116667	1	0.100625
9.133333	1	0.101125
9.150000	1	0.101125
9.166667	1	0.101000
9.183333	1	0.100875
9.200000	1	0.100875
9.216667	1	0.100375
9.233333	1	0.100375
9.250000	1	0.100750
9.266667	1	0.100125
9.283333	1	0.099500
9.300000	1	0.099250
9.316667	1	0.098875
9.333333	1	0.099125
9.350000	1	0.099500
9.366667	1	0.099500
9.383333	1	0.099000
9.400000	1	0.098750
9.416667	1	0.098500
9.433333	1	0.098250
9.450000	1	0.098625
9.466667	1	0.099000
9.483333	1	0.100000
9.500000	1	0.100750
9.516667	1	0.102500
9.533333	1	0.103500
9.550000	1	0.106000
9.566667	1	0.109375
9.583333	1	0.113625
9.600000	1	0.118375
9.616667	1	0.124375
9.633333	1	0.131250
9.650000	1	0.139875
9.666667	1	0.149875
9.683333	1	0.161375
9.700000	1	0.174375
9.716667	1	0.190250
9.733333	1	0.208375
9.750000	1	0.229750
9.766667	1	0.254000
9.783333	1	0.282000
9.800000	1	0.313875
9.816667	1	0.349875
9.833333	1	0.388875
9.850000	1	0.428375
9.866667	1	0.464125
9.883333	1	0.491875
9.900000	1	0.511625
9.916667	1	0.527000
9.933333	1	0.549750
9.950000	1	0.600000
9.966667	1	0.705750
9.983333	1	0.897250
10.000000	1	1.205750
10.016667	1	1.660875
10.033333	1	2.287500
10.050000	1	3.103625
10.066667	1	4.124250
10.083333	1	5.355625
10.100000	1	6.801500
10.116667	1	8.457875
10.133333	1	10.310875
10.150000	1	12.339375
10.166667	1	14.515125
10.183333	1	16.804250
10.200000	1	19.171875
10.216667	1	21.579750
10.233333	1	23.992125
10.250000	1	26.368125
10.266667	1	28.666875
10.283333	1	30.838875
10.300000	1	32.821250
10.316667	1	34.530625
10.333333	1	35.862875
10.350000	1	36.699500
10.366667	1	36.926500
10.383333	1	36.459375
10.400000	1	35.274500
10.416667	1	33.425250
10.433333	1	31.041750
10.450000	1	28.308375
10.466667	1	25.423875
10.483333	1	22.566500
10.500000	1	19.868000
10.516667	1	17.405250
10.533333	1	15.208750
10.550000	1	13.276500
10.566667	1	11.586625
10.583333	1	10.115125
10.600000	1	8.837875
10.616667	1	7.733750
10.633333	1	6.787000
10.650000	1	5.980625
10.666667	1	5.299875
10.683333	1	4.728250
10.700000	1	4.250625
10.716667	1	3.852000
10.733333	1	3.520000
10.750000	1	3.241375
10.766667	1	3.006750
10.783333	1	2.807500
10.800000	1	2.636875
10.816667	1	2.489750
10.833333	1	2.361750
10.850000	1	2.249625
10.866667	1	2.150750
10.883333	1	2.062500
10.900000	1	1.983375
10.916667	1	1.911250
10.933333	1	1.845125
10.950000	1	1.784375
10.966667	1	1.728250
10.983333	1	1.675375
11.000000	1	1.624750
11.016667	1	1.576125
11.033333	1	1.528500
11.050000	1	1.482875
11.066667	1	1.439375
11.083333	1	1.396875
11.100000	1	1.356375
11.116667	1	1.317125
11.133333	1	1.278875
11.150000	1	1.243500
11.166667	1	1.209375
11.183333	1	1.177500
11.200000	1	1.148500
11.216667	1	1.121500
11.233333	1	1.096875
11.250000	1	1.075125
11.266667	1	1.055625
11.283333	1	1.038625
11.300000	1	1.024750
11.316667	1	1.014375
11.333333	1	1.007000
11.350000	1	1.001750
11.366667	1	0.999625
11.383333	1	1.000625
11.400000	1	1.003500
11.416667	1	1.009125
11.433333	1	1.017750
11.450000	1	1.028000
11.466667	1	1.039125
11.483333	1	1.051250
11.500000	1	1.064000
11.516667	1	1.076375
11.533333	1	1.088875
11.550000	1	1.099625
11.566667	1	1.108500
11.583333	1	1.115125
11.600000	1	1.119875
11.616667	1	1.121625
11.633333	1	1.119875
11.650000	1	1.115500
11.666667	1	1.109625
11.683333	1	1.101375
11.700000	1	1.091875
11.716667	1	1.080125
11.733333	1	1.068875
11.750000	1	1.056500
11.766667	1	1.043625
11.783333	1	1.031875
11.800000	1	1.021000
11.816667	1	1.009875
11.833333	1	1.000625
11.850000	1	0.993250
11.866667	1	0.986625
11.883333	1	0.981125
11.900000	1	0.977250
11.916667	1	0.975000
11.933333	1	0.974875
11.950000	1	0.975875
11.966667	1	0.980250
11.983333	1	0.986000
12.000000	1	0.995000
12.016667	1	1.006750
12.033333	1	1.021875
12.050000	1	1.041875
12.066667	1	1.067250
12.083333	1	1.099625
12.100000	1	1.140875
12.116667	1	1.193375
12.133333	1	1.259125
12.150000	1	1.341125
12.166667	1	1.442500
12.183333	1	1.567000
12.200000	1	1.718250
12.216667	1	1.899875
12.233333	1	2.117250
12.250000	1	2.377750
12.266667	1	2.690375
12.283333	1	3.065750
12.300000	1	3.518625
12.316667	1	4.066500
12.333333	1	4.731875
12.350000	1	5.538000
12.366667	1	6.513625
12.383333	1	7.687625
12.400000	1	9.088250
12.416667	1	10.739000
12.433333	1	12.661000
12.450000	1	14.868125
12.466667	1	17.366875
12.483333	1	20.151000
12.500000	1	23.202000
12.516667	1	26.488750
12.533333	1	29.968250
12.550000	1	33.587875
12.566667	1	37.291250
12.583333	1	41.016750
12.600000	1	44.698375
12.616667	1	48.265125
12.633333	1	51.647000
12.650000	1	54.767500
12.666667	1	57.548875
12.683333	1	59.911250
12.700000	1	61.775875
12.716667	1	63.075125
12.733333	1	63.756625
12.750000	1	63.790750
12.766667	1	63.172500
12.783333	1	61.922750
12.800000	1	60.089250
12.816667	1	57.743500
12.833333	1	54.973875
12.850000	1	51.879250
12.866667	1	48.563875
12.883333	1	45.125250
12.900000	1	41.648875
12.916667	1	38.206250
12.933333	1	34.855000
12.950000	1	31.638250
12.966667	1	28.585875
12.983333	1	25.720125
13.000000	1	23.054250
13.016667	1	20.593000
13.033333	1	18.329125
13.050000	1	16.250875
13.066667	1	14.343375
13.083333	1	12.593125
13.100000	1	10.997125
13.116667	1	9.563625
13.133333	1	8.304500
13.150000	1	7.226125
13.166667	1	6.321625
13.183333	1	5.569875
13.200000	1	4.948625
13.216667	1	4.432375
13.233333	1	4.000125
13.250000	1	3.635375
13.266667	1	3.324375
13.283333	1	3.057250
13.300000	1	2.825750
13.316667	1	2.623000
13.333333	1	2.445375
13.350000	1	2.287500
13.366667	1	2.146750
13.383333	1	2.021000
13.400000	1	1.907750
13.416667	1	1.806250
13.433333	1	1.713250
13.450000	1	1.629125
13.466667	1	1.552125
13.483333	1	1.482125
13.500000	1	1.418750
13.516667	1	1.360500
13.533333	1	1.308125
13.550000	1	1.260500
13.566667	1	1.217500
13.583333	1	1.178375
13.600000	1	1.143125
13.616667	1	1.112125
13.633333	1	1.083750
13.650000	1	1.057875
13.666667	1	1.034750
13.683333	1	1.013750
13.700000	1	0.995875
13.716667	1	0.979500
13.733333	1	0.965375
13.750000	1	0.952625
13.766667	1	0.940625
13.783333	1	0.929625
13.800000	1	0.919500
13.816667	1	0.909000
13.833333	1	0.898375
13.850000	1	0.886875
13.866667	1	0.875375
13.883333	1	0.863250
13.900000	1	0.850375
13.916667	1	0.836125
13.933333	1	0.821625
13.950000	1	0.807250
13.966667	1	0.791875
13.983333	1	0.776750
14.000000	1	0.762875
14.016667	1	0.748250
14.033333	1	0.734375
14.050000	1	0.720500
14.066667	1	0.707250
14.083333	1	0.695000
14.100000	1	0.683000
14.116667	1	0.671500
14.133333	1	0.660250
14.150000	1	0.650000
14.166667	1	0.640250
14.183333	1	0.630875
14.200000	1	0.621375
14.216667	1	0.613125
14.233333	1	0.606750
14.250000	1	0.600625
14.266667	1	0.594750
14.283333	1	0.589875
14.300000	1	0.585750
14.316667	1	0.581500
14.333333	1	0.577375
14.350000	1	0.575125
14.366667	1	0.572750
14.383333	1	0.570500
14.400000	1	0.569250
14.416667	1	0.568250
14.433333	1	0.567375
14.450000	1	0.567250
14.466667	1	0.567750
14.483333	1	0.567500
14.500000	1	0.568250
14.516667	1	0.569000
14.533333	1	0.569875
14.550000	1	0.570625
14.566667	1	0.572250
14.583333	1	0.573750
14.600000	1	0.575750
14.616667	1	0.577250
14.633333	1	0.579125
14.650000	1	0.580625
14.666667	1	0.582375
14.683333	1	0.584500
14.700000	1	0.586000
14.716667	1	0.587750
14.733333	1	0.589750
14.750000	1	0.592250
14.766667	1	0.594875
14.783333	1	0.598000
14.800000	1	0.600375
14.816667	1	0.603375
14.833333	1	0.606750
14.850000	1	0.610500
14.866667	1	0.614500
14.883333	1	0.618750
14.900000	1	0.622625
14.916667	1	0.626500
14.933333	1	0.630875
14.950000	1	0.634125
14.966667	1	0.637750
14.983333	1	0.640875
15.000000	1	0.643750
15.016667	1	0.645875
15.033333	1	0.646750
15.050000	1	0.647125
15.066667	1	0.646500
15.083333	1	0.645250
15.100000	1	0.642875
15.116667	1	0.640000
15.133333	1	0.635875
15.150000	1	0.631125
15.166667	1	0.627625
15.183333	1	0.622125
15.200000	1	0.617000
15.216667	1	0.611750
15.233333	1	0.606750
15.250000	1	0.602500
15.266667	1	0.598000
15.283333	1	0.594000
15.300000	1	0.590375
15.316667	1	0.587125
15.333333	1	0.585000
15.350000	1	0.584125
15.366667	1	0.583500
15.383333	1	0.584000
15.400000	1	0.587000
15.416667	1	0.590000
15.433333	1	0.594625
15.450000	1	0.600875
15.466667	1	0.608375
15.483333	1	0.618000
15.500000	1	0.629125
15.516667	1	0.641375
15.533333	1	0.655500
15.550000	1	0.671250
15.566667	1	0.688500
15.583333	1	0.706875
15.600000	1	0.726250
15.616667	1	0.747750
15.633333	1	0.769000
15.650000	1	0.790625
15.666667	1	0.812875
15.683333	1	0.835375
15.700000	1	0.856125
15.716667	1	0.876000
15.733333	1	0.894375
15.750000	1	0.910625
15.766667	1	0.924000
15.783333	1	0.933875
15.800000	1	0.941000
15.816667	1	0.945000
15.833333	1	0.944500
15.850000	1	0.940250
15.866667	1	0.932125
15.883333	1	0.921625
15.900000	1	0.908875
15.916667	1	0.894125
15.933333	1	0.877625
15.950000	1	0.860875
15.966667	1	0.843125
15.983333	1	0.826250
16.000000	1	0.810250
16.016667	1	0.795000
16.033333	1	0.780375
16.050000	1	0.767250
16.066667	1	0.755250
16.083333	1	0.744375
16.100000	1	0.734875
16.116667	1	0.727125
16.133333	1	0.720625
16.150000	1	0.715000
16.166667	1	0.710750
16.183333	1	0.707875
16.200000	1	0.706250
16.216667	1	0.705500
16.233333	1	0.706375
16.250000	1	0.707125
16.266667	1	0.708000
16.283333	1	0.709125
16.300000	1	0.711125
16.316667	1	0.713250
16.333333	1	0.716125
16.350000	1	0.718875
16.366667	1	0.720875
16.383333	1	0.723750
16.400000	1	0.726000
16.416667	1	0.728000
16.433333	1	0.730125
16.450000	1	0.730750
16.466667	1	0.731250
16.483333	1	0.731375
16.500000	1	0.731500
16.516667	1	0.732000
16.533333	1	0.732500
16.550000	1	0.732375
16.566667	1	0.733000
16.583333	1	0.734125
16.600000	1	0.735250
16.616667	1	0.736875
16.633333	1	0.739000
16.650000	1	0.741625
16.666667	1	0.744375
16.683333	1	0.748500
16.700000	1	0.752000
16.716667	1	0.756375
16.733333	1	0.761000
16.750000	1	0.766000
16.766667	1	0.770000
16.783333	1	0.774625
16.800000	1	0.779750
16.816667	1	0.784500
16.833333	1	0.788875
16.850000	1	0.793000
16.866667	1	0.797000
16.883333	1	0.800375
16.900000	1	0.804125
16.916667	1	0.807500
16.933333	1	0.809000
16.950000	1	0.810750
16.966667	1	0.812250
16.983333	1	0.813625
17.000000	1	0.814250
17.016667	1	0.814000
17.033333	1	0.812500
17.050000	1	0.811625
17.066667	1	0.810250
17.083333	1	0.808250
17.100000	1	0.806125
17.116667	1	0.803625
17.133333	1	0.801500
17.150000	1	0.798625
17.166667	1	0.797000
17.183333	1	0.794875
17.200000	1	0.792250
17.216667	1	0.788625
17.233333	1	0.784875
17.250000	1	0.780875
17.266667	1	0.775375
17.283333	1	0.770000
17.300000	1	0.764375
17.316667	1	0.758000
17.333333	1	0.750750
17.350000	1	0.743250
17.366667	1	0.734625
17.383333	1	0.725625
17.400000	1	0.718375
17.416667	1	0.710375
17.433333	1	0.702375
17.450000	1	0.694375
17.466667	1	0.687000
17.483333	1	0.679875
17.500000	1	0.674125
17.516667	1	0.668750
17.533333	1	0.664500
17.550000	1	0.661000
17.566667	1	0.659125
17.583333	1	0.658375
17.600000	1	0.659250
17.616667	1	0.660750
17.633333	1	0.663875
17.650000	1	0.668250
17.666667	1	0.673250
17.683333	1	0.679250
17.700000	1	0.686250
17.716667	1	0.695000
17.733333	1	0.704500
17.750000	1	0.714375
17.766667	1	0.725500
17.783333	1	0.737250
17.800000	1	0.749000
17.816667	1	0.760875
17.833333	1	0.772875
17.850000	1	0.784625
17.866667	1	0.796000
17.883333	1	0.805875
17.900000	1	0.815625
17.916667	1	0.824000
17.933333	1	0.832000
17.950000	1	0.839000
17.966667	1	0.844125
17.983333	1	0.847875
18.000000	1	0.851250
18.016667	1	0.852250
18.033333	1	0.851125
18.050000	1	0.848500
18.066667	1	0.844750
18.083333	1	0.839125
18.100000	1	0.831875
18.116667	1	0.823125
18.133333	1	0.813250
18.150000	1	0.802625
18.166667	1	0.791375
18.183333	1	0.779625
18.200000	1	0.767375
18.216667	1	0.754875
18.233333	1	0.742500
18.250000	1	0.729750
18.266667	1	0.717125
18.283333	1	0.705750
18.300000	1	0.695125
18.316667	1	0.684375
18.333333	1	0.674125
18.350000	1	0.665750
18.366667	1	0.657250
18.383333	1	0.649625
18.400000	1	0.642625
18.416667	1	0.636375
18.433333	1	0.631625
18.450000	1	0.627375
18.466667	1	0.624000
18.483333	1	0.621500
18.500000	1	0.619625
18.516667	1	0.618750
18.533333	1	0.618250
18.550000	1	0.618750
18.566667	1	0.618625
18.583333	1	0.619000
18.600000	1	0.620000
18.616667	1	0.621500
18.633333	1	0.623250
18.650000	1	0.624875
18.666667	1	0.627125
18.683333	1	0.629125
18.700000	1	0.632625
18.716667	1	0.635875
18.733333	1	0.638375
18.750000	1	0.642250
18.766667	1	0.646625
18.783333	1	0.650625
18.800000	1	0.655125
18.816667	1	0.660125
18.833333	1	0.665500
18.850000	1	0.671375
18.866667	1	0.678750
18.883333	1	0.686750
18.900000	1	0.696250
18.916667	1	0.707125
18.933333	1	0.718750
18.950000	1	0.732125
18.966667	1	0.745875
18.983333	1	0.761875
19.000000	1	0.779500
19.016667	1	0.798375
19.033333	1	0.819000
19.050000	1	0.841500
19.066667	1	0.865750
19.083333	1	0.891500
19.100000	1	0.918125
19.116667	1	0.947000
19.133333	1	0.977000
19.150000	1	1.007750
19.166667	1	1.039875
19.183333	1	1.071875
19.200000	1	1.104875
19.216667	1	1.136750
19.233333	1	1.167125
19.250000	1	1.196500
19.266667	1	1.223750
19.283333	1	1.248750
19.300000	1	1.271000
19.316667	1	1.290125
19.333333	1	1.304000
19.350000	1	1.314625
19.366667	1	1.320375
19.383333	1	1.322000
19.400000	1	1.318625
19.416667	1	1.310375
19.433333	1	1.296875
19.450000	1	1.278625
19.466667	1	1.256250
19.483333	1	1.229500
19.500000	1	1.200000
19.516667	1	1.167500
19.533333	1	1.132500
19.550000	1	1.096875
19.566667	1	1.058750
19.583333	1	1.020000
19.600000	1	0.980500
19.616667	1	0.941750
19.633333	1	0.904250
19.650000	1	0.867625
19.666667	1	0.833250
19.683333	1	0.801000
19.700000	1	0.771125
19.716667	1	0.743625
19.733333	1	0.719125
19.750000	1	0.698125
19.766667	1	0.680500
19.783333	1	0.664875
19.800000	1	0.652625
19.816667	1	0.643000
19.833333	1	0.636750
19.850000	1	0.632875
19.866667	1	0.631875
19.883333	1	0.633750
19.900000	1	0.637375
19.916667	1	0.644000
19.933333	1	0.652125
19.950000	1	0.662500
19.966667	1	0.674125
19.983333	1	0.687125
20.000000	1	0.701750
20.016667	1	0.716875
20.033333	1	0.732375
20.050000	1	0.747000
20.066667	1	0.762500
20.083333	1	0.777000
20.100000	1	0.790625
20.116667	1	0.804125
20.133333	1	0.816625
20.150000	1	0.827250
20.166667	1	0.838375
20.183333	1	0.847750
20.200000	1	0.856500
20.216667	1	0.863375
20.233333	1	0.869750
20.250000	1	0.875500
20.266667	1	0.881625
20.283333	1	0.886625
20.300000	1	0.892250
20.316667	1	0.897000
20.333333	1	0.902875
20.350000	1	0.908625
20.366667	1	0.915000
20.383333	1	0.922125
20.400000	1	0.930000
20.416667	1	0.938625
20.433333	1	0.947875
20.450000	1	0.957125
20.466667	1	0.967000
20.483333	1	0.977375
20.500000	1	0.988875
20.516667	1	1.000500
20.533333	1	1.011375
20.550000	1	1.021875
20.566667	1	1.032000
20.583333	1	1.041500
20.600000	1	1.049625
20.616667	1	1.057500
20.633333	1	1.064125
20.650000	1	1.069625
20.666667	1	1.074750
20.683333	1	1.079375
20.700000	1	1.083250
20.716667	1	1.086500
20.733333	1	1.089375
20.750000	1	1.092875
20.766667	1	1.096500
20.783333	1	1.102125
20.800000	1	1.108000
20.816667	1	1.115750
20.833333	1	1.125625
20.850000	1	1.136500
20.866667	1	1.148875
20.883333	1	1.163125
20.900000	1	1.178750
20.916667	1	1.195375
20.933333	1	1.212875
20.950000	1	1.230375
20.966667	1	1.246875
20.983333	1	1.261875
21.000000	1	1.274625
21.016667	1	1.285750
21.033333	1	1.292375
21.050000	1	1.295000
21.066667	1	1.293500
21.083333	1	1.286750
21.100000	1	1.275375
21.116667	1	1.258625
21.133333	1	1.236000
21.150000	1	1.208500
21.166667	1	1.176375
21.183333	1	1.139875
21.200000	1	1.100500
21.216667	1	1.058500
21.233333	1	1.014625
21.250000	1	0.969125
21.266667	1	0.923250
21.283333	1	0.877875
21.300000	1	0.833250
21.316667	1	0.789875
21.333333	1	0.749125
21.350000	1	0.709375
21.366667	1	0.671625
21.383333	1	0.637625
21.400000	1	0.605375
21.416667	1	0.575625
21.433333	1	0.549500
21.450000	1	0.524875
21.466667	1	0.503625
21.483333	1	0.484500
21.500000	1	0.467625
21.516667	1	0.452500
21.533333	1	0.440125
21.550000	1	0.429625
21.566667	1	0.420125
21.583333	1	0.412625
21.600000	1	0.406500
21.616667	1	0.402000
21.633333	1	0.398000
21.650000	1	0.395500
21.666667	1	0.394250
21.683333	1	0.394625
21.700000	1	0.396000
21.716667	1	0.398250
21.733333	1	0.401875
21.750000	1	0.405875
21.766667	1	0.411625
21.783333	1	0.418375
21.800000	1	0.425125
21.816667	1	0.433125
21.833333	1	0.442125
21.850000	1	0.452250
21.866667	1	0.462875
21.883333	1	0.475000
21.900000	1	0.488125
21.916667	1	0.501125
21.933333	1	0.515250
21.950000	1	0.530125
21.966667	1	0.544875
21.983333	1	0.560250
22.000000	1	0.576250
22.016667	1	0.592250
22.033333	1	0.606875
22.050000	1	0.621750
22.066667	1	0.635875
22.083333	1	0.649125
22.100000	1	0.661250
22.116667	1	0.671625
22.133333	1	0.680875
22.150000	1	0.687750
22.166667	1	0.693250
22.183333	1	0.696250
22.200000	1	0.696125
22.216667	1	0.695000
22.233333	1	0.692250
22.250000	1	0.686875
22.266667	1	0.679625
22.283333	1	0.670750
22.300000	1	0.660625
22.316667	1	0.649250
22.333333	1	0.637375
22.350000	1	0.624625
22.366667	1	0.611250
22.383333	1	0.597375
22.400000	1	0.584625
22.416667	1	0.571250
22.433333	1	0.559375
22.450000	1	0.547750
22.466667	1	0.536500
22.483333	1	0.527125
22.500000	1	0.518500
22.516667	1	0.510375
22.533333	1	0.503875
22.550000	1	0.499250
22.566667	1	0.494000
22.583333	1	0.489875
22.600000	1	0.487125
22.616667	1	0.484625
22.633333	1	0.482750
22.650000	1	0.482375
22.666667	1	0.482000
22.683333	1	0.481375
22.700000	1	0.481000
22.716667	1	0.480625
22.733333	1	0.480500
22.750000	1	0.480625
22.766667	1	0.480250
22.783333	1	0.479875
22.800000	1	0.479250
22.816667	1	0.478875
22.833333	1	0.477500
22.850000	1	0.475625
22.866667	1	0.473625
22.883333	1	0.471875
22.900000	1	0.469500
22.916667	1	0.466875
22.933333	1	0.464125
22.950000	1	0.459875
22.966667	1	0.456000
22.983333	1	0.451250
23.000000	1	0.446500
23.016667	1	0.442375
23.033333	1	0.437875
23.050000	1	0.433500
23.066667	1	0.429000
23.083333	1	0.424125
23.100000	1	0.420375
23.116667	1	0.416375
23.133333	1	0.413250
23.150000	1	0.409375
23.166667	1	0.406625
23.183333	1	0.404625
23.200000	1	0.402000
23.216667	1	0.401250
23.233333	1	0.401500
23.250000	1	0.401875
23.266667	1	0.403125
23.283333	1	0.405500
23.300000	1	0.409750
23.316667	1	0.414500
23.333333	1	0.420750
23.350000	1	0.428250
23.366667	1	0.437500
23.383333	1	0.448000
23.400000	1	0.461000
23.416667	1	0.476125
23.433333	1	0.493875
23.450000	1	0.514250
23.466667	1	0.538250
23.483333	1	0.565875
23.500000	1	0.597750
23.516667	1	0.633625
23.533333	1	0.674375
23.550000	1	0.720375
23.566667	1	0.772500
23.583333	1	0.831250
23.600000	1	0.897125
23.616667	1	0.970250
23.633333	1	1.049875
23.650000	1	1.137375
23.666667	1	1.232250
23.683333	1	1.334875
23.700000	1	1.446000
23.716667	1	1.564750
23.733333	1	1.691000
23.750000	1	1.824625
23.766667	1	1.963875
23.783333	1	2.108750
23.800000	1	2.258500
23.816667	1	2.412500
23.833333	1	2.568500
23.850000	1	2.726000
23.866667	1	2.883250
23.883333	1	3.038500
23.900000	1	3.190125
23.916667	1	3.335875
23.933333	1	3.473375
23.950000	1	3.600375
23.966667	1	3.716000
23.983333	1	3.816125
24.000000	1	3.900500
24.016667	1	3.967250
24.033333	1	4.015000
24.050000	1	4.042875
24.066667	1	4.050375
24.083333	1	4.037250
24.100000	1	4.003750
24.116667	1	3.950625
24.133333	1	3.878875
24.150000	1	3.789125
24.166667	1	3.684000
24.183333	1	3.564500
24.200000	1	3.434625
24.216667	1	3.295375
24.233333	1	3.148750
24.250000	1	2.997000
24.266667	1	2.843500
24.283333	1	2.689125
24.300000	1	2.536500
24.316667	1	2.385875
24.333333	1	2.239625
24.350000	1	2.098250
24.366667	1	1.964125
24.383333	1	1.836750
24.400000	1	1.717125
24.416667	1	1.606500
24.433333	1	1.503750
24.450000	1	1.410000
24.466667	1	1.323625
24.483333	1	1.244000
24.500000	1	1.172625
24.516667	1	1.107500
24.533333	1	1.048875
24.550000	1	0.994875
24.566667	1	0.946375
24.583333	1	0.902250
24.600000	1	0.862000
24.616667	1	0.825000
24.633333	1	0.792125
24.650000	1	0.761500
24.666667	1	0.733500
24.683333	1	0.706625
24.700000	1	0.681000
24.716667	1	0.657875
24.733333	1	0.635375
24.750000	1	0.614000
24.766667	1	0.593000
24.783333	1	0.572625
24.800000	1	0.552500
24.816667	1	0.533625
24.833333	1	0.515250
24.850000	1	0.497875
24.866667	1	0.480250
24.883333	1	0.463625
24.900000	1	0.447500
24.916667	1	0.431625
24.933333	1	0.416875
24.950000	1	0.402375
24.966667	1	0.389000
24.983333	1	0.376000
25.000000	1	0.364625
25.016667	1	0.353500
25.033333	1	0.343000
25.050000	1	0.333750
25.066667	1	0.325500
25.083333	1	0.318375
25.100000	1	0.311875
25.116667	1	0.305250
25.133333	1	0.300125
25.150000	1	0.295500
25.166667	1	0.291500
25.183333	1	0.288625
25.200000	1	0.286000
25.216667	1	0.283750
25.233333	1	0.282875
25.250000	1	0.282250
25.266667	1	0.282000
25.283333	1	0.282500
25.300000	1	0.283625
25.316667	1	0.285000
25.333333	1	0.286375
25.350000	1	0.289125
25.366667	1	0.291500
25.383333	1	0.293625
25.400000	1	0.295625
25.416667	1	0.298250
25.433333	1	0.301000
25.450000	1	0.304000
25.466667	1	0.306875
25.483333	1	0.309625
25.500000	1	0.312125
25.516667	1	0.314750
25.533333	1	0.317875
25.550000	1	0.320125
25.566667	1	0.322625
25.583333	1	0.323875
25.600000	1	0.326125
25.616667	1	0.327750
25.633333	1	0.329375
25.650000	1	0.330375
25.666667	1	0.331500
25.683333	1	0.332375
25.700000	1	0.333000
25.716667	1	0.333625
25.733333	1	0.333750
25.750000	1	0.333750
25.766667	1	0.333625
25.783333	1	0.332875
25.800000	1	0.332625
25.816667	1	0.331875
25.833333	1	0.331500
25.850000	1	0.331125
25.866667	1	0.330000
25.883333	1	0.328875
25.900000	1	0.328125
25.916667	1	0.327125
25.933333	1	0.325625
25.950000	1	0.324750
25.966667	1	0.323750
25.983333	1	0.322375
26.000000	1	0.321375
26.016667	1	0.320625
26.033333	1	0.319625
26.050000	1	0.319000
26.066667	1	0.318375
26.083333	1	0.317375
26.100000	1	0.316125
26.116667	1	0.315500
26.133333	1	0.315250
26.150000	1	0.314750
26.166667	1	0.314375
26.183333	1	0.314000
26.200000	1	0.313875
26.216667	1	0.314125
26.233333	1	0.314750
26.250000	1	0.314875
26.266667	1	0.315125
26.283333	1	0.315500
26.300000	1	0.315500
26.316667	1	0.315875
26.333333	1	0.316625
26.350000	1	0.315750
26.366667	1	0.315750
26.383333	1	0.315750
26.400000	1	0.315375
26.416667	1	0.314375
26.433333	1	0.313250
26.450000	1	0.311875
26.466667	1	0.309625
26.483333	1	0.307875
26.500000	1	0.305875
26.516667	1	0.303000
26.533333	1	0.299625
26.550000	1	0.295375
26.566667	1	0.290875
26.583333	1	0.286750
26.600000	1	0.281875
26.616667	1	0.276500
26.633333	1	0.271125
26.650000	1	0.265500
26.666667	1	0.259500
26.683333	1	0.253500
26.700000	1	0.246625
26.716667	1	0.239125
26.733333	1	0.232125
26.750000	1	0.225500
26.766667	1	0.219000
26.783333	1	0.212125
26.800000	1	0.205000
26.816667	1	0.198875
26.833333	1	0.192000
26.850000	1	0.186000
26.866667	1	0.180375
26.883333	1	0.175250
26.900000	1	0.169875
26.916667	1	0.165000
26.933333	1	0.160625
26.950000	1	0.157000
26.966667	1	0.153500
26.983333	1	0.150375
27.000000	1	0.148250
27.016667	1	0.146500
27.033333	1	0.145125
27.050000	1	0.143750
27.066667	1	0.143125
27.083333	1	0.144000
27.100000	1	0.144250
27.116667	1	0.145500
27.133333	1	0.147750
27.150000	1	0.150375
27.166667	1	0.153625
27.183333	1	0.157125
27.200000	1	0.161625
27.216667	1	0.166625
27.233333	1	0.171750
27.250000	1	0.178250
27.266667	1	0.185375
27.283333	1	0.194250
27.300000	1	0.203625
27.316667	1	0.214375
27.333333	1	0.226125
27.350000	1	0.238875
27.366667	1	0.253250
27.383333	1	0.269375
27.400000	1	0.287000
27.416667	1	0.307375
27.433333	1	0.329625
27.450000	1	0.353125
27.466667	1	0.380375
27.483333	1	0.410250
27.500000	1	0.443250
27.516667	1	0.479625
27.533333	1	0.520125
27.550000	1	0.564250
27.566667	1	0.612750
27.583333	1	0.665500
27.600000	1	0.723125
27.616667	1	0.786250
27.633333	1	0.853625
27.650000	1	0.926125
27.666667	1	1.004375
27.683333	1	1.087750
27.700000	1	1.176375
27.716667	1	1.270375
27.733333	1	1.369375
27.750000	1	1.472875
27.766667	1	1.581750
27.783333	1	1.693875
27.800000	1	1.810125
27.816667	1	1.929500
27.833333	1	2.051125
27.850000	1	2.175000
27.866667	1	2.300750
27.883333	1	2.426125
27.900000	1	2.551625
27.916667	1	2.675000
27.933333	1	2.795750
27.950000	1	2.912750
27.966667	1	3.024750
27.983333	1	3.130500
28.000000	1	3.229000
28.016667	1	3.320125
28.033333	1	3.401000
28.050000	1	3.471000
28.066667	1	3.530000
28.083333	1	3.576375
28.100000	1	3.609125
28.116667	1	3.627750
28.133333	1	3.631500
28.150000	1	3.620500
28.166667	1	3.595000
28.183333	1	3.554250
28.200000	1	3.500000
28.216667	1	3.431250
28.233333	1	3.349625
28.250000	1	3.255375
28.266667	1	3.150125
28.283333	1	3.033875
28.300000	1	2.909500
28.316667	1	2.778500
28.333333	1	2.641375
28.350000	1	2.500125
28.366667	1	2.356375
28.383333	1	2.211500
28.400000	1	2.066875
28.416667	1	1.921750
28.433333	1	1.779125
28.450000	1	1.639250
28.466667	1	1.502625
28.483333	1	1.369125
28.500000	1	1.240375
28.516667	1	1.116750
28.533333	1	0.998250
28.550000	1	0.884250
28.566667	1	0.776000
28.583333	1	0.671500
28.600000	1	0.572375
28.616667	1	0.477625
28.633333	1	0.386875
28.650000	1	0.300375
28.666667	1	0.218000
28.683333	1	0.138625
28.700000	1	0.062875
28.716667	1	-0.010250
28.733333	1	-0.080125
28.750000	1	-0.147000
28.766667	1	-0.211000
28.783333	1	-0.271750
28.800000	1	-0.329750
28.816667	1	-0.385375
28.833333	1	-0.437625
28.850000	1	-0.487000
28.866667	1	-0.534000
28.883333	1	-0.576750
28.900000	1	-0.617000
28.916667	1	-0.653250
28.933333	1	-0.687000
28.950000	1	-0.716375
28.966667	1	-0.741375
28.983333	1	-0.762625
29.000000	1	-0.780250
29.016667	1	-0.793375
29.033333	1	-0.802750
29.050000	1	-0.808000
29.066667	1	-0.808625
29.083333	1	-0.805875
29.100000	1	-0.798625
29.116667	1	-0.786500
29.133333	1	-0.771000
29.150000	1	-0.752500
29.166667	1	-0.729750
29.183333	1	-0.704625
29.200000	1	-0.676500
29.216667	1	-0.645250
29.233333	1	-0.611125
29.250000	1	-0.575750
29.266667	1	-0.538875
29.283333	1	-0.500500
29.300000	1	-0.460500
29.316667	1	-0.420375
29.333333	1	-0.378875
29.350000	1	-0.336875
29.366667	1	-0.295750
29.383333	1	-0.253750
29.400000	1	-0.212000
29.416667	1	-0.171375
29.433333	1	-0.131250
29.450000	1	-0.092125
29.466667	1	-0.054500
29.483333	1	-0.017625
29.500000	1	0.017375
29.516667	1	0.051250
29.533333	1	0.083750
29.550000	1	0.114250
29.566667	1	0.143000
29.583333	1	0.170500
29.600000	1	0.196125
29.616667	1	0.219875
29.633333	1	0.242125
29.650000	1	0.262875
29.666667	1	0.281875
29.683333	1	0.299375
29.700000	1	0.315125
29.716667	1	0.329250
29.733333	1	0.341750
29.750000	1	0.353500
29.766667	1	0.363750
29.783333	1	0.373000
29.800000	1	0.381000
29.816667	1	0.387875
29.833333	1	0.394125
29.850000	1	0.399125
29.866667	1	0.403375
29.883333	1	0.406500
29.900000	1	0.408625
29.916667	1	0.410875
29.933333	1	0.412250
29.950000	1	0.413875
29.966667	1	0.415000
29.983333	1	0.415500
30.000000	1	0.416375
30.016667	1	0.417750
30.033333	1	0.418375
30.050000	1	0.419250
30.066667	1	0.420375
30.083333	1	0.422500
30.100000	1	0.424750
30.116667	1	0.427500
30.133333	1	0.431250
30.150000	1	0.435375
30.166667	1	0.440250
30.183333	1	0.446500
30.200000	1	0.454625
30.216667	1	0.463625
30.233333	1	0.474750
30.250000	1	0.487375
30.266667	1	0.501500
30.283333	1	0.518000
30.300000	1	0.535875
30.316667	1	0.556750
30.333333	1	0.579750
30.350000	1	0.604750
30.366667	1	0.632625
30.383333	1	0.664000
30.400000	1	0.697625
30.416667	1	0.734375
30.433333	1	0.775125
30.450000	1	0.818250
30.466667	1	0.864500
30.483333	1	0.914250
30.500000	1	0.966375
30.516667	1	1.022375
30.533333	1	1.081250
30.550000	1	1.143250
30.566667	1	1.207750
30.583333	1	1.274875
30.600000	1	1.344625
30.616667	1	1.415500
30.633333	1	1.487875
30.650000	1	1.561875
30.666667	1	1.635625
30.683333	1	1.709125
30.700000	1	1.783500
30.716667	1	1.856250
30.733333	1	1.926625
30.750000	1	1.994250
30.766667	1	2.059125
30.783333	1	2.120000
30.800000	1	2.176625
30.816667	1	2.228250
30.833333	1	2.273500
30.850000	1	2.313125
30.866667	1	2.345500
30.883333	1	2.371000
30.900000	1	2.389500
30.916667	1	2.399750
30.933333	1	2.402125
30.950000	1	2.396750
30.966667	1	2.384125
30.983333	1	2.363375
31.000000	1	2.335625
31.016667	1	2.300125
31.033333	1	2.257750
31.050000	1	2.209625
31.066667	1	2.155750
31.083333	1	2.096625
31.100000	1	2.033125
31.116667	1	1.965750
31.133333	1	1.896375
31.150000	1	1.824250
31.166667	1	1.750375
31.183333	1	1.675000
31.200000	1	1.599375
31.216667	1	1.524000
31.233333	1	1.449375
31.250000	1	1.375250
31.266667	1	1.303000
31.283333	1	1.232250
31.300000	1	1.163625
31.316667	1	1.098125
31.333333	1	1.035375
31.350000	1	0.975500
31.366667	1	0.918750
31.383333	1	0.864750
31.400000	1	0.813625
31.416667	1	0.765625
31.433333	1	0.720625
31.450000	1	0.678750
31.466667	1	0.639625
31.483333	1	0.603750
31.500000	1	0.570125
31.516667	1	0.538875
31.533333	1	0.510125
31.550000	1	0.483375
31.566667	1	0.459375
31.583333	1	0.437625
31.600000	1	0.417875
31.616667	1	0.400000
31.633333	1	0.383375
31.650000	1	0.368875
31.666667	1	0.355250
31.683333	1	0.342875
31.700000	1	0.331750
31.716667	1	0.322250
31.733333	1	0.313750
31.750000	1	0.306625
31.766667	1	0.300375
31.783333	1	0.295125
31.800000	1	0.290125
31.816667	1	0.286375
31.833333	1	0.282750
31.850000	1	0.280125
31.866667	1	0.277625
31.883333	1	0.275375
31.900000	1	0.274375
31.916667	1	0.273125
31.933333	1	0.272625
31.950000	1	0.271750
31.966667	1	0.271750
31.983333	1	0.271875
32.000000	1	0.272000
32.016667	1	0.272000
32.033333	1	0.271875
32.050000	1	0.271250
32.066667	1	0.271375
32.083333	1	0.271000
32.100000	1	0.271000
32.116667	1	0.270250
32.133333	1	0.269000
32.150000	1	0.267125
32.166667	1	0.265500
32.183333	1	0.264250
32.200000	1	0.262000
32.216667	1	0.259625
32.233333	1	0.256625
32.250000	1	0.253625
32.266667	1	0.250875
32.283333	1	0.246500
32.300000	1	0.242500
32.316667	1	0.237875
32.333333	1	0.233250
32.350000	1	0.229250
32.366667	1	0.224250
32.383333	1	0.219375
32.400000	1	0.214250
32.416667	1	0.208875
32.433333	1	0.203500
32.450000	1	0.198500
32.466667	1	0.193750
32.483333	1	0.188250
32.500000	1	0.183625
32.516667	1	0.178875
32.533333	1	0.175000
32.550000	1	0.170125
32.566667	1	0.165500
32.583333	1	0.161500
32.600000	1	0.157500
32.616667	1	0.154250
32.633333	1	0.150375
32.650000	1	0.147375
32.666667	1	0.144250
32.683333	1	0.141875
32.700000	1	0.139125
32.716667	1	0.136500
32.733333	1	0.134000
32.750000	1	0.131500
32.766667	1	0.129500
32.783333	1	0.127250
32.800000	1	0.124375
32.816667	1	0.121750
32.833333	1	0.119250
32.850000	1	0.117125
32.866667	1	0.114250
32.883333	1	0.111500
32.900000	1	0.108250
32.916667	1	0.105500
32.933333	1	0.102375
32.950000	1	0.098750
32.966667	1	0.095250
32.983333	1	0.091500
33.000000	1	0.088500
33.016667	1	0.085000
33.033333	1	0.081750
33.050000	1	0.078000
33.066667	1	0.073875
33.083333	1	0.069375
33.100000	1	0.065500
33.116667	1	0.062625
33.133333	1	0.058875
33.150000	1	0.055250
33.166667	1	0.051625
33.183333	1	0.048000
33.200000	1	0.044625
33.216667	1	0.041250
33.233333	1	0.037500
33.250000	1	0.033375
33.266667	1	0.030500
33.283333	1	0.027375
33.300000	1	0.024125
33.316667	1	0.021500
33.333333	1	0.019750
33.350000	1	0.016875
33.366667	1	0.015000
33.383333	1	0.012500
33.400000	1	0.010875
33.416667	1	0.008500
33.433333	1	0.006875
33.450000	1	0.005625
33.466667	1	0.004125
33.483333	1	0.002750
33.500000	1	0.002250
33.516667	1	0.001250
33.533333	1	0.001875
33.550000	1	0.001625
33.566667	1	0.001875
33.583333	1	0.001750
33.600000	1	0.002250
33.616667	1	0.003000
33.633333	1	0.003500
33.650000	1	0.004500
33.666667	1	0.006625
33.683333	1	0.008500
33.700000	1	0.011250
33.716667	1	0.014250
33.733333	1	0.017250
33.750000	1	0.020875
33.766667	1	0.025000
33.783333	1	0.028625
33.800000	1	0.033250
33.816667	1	0.038750
33.833333	1	0.043750
33.850000	1	0.049875
33.866667	1	0.055375
33.883333	1	0.062125
33.900000	1	0.069250
33.916667	1	0.077750
33.933333	1	0.086750
33.950000	1	0.096000
33.966667	1	0.106000
33.983333	1	0.115750
34.000000	1	0.126375
34.016667	1	0.137125
34.033333	1	0.148750
34.050000	1	0.160375
34.066667	1	0.172500
34.083333	1	0.184875
34.100000	1	0.198375
34.116667	1	0.211875
34.133333	1	0.225625
34.150000	1	0.239375
34.166667	1	0.253750
34.183333	1	0.268000
34.200000	1	0.281500
34.216667	1	0.295375
34.233333	1	0.309500
34.250000	1	0.323500
34.266667	1	0.336750
34.283333	1	0.349750
34.300000	1	0.362500
34.316667	1	0.374625
34.333333	1	0.386125
34.350000	1	0.397375
34.366667	1	0.407000
34.383333	1	0.415250
34.400000	1	0.422750
34.416667	1	0.429250
34.433333	1	0.435500
34.450000	1	0.440250
34.466667	1	0.443750
34.483333	1	0.445875
34.500000	1	0.447250
34.516667	1	0.447125
34.533333	1	0.445625
34.550000	1	0.443125
34.566667	1	0.440375
34.583333	1	0.435625
34.600000	1	0.429125
34.616667	1	0.422625
34.633333	1	0.415375
34.650000	1	0.407000
34.666667	1	0.397500
34.683333	1	0.388000
34.700000	1	0.377625
34.716667	1	0.366500
34.733333	1	0.355375
34.750000	1	0.344500
34.766667	1	0.332875
34.783333	1	0.321000
34.800000	1	0.309250
34.816667	1	0.297375
34.833333	1	0.285750
34.850000	1	0.274875
34.866667	1	0.264000
34.883333	1	0.253125
34.900000	1	0.243000
34.916667	1	0.233375
34.933333	1	0.225250
34.950000	1	0.216875
34.966667	1	0.209125
34.983333	1	0.201375
35.000000	1	0.194250
35.016667	1	0.187375
35.033333	1	0.181500
35.050000	1	0.175625
35.066667	1	0.171000
35.083333	1	0.167125
35.100000	1	0.163000
35.116667	1	0.159125
35.133333	1	0.156625
35.150000	1	0.153875
35.166667	1	0.151625
35.183333	1	0.149875
35.200000	1	0.148375
35.216667	1	0.146750
35.233333	1	0.145750
35.250000	1	0.145000
35.266667	1	0.144500
35.283333	1	0.143625
35.300000	1	0.143875
35.316667	1	0.143875
35.333333	1	0.144000
35.350000	1	0.144000
35.366667	1	0.144125
35.383333	1	0.144500
35.400000	1	0.144625
35.416667	1	0.144500
35.433333	1	0.145000
35.450000	1	0.144875
35.466667	1	0.144625
35.483333	1	0.145000
35.500000	1	0.144750
35.516667	1	0.145000
35.533333	1	0.145000
35.550000	1	0.144750
35.566667	1	0.144250
35.583333	1	0.144250
35.600000	1	0.144000
35.616667	1	0.142750
35.633333	1	0.141500
35.650000	1	0.141000
35.666667	1	0.140250
35.683333	1	0.139250
35.700000	1	0.138750
35.716667	1	0.137625
35.733333	1	0.136500
35.750000	1	0.135875
35.766667	1	0.134875
35.783333	1	0.134125
35.800000	1	0.132500
35.816667	1	0.131625
35.833333	1	0.130875
35.850000	1	0.129625
35.866667	1	0.128500
35.883333	1	0.127625
35.900000	1	0.126875
35.916667	1	0.125500
35.933333	1	0.125125
35.950000	1	0.124375
35.966667	1	0.124125
35.983333	1	0.123250
36.000000	1	0.122000
36.016667	1	0.121750
36.033333	1	0.121625
36.050000	1	0.120875
36.066667	1	0.120375
36.083333	1	0.120375
36.100000	1	0.120625
36.116667	1	0.119875
36.133333	1	0.119250
36.150000	1	0.118500
36.166667	1	0.118000
36.183333	1	0.117500
36.200000	1	0.116875
36.216667	1	0.117375
36.233333	1	0.116250
36.250000	1	0.116375
36.266667	1	0.115875
36.283333	1	0.115375
36.300000	1	0.115250
36.316667	1	0.115000
36.333333	1	0.114250
36.350000	1	0.113625
36.366667	1	0.112500
36.383333	1	0.111875
36.400000	1	0.111000
36.416667	1	0.109875
36.433333	1	0.109250
36.450000	1	0.107875
36.466667	1	0.106500
36.483333	1	0.105625
36.500000	1	0.104500
36.516667	1	0.103375
36.533333	1	0.102500
36.550000	1	0.101500
36.566667	1	0.100375
36.583333	1	0.099000
36.600000	1	0.097250
36.616667	1	0.095625
36.633333	1	0.094375
36.650000	1	0.092500
36.666667	1	0.090875
36.683333	1	0.089750
36.700000	1	0.088500
36.716667	1	0.086375
36.733333	1	0.085125
36.750000	1	0.083000
36.766667	1	0.080750
36.783333	1	0.078875
36.800000	1	0.076875
36.816667	1	0.074250
36.833333	1	0.072625
36.850000	1	0.070125
36.866667	1	0.067875
36.883333	1	0.065250
36.900000	1	0.063125
36.916667	1	0.060375
36.933333	1	0.058000
36.950000	1	0.055000
36.966667	1	0.051750
36.983333	1	0.048875
37.000000	1	0.046250
37.016667	1	0.043000
37.033333	1	0.039500
37.050000	1	0.036500
37.066667	1	0.033125
37.083333	1	0.030000
37.100000	1	0.027500
37.116667	1	0.024500
37.133333	1	0.021750
37.150000	1	0.018375
37.166667	1	0.014875
37.183333	1	0.012000
37.200000	1	0.008500
37.216667	1	0.005875
37.233333	1	0.002500
37.250000	1	0.000500
37.266667	1	-0.001750
37.283333	1	-0.003000
37.300000	1	-0.004875
37.316667	1	-0.006625
37.333333	1	-0.008500
37.350000	1	-0.010375
37.366667	1	-0.011875
37.383333	1	-0.013250
37.400000	1	-0.014750
37.416667	1	-0.016000
37.433333	1	-0.017125
37.450000	1	-0.017375
37.466667	1	-0.018500
37.483333	1	-0.019375
37.500000	1	-0.020375
37.516667	1	-0.020500
37.533333	1	-0.021625
37.550000	1	-0.021625
37.566667	1	-0.022250
37.583333	1	-0.022250
37.600000	1	-0.021750
37.616667	1	-0.021625
37.633333	1	-0.022250
37.650000	1	-0.021875
37.666667	1	-0.022000
37.683333	1	-0.021375
37.700000	1	-0.020625
37.716667	1	-0.020250
37.733333	1	-0.019875
37.750000	1	-0.018875
37.766667	1	-0.018500
37.783333	1	-0.017750
37.800000	1	-0.016875
37.816667	1	-0.016625
37.833333	1	-0.016125
37.850000	1	-0.015125
37.866667	1	-0.013625
37.883333	1	-0.012750
37.900000	1	-0.012500
37.916667	1	-0.011125
37.933333	1	-0.010625
37.950000	1	-0.009875
37.966667	1	-0.008375
37.983333	1	-0.007750
38.000000	1	-0.007250
38.016667	1	-0.006125
38.033333	1	-0.005250
38.050000	1	-0.004375
38.066667	1	-0.002750
38.083333	1	-0.001875
38.100000	1	-0.000875
38.116667	1	-0.000125
38.133333	1	0.001125
38.150000	1	0.002000
38.166667	1	0.002750
38.183333	1	0.003125
38.200000	1	0.004375
38.216667	1	0.005000
38.233333	1	0.005750
38.250000	1	0.007375
38.266667	1	0.008500
38.283333	1	0.008875
38.300000	1	0.009750
38.316667	1	0.009750
38.333333	1	0.010625
38.350000	1	0.011250
38.366667	1	0.010750
38.383333	1	0.011250
38.400000	1	0.011500
38.416667	1	0.011875
38.433333	1	0.012125
38.450000	1	0.012750
38.466667	1	0.012625
38.483333	1	0.012250
38.500000	1	0.012625
38.516667	1	0.012000
38.533333	1	0.012250
38.550000	1	0.012000
38.566667	1	0.011500
38.583333	1	0.011625
38.600000	1	0.011125
38.616667	1	0.010750
38.633333	1	0.010875
38.650000	1	0.009625
38.666667	1	0.009250
38.683333	1	0.008625
38.700000	1	0.008250
38.716667	1	0.007750
38.733333	1	0.007125
38.750000	1	0.006125
38.766667	1	0.005250
38.783333	1	0.005000
38.800000	1	0.004375
38.816667	1	0.004125
38.833333	1	0.003375
38.850000	1	0.003750
38.866667	1	0.003125
38.883333	1	0.002500
38.900000	1	0.002625
38.916667	1	0.002000
38.933333	1	0.001625
38.950000	1	0.000875
38.966667	1	0.000625
38.983333	1	0.000625
39.000000	1	0.000500
39.016667	1	0.000750
39.033333	1	0.000750
39.050000	1	0.000250
39.066667	1	0.000250
39.083333	1	-0.000625
39.100000	1	-0.000625
39.116667	1	-0.000750
39.133333	1	-0.001375
39.150000	1	-0.001750
39.166667	1	-0.002000
39.183333	1	-0.002750
39.200000	1	-0.002875
39.216667	1	-0.002875
39.233333	1	-0.002625
39.250000	1	-0.002500
39.266667	1	-0.003250
39.283333	1	-0.003750
39.300000	1	-0.004625
39.316667	1	-0.004875
39.333333	1	-0.005250
39.350000	1	-0.006000
39.366667	1	-0.006625
39.383333	1	-0.007375
39.400000	1	-0.008625
39.416667	1	-0.008875
39.433333	1	-0.009750
39.450000	1	-0.010125
39.466667	1	-0.010375
39.483333	1	-0.010625
39.500000	1	-0.011750
39.516667	1	-0.011750
39.533333	1	-0.012375
39.550000	1	-0.013000
39.566667	1	-0.013500
39.583333	1	-0.013375
39.600000	1	-0.013625
39.616667	1	-0.013625
39.633333	1	-0.013250
39.650000	1	-0.012375
39.666667	1	-0.012000
39.683333	1	-0.011875
39.700000	1	-0.011875
39.716667	1	-0.011000
39.733333	1	-0.010500
39.750000	1	-0.010375
39.766667	1	-0.009000
39.783333	1	-0.007375
39.800000	1	-0.006000
39.816667	1	-0.004625
39.833333	1	-0.003625
39.850000	1	-0.002375
39.866667	1	0.000125
39.883333	1	0.001375
39.900000	1	0.002750
39.916667	1	0.005000
39.933333	1	0.006500
39.950000	1	0.008875
39.966667	1	0.010125
39.983333	1	0.012375
40.000000	1	0.014125
