File Path	chrom://marshall/Chromeleon7/HPLC_Ultimate_3000/Users/markusar/20221226.seq/188.smp/RI_1.channel/RI_1.chm
Channel	RI_1

Injection Information:
Data Vault	Chromeleon7
Injection	ri1
Injection Number	2
Position	RA2
Comment	
Processing Method	
Instrument Method	std_method
Type	Unknown
Status	Finished
Injection Date	26.12.2022
Injection Time	16:51:30
Injection Volume (µl)	20.000
Dilution Factor	1.0000
Weight	1.0000

Chromatogram Data Information:
Time Min. (min)	0.000000
Time Max. (min)	40.000000
Data Points	2401
Detector	RI
Generating Data System	Chromeleon 7.2.5.9507
Exporting Data System	Chromeleon 7.2.5.0
Operator	Instrument Controller
Signal Quantity	Refractive 
Signal Unit	µRIU
Signal Min.	-0.012250
Signal Max.	98.100750
Channel	RI_1
Driver Name	RID520Driver.dll
Channel Type	Evaluation
Min. Step (s)	1
Max. Step (s)	1
Average Step (s)	1

Signal Parameter Information:
Signal Info	

Chromatogram Data:
Time (min)	Step (s)	Value (µRIU)
0.000000	n.a.	0.038375
0.016667	1	0.037750
0.033333	1	0.036625
0.050000	1	0.036875
0.066667	1	0.036500
0.083333	1	0.036625
0.100000	1	0.036125
0.116667	1	0.036000
0.133333	1	0.035625
0.150000	1	0.036000
0.166667	1	0.036000
0.183333	1	0.035875
0.200000	1	0.035875
0.216667	1	0.035500
0.233333	1	0.035625
0.250000	1	0.035625
0.266667	1	0.034750
0.283333	1	0.032250
0.300000	1	0.029000
0.316667	1	0.026375
0.333333	1	0.027375
0.350000	1	0.032000
0.366667	1	0.036750
0.383333	1	0.040250
0.400000	1	0.042250
0.416667	1	0.044375
0.433333	1	0.045625
0.450000	1	0.046125
0.466667	1	0.045000
0.483333	1	0.041875
0.500000	1	0.038000
0.516667	1	0.034000
0.533333	1	0.031250
0.550000	1	0.030000
0.566667	1	0.028875
0.583333	1	0.027875
0.600000	1	0.027000
0.616667	1	0.026625
0.633333	1	0.026375
0.650000	1	0.026000
0.666667	1	0.025125
0.683333	1	0.024750
0.700000	1	0.024250
0.716667	1	0.023750
0.733333	1	0.023625
0.750000	1	0.023250
0.766667	1	0.023375
0.783333	1	0.023125
0.800000	1	0.022250
0.816667	1	0.021625
0.833333	1	0.021375
0.850000	1	0.021250
0.866667	1	0.021625
0.883333	1	0.021625
0.900000	1	0.021125
0.916667	1	0.020125
0.933333	1	0.020125
0.950000	1	0.019500
0.966667	1	0.019500
0.983333	1	0.018500
1.000000	1	0.018375
1.016667	1	0.017625
1.033333	1	0.016125
1.050000	1	0.015375
1.066667	1	0.014375
1.083333	1	0.014250
1.100000	1	0.012500
1.116667	1	0.012125
1.133333	1	0.011500
1.150000	1	0.010750
1.166667	1	0.011125
1.183333	1	0.010500
1.200000	1	0.010000
1.216667	1	0.009500
1.233333	1	0.008875
1.250000	1	0.008375
1.266667	1	0.008125
1.283333	1	0.007875
1.300000	1	0.007875
1.316667	1	0.008000
1.333333	1	0.007750
1.350000	1	0.007875
1.366667	1	0.008125
1.383333	1	0.008375
1.400000	1	0.007875
1.416667	1	0.007750
1.433333	1	0.007750
1.450000	1	0.008375
1.466667	1	0.008875
1.483333	1	0.009250
1.500000	1	0.008875
1.516667	1	0.009000
1.533333	1	0.009125
1.550000	1	0.009125
1.566667	1	0.009500
1.583333	1	0.009125
1.600000	1	0.009375
1.616667	1	0.009875
1.633333	1	0.010250
1.650000	1	0.010625
1.666667	1	0.010375
1.683333	1	0.010125
1.700000	1	0.010000
1.716667	1	0.010500
1.733333	1	0.010625
1.750000	1	0.010625
1.766667	1	0.010500
1.783333	1	0.009875
1.800000	1	0.009625
1.816667	1	0.009375
1.833333	1	0.009375
1.850000	1	0.009500
1.866667	1	0.009125
1.883333	1	0.008500
1.900000	1	0.009125
1.916667	1	0.009250
1.933333	1	0.009250
1.950000	1	0.008875
1.966667	1	0.008750
1.983333	1	0.008500
2.000000	1	0.007875
2.016667	1	0.007875
2.033333	1	0.007250
2.050000	1	0.006750
2.066667	1	0.006500
2.083333	1	0.006625
2.100000	1	0.006375
2.116667	1	0.005875
2.133333	1	0.005875
2.150000	1	0.006125
2.166667	1	0.006500
2.183333	1	0.006750
2.200000	1	0.006375
2.216667	1	0.006250
2.233333	1	0.006625
2.250000	1	0.006875
2.266667	1	0.007125
2.283333	1	0.007375
2.300000	1	0.008000
2.316667	1	0.008000
2.333333	1	0.008250
2.350000	1	0.008250
2.366667	1	0.009375
2.383333	1	0.009750
2.400000	1	0.010125
2.416667	1	0.010750
2.433333	1	0.010875
2.450000	1	0.011250
2.466667	1	0.012125
2.483333	1	0.011875
2.500000	1	0.012750
2.516667	1	0.013625
2.533333	1	0.013500
2.550000	1	0.013750
2.566667	1	0.014250
2.583333	1	0.014375
2.600000	1	0.015125
2.616667	1	0.015625
2.633333	1	0.016125
2.650000	1	0.016750
2.666667	1	0.016875
2.683333	1	0.016750
2.700000	1	0.017250
2.716667	1	0.017875
2.733333	1	0.018000
2.750000	1	0.017500
2.766667	1	0.017625
2.783333	1	0.018500
2.800000	1	0.018500
2.816667	1	0.018625
2.833333	1	0.018625
2.850000	1	0.018125
2.866667	1	0.017875
2.883333	1	0.017500
2.900000	1	0.017500
2.916667	1	0.017125
2.933333	1	0.017125
2.950000	1	0.017125
2.966667	1	0.016875
2.983333	1	0.016250
3.000000	1	0.016500
3.016667	1	0.016125
3.033333	1	0.016000
3.050000	1	0.015750
3.066667	1	0.016000
3.083333	1	0.016250
3.100000	1	0.016250
3.116667	1	0.016250
3.133333	1	0.016625
3.150000	1	0.016625
3.166667	1	0.016500
3.183333	1	0.016500
3.200000	1	0.016250
3.216667	1	0.015875
3.233333	1	0.015875
3.250000	1	0.015125
3.266667	1	0.014875
3.283333	1	0.015125
3.300000	1	0.015625
3.316667	1	0.015375
3.333333	1	0.015500
3.350000	1	0.015750
3.366667	1	0.016500
3.383333	1	0.016500
3.400000	1	0.016625
3.416667	1	0.016250
3.433333	1	0.016875
3.450000	1	0.017250
3.466667	1	0.017875
3.483333	1	0.017875
3.500000	1	0.018500
3.516667	1	0.019000
3.533333	1	0.019000
3.550000	1	0.018750
3.566667	1	0.019000
3.583333	1	0.019625
3.600000	1	0.020875
3.616667	1	0.021250
3.633333	1	0.021375
3.650000	1	0.021875
3.666667	1	0.022250
3.683333	1	0.023000
3.700000	1	0.023500
3.716667	1	0.024250
3.733333	1	0.024375
3.750000	1	0.025000
3.766667	1	0.025375
3.783333	1	0.026000
3.800000	1	0.027000
3.816667	1	0.028000
3.833333	1	0.027750
3.850000	1	0.029125
3.866667	1	0.029750
3.883333	1	0.030875
3.900000	1	0.031125
3.916667	1	0.031625
3.933333	1	0.032250
3.950000	1	0.033125
3.966667	1	0.034000
3.983333	1	0.034500
4.000000	1	0.035375
4.016667	1	0.035875
4.033333	1	0.036250
4.050000	1	0.037375
4.066667	1	0.037875
4.083333	1	0.039000
4.100000	1	0.039375
4.116667	1	0.039500
4.133333	1	0.040375
4.150000	1	0.040375
4.166667	1	0.040750
4.183333	1	0.041000
4.200000	1	0.041250
4.216667	1	0.041250
4.233333	1	0.041500
4.250000	1	0.041875
4.266667	1	0.041875
4.283333	1	0.042250
4.300000	1	0.042500
4.316667	1	0.042250
4.333333	1	0.041875
4.350000	1	0.041500
4.366667	1	0.041875
4.383333	1	0.041500
4.400000	1	0.040750
4.416667	1	0.040750
4.433333	1	0.040500
4.450000	1	0.040000
4.466667	1	0.039750
4.483333	1	0.039875
4.500000	1	0.039750
4.516667	1	0.039375
4.533333	1	0.038750
4.550000	1	0.038375
4.566667	1	0.038000
4.583333	1	0.037375
4.600000	1	0.037000
4.616667	1	0.036250
4.633333	1	0.035625
4.650000	1	0.034875
4.666667	1	0.034250
4.683333	1	0.033625
4.700000	1	0.033750
4.716667	1	0.033625
4.733333	1	0.032625
4.750000	1	0.032125
4.766667	1	0.031375
4.783333	1	0.031250
4.800000	1	0.031250
4.816667	1	0.030500
4.833333	1	0.030250
4.850000	1	0.029750
4.866667	1	0.029500
4.883333	1	0.030000
4.900000	1	0.029375
4.916667	1	0.029250
4.933333	1	0.029375
4.950000	1	0.029000
4.966667	1	0.029625
4.983333	1	0.029125
5.000000	1	0.028875
5.016667	1	0.028750
5.033333	1	0.029375
5.050000	1	0.029625
5.066667	1	0.029875
5.083333	1	0.029500
5.100000	1	0.029875
5.116667	1	0.030125
5.133333	1	0.030500
5.150000	1	0.030625
5.166667	1	0.030500
5.183333	1	0.031000
5.200000	1	0.030750
5.216667	1	0.030875
5.233333	1	0.031125
5.250000	1	0.031375
5.266667	1	0.031375
5.283333	1	0.031875
5.300000	1	0.032375
5.316667	1	0.032625
5.333333	1	0.032750
5.350000	1	0.033375
5.366667	1	0.033750
5.383333	1	0.033375
5.400000	1	0.033375
5.416667	1	0.034000
5.433333	1	0.033875
5.450000	1	0.033250
5.466667	1	0.033125
5.483333	1	0.032500
5.500000	1	0.032250
5.516667	1	0.031500
5.533333	1	0.031250
5.550000	1	0.031125
5.566667	1	0.031125
5.583333	1	0.030375
5.600000	1	0.030000
5.616667	1	0.030000
5.633333	1	0.029625
5.650000	1	0.028750
5.666667	1	0.027625
5.683333	1	0.027625
5.700000	1	0.027250
5.716667	1	0.026750
5.733333	1	0.027375
5.750000	1	0.027125
5.766667	1	0.026500
5.783333	1	0.025250
5.800000	1	0.024750
5.816667	1	0.023625
5.833333	1	0.022375
5.850000	1	0.022000
5.866667	1	0.021250
5.883333	1	0.020125
5.900000	1	0.019375
5.916667	1	0.018500
5.933333	1	0.017750
5.950000	1	0.016750
5.966667	1	0.016000
5.983333	1	0.015250
6.000000	1	0.014625
6.016667	1	0.013625
6.033333	1	0.012750
6.050000	1	0.011500
6.066667	1	0.010750
6.083333	1	0.009875
6.100000	1	0.008625
6.116667	1	0.008125
6.133333	1	0.006500
6.150000	1	0.004625
6.166667	1	0.004000
6.183333	1	0.003250
6.200000	1	0.002875
6.216667	1	0.001625
6.233333	1	0.000375
6.250000	1	-0.000375
6.266667	1	-0.001125
6.283333	1	-0.001875
6.300000	1	-0.003625
6.316667	1	-0.004375
6.333333	1	-0.004875
6.350000	1	-0.005000
6.366667	1	-0.005375
6.383333	1	-0.006000
6.400000	1	-0.006625
6.416667	1	-0.007750
6.433333	1	-0.007625
6.450000	1	-0.008375
6.466667	1	-0.008750
6.483333	1	-0.009500
6.500000	1	-0.009250
6.516667	1	-0.009500
6.533333	1	-0.010250
6.550000	1	-0.011000
6.566667	1	-0.011000
6.583333	1	-0.011125
6.600000	1	-0.011250
6.616667	1	-0.011250
6.633333	1	-0.011375
6.650000	1	-0.011625
6.666667	1	-0.011750
6.683333	1	-0.012250
6.700000	1	-0.012000
6.716667	1	-0.011875
6.733333	1	-0.011875
6.750000	1	-0.011375
6.766667	1	-0.010750
6.783333	1	-0.010500
6.800000	1	-0.010375
6.816667	1	-0.010375
6.833333	1	-0.009750
6.850000	1	-0.009625
6.866667	1	-0.008875
6.883333	1	-0.008625
6.900000	1	-0.008750
6.916667	1	-0.008000
6.933333	1	-0.006750
6.950000	1	-0.006500
6.966667	1	-0.005375
6.983333	1	-0.004875
7.000000	1	-0.004375
7.016667	1	-0.003625
7.033333	1	-0.002625
7.050000	1	-0.002625
7.066667	1	-0.001375
7.083333	1	0.000000
7.100000	1	0.000750
7.116667	1	0.002375
7.133333	1	0.003750
7.150000	1	0.005250
7.166667	1	0.007500
7.183333	1	0.009000
7.200000	1	0.010000
7.216667	1	0.011125
7.233333	1	0.012375
7.250000	1	0.013625
7.266667	1	0.015250
7.283333	1	0.016375
7.300000	1	0.018000
7.316667	1	0.019500
7.333333	1	0.021250
7.350000	1	0.022750
7.366667	1	0.024250
7.383333	1	0.025500
7.400000	1	0.026500
7.416667	1	0.027625
7.433333	1	0.028875
7.450000	1	0.030000
7.466667	1	0.031250
7.483333	1	0.032000
7.500000	1	0.032875
7.516667	1	0.033750
7.533333	1	0.034250
7.550000	1	0.035000
7.566667	1	0.035375
7.583333	1	0.035750
7.600000	1	0.035625
7.616667	1	0.036750
7.633333	1	0.037250
7.650000	1	0.037750
7.666667	1	0.037875
7.683333	1	0.038375
7.700000	1	0.038375
7.716667	1	0.038125
7.733333	1	0.037750
7.750000	1	0.036875
7.766667	1	0.036125
7.783333	1	0.035875
7.800000	1	0.035750
7.816667	1	0.035250
7.833333	1	0.034000
7.850000	1	0.033750
7.866667	1	0.033500
7.883333	1	0.033000
7.900000	1	0.032375
7.916667	1	0.030750
7.933333	1	0.030875
7.950000	1	0.029500
7.966667	1	0.028750
7.983333	1	0.028125
8.000000	1	0.027250
8.016667	1	0.026625
8.033333	1	0.026125
8.050000	1	0.025500
8.066667	1	0.024875
8.083333	1	0.024500
8.100000	1	0.024125
8.116667	1	0.022875
8.133333	1	0.022250
8.150000	1	0.022500
8.166667	1	0.021875
8.183333	1	0.021625
8.200000	1	0.021125
8.216667	1	0.021000
8.233333	1	0.020750
8.250000	1	0.020250
8.266667	1	0.020250
8.283333	1	0.020375
8.300000	1	0.020375
8.316667	1	0.020500
8.333333	1	0.020125
8.350000	1	0.019875
8.366667	1	0.019750
8.383333	1	0.019625
8.400000	1	0.019500
8.416667	1	0.019625
8.433333	1	0.019625
8.450000	1	0.019875
8.466667	1	0.019625
8.483333	1	0.020000
8.500000	1	0.020625
8.516667	1	0.020875
8.533333	1	0.021125
8.550000	1	0.021125
8.566667	1	0.021500
8.583333	1	0.021125
8.600000	1	0.021500
8.616667	1	0.022500
8.633333	1	0.023375
8.650000	1	0.024000
8.666667	1	0.024000
8.683333	1	0.024125
8.700000	1	0.025125
8.716667	1	0.025375
8.733333	1	0.026500
8.750000	1	0.027500
8.766667	1	0.028500
8.783333	1	0.029750
8.800000	1	0.030000
8.816667	1	0.031125
8.833333	1	0.031625
8.850000	1	0.032750
8.866667	1	0.033875
8.883333	1	0.035125
8.900000	1	0.037000
8.916667	1	0.038500
8.933333	1	0.040000
8.950000	1	0.041250
8.966667	1	0.042000
8.983333	1	0.043125
9.000000	1	0.044125
9.016667	1	0.044750
9.033333	1	0.046625
9.050000	1	0.047500
9.066667	1	0.048875
9.083333	1	0.050250
9.100000	1	0.051375
9.116667	1	0.052625
9.133333	1	0.053625
9.150000	1	0.054625
9.166667	1	0.055625
9.183333	1	0.057500
9.200000	1	0.058500
9.216667	1	0.060625
9.233333	1	0.062125
9.250000	1	0.063375
9.266667	1	0.065250
9.283333	1	0.067750
9.300000	1	0.070000
9.316667	1	0.072250
9.333333	1	0.074875
9.350000	1	0.077875
9.366667	1	0.081875
9.383333	1	0.086125
9.400000	1	0.091375
9.416667	1	0.097250
9.433333	1	0.104125
9.450000	1	0.110875
9.466667	1	0.119125
9.483333	1	0.128375
9.500000	1	0.138625
9.516667	1	0.150875
9.533333	1	0.165000
9.550000	1	0.180750
9.566667	1	0.198250
9.583333	1	0.218750
9.600000	1	0.243000
9.616667	1	0.271500
9.633333	1	0.306125
9.650000	1	0.347750
9.666667	1	0.399000
9.683333	1	0.459750
9.700000	1	0.529875
9.716667	1	0.608875
9.733333	1	0.693125
9.750000	1	0.782125
9.766667	1	0.871250
9.783333	1	0.958375
9.800000	1	1.036750
9.816667	1	1.096000
9.833333	1	1.120875
9.850000	1	1.098625
9.866667	1	1.027750
9.883333	1	0.927875
9.900000	1	0.840625
9.916667	1	0.824125
9.933333	1	0.944500
9.950000	1	1.264000
9.966667	1	1.835000
9.983333	1	2.700250
10.000000	1	3.895125
10.016667	1	5.443250
10.033333	1	7.367125
10.050000	1	9.677750
10.066667	1	12.387375
10.083333	1	15.498000
10.100000	1	19.007125
10.116667	1	22.900625
10.133333	1	27.155250
10.150000	1	31.735000
10.166667	1	36.597625
10.183333	1	41.691625
10.200000	1	46.957125
10.216667	1	52.336375
10.233333	1	57.769625
10.250000	1	63.192750
10.266667	1	68.548625
10.283333	1	73.766750
10.300000	1	78.767750
10.316667	1	83.451250
10.333333	1	87.702000
10.350000	1	91.393250
10.366667	1	94.389750
10.383333	1	96.570500
10.400000	1	97.833500
10.416667	1	98.100750
10.433333	1	97.326125
10.450000	1	95.491375
10.466667	1	92.601500
10.483333	1	88.689875
10.500000	1	83.818500
10.516667	1	78.082625
10.533333	1	71.613375
10.550000	1	64.587625
10.566667	1	57.251125
10.583333	1	49.909375
10.600000	1	42.904875
10.616667	1	36.544000
10.633333	1	31.030750
10.650000	1	26.430375
10.666667	1	22.692250
10.683333	1	19.707375
10.700000	1	17.345625
10.716667	1	15.480750
10.733333	1	14.003500
10.750000	1	12.826500
10.766667	1	11.885375
10.783333	1	11.129625
10.800000	1	10.522750
10.816667	1	10.035500
10.833333	1	9.641500
10.850000	1	9.319000
10.866667	1	9.048000
10.883333	1	8.811750
10.900000	1	8.593375
10.916667	1	8.381250
10.933333	1	8.164875
10.950000	1	7.934875
10.966667	1	7.685375
10.983333	1	7.414375
11.000000	1	7.119125
11.016667	1	6.804000
11.033333	1	6.474750
11.050000	1	6.136875
11.066667	1	5.801375
11.083333	1	5.476500
11.100000	1	5.169250
11.116667	1	4.882750
11.133333	1	4.621125
11.150000	1	4.385875
11.166667	1	4.177125
11.183333	1	3.994250
11.200000	1	3.835250
11.216667	1	3.698875
11.233333	1	3.581750
11.250000	1	3.484000
11.266667	1	3.402250
11.283333	1	3.334500
11.300000	1	3.280375
11.316667	1	3.236875
11.333333	1	3.204125
11.350000	1	3.180500
11.366667	1	3.165250
11.383333	1	3.157500
11.400000	1	3.155750
11.416667	1	3.158125
11.433333	1	3.161625
11.450000	1	3.166250
11.466667	1	3.169625
11.483333	1	3.169125
11.500000	1	3.163875
11.516667	1	3.152375
11.533333	1	3.133625
11.550000	1	3.108500
11.566667	1	3.077875
11.583333	1	3.041500
11.600000	1	3.000875
11.616667	1	2.957500
11.633333	1	2.912750
11.650000	1	2.867500
11.666667	1	2.821375
11.683333	1	2.775500
11.700000	1	2.730250
11.716667	1	2.686750
11.733333	1	2.644375
11.750000	1	2.604375
11.766667	1	2.566250
11.783333	1	2.530750
11.800000	1	2.498375
11.816667	1	2.469000
11.833333	1	2.441750
11.850000	1	2.416250
11.866667	1	2.391500
11.883333	1	2.367375
11.900000	1	2.343125
11.916667	1	2.317500
11.933333	1	2.291375
11.950000	1	2.263375
11.966667	1	2.232875
11.983333	1	2.201375
12.000000	1	2.169125
12.016667	1	2.135000
12.033333	1	2.101750
12.050000	1	2.069125
12.066667	1	2.040375
12.083333	1	2.015000
12.100000	1	1.995875
12.116667	1	1.983125
12.133333	1	1.979000
12.150000	1	1.984875
12.166667	1	2.002750
12.183333	1	2.034250
12.200000	1	2.081500
12.216667	1	2.146750
12.233333	1	2.232000
12.250000	1	2.340125
12.266667	1	2.473875
12.283333	1	2.637250
12.300000	1	2.831750
12.316667	1	3.060250
12.333333	1	3.325000
12.350000	1	3.624750
12.366667	1	3.959500
12.383333	1	4.328750
12.400000	1	4.728875
12.416667	1	5.158125
12.433333	1	5.614625
12.450000	1	6.097000
12.466667	1	6.604125
12.483333	1	7.134250
12.500000	1	7.688125
12.516667	1	8.264375
12.533333	1	8.859875
12.550000	1	9.471750
12.566667	1	10.096125
12.583333	1	10.727625
12.600000	1	11.359750
12.616667	1	11.985375
12.633333	1	12.599250
12.650000	1	13.193625
12.666667	1	13.761875
12.683333	1	14.298125
12.700000	1	14.796625
12.716667	1	15.252500
12.733333	1	15.661250
12.750000	1	16.019500
12.766667	1	16.324500
12.783333	1	16.576250
12.800000	1	16.773875
12.816667	1	16.917125
12.833333	1	17.008750
12.850000	1	17.050875
12.866667	1	17.045500
12.883333	1	16.995500
12.900000	1	16.905125
12.916667	1	16.779125
12.933333	1	16.622875
12.950000	1	16.441500
12.966667	1	16.240125
12.983333	1	16.022250
13.000000	1	15.790625
13.016667	1	15.547875
13.033333	1	15.294750
13.050000	1	15.033250
13.066667	1	14.766000
13.083333	1	14.493000
13.100000	1	14.216750
13.116667	1	13.939000
13.133333	1	13.660750
13.150000	1	13.384250
13.166667	1	13.110875
13.183333	1	12.841125
13.200000	1	12.575625
13.216667	1	12.315500
13.233333	1	12.060375
13.250000	1	11.809875
13.266667	1	11.564125
13.283333	1	11.321875
13.300000	1	11.083750
13.316667	1	10.848750
13.333333	1	10.616000
13.350000	1	10.384375
13.366667	1	10.154500
13.383333	1	9.925750
13.400000	1	9.698250
13.416667	1	9.470875
13.433333	1	9.243500
13.450000	1	9.014875
13.466667	1	8.783500
13.483333	1	8.548500
13.500000	1	8.306625
13.516667	1	8.055750
13.533333	1	7.792750
13.550000	1	7.514250
13.566667	1	7.219500
13.583333	1	6.906250
13.600000	1	6.576000
13.616667	1	6.229375
13.633333	1	5.874750
13.650000	1	5.525250
13.666667	1	5.196250
13.683333	1	4.904000
13.700000	1	4.656000
13.716667	1	4.456250
13.733333	1	4.300625
13.750000	1	4.179250
13.766667	1	4.086500
13.783333	1	4.013375
13.800000	1	3.955375
13.816667	1	3.907750
13.833333	1	3.866500
13.850000	1	3.831625
13.866667	1	3.799875
13.883333	1	3.770125
13.900000	1	3.740750
13.916667	1	3.711875
13.933333	1	3.682000
13.950000	1	3.649250
13.966667	1	3.613625
13.983333	1	3.573750
14.000000	1	3.529625
14.016667	1	3.482500
14.033333	1	3.433000
14.050000	1	3.382500
14.066667	1	3.331750
14.083333	1	3.284500
14.100000	1	3.242125
14.116667	1	3.207500
14.133333	1	3.181500
14.150000	1	3.167125
14.166667	1	3.165625
14.183333	1	3.178875
14.200000	1	3.207625
14.216667	1	3.252500
14.233333	1	3.313625
14.250000	1	3.390375
14.266667	1	3.482375
14.283333	1	3.587750
14.300000	1	3.705000
14.316667	1	3.833500
14.333333	1	3.971125
14.350000	1	4.117250
14.366667	1	4.268125
14.383333	1	4.423500
14.400000	1	4.580875
14.416667	1	4.738750
14.433333	1	4.894750
14.450000	1	5.047875
14.466667	1	5.195625
14.483333	1	5.337625
14.500000	1	5.473125
14.516667	1	5.604500
14.533333	1	5.734000
14.550000	1	5.866750
14.566667	1	6.010125
14.583333	1	6.172500
14.600000	1	6.363500
14.616667	1	6.592000
14.633333	1	6.866375
14.650000	1	7.191750
14.666667	1	7.571750
14.683333	1	8.005875
14.700000	1	8.490125
14.716667	1	9.018000
14.733333	1	9.582000
14.750000	1	10.172250
14.766667	1	10.781500
14.783333	1	11.404000
14.800000	1	12.036375
14.816667	1	12.679000
14.833333	1	13.332750
14.850000	1	14.001375
14.866667	1	14.685500
14.883333	1	15.386875
14.900000	1	16.101625
14.916667	1	16.824375
14.933333	1	17.544250
14.950000	1	18.246750
14.966667	1	18.917000
14.983333	1	19.537000
15.000000	1	20.092250
15.016667	1	20.565625
15.033333	1	20.945250
15.050000	1	21.219125
15.066667	1	21.376500
15.083333	1	21.409750
15.100000	1	21.314000
15.116667	1	21.087750
15.133333	1	20.731125
15.150000	1	20.246250
15.166667	1	19.639000
15.183333	1	18.917500
15.200000	1	18.095500
15.216667	1	17.184500
15.233333	1	16.202000
15.250000	1	15.167875
15.266667	1	14.107250
15.283333	1	13.047625
15.300000	1	12.014500
15.316667	1	11.028125
15.333333	1	10.099875
15.350000	1	9.236125
15.366667	1	8.440625
15.383333	1	7.714750
15.400000	1	7.057375
15.416667	1	6.467250
15.433333	1	5.941000
15.450000	1	5.476000
15.466667	1	5.066750
15.483333	1	4.709000
15.500000	1	4.398500
15.516667	1	4.129750
15.533333	1	3.899750
15.550000	1	3.705125
15.566667	1	3.542375
15.583333	1	3.408625
15.600000	1	3.302000
15.616667	1	3.219625
15.633333	1	3.158875
15.650000	1	3.117750
15.666667	1	3.094250
15.683333	1	3.086375
15.700000	1	3.091875
15.716667	1	3.108500
15.733333	1	3.134500
15.750000	1	3.167625
15.766667	1	3.206500
15.783333	1	3.250750
15.800000	1	3.298625
15.816667	1	3.351625
15.833333	1	3.409875
15.850000	1	3.474750
15.866667	1	3.548250
15.883333	1	3.632375
15.900000	1	3.729500
15.916667	1	3.841625
15.933333	1	3.969250
15.950000	1	4.113250
15.966667	1	4.272375
15.983333	1	4.444250
16.000000	1	4.626125
16.016667	1	4.814625
16.033333	1	5.005500
16.050000	1	5.195875
16.066667	1	5.382500
16.083333	1	5.562625
16.100000	1	5.736625
16.116667	1	5.904250
16.133333	1	6.065500
16.150000	1	6.223500
16.166667	1	6.376875
16.183333	1	6.528750
16.200000	1	6.677125
16.216667	1	6.823250
16.233333	1	6.964875
16.250000	1	7.099125
16.266667	1	7.222250
16.283333	1	7.333500
16.300000	1	7.428750
16.316667	1	7.505250
16.333333	1	7.560875
16.350000	1	7.594250
16.366667	1	7.601875
16.383333	1	7.584125
16.400000	1	7.538750
16.416667	1	7.465000
16.433333	1	7.362000
16.450000	1	7.230125
16.466667	1	7.069250
16.483333	1	6.880125
16.500000	1	6.665625
16.516667	1	6.427500
16.533333	1	6.169750
16.550000	1	5.895875
16.566667	1	5.611250
16.583333	1	5.319625
16.600000	1	5.026250
16.616667	1	4.735875
16.633333	1	4.453125
16.650000	1	4.181375
16.666667	1	3.923500
16.683333	1	3.682625
16.700000	1	3.460000
16.716667	1	3.256125
16.733333	1	3.072125
16.750000	1	2.906625
16.766667	1	2.760750
16.783333	1	2.631750
16.800000	1	2.518125
16.816667	1	2.418875
16.833333	1	2.333000
16.850000	1	2.258750
16.866667	1	2.193500
16.883333	1	2.136875
16.900000	1	2.086875
16.916667	1	2.043875
16.933333	1	2.004375
16.950000	1	1.969000
16.966667	1	1.936625
16.983333	1	1.908375
17.000000	1	1.880625
17.016667	1	1.855375
17.033333	1	1.831250
17.050000	1	1.808500
17.066667	1	1.786875
17.083333	1	1.767000
17.100000	1	1.747875
17.116667	1	1.730750
17.133333	1	1.714250
17.150000	1	1.698625
17.166667	1	1.683875
17.183333	1	1.669875
17.200000	1	1.656875
17.216667	1	1.645750
17.233333	1	1.634500
17.250000	1	1.623750
17.266667	1	1.613500
17.283333	1	1.604000
17.300000	1	1.595500
17.316667	1	1.587375
17.333333	1	1.579375
17.350000	1	1.571875
17.366667	1	1.564000
17.383333	1	1.557250
17.400000	1	1.550125
17.416667	1	1.543625
17.433333	1	1.538000
17.450000	1	1.532250
17.466667	1	1.527375
17.483333	1	1.523375
17.500000	1	1.519875
17.516667	1	1.517750
17.533333	1	1.516875
17.550000	1	1.516875
17.566667	1	1.518875
17.583333	1	1.522375
17.600000	1	1.527750
17.616667	1	1.534500
17.633333	1	1.542625
17.650000	1	1.552250
17.666667	1	1.563500
17.683333	1	1.576250
17.700000	1	1.590750
17.716667	1	1.606500
17.733333	1	1.623125
17.750000	1	1.641625
17.766667	1	1.661125
17.783333	1	1.681750
17.800000	1	1.704125
17.816667	1	1.726625
17.833333	1	1.749750
17.850000	1	1.774375
17.866667	1	1.798625
17.883333	1	1.823625
17.900000	1	1.848250
17.916667	1	1.872125
17.933333	1	1.896250
17.950000	1	1.919375
17.966667	1	1.941625
17.983333	1	1.962750
18.000000	1	1.982250
18.016667	1	1.999625
18.033333	1	2.015875
18.050000	1	2.030250
18.066667	1	2.042750
18.083333	1	2.052875
18.100000	1	2.060500
18.116667	1	2.065750
18.133333	1	2.069125
18.150000	1	2.069750
18.166667	1	2.069125
18.183333	1	2.065375
18.200000	1	2.059375
18.216667	1	2.051125
18.233333	1	2.041125
18.250000	1	2.029875
18.266667	1	2.015875
18.283333	1	2.001250
18.300000	1	1.985000
18.316667	1	1.967375
18.333333	1	1.948500
18.350000	1	1.928125
18.366667	1	1.907250
18.383333	1	1.885875
18.400000	1	1.863500
18.416667	1	1.842000
18.433333	1	1.819750
18.450000	1	1.796625
18.466667	1	1.773750
18.483333	1	1.751500
18.500000	1	1.729875
18.516667	1	1.708000
18.533333	1	1.686500
18.550000	1	1.665625
18.566667	1	1.645750
18.583333	1	1.625500
18.600000	1	1.605125
18.616667	1	1.585500
18.633333	1	1.566500
18.650000	1	1.547750
18.666667	1	1.530000
18.683333	1	1.512500
18.700000	1	1.495875
18.716667	1	1.480250
18.733333	1	1.464375
18.750000	1	1.448625
18.766667	1	1.434000
18.783333	1	1.420750
18.800000	1	1.408000
18.816667	1	1.396000
18.833333	1	1.385375
18.850000	1	1.375875
18.866667	1	1.367500
18.883333	1	1.360000
18.900000	1	1.354750
18.916667	1	1.351750
18.933333	1	1.350375
18.950000	1	1.351375
18.966667	1	1.354000
18.983333	1	1.358750
19.000000	1	1.365375
19.016667	1	1.374250
19.033333	1	1.385875
19.050000	1	1.398250
19.066667	1	1.411750
19.083333	1	1.427000
19.100000	1	1.443500
19.116667	1	1.461000
19.133333	1	1.480250
19.150000	1	1.500000
19.166667	1	1.520500
19.183333	1	1.542125
19.200000	1	1.565125
19.216667	1	1.588250
19.233333	1	1.613375
19.250000	1	1.638000
19.266667	1	1.663500
19.283333	1	1.689375
19.300000	1	1.715625
19.316667	1	1.741625
19.333333	1	1.767250
19.350000	1	1.792375
19.366667	1	1.816875
19.383333	1	1.840500
19.400000	1	1.863625
19.416667	1	1.884250
19.433333	1	1.904000
19.450000	1	1.921875
19.466667	1	1.936875
19.483333	1	1.951000
19.500000	1	1.961500
19.516667	1	1.969250
19.533333	1	1.974625
19.550000	1	1.977750
19.566667	1	1.976875
19.583333	1	1.972875
19.600000	1	1.966125
19.616667	1	1.956375
19.633333	1	1.943375
19.650000	1	1.928125
19.666667	1	1.909500
19.683333	1	1.889125
19.700000	1	1.865875
19.716667	1	1.841875
19.733333	1	1.816375
19.750000	1	1.789000
19.766667	1	1.761250
19.783333	1	1.733250
19.800000	1	1.704625
19.816667	1	1.677000
19.833333	1	1.649625
19.850000	1	1.623250
19.866667	1	1.598875
19.883333	1	1.576125
19.900000	1	1.555500
19.916667	1	1.537750
19.933333	1	1.521500
19.950000	1	1.508875
19.966667	1	1.499625
19.983333	1	1.493125
20.000000	1	1.489500
20.016667	1	1.489625
20.033333	1	1.492625
20.050000	1	1.498875
20.066667	1	1.508250
20.083333	1	1.520750
20.100000	1	1.535500
20.116667	1	1.552875
20.133333	1	1.572375
20.150000	1	1.594500
20.166667	1	1.619000
20.183333	1	1.644000
20.200000	1	1.670500
20.216667	1	1.697000
20.233333	1	1.724125
20.250000	1	1.750375
20.266667	1	1.775125
20.283333	1	1.798500
20.300000	1	1.819375
20.316667	1	1.839750
20.333333	1	1.857375
20.350000	1	1.873125
20.366667	1	1.886625
20.383333	1	1.899375
20.400000	1	1.911000
20.416667	1	1.922000
20.433333	1	1.933500
20.450000	1	1.946000
20.466667	1	1.959875
20.483333	1	1.976125
20.500000	1	1.994875
20.516667	1	2.015875
20.533333	1	2.039875
20.550000	1	2.067750
20.566667	1	2.100375
20.583333	1	2.137125
20.600000	1	2.178500
20.616667	1	2.225375
20.633333	1	2.276500
20.650000	1	2.332250
20.666667	1	2.390625
20.683333	1	2.453875
20.700000	1	2.518375
20.716667	1	2.584500
20.733333	1	2.650750
20.750000	1	2.716125
20.766667	1	2.780125
20.783333	1	2.840875
20.800000	1	2.898375
20.816667	1	2.951750
20.833333	1	3.000250
20.850000	1	3.045375
20.866667	1	3.087625
20.883333	1	3.126500
20.900000	1	3.164375
20.916667	1	3.201875
20.933333	1	3.240500
20.950000	1	3.280500
20.966667	1	3.322750
20.983333	1	3.367125
21.000000	1	3.414250
21.016667	1	3.464000
21.033333	1	3.514625
21.050000	1	3.566625
21.066667	1	3.618625
21.083333	1	3.668875
21.100000	1	3.716875
21.116667	1	3.761375
21.133333	1	3.801750
21.150000	1	3.835875
21.166667	1	3.861750
21.183333	1	3.879625
21.200000	1	3.888250
21.216667	1	3.885875
21.233333	1	3.871875
21.250000	1	3.845875
21.266667	1	3.806000
21.283333	1	3.753125
21.300000	1	3.687000
21.316667	1	3.607625
21.333333	1	3.516375
21.350000	1	3.412625
21.366667	1	3.298125
21.383333	1	3.174625
21.400000	1	3.044625
21.416667	1	2.909000
21.433333	1	2.770250
21.450000	1	2.629875
21.466667	1	2.489625
21.483333	1	2.351625
21.500000	1	2.217500
21.516667	1	2.088250
21.533333	1	1.965625
21.550000	1	1.849500
21.566667	1	1.741375
21.583333	1	1.641125
21.600000	1	1.549500
21.616667	1	1.465250
21.633333	1	1.389625
21.650000	1	1.322000
21.666667	1	1.261750
21.683333	1	1.208250
21.700000	1	1.161375
21.716667	1	1.120875
21.733333	1	1.085250
21.750000	1	1.053750
21.766667	1	1.027000
21.783333	1	1.004500
21.800000	1	0.985375
21.816667	1	0.969000
21.833333	1	0.955000
21.850000	1	0.944125
21.866667	1	0.934250
21.883333	1	0.926375
21.900000	1	0.919500
21.916667	1	0.913625
21.933333	1	0.910125
21.950000	1	0.907250
21.966667	1	0.905250
21.983333	1	0.903875
22.000000	1	0.903125
22.016667	1	0.903000
22.033333	1	0.904000
22.050000	1	0.905250
22.066667	1	0.907000
22.083333	1	0.908875
22.100000	1	0.910625
22.116667	1	0.912125
22.133333	1	0.914375
22.150000	1	0.916500
22.166667	1	0.918875
22.183333	1	0.921000
22.200000	1	0.922875
22.216667	1	0.923875
22.233333	1	0.925000
22.250000	1	0.925375
22.266667	1	0.925125
22.283333	1	0.924500
22.300000	1	0.923500
22.316667	1	0.922125
22.333333	1	0.920500
22.350000	1	0.917625
22.366667	1	0.914000
22.383333	1	0.909500
22.400000	1	0.905125
22.416667	1	0.901125
22.433333	1	0.896875
22.450000	1	0.892250
22.466667	1	0.888000
22.483333	1	0.883000
22.500000	1	0.878250
22.516667	1	0.874250
22.533333	1	0.870500
22.550000	1	0.867250
22.566667	1	0.863250
22.583333	1	0.860375
22.600000	1	0.858375
22.616667	1	0.856500
22.633333	1	0.855500
22.650000	1	0.854750
22.666667	1	0.854500
22.683333	1	0.854750
22.700000	1	0.855375
22.716667	1	0.856500
22.733333	1	0.858250
22.750000	1	0.860125
22.766667	1	0.862250
22.783333	1	0.864625
22.800000	1	0.867000
22.816667	1	0.869125
22.833333	1	0.872375
22.850000	1	0.874375
22.866667	1	0.876250
22.883333	1	0.877875
22.900000	1	0.879625
22.916667	1	0.880750
22.933333	1	0.882250
22.950000	1	0.883500
22.966667	1	0.884125
22.983333	1	0.884000
23.000000	1	0.883250
23.016667	1	0.881750
23.033333	1	0.880125
23.050000	1	0.878250
23.066667	1	0.875000
23.083333	1	0.871875
23.100000	1	0.868375
23.116667	1	0.863250
23.133333	1	0.858375
23.150000	1	0.852875
23.166667	1	0.846875
23.183333	1	0.840250
23.200000	1	0.832875
23.216667	1	0.825875
23.233333	1	0.818750
23.250000	1	0.810375
23.266667	1	0.802500
23.283333	1	0.794375
23.300000	1	0.786500
23.316667	1	0.778875
23.333333	1	0.771000
23.350000	1	0.763250
23.366667	1	0.755875
23.383333	1	0.748875
23.400000	1	0.742125
23.416667	1	0.737375
23.433333	1	0.733125
23.450000	1	0.729125
23.466667	1	0.727250
23.483333	1	0.726500
23.500000	1	0.726250
23.516667	1	0.727375
23.533333	1	0.730250
23.550000	1	0.734125
23.566667	1	0.741000
23.583333	1	0.748875
23.600000	1	0.758625
23.616667	1	0.769500
23.633333	1	0.782625
23.650000	1	0.796750
23.666667	1	0.812875
23.683333	1	0.828875
23.700000	1	0.845875
23.716667	1	0.864125
23.733333	1	0.882625
23.750000	1	0.901125
23.766667	1	0.920625
23.783333	1	0.940875
23.800000	1	0.961250
23.816667	1	0.982750
23.833333	1	1.005375
23.850000	1	1.028250
23.866667	1	1.051500
23.883333	1	1.076375
23.900000	1	1.100875
23.916667	1	1.126125
23.933333	1	1.152875
23.950000	1	1.180375
23.966667	1	1.207375
23.983333	1	1.235375
24.000000	1	1.263125
24.016667	1	1.290625
24.033333	1	1.317625
24.050000	1	1.345125
24.066667	1	1.370875
24.083333	1	1.395875
24.100000	1	1.419875
24.116667	1	1.441500
24.133333	1	1.461250
24.150000	1	1.479500
24.166667	1	1.495000
24.183333	1	1.507250
24.200000	1	1.516625
24.216667	1	1.522125
24.233333	1	1.525000
24.250000	1	1.525125
24.266667	1	1.521125
24.283333	1	1.512875
24.300000	1	1.502000
24.316667	1	1.487500
24.333333	1	1.470125
24.350000	1	1.449625
24.366667	1	1.427750
24.383333	1	1.401875
24.400000	1	1.375125
24.416667	1	1.346875
24.433333	1	1.317375
24.450000	1	1.287250
24.466667	1	1.257125
24.483333	1	1.227375
24.500000	1	1.198750
24.516667	1	1.170750
24.533333	1	1.144375
24.550000	1	1.119625
24.566667	1	1.096875
24.583333	1	1.076000
24.600000	1	1.058125
24.616667	1	1.042250
24.633333	1	1.028375
24.650000	1	1.016375
24.666667	1	1.006250
24.683333	1	0.998250
24.700000	1	0.992000
24.716667	1	0.987500
24.733333	1	0.984250
24.750000	1	0.981750
24.766667	1	0.980750
24.783333	1	0.980000
24.800000	1	0.979750
24.816667	1	0.979625
24.833333	1	0.979000
24.850000	1	0.978750
24.866667	1	0.978000
24.883333	1	0.976250
24.900000	1	0.973875
24.916667	1	0.971250
24.933333	1	0.967625
24.950000	1	0.963000
24.966667	1	0.957500
24.983333	1	0.950250
25.000000	1	0.941750
25.016667	1	0.931875
25.033333	1	0.922125
25.050000	1	0.910375
25.066667	1	0.897875
25.083333	1	0.884000
25.100000	1	0.869625
25.116667	1	0.854500
25.133333	1	0.838500
25.150000	1	0.822625
25.166667	1	0.805750
25.183333	1	0.789000
25.200000	1	0.771375
25.216667	1	0.754500
25.233333	1	0.737500
25.250000	1	0.721375
25.266667	1	0.704875
25.283333	1	0.689375
25.300000	1	0.674625
25.316667	1	0.660375
25.333333	1	0.647125
25.350000	1	0.634125
25.366667	1	0.623500
25.383333	1	0.613000
25.400000	1	0.603875
25.416667	1	0.595500
25.433333	1	0.588125
25.450000	1	0.581625
25.466667	1	0.575750
25.483333	1	0.570750
25.500000	1	0.567125
25.516667	1	0.563875
25.533333	1	0.561250
25.550000	1	0.559500
25.566667	1	0.558375
25.583333	1	0.558250
25.600000	1	0.558250
25.616667	1	0.558625
25.633333	1	0.560000
25.650000	1	0.562000
25.666667	1	0.564625
25.683333	1	0.566500
25.700000	1	0.568500
25.716667	1	0.570875
25.733333	1	0.573250
25.750000	1	0.576375
25.766667	1	0.578750
25.783333	1	0.581500
25.800000	1	0.584375
25.816667	1	0.587250
25.833333	1	0.590375
25.850000	1	0.593375
25.866667	1	0.596625
25.883333	1	0.599500
25.900000	1	0.602375
25.916667	1	0.604875
25.933333	1	0.607625
25.950000	1	0.610125
25.966667	1	0.612500
25.983333	1	0.615250
26.000000	1	0.617375
26.016667	1	0.619375
26.033333	1	0.621875
26.050000	1	0.623625
26.066667	1	0.625500
26.083333	1	0.628125
26.100000	1	0.630500
26.116667	1	0.632250
26.133333	1	0.634500
26.150000	1	0.636875
26.166667	1	0.638875
26.183333	1	0.641375
26.200000	1	0.643750
26.216667	1	0.646125
26.233333	1	0.648500
26.250000	1	0.651500
26.266667	1	0.653125
26.283333	1	0.656625
26.300000	1	0.659250
26.316667	1	0.661625
26.333333	1	0.664750
26.350000	1	0.667375
26.366667	1	0.670375
26.383333	1	0.672125
26.400000	1	0.674750
26.416667	1	0.676750
26.433333	1	0.679875
26.450000	1	0.682625
26.466667	1	0.685000
26.483333	1	0.687875
26.500000	1	0.690125
26.516667	1	0.692500
26.533333	1	0.694375
26.550000	1	0.696250
26.566667	1	0.698375
26.583333	1	0.700750
26.600000	1	0.702500
26.616667	1	0.703875
26.633333	1	0.705125
26.650000	1	0.707000
26.666667	1	0.707875
26.683333	1	0.708875
26.700000	1	0.708875
26.716667	1	0.709500
26.733333	1	0.710000
26.750000	1	0.710250
26.766667	1	0.710000
26.783333	1	0.709500
26.800000	1	0.708125
26.816667	1	0.706750
26.833333	1	0.705125
26.850000	1	0.703500
26.866667	1	0.701250
26.883333	1	0.698500
26.900000	1	0.695000
26.916667	1	0.691375
26.933333	1	0.686625
26.950000	1	0.682125
26.966667	1	0.677375
26.983333	1	0.672000
27.000000	1	0.666125
27.016667	1	0.659375
27.033333	1	0.652625
27.050000	1	0.646125
27.066667	1	0.639125
27.083333	1	0.631625
27.100000	1	0.624250
27.116667	1	0.616500
27.133333	1	0.609250
27.150000	1	0.601500
27.166667	1	0.593750
27.183333	1	0.585625
27.200000	1	0.577625
27.216667	1	0.569750
27.233333	1	0.562250
27.250000	1	0.554000
27.266667	1	0.546125
27.283333	1	0.538625
27.300000	1	0.531750
27.316667	1	0.525125
27.333333	1	0.518875
27.350000	1	0.514000
27.366667	1	0.509625
27.383333	1	0.505875
27.400000	1	0.503250
27.416667	1	0.501125
27.433333	1	0.499750
27.450000	1	0.500750
27.466667	1	0.503125
27.483333	1	0.507375
27.500000	1	0.513375
27.516667	1	0.521750
27.533333	1	0.533000
27.550000	1	0.546000
27.566667	1	0.562250
27.583333	1	0.581000
27.600000	1	0.603500
27.616667	1	0.628875
27.633333	1	0.657125
27.650000	1	0.689375
27.666667	1	0.724250
27.683333	1	0.762750
27.700000	1	0.804250
27.716667	1	0.848625
27.733333	1	0.896125
27.750000	1	0.946000
27.766667	1	0.997875
27.783333	1	1.052000
27.800000	1	1.107250
27.816667	1	1.163875
27.833333	1	1.222250
27.850000	1	1.281875
27.866667	1	1.341500
27.883333	1	1.402250
27.900000	1	1.463750
27.916667	1	1.525625
27.933333	1	1.588500
27.950000	1	1.652000
27.966667	1	1.716625
27.983333	1	1.781750
28.000000	1	1.847625
28.016667	1	1.914125
28.033333	1	1.980500
28.050000	1	2.048375
28.066667	1	2.117125
28.083333	1	2.186000
28.100000	1	2.254875
28.116667	1	2.324125
28.133333	1	2.393625
28.150000	1	2.462250
28.166667	1	2.529500
28.183333	1	2.595625
28.200000	1	2.659875
28.216667	1	2.722000
28.233333	1	2.782000
28.250000	1	2.838875
28.266667	1	2.892750
28.283333	1	2.942625
28.300000	1	2.988875
28.316667	1	3.031125
28.333333	1	3.068625
28.350000	1	3.101625
28.366667	1	3.128375
28.383333	1	3.149125
28.400000	1	3.164375
28.416667	1	3.173125
28.433333	1	3.175125
28.450000	1	3.170000
28.466667	1	3.158125
28.483333	1	3.138000
28.500000	1	3.109750
28.516667	1	3.074250
28.533333	1	3.031000
28.550000	1	2.979125
28.566667	1	2.919750
28.583333	1	2.852625
28.600000	1	2.778000
28.616667	1	2.697250
28.633333	1	2.609375
28.650000	1	2.515625
28.666667	1	2.417000
28.683333	1	2.314250
28.700000	1	2.207875
28.716667	1	2.099250
28.733333	1	1.989375
28.750000	1	1.879250
28.766667	1	1.769125
28.783333	1	1.659875
28.800000	1	1.553750
28.816667	1	1.450625
28.833333	1	1.350750
28.850000	1	1.255375
28.866667	1	1.164500
28.883333	1	1.079375
28.900000	1	0.999750
28.916667	1	0.925250
28.933333	1	0.856000
28.950000	1	0.792875
28.966667	1	0.734250
28.983333	1	0.681125
29.000000	1	0.632750
29.016667	1	0.589375
29.033333	1	0.550250
29.050000	1	0.514875
29.066667	1	0.484250
29.083333	1	0.457000
29.100000	1	0.432875
29.116667	1	0.412125
29.133333	1	0.393500
29.150000	1	0.377750
29.166667	1	0.364375
29.183333	1	0.352375
29.200000	1	0.342875
29.216667	1	0.335125
29.233333	1	0.328125
29.250000	1	0.323125
29.266667	1	0.320125
29.283333	1	0.316875
29.300000	1	0.315250
29.316667	1	0.314500
29.333333	1	0.315250
29.350000	1	0.316500
29.366667	1	0.318500
29.383333	1	0.321500
29.400000	1	0.325250
29.416667	1	0.329875
29.433333	1	0.334750
29.450000	1	0.340625
29.466667	1	0.346875
29.483333	1	0.353250
29.500000	1	0.360500
29.516667	1	0.368625
29.533333	1	0.376875
29.550000	1	0.385875
29.566667	1	0.394000
29.583333	1	0.403375
29.600000	1	0.412625
29.616667	1	0.421875
29.633333	1	0.431750
29.650000	1	0.441375
29.666667	1	0.450625
29.683333	1	0.461000
29.700000	1	0.470875
29.716667	1	0.481000
29.733333	1	0.491500
29.750000	1	0.501000
29.766667	1	0.511000
29.783333	1	0.520125
29.800000	1	0.530125
29.816667	1	0.539625
29.833333	1	0.548625
29.850000	1	0.557875
29.866667	1	0.566625
29.883333	1	0.575000
29.900000	1	0.583750
29.916667	1	0.592125
29.933333	1	0.599250
29.950000	1	0.607125
29.966667	1	0.614250
29.983333	1	0.621125
30.000000	1	0.627375
30.016667	1	0.634125
30.033333	1	0.639625
30.050000	1	0.644375
30.066667	1	0.649500
30.083333	1	0.654375
30.100000	1	0.657875
30.116667	1	0.662000
30.133333	1	0.665000
30.150000	1	0.667750
30.166667	1	0.669875
30.183333	1	0.671875
30.200000	1	0.673500
30.216667	1	0.674125
30.233333	1	0.673875
30.250000	1	0.673625
30.266667	1	0.673250
30.283333	1	0.672250
30.300000	1	0.671375
30.316667	1	0.669875
30.333333	1	0.668000
30.350000	1	0.665750
30.366667	1	0.662875
30.383333	1	0.659875
30.400000	1	0.656875
30.416667	1	0.653625
30.433333	1	0.650750
30.450000	1	0.647375
30.466667	1	0.643750
30.483333	1	0.640625
30.500000	1	0.636625
30.516667	1	0.632875
30.533333	1	0.629875
30.550000	1	0.626500
30.566667	1	0.623625
30.583333	1	0.620750
30.600000	1	0.618250
30.616667	1	0.615500
30.633333	1	0.613125
30.650000	1	0.610875
30.666667	1	0.609125
30.683333	1	0.607250
30.700000	1	0.605125
30.716667	1	0.604000
30.733333	1	0.602125
30.750000	1	0.601000
30.766667	1	0.601000
30.783333	1	0.600375
30.800000	1	0.600125
30.816667	1	0.599625
30.833333	1	0.599250
30.850000	1	0.599125
30.866667	1	0.599000
30.883333	1	0.599500
30.900000	1	0.599500
30.916667	1	0.600250
30.933333	1	0.601000
30.950000	1	0.602375
30.966667	1	0.603000
30.983333	1	0.604875
31.000000	1	0.606000
31.016667	1	0.607625
31.033333	1	0.609000
31.050000	1	0.610000
31.066667	1	0.611375
31.083333	1	0.612500
31.100000	1	0.613375
31.116667	1	0.614625
31.133333	1	0.616500
31.150000	1	0.617875
31.166667	1	0.619250
31.183333	1	0.621000
31.200000	1	0.622250
31.216667	1	0.623125
31.233333	1	0.623875
31.250000	1	0.624875
31.266667	1	0.625125
31.283333	1	0.625875
31.300000	1	0.625875
31.316667	1	0.625750
31.333333	1	0.625375
31.350000	1	0.624250
31.366667	1	0.623375
31.383333	1	0.622375
31.400000	1	0.621000
31.416667	1	0.619125
31.433333	1	0.617500
31.450000	1	0.616000
31.466667	1	0.613125
31.483333	1	0.610375
31.500000	1	0.608125
31.516667	1	0.604875
31.533333	1	0.602250
31.550000	1	0.599250
31.566667	1	0.596875
31.583333	1	0.594125
31.600000	1	0.591000
31.616667	1	0.588250
31.633333	1	0.585750
31.650000	1	0.584000
31.666667	1	0.581625
31.683333	1	0.579500
31.700000	1	0.577375
31.716667	1	0.576875
31.733333	1	0.575375
31.750000	1	0.575250
31.766667	1	0.575375
31.783333	1	0.575250
31.800000	1	0.575750
31.816667	1	0.577000
31.833333	1	0.578875
31.850000	1	0.580875
31.866667	1	0.582875
31.883333	1	0.585875
31.900000	1	0.588125
31.916667	1	0.591500
31.933333	1	0.595375
31.950000	1	0.598500
31.966667	1	0.602500
31.983333	1	0.607625
32.000000	1	0.612625
32.016667	1	0.617750
32.033333	1	0.622875
32.050000	1	0.627625
32.066667	1	0.633125
32.083333	1	0.638875
32.100000	1	0.645750
32.116667	1	0.651250
32.133333	1	0.656750
32.150000	1	0.663000
32.166667	1	0.669500
32.183333	1	0.676250
32.200000	1	0.682125
32.216667	1	0.688375
32.233333	1	0.695375
32.250000	1	0.702000
32.266667	1	0.708375
32.283333	1	0.715500
32.300000	1	0.721500
32.316667	1	0.727500
32.333333	1	0.734250
32.350000	1	0.740375
32.366667	1	0.746750
32.383333	1	0.752750
32.400000	1	0.757625
32.416667	1	0.763125
32.433333	1	0.767750
32.450000	1	0.771875
32.466667	1	0.776375
32.483333	1	0.781000
32.500000	1	0.785000
32.516667	1	0.789125
32.533333	1	0.792375
32.550000	1	0.795125
32.566667	1	0.797000
32.583333	1	0.798500
32.600000	1	0.799375
32.616667	1	0.800375
32.633333	1	0.800500
32.650000	1	0.799625
32.666667	1	0.798500
32.683333	1	0.796500
32.700000	1	0.793875
32.716667	1	0.790875
32.733333	1	0.786875
32.750000	1	0.781375
32.766667	1	0.776250
32.783333	1	0.770375
32.800000	1	0.763625
32.816667	1	0.756500
32.833333	1	0.748125
32.850000	1	0.739625
32.866667	1	0.730250
32.883333	1	0.720375
32.900000	1	0.709750
32.916667	1	0.698000
32.933333	1	0.685875
32.950000	1	0.673625
32.966667	1	0.660875
32.983333	1	0.648125
33.000000	1	0.634625
33.016667	1	0.621500
33.033333	1	0.607625
33.050000	1	0.593375
33.066667	1	0.579375
33.083333	1	0.565375
33.100000	1	0.550875
33.116667	1	0.536375
33.133333	1	0.522000
33.150000	1	0.508875
33.166667	1	0.495625
33.183333	1	0.481625
33.200000	1	0.468250
33.216667	1	0.455500
33.233333	1	0.442500
33.250000	1	0.430125
33.266667	1	0.418125
33.283333	1	0.406375
33.300000	1	0.395125
33.316667	1	0.384250
33.333333	1	0.374000
33.350000	1	0.364375
33.366667	1	0.355000
33.383333	1	0.346000
33.400000	1	0.337375
33.416667	1	0.329375
33.433333	1	0.322000
33.450000	1	0.314750
33.466667	1	0.308000
33.483333	1	0.301875
33.500000	1	0.295125
33.516667	1	0.290250
33.533333	1	0.285125
33.550000	1	0.280250
33.566667	1	0.276125
33.583333	1	0.272750
33.600000	1	0.268750
33.616667	1	0.265375
33.633333	1	0.262625
33.650000	1	0.260250
33.666667	1	0.258500
33.683333	1	0.256500
33.700000	1	0.254750
33.716667	1	0.253125
33.733333	1	0.252250
33.750000	1	0.252000
33.766667	1	0.251250
33.783333	1	0.250875
33.800000	1	0.251375
33.816667	1	0.251875
33.833333	1	0.252750
33.850000	1	0.254625
33.866667	1	0.256625
33.883333	1	0.259125
33.900000	1	0.261875
33.916667	1	0.264375
33.933333	1	0.267250
33.950000	1	0.270875
33.966667	1	0.274625
33.983333	1	0.278875
34.000000	1	0.283500
34.016667	1	0.287875
34.033333	1	0.292375
34.050000	1	0.297750
34.066667	1	0.302500
34.083333	1	0.307750
34.100000	1	0.313375
34.116667	1	0.319250
34.133333	1	0.325125
34.150000	1	0.331125
34.166667	1	0.338125
34.183333	1	0.344250
34.200000	1	0.350625
34.216667	1	0.356000
34.233333	1	0.362375
34.250000	1	0.368625
34.266667	1	0.375750
34.283333	1	0.382500
34.300000	1	0.389375
34.316667	1	0.396375
34.333333	1	0.403000
34.350000	1	0.410000
34.366667	1	0.417375
34.383333	1	0.424500
34.400000	1	0.432000
34.416667	1	0.439750
34.433333	1	0.447250
34.450000	1	0.454625
34.466667	1	0.461750
34.483333	1	0.469000
34.500000	1	0.476375
34.516667	1	0.484125
34.533333	1	0.492250
34.550000	1	0.499125
34.566667	1	0.506500
34.583333	1	0.514000
34.600000	1	0.521250
34.616667	1	0.528125
34.633333	1	0.535125
34.650000	1	0.541625
34.666667	1	0.548000
34.683333	1	0.554125
34.700000	1	0.560000
34.716667	1	0.565375
34.733333	1	0.570125
34.750000	1	0.574875
34.766667	1	0.579125
34.783333	1	0.582875
34.800000	1	0.586250
34.816667	1	0.588750
34.833333	1	0.590750
34.850000	1	0.591875
34.866667	1	0.592750
34.883333	1	0.592375
34.900000	1	0.591250
34.916667	1	0.589500
34.933333	1	0.587625
34.950000	1	0.584625
34.966667	1	0.581250
34.983333	1	0.577000
35.000000	1	0.572125
35.016667	1	0.566125
35.033333	1	0.560250
35.050000	1	0.553500
35.066667	1	0.545500
35.083333	1	0.537875
35.100000	1	0.530125
35.116667	1	0.521375
35.133333	1	0.512000
35.150000	1	0.503000
35.166667	1	0.493625
35.183333	1	0.483750
35.200000	1	0.473375
35.216667	1	0.463875
35.233333	1	0.453875
35.250000	1	0.444000
35.266667	1	0.434500
35.283333	1	0.424625
35.300000	1	0.415250
35.316667	1	0.406875
35.333333	1	0.397750
35.350000	1	0.389375
35.366667	1	0.382000
35.383333	1	0.374750
35.400000	1	0.366625
35.416667	1	0.359625
35.433333	1	0.354000
35.450000	1	0.348250
35.466667	1	0.342875
35.483333	1	0.338000
35.500000	1	0.333875
35.516667	1	0.330125
35.533333	1	0.326750
35.550000	1	0.323500
35.566667	1	0.321125
35.583333	1	0.319125
35.600000	1	0.317000
35.616667	1	0.315625
35.633333	1	0.314875
35.650000	1	0.314500
35.666667	1	0.314000
35.683333	1	0.314250
35.700000	1	0.313750
35.716667	1	0.313875
35.733333	1	0.314000
35.750000	1	0.314750
35.766667	1	0.315625
35.783333	1	0.316625
35.800000	1	0.318000
35.816667	1	0.319125
35.833333	1	0.320500
35.850000	1	0.322000
35.866667	1	0.323375
35.883333	1	0.325500
35.900000	1	0.327250
35.916667	1	0.328875
35.933333	1	0.330625
35.950000	1	0.332500
35.966667	1	0.333875
35.983333	1	0.335375
36.000000	1	0.337500
36.016667	1	0.340375
36.033333	1	0.342625
36.050000	1	0.344000
36.066667	1	0.346000
36.083333	1	0.348125
36.100000	1	0.349250
36.116667	1	0.351625
36.133333	1	0.353750
36.150000	1	0.355875
36.166667	1	0.357250
36.183333	1	0.359000
36.200000	1	0.360875
36.216667	1	0.362875
36.233333	1	0.365000
36.250000	1	0.367375
36.266667	1	0.368875
36.283333	1	0.370875
36.300000	1	0.373125
36.316667	1	0.375500
36.333333	1	0.378625
36.350000	1	0.380000
36.366667	1	0.382250
36.383333	1	0.384875
36.400000	1	0.386875
36.416667	1	0.389375
36.433333	1	0.391500
36.450000	1	0.393875
36.466667	1	0.397500
36.483333	1	0.400125
36.500000	1	0.402375
36.516667	1	0.405250
36.533333	1	0.407625
36.550000	1	0.410375
36.566667	1	0.413500
36.583333	1	0.416625
36.600000	1	0.418500
36.616667	1	0.421375
36.633333	1	0.423500
36.650000	1	0.425500
36.666667	1	0.427750
36.683333	1	0.430625
36.700000	1	0.432500
36.716667	1	0.434125
36.733333	1	0.436000
36.750000	1	0.437500
36.766667	1	0.438750
36.783333	1	0.439625
36.800000	1	0.441125
36.816667	1	0.441625
36.833333	1	0.442375
36.850000	1	0.443000
36.866667	1	0.443000
36.883333	1	0.442875
36.900000	1	0.443000
36.916667	1	0.443500
36.933333	1	0.443500
36.950000	1	0.442750
36.966667	1	0.442125
36.983333	1	0.441000
37.000000	1	0.440375
37.016667	1	0.439250
37.033333	1	0.437625
37.050000	1	0.435750
37.066667	1	0.433750
37.083333	1	0.431500
37.100000	1	0.429375
37.116667	1	0.427000
37.133333	1	0.424000
37.150000	1	0.421125
37.166667	1	0.418125
37.183333	1	0.415250
37.200000	1	0.412125
37.216667	1	0.409125
37.233333	1	0.405500
37.250000	1	0.401500
37.266667	1	0.397500
37.283333	1	0.393750
37.300000	1	0.389625
37.316667	1	0.386375
37.333333	1	0.382250
37.350000	1	0.377250
37.366667	1	0.373125
37.383333	1	0.368750
37.400000	1	0.364500
37.416667	1	0.359625
37.433333	1	0.355125
37.450000	1	0.349750
37.466667	1	0.344375
37.483333	1	0.339625
37.500000	1	0.334500
37.516667	1	0.329375
37.533333	1	0.324000
37.550000	1	0.319000
37.566667	1	0.314000
37.583333	1	0.308750
37.600000	1	0.303375
37.616667	1	0.298375
37.633333	1	0.293250
37.650000	1	0.288250
37.666667	1	0.283875
37.683333	1	0.278875
37.700000	1	0.274000
37.716667	1	0.269125
37.733333	1	0.264375
37.750000	1	0.259000
37.766667	1	0.253750
37.783333	1	0.249500
37.800000	1	0.246125
37.816667	1	0.242625
37.833333	1	0.238750
37.850000	1	0.234750
37.866667	1	0.230750
37.883333	1	0.227500
37.900000	1	0.224750
37.916667	1	0.222250
37.933333	1	0.219375
37.950000	1	0.217750
37.966667	1	0.215750
37.983333	1	0.213875
38.000000	1	0.211125
38.016667	1	0.208875
38.033333	1	0.207500
38.050000	1	0.206250
38.066667	1	0.205250
38.083333	1	0.203625
38.100000	1	0.203000
38.116667	1	0.203000
38.133333	1	0.202500
38.150000	1	0.201875
38.166667	1	0.201500
38.183333	1	0.201625
38.200000	1	0.201500
38.216667	1	0.201750
38.233333	1	0.201875
38.250000	1	0.201625
38.266667	1	0.201625
38.283333	1	0.202250
38.300000	1	0.201875
38.316667	1	0.202000
38.333333	1	0.202500
38.350000	1	0.202625
38.366667	1	0.202875
38.383333	1	0.203375
38.400000	1	0.203750
38.416667	1	0.203875
38.433333	1	0.204125
38.450000	1	0.204000
38.466667	1	0.204000
38.483333	1	0.204125
38.500000	1	0.204375
38.516667	1	0.205000
38.533333	1	0.205250
38.550000	1	0.205250
38.566667	1	0.205250
38.583333	1	0.206000
38.600000	1	0.206125
38.616667	1	0.206125
38.633333	1	0.206375
38.650000	1	0.206250
38.666667	1	0.205750
38.683333	1	0.205625
38.700000	1	0.205500
38.716667	1	0.205500
38.733333	1	0.205750
38.750000	1	0.205750
38.766667	1	0.205500
38.783333	1	0.205625
38.800000	1	0.205875
38.816667	1	0.206000
38.833333	1	0.205625
38.850000	1	0.206125
38.866667	1	0.205875
38.883333	1	0.205125
38.900000	1	0.205000
38.916667	1	0.205000
38.933333	1	0.204500
38.950000	1	0.204375
38.966667	1	0.204375
38.983333	1	0.204250
39.000000	1	0.204250
39.016667	1	0.203250
39.033333	1	0.203250
39.050000	1	0.202750
39.066667	1	0.203000
39.083333	1	0.203000
39.100000	1	0.202750
39.116667	1	0.202625
39.133333	1	0.202375
39.150000	1	0.203000
39.166667	1	0.203375
39.183333	1	0.203375
39.200000	1	0.203250
39.216667	1	0.202750
39.233333	1	0.203000
39.250000	1	0.203000
39.266667	1	0.202375
39.283333	1	0.202125
39.300000	1	0.202125
39.316667	1	0.201625
39.333333	1	0.201875
39.350000	1	0.201625
39.366667	1	0.201125
39.383333	1	0.201000
39.400000	1	0.200375
39.416667	1	0.200000
39.433333	1	0.199875
39.450000	1	0.199375
39.466667	1	0.199375
39.483333	1	0.198500
39.500000	1	0.197875
39.516667	1	0.196625
39.533333	1	0.195875
39.550000	1	0.195500
39.566667	1	0.195375
39.583333	1	0.195500
39.600000	1	0.194500
39.616667	1	0.193625
39.633333	1	0.192625
39.650000	1	0.191750
39.666667	1	0.191375
39.683333	1	0.190625
39.700000	1	0.190500
39.716667	1	0.189250
39.733333	1	0.188625
39.750000	1	0.189125
39.766667	1	0.188500
39.783333	1	0.188250
39.800000	1	0.188375
39.816667	1	0.188750
39.833333	1	0.188500
39.850000	1	0.188875
39.866667	1	0.188625
39.883333	1	0.188875
39.900000	1	0.189125
39.916667	1	0.189500
39.933333	1	0.189500
39.950000	1	0.189750
39.966667	1	0.190500
39.983333	1	0.191375
40.000000	1	0.192375
