File Path	chrom://marshall/Chromeleon7/HPLC_Ultimate_3000/Users/markusar/20230107.seq/532.smp/RI_1.channel/RI_1.chm
Channel	RI_1

Injection Information:
Data Vault	Chromeleon7
Injection	ri2.3
Injection Number	16
Position	RB8
Comment	
Processing Method	
Instrument Method	std_method
Type	Unknown
Status	Finished
Injection Date	08.01.2023
Injection Time	02:08:38
Injection Volume (µl)	20.000
Dilution Factor	1.0000
Weight	1.0000

Chromatogram Data Information:
Time Min. (min)	0.000000
Time Max. (min)	40.000000
Data Points	2401
Detector	RI
Generating Data System	Chromeleon 7.2.5.9507
Exporting Data System	Chromeleon 7.2.5.0
Operator	Instrument Controller
Signal Quantity	Refractive 
Signal Unit	µRIU
Signal Min.	-0.062250
Signal Max.	109.843500
Channel	RI_1
Driver Name	RID520Driver.dll
Channel Type	Evaluation
Min. Step (s)	1
Max. Step (s)	1
Average Step (s)	1

Signal Parameter Information:
Signal Info	

Chromatogram Data:
Time (min)	Step (s)	Value (µRIU)
0.000000	n.a.	0.140750
0.016667	1	0.143375
0.033333	1	0.145375
0.050000	1	0.147500
0.066667	1	0.149500
0.083333	1	0.151375
0.100000	1	0.153625
0.116667	1	0.155000
0.133333	1	0.157000
0.150000	1	0.158625
0.166667	1	0.160750
0.183333	1	0.163250
0.200000	1	0.164500
0.216667	1	0.165500
0.233333	1	0.167000
0.250000	1	0.167875
0.266667	1	0.168625
0.283333	1	0.169500
0.300000	1	0.169875
0.316667	1	0.170375
0.333333	1	0.170625
0.350000	1	0.171500
0.366667	1	0.171875
0.383333	1	0.172625
0.400000	1	0.172375
0.416667	1	0.172750
0.433333	1	0.172875
0.450000	1	0.172625
0.466667	1	0.171500
0.483333	1	0.171625
0.500000	1	0.171250
0.516667	1	0.170375
0.533333	1	0.169875
0.550000	1	0.169250
0.566667	1	0.168375
0.583333	1	0.167875
0.600000	1	0.167625
0.616667	1	0.167625
0.633333	1	0.168125
0.650000	1	0.168375
0.666667	1	0.168500
0.683333	1	0.168250
0.700000	1	0.168750
0.716667	1	0.168000
0.733333	1	0.167375
0.750000	1	0.166250
0.766667	1	0.164375
0.783333	1	0.162250
0.800000	1	0.160250
0.816667	1	0.158375
0.833333	1	0.157250
0.850000	1	0.155250
0.866667	1	0.153125
0.883333	1	0.151125
0.900000	1	0.149500
0.916667	1	0.147750
0.933333	1	0.146750
0.950000	1	0.145125
0.966667	1	0.143875
0.983333	1	0.142625
1.000000	1	0.140875
1.016667	1	0.139750
1.033333	1	0.138250
1.050000	1	0.136500
1.066667	1	0.135000
1.083333	1	0.134125
1.100000	1	0.133000
1.116667	1	0.131625
1.133333	1	0.130250
1.150000	1	0.128375
1.166667	1	0.127500
1.183333	1	0.125625
1.200000	1	0.124125
1.216667	1	0.122250
1.233333	1	0.120250
1.250000	1	0.118625
1.266667	1	0.117000
1.283333	1	0.115500
1.300000	1	0.114000
1.316667	1	0.112500
1.333333	1	0.110625
1.350000	1	0.108625
1.366667	1	0.106625
1.383333	1	0.104125
1.400000	1	0.101625
1.416667	1	0.099500
1.433333	1	0.096625
1.450000	1	0.093750
1.466667	1	0.091375
1.483333	1	0.089250
1.500000	1	0.087000
1.516667	1	0.083625
1.533333	1	0.080875
1.550000	1	0.077875
1.566667	1	0.075125
1.583333	1	0.071750
1.600000	1	0.069125
1.616667	1	0.066000
1.633333	1	0.063125
1.650000	1	0.060500
1.666667	1	0.057125
1.683333	1	0.053625
1.700000	1	0.050500
1.716667	1	0.047500
1.733333	1	0.044250
1.750000	1	0.041625
1.766667	1	0.038750
1.783333	1	0.035750
1.800000	1	0.032500
1.816667	1	0.029750
1.833333	1	0.026875
1.850000	1	0.023625
1.866667	1	0.020750
1.883333	1	0.017875
1.900000	1	0.014875
1.916667	1	0.012500
1.933333	1	0.009500
1.950000	1	0.006500
1.966667	1	0.004125
1.983333	1	0.001250
2.000000	1	-0.001875
2.016667	1	-0.004875
2.033333	1	-0.007250
2.050000	1	-0.010500
2.066667	1	-0.012500
2.083333	1	-0.015125
2.100000	1	-0.017750
2.116667	1	-0.020875
2.133333	1	-0.023125
2.150000	1	-0.025875
2.166667	1	-0.028125
2.183333	1	-0.031375
2.200000	1	-0.033500
2.216667	1	-0.036625
2.233333	1	-0.039500
2.250000	1	-0.041375
2.266667	1	-0.043625
2.283333	1	-0.045125
2.300000	1	-0.047125
2.316667	1	-0.049250
2.333333	1	-0.051250
2.350000	1	-0.053250
2.366667	1	-0.054750
2.383333	1	-0.056250
2.400000	1	-0.056875
2.416667	1	-0.058125
2.433333	1	-0.059000
2.450000	1	-0.060125
2.466667	1	-0.060500
2.483333	1	-0.061000
2.500000	1	-0.061000
2.516667	1	-0.060875
2.533333	1	-0.061500
2.550000	1	-0.061750
2.566667	1	-0.061875
2.583333	1	-0.061875
2.600000	1	-0.062250
2.616667	1	-0.062125
2.633333	1	-0.061750
2.650000	1	-0.061000
2.666667	1	-0.060375
2.683333	1	-0.059875
2.700000	1	-0.058500
2.716667	1	-0.058000
2.733333	1	-0.057500
2.750000	1	-0.056500
2.766667	1	-0.056125
2.783333	1	-0.055250
2.800000	1	-0.054000
2.816667	1	-0.053000
2.833333	1	-0.053000
2.850000	1	-0.052375
2.866667	1	-0.051375
2.883333	1	-0.050500
2.900000	1	-0.049250
2.916667	1	-0.048750
2.933333	1	-0.048000
2.950000	1	-0.047250
2.966667	1	-0.045750
2.983333	1	-0.044500
3.000000	1	-0.043375
3.016667	1	-0.041875
3.033333	1	-0.040000
3.050000	1	-0.039375
3.066667	1	-0.037500
3.083333	1	-0.036000
3.100000	1	-0.034250
3.116667	1	-0.032375
3.133333	1	-0.030625
3.150000	1	-0.029375
3.166667	1	-0.027875
3.183333	1	-0.026375
3.200000	1	-0.023875
3.216667	1	-0.021625
3.233333	1	-0.019500
3.250000	1	-0.016625
3.266667	1	-0.014500
3.283333	1	-0.012750
3.300000	1	-0.009875
3.316667	1	-0.007125
3.333333	1	-0.005250
3.350000	1	-0.002875
3.366667	1	-0.000750
3.383333	1	0.001500
3.400000	1	0.003500
3.416667	1	0.006000
3.433333	1	0.008375
3.450000	1	0.010625
3.466667	1	0.011750
3.483333	1	0.013875
3.500000	1	0.015625
3.516667	1	0.018375
3.533333	1	0.019750
3.550000	1	0.021750
3.566667	1	0.024125
3.583333	1	0.026125
3.600000	1	0.027875
3.616667	1	0.030000
3.633333	1	0.031625
3.650000	1	0.032625
3.666667	1	0.033750
3.683333	1	0.035875
3.700000	1	0.037125
3.716667	1	0.038000
3.733333	1	0.039750
3.750000	1	0.040875
3.766667	1	0.042250
3.783333	1	0.043625
3.800000	1	0.044750
3.816667	1	0.046125
3.833333	1	0.048250
3.850000	1	0.049500
3.866667	1	0.051500
3.883333	1	0.052750
3.900000	1	0.053625
3.916667	1	0.054625
3.933333	1	0.055875
3.950000	1	0.057625
3.966667	1	0.059000
3.983333	1	0.059750
4.000000	1	0.061250
4.016667	1	0.061875
4.033333	1	0.063000
4.050000	1	0.064500
4.066667	1	0.065125
4.083333	1	0.066125
4.100000	1	0.066750
4.116667	1	0.067875
4.133333	1	0.069000
4.150000	1	0.070500
4.166667	1	0.071625
4.183333	1	0.072000
4.200000	1	0.073000
4.216667	1	0.073750
4.233333	1	0.073625
4.250000	1	0.073250
4.266667	1	0.074000
4.283333	1	0.074375
4.300000	1	0.074500
4.316667	1	0.074375
4.333333	1	0.074750
4.350000	1	0.074375
4.366667	1	0.074500
4.383333	1	0.074250
4.400000	1	0.073625
4.416667	1	0.073500
4.433333	1	0.072500
4.450000	1	0.071875
4.466667	1	0.071500
4.483333	1	0.071250
4.500000	1	0.071000
4.516667	1	0.070375
4.533333	1	0.069875
4.550000	1	0.069375
4.566667	1	0.068000
4.583333	1	0.067500
4.600000	1	0.066750
4.616667	1	0.066000
4.633333	1	0.064625
4.650000	1	0.064375
4.666667	1	0.063875
4.683333	1	0.063250
4.700000	1	0.062250
4.716667	1	0.061500
4.733333	1	0.061000
4.750000	1	0.061000
4.766667	1	0.060375
4.783333	1	0.060125
4.800000	1	0.059125
4.816667	1	0.058625
4.833333	1	0.058375
4.850000	1	0.057625
4.866667	1	0.057250
4.883333	1	0.056375
4.900000	1	0.056375
4.916667	1	0.055875
4.933333	1	0.055625
4.950000	1	0.055500
4.966667	1	0.054625
4.983333	1	0.054125
5.000000	1	0.053750
5.016667	1	0.053875
5.033333	1	0.053500
5.050000	1	0.053125
5.066667	1	0.053000
5.083333	1	0.052500
5.100000	1	0.052500
5.116667	1	0.051875
5.133333	1	0.051375
5.150000	1	0.051000
5.166667	1	0.050625
5.183333	1	0.050625
5.200000	1	0.050750
5.216667	1	0.050000
5.233333	1	0.050125
5.250000	1	0.049750
5.266667	1	0.049125
5.283333	1	0.049125
5.300000	1	0.049125
5.316667	1	0.049375
5.333333	1	0.049125
5.350000	1	0.049000
5.366667	1	0.049125
5.383333	1	0.049750
5.400000	1	0.050000
5.416667	1	0.050500
5.433333	1	0.050875
5.450000	1	0.051250
5.466667	1	0.052000
5.483333	1	0.052625
5.500000	1	0.054000
5.516667	1	0.054500
5.533333	1	0.055250
5.550000	1	0.056375
5.566667	1	0.057375
5.583333	1	0.058375
5.600000	1	0.060500
5.616667	1	0.061875
5.633333	1	0.063875
5.650000	1	0.065250
5.666667	1	0.067500
5.683333	1	0.069500
5.700000	1	0.071375
5.716667	1	0.073375
5.733333	1	0.075625
5.750000	1	0.077375
5.766667	1	0.079875
5.783333	1	0.082375
5.800000	1	0.085000
5.816667	1	0.087125
5.833333	1	0.088750
5.850000	1	0.091125
5.866667	1	0.093000
5.883333	1	0.095375
5.900000	1	0.097250
5.916667	1	0.099000
5.933333	1	0.101500
5.950000	1	0.103625
5.966667	1	0.105875
5.983333	1	0.108625
6.000000	1	0.110500
6.016667	1	0.112750
6.033333	1	0.115750
6.050000	1	0.117500
6.066667	1	0.119500
6.083333	1	0.121750
6.100000	1	0.123375
6.116667	1	0.126000
6.133333	1	0.128375
6.150000	1	0.130250
6.166667	1	0.132625
6.183333	1	0.135000
6.200000	1	0.137250
6.216667	1	0.139000
6.233333	1	0.141500
6.250000	1	0.143625
6.266667	1	0.146000
6.283333	1	0.148750
6.300000	1	0.150250
6.316667	1	0.152000
6.333333	1	0.154250
6.350000	1	0.156375
6.366667	1	0.158625
6.383333	1	0.161250
6.400000	1	0.163250
6.416667	1	0.165250
6.433333	1	0.167500
6.450000	1	0.170000
6.466667	1	0.171875
6.483333	1	0.173250
6.500000	1	0.174875
6.516667	1	0.176750
6.533333	1	0.178375
6.550000	1	0.180375
6.566667	1	0.182125
6.583333	1	0.183250
6.600000	1	0.183875
6.616667	1	0.185375
6.633333	1	0.186500
6.650000	1	0.187000
6.666667	1	0.187125
6.683333	1	0.187750
6.700000	1	0.187750
6.716667	1	0.187875
6.733333	1	0.187500
6.750000	1	0.188500
6.766667	1	0.189375
6.783333	1	0.189250
6.800000	1	0.189375
6.816667	1	0.189250
6.833333	1	0.189000
6.850000	1	0.189000
6.866667	1	0.188750
6.883333	1	0.188375
6.900000	1	0.188250
6.916667	1	0.188125
6.933333	1	0.188125
6.950000	1	0.187750
6.966667	1	0.187375
6.983333	1	0.187000
7.000000	1	0.186875
7.016667	1	0.186875
7.033333	1	0.187000
7.050000	1	0.186750
7.066667	1	0.186750
7.083333	1	0.187375
7.100000	1	0.187250
7.116667	1	0.187750
7.133333	1	0.188375
7.150000	1	0.189000
7.166667	1	0.189500
7.183333	1	0.190125
7.200000	1	0.190750
7.216667	1	0.191375
7.233333	1	0.191750
7.250000	1	0.193000
7.266667	1	0.194250
7.283333	1	0.194750
7.300000	1	0.195875
7.316667	1	0.197250
7.333333	1	0.198875
7.350000	1	0.199625
7.366667	1	0.200750
7.383333	1	0.201500
7.400000	1	0.202625
7.416667	1	0.203625
7.433333	1	0.204625
7.450000	1	0.205375
7.466667	1	0.206875
7.483333	1	0.207375
7.500000	1	0.208625
7.516667	1	0.209750
7.533333	1	0.211125
7.550000	1	0.212250
7.566667	1	0.213875
7.583333	1	0.214125
7.600000	1	0.215125
7.616667	1	0.216125
7.633333	1	0.217500
7.650000	1	0.218500
7.666667	1	0.219125
7.683333	1	0.220000
7.700000	1	0.221250
7.716667	1	0.222500
7.733333	1	0.222875
7.750000	1	0.224000
7.766667	1	0.224750
7.783333	1	0.226125
7.800000	1	0.226875
7.816667	1	0.227000
7.833333	1	0.227875
7.850000	1	0.228750
7.866667	1	0.229000
7.883333	1	0.229500
7.900000	1	0.229875
7.916667	1	0.230500
7.933333	1	0.230500
7.950000	1	0.230500
7.966667	1	0.230625
7.983333	1	0.230750
8.000000	1	0.230875
8.016667	1	0.231000
8.033333	1	0.230375
8.050000	1	0.229875
8.066667	1	0.228750
8.083333	1	0.227375
8.100000	1	0.227375
8.116667	1	0.226000
8.133333	1	0.225375
8.150000	1	0.224625
8.166667	1	0.223250
8.183333	1	0.221625
8.200000	1	0.219500
8.216667	1	0.217875
8.233333	1	0.216750
8.250000	1	0.214875
8.266667	1	0.212125
8.283333	1	0.210000
8.300000	1	0.207750
8.316667	1	0.204750
8.333333	1	0.202125
8.350000	1	0.199500
8.366667	1	0.196875
8.383333	1	0.194625
8.400000	1	0.191750
8.416667	1	0.189375
8.433333	1	0.186750
8.450000	1	0.184250
8.466667	1	0.181500
8.483333	1	0.178625
8.500000	1	0.175625
8.516667	1	0.173000
8.533333	1	0.170375
8.550000	1	0.167500
8.566667	1	0.165250
8.583333	1	0.162000
8.600000	1	0.159250
8.616667	1	0.155875
8.633333	1	0.153000
8.650000	1	0.150625
8.666667	1	0.148625
8.683333	1	0.146000
8.700000	1	0.144375
8.716667	1	0.142125
8.733333	1	0.140125
8.750000	1	0.138500
8.766667	1	0.136250
8.783333	1	0.134375
8.800000	1	0.132250
8.816667	1	0.131000
8.833333	1	0.130125
8.850000	1	0.129125
8.866667	1	0.128000
8.883333	1	0.127375
8.900000	1	0.126875
8.916667	1	0.126125
8.933333	1	0.125250
8.950000	1	0.125000
8.966667	1	0.124625
8.983333	1	0.124375
9.000000	1	0.124625
9.016667	1	0.125000
9.033333	1	0.125500
9.050000	1	0.125875
9.066667	1	0.126500
9.083333	1	0.127625
9.100000	1	0.128500
9.116667	1	0.130125
9.133333	1	0.131250
9.150000	1	0.132625
9.166667	1	0.134000
9.183333	1	0.136125
9.200000	1	0.138125
9.216667	1	0.139875
9.233333	1	0.141875
9.250000	1	0.144625
9.266667	1	0.146500
9.283333	1	0.149750
9.300000	1	0.152375
9.316667	1	0.155500
9.333333	1	0.158875
9.350000	1	0.161500
9.366667	1	0.165250
9.383333	1	0.169125
9.400000	1	0.173625
9.416667	1	0.177000
9.433333	1	0.180625
9.450000	1	0.185000
9.466667	1	0.189250
9.483333	1	0.193875
9.500000	1	0.198000
9.516667	1	0.203000
9.533333	1	0.208000
9.550000	1	0.213250
9.566667	1	0.218875
9.583333	1	0.224250
9.600000	1	0.230500
9.616667	1	0.236625
9.633333	1	0.243375
9.650000	1	0.250125
9.666667	1	0.257500
9.683333	1	0.265375
9.700000	1	0.274250
9.716667	1	0.284625
9.733333	1	0.295625
9.750000	1	0.308875
9.766667	1	0.323250
9.783333	1	0.339750
9.800000	1	0.358125
9.816667	1	0.380125
9.833333	1	0.405375
9.850000	1	0.434375
9.866667	1	0.466750
9.883333	1	0.503125
9.900000	1	0.544250
9.916667	1	0.588875
9.933333	1	0.637750
9.950000	1	0.690250
9.966667	1	0.747750
9.983333	1	0.809500
10.000000	1	0.876250
10.016667	1	0.947500
10.033333	1	1.022125
10.050000	1	1.096375
10.066667	1	1.162750
10.083333	1	1.213500
10.100000	1	1.240875
10.116667	1	1.242500
10.133333	1	1.220000
10.150000	1	1.184500
10.166667	1	1.152375
10.183333	1	1.147000
10.200000	1	1.197250
10.216667	1	1.338625
10.233333	1	1.609125
10.250000	1	2.049125
10.266667	1	2.702000
10.283333	1	3.613500
10.300000	1	4.829000
10.316667	1	6.393250
10.333333	1	8.349750
10.350000	1	10.738000
10.366667	1	13.592625
10.383333	1	16.945125
10.400000	1	20.822375
10.416667	1	25.244000
10.433333	1	30.214750
10.450000	1	35.727125
10.466667	1	41.764875
10.483333	1	48.286375
10.500000	1	55.223875
10.516667	1	62.467750
10.533333	1	69.868875
10.550000	1	77.239750
10.566667	1	84.364375
10.583333	1	91.013000
10.600000	1	96.957500
10.616667	1	101.982000
10.633333	1	105.898125
10.650000	1	108.554625
10.666667	1	109.843500
10.683333	1	109.687750
10.700000	1	108.056125
10.716667	1	104.972000
10.733333	1	100.528500
10.750000	1	94.896500
10.766667	1	88.319250
10.783333	1	81.074625
10.800000	1	73.462125
10.816667	1	65.769125
10.833333	1	58.258750
10.850000	1	51.142750
10.866667	1	44.574625
10.883333	1	38.660125
10.900000	1	33.452000
10.916667	1	28.961625
10.933333	1	25.158750
10.950000	1	21.989125
10.966667	1	19.380250
10.983333	1	17.253750
11.000000	1	15.529000
11.016667	1	14.134000
11.033333	1	13.002750
11.050000	1	12.079625
11.066667	1	11.316375
11.083333	1	10.675250
11.100000	1	10.124625
11.116667	1	9.643375
11.133333	1	9.211500
11.150000	1	8.816000
11.166667	1	8.446125
11.183333	1	8.096125
11.200000	1	7.761375
11.216667	1	7.439375
11.233333	1	7.128375
11.250000	1	6.828250
11.266667	1	6.538000
11.283333	1	6.258375
11.300000	1	5.991750
11.316667	1	5.737000
11.333333	1	5.495625
11.350000	1	5.268375
11.366667	1	5.057125
11.383333	1	4.861625
11.400000	1	4.683875
11.416667	1	4.524625
11.433333	1	4.383250
11.450000	1	4.261125
11.466667	1	4.155000
11.483333	1	4.064875
11.500000	1	3.988250
11.516667	1	3.922500
11.533333	1	3.865000
11.550000	1	3.814750
11.566667	1	3.768375
11.583333	1	3.724750
11.600000	1	3.683125
11.616667	1	3.643750
11.633333	1	3.604375
11.650000	1	3.566625
11.666667	1	3.531125
11.683333	1	3.496125
11.700000	1	3.461625
11.716667	1	3.428375
11.733333	1	3.394500
11.750000	1	3.360000
11.766667	1	3.324500
11.783333	1	3.288375
11.800000	1	3.250750
11.816667	1	3.212125
11.833333	1	3.172125
11.850000	1	3.131625
11.866667	1	3.090750
11.883333	1	3.049875
11.900000	1	3.009000
11.916667	1	2.968625
11.933333	1	2.929500
11.950000	1	2.891125
11.966667	1	2.853750
11.983333	1	2.816500
12.000000	1	2.780250
12.016667	1	2.744750
12.033333	1	2.710500
12.050000	1	2.675375
12.066667	1	2.642000
12.083333	1	2.608875
12.100000	1	2.575625
12.116667	1	2.543500
12.133333	1	2.512000
12.150000	1	2.481500
12.166667	1	2.451375
12.183333	1	2.422750
12.200000	1	2.394625
12.216667	1	2.368875
12.233333	1	2.343500
12.250000	1	2.320500
12.266667	1	2.299375
12.283333	1	2.280500
12.300000	1	2.264875
12.316667	1	2.252750
12.333333	1	2.245125
12.350000	1	2.242375
12.366667	1	2.245375
12.383333	1	2.257125
12.400000	1	2.276750
12.416667	1	2.307000
12.433333	1	2.350000
12.450000	1	2.407875
12.466667	1	2.482375
12.483333	1	2.578250
12.500000	1	2.697375
12.516667	1	2.844500
12.533333	1	3.024500
12.550000	1	3.240375
12.566667	1	3.495375
12.583333	1	3.790000
12.600000	1	4.125625
12.616667	1	4.499875
12.633333	1	4.910750
12.650000	1	5.353000
12.666667	1	5.823125
12.683333	1	6.314125
12.700000	1	6.821250
12.716667	1	7.340375
12.733333	1	7.866750
12.750000	1	8.397250
12.766667	1	8.930375
12.783333	1	9.464875
12.800000	1	10.000625
12.816667	1	10.537000
12.833333	1	11.074750
12.850000	1	11.614000
12.866667	1	12.155375
12.883333	1	12.698250
12.900000	1	13.240125
12.916667	1	13.778625
12.933333	1	14.309000
12.950000	1	14.826375
12.966667	1	15.323250
12.983333	1	15.793125
13.000000	1	16.229250
13.016667	1	16.625250
13.033333	1	16.976250
13.050000	1	17.277625
13.066667	1	17.524875
13.083333	1	17.715375
13.100000	1	17.847875
13.116667	1	17.922500
13.133333	1	17.940625
13.150000	1	17.905125
13.166667	1	17.818375
13.183333	1	17.685750
13.200000	1	17.510750
13.216667	1	17.298500
13.233333	1	17.054750
13.250000	1	16.783750
13.266667	1	16.489750
13.283333	1	16.177125
13.300000	1	15.850250
13.316667	1	15.512250
13.333333	1	15.165500
13.350000	1	14.813250
13.366667	1	14.457500
13.383333	1	14.100875
13.400000	1	13.744625
13.416667	1	13.388750
13.433333	1	13.034500
13.450000	1	12.681375
13.466667	1	12.327625
13.483333	1	11.972500
13.500000	1	11.614750
13.516667	1	11.251625
13.533333	1	10.882500
13.550000	1	10.503750
13.566667	1	10.114875
13.583333	1	9.713875
13.600000	1	9.301875
13.616667	1	8.881250
13.633333	1	8.454500
13.650000	1	8.027000
13.666667	1	7.605500
13.683333	1	7.196625
13.700000	1	6.806625
13.716667	1	6.441625
13.733333	1	6.106125
13.750000	1	5.802875
13.766667	1	5.534000
13.783333	1	5.298875
13.800000	1	5.095250
13.816667	1	4.919125
13.833333	1	4.768875
13.850000	1	4.639625
13.866667	1	4.527500
13.883333	1	4.429500
13.900000	1	4.343000
13.916667	1	4.266250
13.933333	1	4.198000
13.950000	1	4.136000
13.966667	1	4.080875
13.983333	1	4.030000
14.000000	1	3.983750
14.016667	1	3.940375
14.033333	1	3.899625
14.050000	1	3.859500
14.066667	1	3.819000
14.083333	1	3.775625
14.100000	1	3.729250
14.116667	1	3.678000
14.133333	1	3.620625
14.150000	1	3.556625
14.166667	1	3.486375
14.183333	1	3.410250
14.200000	1	3.328375
14.216667	1	3.243250
14.233333	1	3.155875
14.250000	1	3.068875
14.266667	1	2.983250
14.283333	1	2.902875
14.300000	1	2.828875
14.316667	1	2.763875
14.333333	1	2.709250
14.350000	1	2.667500
14.366667	1	2.639875
14.383333	1	2.628750
14.400000	1	2.633500
14.416667	1	2.657000
14.433333	1	2.698625
14.450000	1	2.760000
14.466667	1	2.841500
14.483333	1	2.943125
14.500000	1	3.064625
14.516667	1	3.205750
14.533333	1	3.367000
14.550000	1	3.548125
14.566667	1	3.747875
14.583333	1	3.965500
14.600000	1	4.199250
14.616667	1	4.448500
14.633333	1	4.711125
14.650000	1	4.984375
14.666667	1	5.266625
14.683333	1	5.552000
14.700000	1	5.838125
14.716667	1	6.121250
14.733333	1	6.398500
14.750000	1	6.668000
14.766667	1	6.929875
14.783333	1	7.186375
14.800000	1	7.440250
14.816667	1	7.698375
14.833333	1	7.969875
14.850000	1	8.265500
14.866667	1	8.597000
14.883333	1	8.977000
14.900000	1	9.415750
14.916667	1	9.923625
14.933333	1	10.506000
14.950000	1	11.164875
14.966667	1	11.894250
14.983333	1	12.686625
15.000000	1	13.528625
15.016667	1	14.403625
15.033333	1	15.293875
15.050000	1	16.179750
15.066667	1	17.042500
15.083333	1	17.867625
15.100000	1	18.639750
15.116667	1	19.350625
15.133333	1	19.992125
15.150000	1	20.561375
15.166667	1	21.054750
15.183333	1	21.469000
15.200000	1	21.804250
15.216667	1	22.058875
15.233333	1	22.231125
15.250000	1	22.317250
15.266667	1	22.313750
15.283333	1	22.215875
15.300000	1	22.020750
15.316667	1	21.723750
15.333333	1	21.327375
15.350000	1	20.833125
15.366667	1	20.247875
15.383333	1	19.579250
15.400000	1	18.838750
15.416667	1	18.036125
15.433333	1	17.185875
15.450000	1	16.300125
15.466667	1	15.390875
15.483333	1	14.472750
15.500000	1	13.557375
15.516667	1	12.655625
15.533333	1	11.774875
15.550000	1	10.925375
15.566667	1	10.113875
15.583333	1	9.346250
15.600000	1	8.626000
15.616667	1	7.955250
15.633333	1	7.335750
15.650000	1	6.768500
15.666667	1	6.253000
15.683333	1	5.788000
15.700000	1	5.371750
15.716667	1	5.001875
15.733333	1	4.675625
15.750000	1	4.389250
15.766667	1	4.139875
15.783333	1	3.924375
15.800000	1	3.739750
15.816667	1	3.582750
15.833333	1	3.451500
15.850000	1	3.344125
15.866667	1	3.259500
15.883333	1	3.196000
15.900000	1	3.151250
15.916667	1	3.125000
15.933333	1	3.115750
15.950000	1	3.122375
15.966667	1	3.142625
15.983333	1	3.175875
16.000000	1	3.220500
16.016667	1	3.273500
16.033333	1	3.333875
16.050000	1	3.399750
16.066667	1	3.471000
16.083333	1	3.546375
16.100000	1	3.627375
16.116667	1	3.714250
16.133333	1	3.809625
16.150000	1	3.914625
16.166667	1	4.033000
16.183333	1	4.167125
16.200000	1	4.319000
16.216667	1	4.491500
16.233333	1	4.684125
16.250000	1	4.896750
16.266667	1	5.126125
16.283333	1	5.369000
16.300000	1	5.620750
16.316667	1	5.874250
16.333333	1	6.125500
16.350000	1	6.367500
16.366667	1	6.595875
16.383333	1	6.806250
16.400000	1	6.996625
16.416667	1	7.164625
16.433333	1	7.309000
16.450000	1	7.430000
16.466667	1	7.527500
16.483333	1	7.603500
16.500000	1	7.658500
16.516667	1	7.692375
16.533333	1	7.705875
16.550000	1	7.699000
16.566667	1	7.672000
16.583333	1	7.625250
16.600000	1	7.558125
16.616667	1	7.469500
16.633333	1	7.360125
16.650000	1	7.228500
16.666667	1	7.076625
16.683333	1	6.904000
16.700000	1	6.712625
16.716667	1	6.504750
16.733333	1	6.282625
16.750000	1	6.047500
16.766667	1	5.804000
16.783333	1	5.554875
16.800000	1	5.303125
16.816667	1	5.051125
16.833333	1	4.801375
16.850000	1	4.557625
16.866667	1	4.320750
16.883333	1	4.092875
16.900000	1	3.875375
16.916667	1	3.669875
16.933333	1	3.476500
16.950000	1	3.296500
16.966667	1	3.130125
16.983333	1	2.976625
17.000000	1	2.836250
17.016667	1	2.708500
17.033333	1	2.593000
17.050000	1	2.489500
17.066667	1	2.396125
17.083333	1	2.313375
17.100000	1	2.239750
17.116667	1	2.174875
17.133333	1	2.117250
17.150000	1	2.066625
17.166667	1	2.020875
17.183333	1	1.981250
17.200000	1	1.946250
17.216667	1	1.915125
17.233333	1	1.886500
17.250000	1	1.860875
17.266667	1	1.837375
17.283333	1	1.815750
17.300000	1	1.795750
17.316667	1	1.777250
17.333333	1	1.759250
17.350000	1	1.742000
17.366667	1	1.724875
17.383333	1	1.709375
17.400000	1	1.695125
17.416667	1	1.681750
17.433333	1	1.668000
17.450000	1	1.655000
17.466667	1	1.642750
17.483333	1	1.631250
17.500000	1	1.620250
17.516667	1	1.609750
17.533333	1	1.599125
17.550000	1	1.589250
17.566667	1	1.580125
17.583333	1	1.571875
17.600000	1	1.564000
17.616667	1	1.556750
17.633333	1	1.549875
17.650000	1	1.543750
17.666667	1	1.539000
17.683333	1	1.534875
17.700000	1	1.531875
17.716667	1	1.530625
17.733333	1	1.529375
17.750000	1	1.529500
17.766667	1	1.531250
17.783333	1	1.534750
17.800000	1	1.539000
17.816667	1	1.545375
17.833333	1	1.554250
17.850000	1	1.564750
17.866667	1	1.576625
17.883333	1	1.591125
17.900000	1	1.607125
17.916667	1	1.624625
17.933333	1	1.644250
17.950000	1	1.665000
17.966667	1	1.687125
17.983333	1	1.709500
18.000000	1	1.734000
18.016667	1	1.758125
18.033333	1	1.782875
18.050000	1	1.807625
18.066667	1	1.832375
18.083333	1	1.857375
18.100000	1	1.881625
18.116667	1	1.905000
18.133333	1	1.926750
18.150000	1	1.947500
18.166667	1	1.967750
18.183333	1	1.986625
18.200000	1	2.004000
18.216667	1	2.020000
18.233333	1	2.033250
18.250000	1	2.044375
18.266667	1	2.054000
18.283333	1	2.061250
18.300000	1	2.066250
18.316667	1	2.069000
18.333333	1	2.068750
18.350000	1	2.066375
18.366667	1	2.061750
18.383333	1	2.055500
18.400000	1	2.046875
18.416667	1	2.036125
18.433333	1	2.023375
18.450000	1	2.009625
18.466667	1	1.993875
18.483333	1	1.977375
18.500000	1	1.960250
18.516667	1	1.941125
18.533333	1	1.921250
18.550000	1	1.901000
18.566667	1	1.880750
18.583333	1	1.859500
18.600000	1	1.838375
18.616667	1	1.816375
18.633333	1	1.794125
18.650000	1	1.771375
18.666667	1	1.748750
18.683333	1	1.726125
18.700000	1	1.703125
18.716667	1	1.680750
18.733333	1	1.657375
18.750000	1	1.635750
18.766667	1	1.613375
18.783333	1	1.591875
18.800000	1	1.570875
18.816667	1	1.550000
18.833333	1	1.529875
18.850000	1	1.510625
18.866667	1	1.491375
18.883333	1	1.473625
18.900000	1	1.455750
18.916667	1	1.438375
18.933333	1	1.421625
18.950000	1	1.406125
18.966667	1	1.390625
18.983333	1	1.375125
19.000000	1	1.360875
19.016667	1	1.346875
19.033333	1	1.333000
19.050000	1	1.320500
19.066667	1	1.309125
19.083333	1	1.299000
19.100000	1	1.289750
19.116667	1	1.282500
19.133333	1	1.277125
19.150000	1	1.273250
19.166667	1	1.271625
19.183333	1	1.273875
19.200000	1	1.280125
19.216667	1	1.287875
19.233333	1	1.299250
19.250000	1	1.314125
19.266667	1	1.331500
19.283333	1	1.351875
19.300000	1	1.375250
19.316667	1	1.400500
19.333333	1	1.428375
19.350000	1	1.458500
19.366667	1	1.490375
19.383333	1	1.522625
19.400000	1	1.556375
19.416667	1	1.589500
19.433333	1	1.622875
19.450000	1	1.654875
19.466667	1	1.686500
19.483333	1	1.716500
19.500000	1	1.745375
19.516667	1	1.771875
19.533333	1	1.797125
19.550000	1	1.820500
19.566667	1	1.842000
19.583333	1	1.860750
19.600000	1	1.877000
19.616667	1	1.891250
19.633333	1	1.902000
19.650000	1	1.910125
19.666667	1	1.915875
19.683333	1	1.918250
19.700000	1	1.917375
19.716667	1	1.913875
19.733333	1	1.906500
19.750000	1	1.897250
19.766667	1	1.884125
19.783333	1	1.868250
19.800000	1	1.849375
19.816667	1	1.827625
19.833333	1	1.804500
19.850000	1	1.778875
19.866667	1	1.751750
19.883333	1	1.723500
19.900000	1	1.694250
19.916667	1	1.665250
19.933333	1	1.636750
19.950000	1	1.607875
19.966667	1	1.581375
19.983333	1	1.555375
20.000000	1	1.531375
20.016667	1	1.509625
20.033333	1	1.490125
20.050000	1	1.471375
20.066667	1	1.455750
20.083333	1	1.442875
20.100000	1	1.431625
20.116667	1	1.422375
20.133333	1	1.414875
20.150000	1	1.409750
20.166667	1	1.406000
20.183333	1	1.403750
20.200000	1	1.402750
20.216667	1	1.403125
20.233333	1	1.405375
20.250000	1	1.407750
20.266667	1	1.411500
20.283333	1	1.416375
20.300000	1	1.423625
20.316667	1	1.431625
20.333333	1	1.440375
20.350000	1	1.450875
20.366667	1	1.463125
20.383333	1	1.477000
20.400000	1	1.493125
20.416667	1	1.511750
20.433333	1	1.531500
20.450000	1	1.553250
20.466667	1	1.577125
20.483333	1	1.602625
20.500000	1	1.630250
20.516667	1	1.659500
20.533333	1	1.690250
20.550000	1	1.722500
20.566667	1	1.754875
20.583333	1	1.787750
20.600000	1	1.819250
20.616667	1	1.849875
20.633333	1	1.878750
20.650000	1	1.907125
20.666667	1	1.934000
20.683333	1	1.957875
20.700000	1	1.980000
20.716667	1	2.000125
20.733333	1	2.018500
20.750000	1	2.034750
20.766667	1	2.049250
20.783333	1	2.062750
20.800000	1	2.074625
20.816667	1	2.085750
20.833333	1	2.096000
20.850000	1	2.106000
20.866667	1	2.113750
20.883333	1	2.121875
20.900000	1	2.127750
20.916667	1	2.132750
20.933333	1	2.137125
20.950000	1	2.140000
20.966667	1	2.141875
20.983333	1	2.142875
21.000000	1	2.142000
21.016667	1	2.139125
21.033333	1	2.133375
21.050000	1	2.125250
21.066667	1	2.115625
21.083333	1	2.102875
21.100000	1	2.088000
21.116667	1	2.070750
21.133333	1	2.051750
21.150000	1	2.031750
21.166667	1	2.009250
21.183333	1	1.984750
21.200000	1	1.960125
21.216667	1	1.933625
21.233333	1	1.909000
21.250000	1	1.884375
21.266667	1	1.859000
21.283333	1	1.835000
21.300000	1	1.812500
21.316667	1	1.790000
21.333333	1	1.767125
21.350000	1	1.745875
21.366667	1	1.724750
21.383333	1	1.704000
21.400000	1	1.681750
21.416667	1	1.658750
21.433333	1	1.635625
21.450000	1	1.610750
21.466667	1	1.584000
21.483333	1	1.555500
21.500000	1	1.525875
21.516667	1	1.494000
21.533333	1	1.460750
21.550000	1	1.425125
21.566667	1	1.388625
21.583333	1	1.350375
21.600000	1	1.311500
21.616667	1	1.272125
21.633333	1	1.231500
21.650000	1	1.191125
21.666667	1	1.151125
21.683333	1	1.111250
21.700000	1	1.072875
21.716667	1	1.035750
21.733333	1	1.000250
21.750000	1	0.966250
21.766667	1	0.934250
21.783333	1	0.903750
21.800000	1	0.875875
21.816667	1	0.850125
21.833333	1	0.826250
21.850000	1	0.803250
21.866667	1	0.783375
21.883333	1	0.765375
21.900000	1	0.749250
21.916667	1	0.735500
21.933333	1	0.723000
21.950000	1	0.712500
21.966667	1	0.703750
21.983333	1	0.696875
22.000000	1	0.691625
22.016667	1	0.688125
22.033333	1	0.685500
22.050000	1	0.683875
22.066667	1	0.684625
22.083333	1	0.685750
22.100000	1	0.688125
22.116667	1	0.691750
22.133333	1	0.695750
22.150000	1	0.700000
22.166667	1	0.705125
22.183333	1	0.710875
22.200000	1	0.716250
22.216667	1	0.721875
22.233333	1	0.726750
22.250000	1	0.731625
22.266667	1	0.737125
22.283333	1	0.741875
22.300000	1	0.746000
22.316667	1	0.750750
22.333333	1	0.754250
22.350000	1	0.757625
22.366667	1	0.760750
22.383333	1	0.763750
22.400000	1	0.765000
22.416667	1	0.766875
22.433333	1	0.768500
22.450000	1	0.768250
22.466667	1	0.768125
22.483333	1	0.767625
22.500000	1	0.766375
22.516667	1	0.764875
22.533333	1	0.763125
22.550000	1	0.760125
22.566667	1	0.756375
22.583333	1	0.753250
22.600000	1	0.749125
22.616667	1	0.745625
22.633333	1	0.741250
22.650000	1	0.736125
22.666667	1	0.731625
22.683333	1	0.726875
22.700000	1	0.722500
22.716667	1	0.718750
22.733333	1	0.716000
22.750000	1	0.713250
22.766667	1	0.711125
22.783333	1	0.709500
22.800000	1	0.708750
22.816667	1	0.708375
22.833333	1	0.708625
22.850000	1	0.710000
22.866667	1	0.711875
22.883333	1	0.714000
22.900000	1	0.716250
22.916667	1	0.718750
22.933333	1	0.721500
22.950000	1	0.725500
22.966667	1	0.728750
22.983333	1	0.732250
23.000000	1	0.736000
23.016667	1	0.738500
23.033333	1	0.741500
23.050000	1	0.743750
23.066667	1	0.745250
23.083333	1	0.746625
23.100000	1	0.747625
23.116667	1	0.748125
23.133333	1	0.748625
23.150000	1	0.748750
23.166667	1	0.748375
23.183333	1	0.746875
23.200000	1	0.745125
23.216667	1	0.742750
23.233333	1	0.739625
23.250000	1	0.735875
23.266667	1	0.731375
23.283333	1	0.726625
23.300000	1	0.721625
23.316667	1	0.716375
23.333333	1	0.710500
23.350000	1	0.704000
23.366667	1	0.696625
23.383333	1	0.688750
23.400000	1	0.681250
23.416667	1	0.673250
23.433333	1	0.664875
23.450000	1	0.656625
23.466667	1	0.647750
23.483333	1	0.639375
23.500000	1	0.630750
23.516667	1	0.621125
23.533333	1	0.612500
23.550000	1	0.604625
23.566667	1	0.596125
23.583333	1	0.587625
23.600000	1	0.579375
23.616667	1	0.572125
23.633333	1	0.564625
23.650000	1	0.558125
23.666667	1	0.552375
23.683333	1	0.547125
23.700000	1	0.543250
23.716667	1	0.540250
23.733333	1	0.538000
23.750000	1	0.537750
23.766667	1	0.539250
23.783333	1	0.542250
23.800000	1	0.548000
23.816667	1	0.555750
23.833333	1	0.566000
23.850000	1	0.579750
23.866667	1	0.596500
23.883333	1	0.616500
23.900000	1	0.638875
23.916667	1	0.665625
23.933333	1	0.695125
23.950000	1	0.727375
23.966667	1	0.762875
23.983333	1	0.800875
24.000000	1	0.842625
24.016667	1	0.885375
24.033333	1	0.929875
24.050000	1	0.975750
24.066667	1	1.022625
24.083333	1	1.069625
24.100000	1	1.116625
24.116667	1	1.163250
24.133333	1	1.209375
24.150000	1	1.254250
24.166667	1	1.297125
24.183333	1	1.338625
24.200000	1	1.378375
24.216667	1	1.416250
24.233333	1	1.452250
24.250000	1	1.485375
24.266667	1	1.516125
24.283333	1	1.544500
24.300000	1	1.570500
24.316667	1	1.593500
24.333333	1	1.614250
24.350000	1	1.631875
24.366667	1	1.645750
24.383333	1	1.655750
24.400000	1	1.662750
24.416667	1	1.665875
24.433333	1	1.665125
24.450000	1	1.660250
24.466667	1	1.651875
24.483333	1	1.639250
24.500000	1	1.622750
24.516667	1	1.603375
24.533333	1	1.580250
24.550000	1	1.554000
24.566667	1	1.525125
24.583333	1	1.494125
24.600000	1	1.461125
24.616667	1	1.426125
24.633333	1	1.390125
24.650000	1	1.354250
24.666667	1	1.317875
24.683333	1	1.282250
24.700000	1	1.247375
24.716667	1	1.212500
24.733333	1	1.180000
24.750000	1	1.148750
24.766667	1	1.119125
24.783333	1	1.091625
24.800000	1	1.066000
24.816667	1	1.041750
24.833333	1	1.019500
24.850000	1	0.999750
24.866667	1	0.982000
24.883333	1	0.965875
24.900000	1	0.952125
24.916667	1	0.939750
24.933333	1	0.928625
24.950000	1	0.918500
24.966667	1	0.908875
24.983333	1	0.900500
25.000000	1	0.892250
25.016667	1	0.883750
25.033333	1	0.877125
25.050000	1	0.870625
25.066667	1	0.863875
25.083333	1	0.856500
25.100000	1	0.849375
25.116667	1	0.840750
25.133333	1	0.832250
25.150000	1	0.823000
25.166667	1	0.812875
25.183333	1	0.802500
25.200000	1	0.791250
25.216667	1	0.778625
25.233333	1	0.765250
25.250000	1	0.751500
25.266667	1	0.736875
25.283333	1	0.720875
25.300000	1	0.704500
25.316667	1	0.688250
25.333333	1	0.671625
25.350000	1	0.654875
25.366667	1	0.637500
25.383333	1	0.620500
25.400000	1	0.603500
25.416667	1	0.586500
25.433333	1	0.569500
25.450000	1	0.553000
25.466667	1	0.537625
25.483333	1	0.522375
25.500000	1	0.508000
25.516667	1	0.494125
25.533333	1	0.480875
25.550000	1	0.468125
25.566667	1	0.457000
25.583333	1	0.446750
25.600000	1	0.438000
25.616667	1	0.430125
25.633333	1	0.423500
25.650000	1	0.416500
25.666667	1	0.410375
25.683333	1	0.405000
25.700000	1	0.400750
25.716667	1	0.396875
25.733333	1	0.394250
25.750000	1	0.392125
25.766667	1	0.390750
25.783333	1	0.389500
25.800000	1	0.389500
25.816667	1	0.390250
25.833333	1	0.390625
25.850000	1	0.391875
25.866667	1	0.392875
25.883333	1	0.394750
25.900000	1	0.396625
25.916667	1	0.399625
25.933333	1	0.401625
25.950000	1	0.404625
25.966667	1	0.407625
25.983333	1	0.410875
26.000000	1	0.414125
26.016667	1	0.417375
26.033333	1	0.420875
26.050000	1	0.424625
26.066667	1	0.428250
26.083333	1	0.432000
26.100000	1	0.435875
26.116667	1	0.439125
26.133333	1	0.443250
26.150000	1	0.446500
26.166667	1	0.449750
26.183333	1	0.453250
26.200000	1	0.456375
26.216667	1	0.459750
26.233333	1	0.462500
26.250000	1	0.465500
26.266667	1	0.468875
26.283333	1	0.472250
26.300000	1	0.475500
26.316667	1	0.479375
26.333333	1	0.482625
26.350000	1	0.485625
26.366667	1	0.489000
26.383333	1	0.492375
26.400000	1	0.496750
26.416667	1	0.500625
26.433333	1	0.504250
26.450000	1	0.509125
26.466667	1	0.512625
26.483333	1	0.517125
26.500000	1	0.521250
26.516667	1	0.525375
26.533333	1	0.529750
26.550000	1	0.533750
26.566667	1	0.538500
26.583333	1	0.542625
26.600000	1	0.546875
26.616667	1	0.550500
26.633333	1	0.554625
26.650000	1	0.558500
26.666667	1	0.562500
26.683333	1	0.566375
26.700000	1	0.569500
26.716667	1	0.573250
26.733333	1	0.576875
26.750000	1	0.580125
26.766667	1	0.582250
26.783333	1	0.584375
26.800000	1	0.586125
26.816667	1	0.587875
26.833333	1	0.589125
26.850000	1	0.589875
26.866667	1	0.589875
26.883333	1	0.590000
26.900000	1	0.589750
26.916667	1	0.588875
26.933333	1	0.587875
26.950000	1	0.586375
26.966667	1	0.584500
26.983333	1	0.582000
27.000000	1	0.579375
27.016667	1	0.575625
27.033333	1	0.572625
27.050000	1	0.569375
27.066667	1	0.565875
27.083333	1	0.561625
27.100000	1	0.557500
27.116667	1	0.552875
27.133333	1	0.547875
27.150000	1	0.543000
27.166667	1	0.537750
27.183333	1	0.532125
27.200000	1	0.525500
27.216667	1	0.518875
27.233333	1	0.511750
27.250000	1	0.504500
27.266667	1	0.497750
27.283333	1	0.490625
27.300000	1	0.483375
27.316667	1	0.475500
27.333333	1	0.467000
27.350000	1	0.458750
27.366667	1	0.450125
27.383333	1	0.442000
27.400000	1	0.433500
27.416667	1	0.424250
27.433333	1	0.415875
27.450000	1	0.407000
27.466667	1	0.398625
27.483333	1	0.390375
27.500000	1	0.382375
27.516667	1	0.373875
27.533333	1	0.366125
27.550000	1	0.358625
27.566667	1	0.351250
27.583333	1	0.344750
27.600000	1	0.338250
27.616667	1	0.331875
27.633333	1	0.327250
27.650000	1	0.322500
27.666667	1	0.318625
27.683333	1	0.316000
27.700000	1	0.314875
27.716667	1	0.314750
27.733333	1	0.316500
27.750000	1	0.320250
27.766667	1	0.326375
27.783333	1	0.335000
27.800000	1	0.346125
27.816667	1	0.360500
27.833333	1	0.379375
27.850000	1	0.402375
27.866667	1	0.430000
27.883333	1	0.462375
27.900000	1	0.500250
27.916667	1	0.543750
27.933333	1	0.593250
27.950000	1	0.648875
27.966667	1	0.710500
27.983333	1	0.778000
28.000000	1	0.852125
28.016667	1	0.931625
28.033333	1	1.016375
28.050000	1	1.107250
28.066667	1	1.202250
28.083333	1	1.301000
28.100000	1	1.403125
28.116667	1	1.508500
28.133333	1	1.614625
28.150000	1	1.722125
28.166667	1	1.829000
28.183333	1	1.934875
28.200000	1	2.038750
28.216667	1	2.141000
28.233333	1	2.239625
28.250000	1	2.335125
28.266667	1	2.426500
28.283333	1	2.513250
28.300000	1	2.595125
28.316667	1	2.671750
28.333333	1	2.744500
28.350000	1	2.811000
28.366667	1	2.872250
28.383333	1	2.928375
28.400000	1	2.979750
28.416667	1	3.027500
28.433333	1	3.070250
28.450000	1	3.108125
28.466667	1	3.140750
28.483333	1	3.168375
28.500000	1	3.191250
28.516667	1	3.208875
28.533333	1	3.221375
28.550000	1	3.228375
28.566667	1	3.228875
28.583333	1	3.223625
28.600000	1	3.211500
28.616667	1	3.192500
28.633333	1	3.166875
28.650000	1	3.133750
28.666667	1	3.093250
28.683333	1	3.045500
28.700000	1	2.989500
28.716667	1	2.926375
28.733333	1	2.855500
28.750000	1	2.778000
28.766667	1	2.693500
28.783333	1	2.603250
28.800000	1	2.506625
28.816667	1	2.406750
28.833333	1	2.302125
28.850000	1	2.193625
28.866667	1	2.083375
28.883333	1	1.971500
28.900000	1	1.858625
28.916667	1	1.746250
28.933333	1	1.634750
28.950000	1	1.525250
28.966667	1	1.417500
28.983333	1	1.312750
29.000000	1	1.212000
29.016667	1	1.115625
29.033333	1	1.023250
29.050000	1	0.935250
29.066667	1	0.852375
29.083333	1	0.774250
29.100000	1	0.701750
29.116667	1	0.633750
29.133333	1	0.570500
29.150000	1	0.512750
29.166667	1	0.459625
29.183333	1	0.411000
29.200000	1	0.366375
29.216667	1	0.326125
29.233333	1	0.290000
29.250000	1	0.257250
29.266667	1	0.228500
29.283333	1	0.201875
29.300000	1	0.178875
29.316667	1	0.158750
29.333333	1	0.140875
29.350000	1	0.125625
29.366667	1	0.111500
29.383333	1	0.099625
29.400000	1	0.089625
29.416667	1	0.082375
29.433333	1	0.076000
29.450000	1	0.071375
29.466667	1	0.067250
29.483333	1	0.065250
29.500000	1	0.064250
29.516667	1	0.065125
29.533333	1	0.066125
29.550000	1	0.069875
29.566667	1	0.074125
29.583333	1	0.079125
29.600000	1	0.085125
29.616667	1	0.092125
29.633333	1	0.100125
29.650000	1	0.107875
29.666667	1	0.117500
29.683333	1	0.128125
29.700000	1	0.139750
29.716667	1	0.150750
29.733333	1	0.163625
29.750000	1	0.176000
29.766667	1	0.188875
29.783333	1	0.203125
29.800000	1	0.217250
29.816667	1	0.231625
29.833333	1	0.245875
29.850000	1	0.261500
29.866667	1	0.277000
29.883333	1	0.291375
29.900000	1	0.306250
29.916667	1	0.321000
29.933333	1	0.335250
29.950000	1	0.348875
29.966667	1	0.362125
29.983333	1	0.375125
30.000000	1	0.388125
30.016667	1	0.400875
30.033333	1	0.412000
30.050000	1	0.422750
30.066667	1	0.433500
30.083333	1	0.443250
30.100000	1	0.452875
30.116667	1	0.461625
30.133333	1	0.469750
30.150000	1	0.477000
30.166667	1	0.484250
30.183333	1	0.490500
30.200000	1	0.496625
30.216667	1	0.502125
30.233333	1	0.506000
30.250000	1	0.510625
30.266667	1	0.515250
30.283333	1	0.518375
30.300000	1	0.521500
30.316667	1	0.524250
30.333333	1	0.526375
30.350000	1	0.527750
30.366667	1	0.528625
30.383333	1	0.530125
30.400000	1	0.531375
30.416667	1	0.531125
30.433333	1	0.531000
30.450000	1	0.530625
30.466667	1	0.530250
30.483333	1	0.529500
30.500000	1	0.528375
30.516667	1	0.526875
30.533333	1	0.524500
30.550000	1	0.522750
30.566667	1	0.519750
30.583333	1	0.516875
30.600000	1	0.514625
30.616667	1	0.512000
30.633333	1	0.509000
30.650000	1	0.505875
30.666667	1	0.502500
30.683333	1	0.499625
30.700000	1	0.496500
30.716667	1	0.493250
30.733333	1	0.490500
30.750000	1	0.487875
30.766667	1	0.485375
30.783333	1	0.483375
30.800000	1	0.481625
30.816667	1	0.480000
30.833333	1	0.479000
30.850000	1	0.478000
30.866667	1	0.477750
30.883333	1	0.478375
30.900000	1	0.479000
30.916667	1	0.479875
30.933333	1	0.481625
30.950000	1	0.483750
30.966667	1	0.485625
30.983333	1	0.488500
31.000000	1	0.491375
31.016667	1	0.494250
31.033333	1	0.497625
31.050000	1	0.501125
31.066667	1	0.505250
31.083333	1	0.508750
31.100000	1	0.513000
31.116667	1	0.517875
31.133333	1	0.521875
31.150000	1	0.526000
31.166667	1	0.529625
31.183333	1	0.533625
31.200000	1	0.537375
31.216667	1	0.541250
31.233333	1	0.544750
31.250000	1	0.548750
31.266667	1	0.551875
31.283333	1	0.554500
31.300000	1	0.558125
31.316667	1	0.561250
31.333333	1	0.563750
31.350000	1	0.566250
31.366667	1	0.568375
31.383333	1	0.571000
31.400000	1	0.573000
31.416667	1	0.574500
31.433333	1	0.576500
31.450000	1	0.577375
31.466667	1	0.578625
31.483333	1	0.579000
31.500000	1	0.579375
31.516667	1	0.579750
31.533333	1	0.579250
31.550000	1	0.578500
31.566667	1	0.577500
31.583333	1	0.575875
31.600000	1	0.574250
31.616667	1	0.572375
31.633333	1	0.569875
31.650000	1	0.566500
31.666667	1	0.563375
31.683333	1	0.559625
31.700000	1	0.556000
31.716667	1	0.552000
31.733333	1	0.547750
31.750000	1	0.543125
31.766667	1	0.538875
31.783333	1	0.534500
31.800000	1	0.530500
31.816667	1	0.525875
31.833333	1	0.520750
31.850000	1	0.516250
31.866667	1	0.512500
31.883333	1	0.508375
31.900000	1	0.504250
31.916667	1	0.501500
31.933333	1	0.498000
31.950000	1	0.495625
31.966667	1	0.493125
31.983333	1	0.490875
32.000000	1	0.489250
32.016667	1	0.488375
32.033333	1	0.488125
32.050000	1	0.489000
32.066667	1	0.489375
32.083333	1	0.490625
32.100000	1	0.492375
32.116667	1	0.495375
32.133333	1	0.498125
32.150000	1	0.501000
32.166667	1	0.505125
32.183333	1	0.510000
32.200000	1	0.514625
32.216667	1	0.520250
32.233333	1	0.526375
32.250000	1	0.532375
32.266667	1	0.538625
32.283333	1	0.545000
32.300000	1	0.551875
32.316667	1	0.559125
32.333333	1	0.567250
32.350000	1	0.574375
32.366667	1	0.581375
32.383333	1	0.588625
32.400000	1	0.596375
32.416667	1	0.603125
32.433333	1	0.609750
32.450000	1	0.616750
32.466667	1	0.623375
32.483333	1	0.629875
32.500000	1	0.635625
32.516667	1	0.640875
32.533333	1	0.645375
32.550000	1	0.650500
32.566667	1	0.654875
32.583333	1	0.659250
32.600000	1	0.662375
32.616667	1	0.665875
32.633333	1	0.668125
32.650000	1	0.670375
32.666667	1	0.672125
32.683333	1	0.673375
32.700000	1	0.674250
32.716667	1	0.673875
32.733333	1	0.672875
32.750000	1	0.671750
32.766667	1	0.670375
32.783333	1	0.667500
32.800000	1	0.663875
32.816667	1	0.660750
32.833333	1	0.656875
32.850000	1	0.652125
32.866667	1	0.647250
32.883333	1	0.641375
32.900000	1	0.634250
32.916667	1	0.627250
32.933333	1	0.619625
32.950000	1	0.610625
32.966667	1	0.602125
32.983333	1	0.592375
33.000000	1	0.582000
33.016667	1	0.571375
33.033333	1	0.559750
33.050000	1	0.548125
33.066667	1	0.535750
33.083333	1	0.523000
33.100000	1	0.510375
33.116667	1	0.497375
33.133333	1	0.483750
33.150000	1	0.470250
33.166667	1	0.456250
33.183333	1	0.442250
33.200000	1	0.427500
33.216667	1	0.413000
33.233333	1	0.399000
33.250000	1	0.383875
33.266667	1	0.369125
33.283333	1	0.354375
33.300000	1	0.339750
33.316667	1	0.325250
33.333333	1	0.311500
33.350000	1	0.296875
33.366667	1	0.283000
33.383333	1	0.269250
33.400000	1	0.256125
33.416667	1	0.243625
33.433333	1	0.230500
33.450000	1	0.218375
33.466667	1	0.206625
33.483333	1	0.195250
33.500000	1	0.184500
33.516667	1	0.173375
33.533333	1	0.163625
33.550000	1	0.154250
33.566667	1	0.145375
33.583333	1	0.137875
33.600000	1	0.129375
33.616667	1	0.121750
33.633333	1	0.114125
33.650000	1	0.107375
33.666667	1	0.100375
33.683333	1	0.094500
33.700000	1	0.089125
33.716667	1	0.083625
33.733333	1	0.078750
33.750000	1	0.073750
33.766667	1	0.070000
33.783333	1	0.066750
33.800000	1	0.063500
33.816667	1	0.060000
33.833333	1	0.057625
33.850000	1	0.055125
33.866667	1	0.052750
33.883333	1	0.050750
33.900000	1	0.048625
33.916667	1	0.047125
33.933333	1	0.046000
33.950000	1	0.044375
33.966667	1	0.044375
33.983333	1	0.043750
34.000000	1	0.043250
34.016667	1	0.043625
34.033333	1	0.043625
34.050000	1	0.044500
34.066667	1	0.044625
34.083333	1	0.045750
34.100000	1	0.047500
34.116667	1	0.049125
34.133333	1	0.051375
34.150000	1	0.053750
34.166667	1	0.056625
34.183333	1	0.059500
34.200000	1	0.062875
34.216667	1	0.067750
34.233333	1	0.072750
34.250000	1	0.078500
34.266667	1	0.084875
34.283333	1	0.091875
34.300000	1	0.099375
34.316667	1	0.107750
34.333333	1	0.116375
34.350000	1	0.126000
34.366667	1	0.136625
34.383333	1	0.147750
34.400000	1	0.159750
34.416667	1	0.172500
34.433333	1	0.184625
34.450000	1	0.198375
34.466667	1	0.212250
34.483333	1	0.226000
34.500000	1	0.240500
34.516667	1	0.254500
34.533333	1	0.268750
34.550000	1	0.283625
34.566667	1	0.298250
34.583333	1	0.313000
34.600000	1	0.327875
34.616667	1	0.342000
34.633333	1	0.356625
34.650000	1	0.370500
34.666667	1	0.384125
34.683333	1	0.397000
34.700000	1	0.409375
34.716667	1	0.421625
34.733333	1	0.433375
34.750000	1	0.444625
34.766667	1	0.455375
34.783333	1	0.465125
34.800000	1	0.474375
34.816667	1	0.483375
34.833333	1	0.491625
34.850000	1	0.499625
34.866667	1	0.506625
34.883333	1	0.513250
34.900000	1	0.519625
34.916667	1	0.525375
34.933333	1	0.530250
34.950000	1	0.534125
34.966667	1	0.537000
34.983333	1	0.539625
35.000000	1	0.541500
35.016667	1	0.542750
35.033333	1	0.543125
35.050000	1	0.542625
35.066667	1	0.540875
35.083333	1	0.539375
35.100000	1	0.536375
35.116667	1	0.531875
35.133333	1	0.526750
35.150000	1	0.520500
35.166667	1	0.513125
35.183333	1	0.505750
35.200000	1	0.497000
35.216667	1	0.487750
35.233333	1	0.477875
35.250000	1	0.466750
35.266667	1	0.454875
35.283333	1	0.442375
35.300000	1	0.429000
35.316667	1	0.414000
35.333333	1	0.400500
35.350000	1	0.385750
35.366667	1	0.371750
35.383333	1	0.356625
35.400000	1	0.341875
35.416667	1	0.327250
35.433333	1	0.312125
35.450000	1	0.297375
35.466667	1	0.283250
35.483333	1	0.269250
35.500000	1	0.255750
35.516667	1	0.242750
35.533333	1	0.230750
35.550000	1	0.218750
35.566667	1	0.207500
35.583333	1	0.196750
35.600000	1	0.187125
35.616667	1	0.178250
35.633333	1	0.169375
35.650000	1	0.160500
35.666667	1	0.152750
35.683333	1	0.145875
35.700000	1	0.140000
35.716667	1	0.134250
35.733333	1	0.128875
35.750000	1	0.124500
35.766667	1	0.121000
35.783333	1	0.117750
35.800000	1	0.115125
35.816667	1	0.113250
35.833333	1	0.111125
35.850000	1	0.109750
35.866667	1	0.109625
35.883333	1	0.109000
35.900000	1	0.108375
35.916667	1	0.108125
35.933333	1	0.107750
35.950000	1	0.107875
35.966667	1	0.108875
35.983333	1	0.109750
36.000000	1	0.111000
36.016667	1	0.112000
36.033333	1	0.113625
36.050000	1	0.115625
36.066667	1	0.117125
36.083333	1	0.118750
36.100000	1	0.121375
36.116667	1	0.123875
36.133333	1	0.126875
36.150000	1	0.128875
36.166667	1	0.131750
36.183333	1	0.135125
36.200000	1	0.137750
36.216667	1	0.140125
36.233333	1	0.143375
36.250000	1	0.146750
36.266667	1	0.150375
36.283333	1	0.154000
36.300000	1	0.157625
36.316667	1	0.161375
36.333333	1	0.165250
36.350000	1	0.169125
36.366667	1	0.173125
36.383333	1	0.177500
36.400000	1	0.181250
36.416667	1	0.184875
36.433333	1	0.188750
36.450000	1	0.192625
36.466667	1	0.196250
36.483333	1	0.199750
36.500000	1	0.203250
36.516667	1	0.206375
36.533333	1	0.209875
36.550000	1	0.214375
36.566667	1	0.217750
36.583333	1	0.221125
36.600000	1	0.224750
36.616667	1	0.227625
36.633333	1	0.230500
36.650000	1	0.233500
36.666667	1	0.236375
36.683333	1	0.239250
36.700000	1	0.241875
36.716667	1	0.245000
36.733333	1	0.247750
36.750000	1	0.250125
36.766667	1	0.252750
36.783333	1	0.255250
36.800000	1	0.257750
36.816667	1	0.259875
36.833333	1	0.262250
36.850000	1	0.264375
36.866667	1	0.266250
36.883333	1	0.269250
36.900000	1	0.271125
36.916667	1	0.273625
36.933333	1	0.275875
36.950000	1	0.277375
36.966667	1	0.278875
36.983333	1	0.279875
37.000000	1	0.280750
37.016667	1	0.281625
37.033333	1	0.282000
37.050000	1	0.282750
37.066667	1	0.283500
37.083333	1	0.283625
37.100000	1	0.284250
37.116667	1	0.283625
37.133333	1	0.283500
37.150000	1	0.282875
37.166667	1	0.281625
37.183333	1	0.279875
37.200000	1	0.278375
37.216667	1	0.276875
37.233333	1	0.274375
37.250000	1	0.272125
37.266667	1	0.269375
37.283333	1	0.266500
37.300000	1	0.263625
37.316667	1	0.259875
37.333333	1	0.256500
37.350000	1	0.253375
37.366667	1	0.249875
37.383333	1	0.246250
37.400000	1	0.242250
37.416667	1	0.238375
37.433333	1	0.234125
37.450000	1	0.229875
37.466667	1	0.225750
37.483333	1	0.220500
37.500000	1	0.216000
37.516667	1	0.211250
37.533333	1	0.206625
37.550000	1	0.201375
37.566667	1	0.196500
37.583333	1	0.191750
37.600000	1	0.186375
37.616667	1	0.181250
37.633333	1	0.175875
37.650000	1	0.171125
37.666667	1	0.165750
37.683333	1	0.161125
37.700000	1	0.156750
37.716667	1	0.151375
37.733333	1	0.146500
37.750000	1	0.141625
37.766667	1	0.136375
37.783333	1	0.131125
37.800000	1	0.126125
37.816667	1	0.121250
37.833333	1	0.116375
37.850000	1	0.111500
37.866667	1	0.106625
37.883333	1	0.101000
37.900000	1	0.096625
37.916667	1	0.092250
37.933333	1	0.087875
37.950000	1	0.083500
37.966667	1	0.079500
37.983333	1	0.075250
38.000000	1	0.071000
38.016667	1	0.067375
38.033333	1	0.063375
38.050000	1	0.059875
38.066667	1	0.056000
38.083333	1	0.052250
38.100000	1	0.049625
38.116667	1	0.046375
38.133333	1	0.042750
38.150000	1	0.040125
38.166667	1	0.037625
38.183333	1	0.034750
38.200000	1	0.032375
38.216667	1	0.030250
38.233333	1	0.028125
38.250000	1	0.025750
38.266667	1	0.024500
38.283333	1	0.023000
38.300000	1	0.021500
38.316667	1	0.020250
38.333333	1	0.019250
38.350000	1	0.018000
38.366667	1	0.017000
38.383333	1	0.016000
38.400000	1	0.015000
38.416667	1	0.013875
38.433333	1	0.013000
38.450000	1	0.011750
38.466667	1	0.011125
38.483333	1	0.010125
38.500000	1	0.010125
38.516667	1	0.009750
38.533333	1	0.009375
38.550000	1	0.009125
38.566667	1	0.009125
38.583333	1	0.008625
38.600000	1	0.008125
38.616667	1	0.007625
38.633333	1	0.007375
38.650000	1	0.007125
38.666667	1	0.006500
38.683333	1	0.007000
38.700000	1	0.007125
38.716667	1	0.007250
38.733333	1	0.007500
38.750000	1	0.007750
38.766667	1	0.007250
38.783333	1	0.007500
38.800000	1	0.008000
38.816667	1	0.007625
38.833333	1	0.008000
38.850000	1	0.008250
38.866667	1	0.008375
38.883333	1	0.008625
38.900000	1	0.009250
38.916667	1	0.009375
38.933333	1	0.009875
38.950000	1	0.009750
38.966667	1	0.009500
38.983333	1	0.009500
39.000000	1	0.010125
39.016667	1	0.010125
39.033333	1	0.010000
39.050000	1	0.010125
39.066667	1	0.009875
39.083333	1	0.010125
39.100000	1	0.010125
39.116667	1	0.009875
39.133333	1	0.009125
39.150000	1	0.008750
39.166667	1	0.008250
39.183333	1	0.008250
39.200000	1	0.008750
39.216667	1	0.008125
39.233333	1	0.007500
39.250000	1	0.007125
39.266667	1	0.007250
39.283333	1	0.007250
39.300000	1	0.006875
39.316667	1	0.006875
39.333333	1	0.006375
39.350000	1	0.006500
39.366667	1	0.007000
39.383333	1	0.007000
39.400000	1	0.006625
39.416667	1	0.006000
39.433333	1	0.005875
39.450000	1	0.005625
39.466667	1	0.005375
39.483333	1	0.005000
39.500000	1	0.005125
39.516667	1	0.005125
39.533333	1	0.004750
39.550000	1	0.003875
39.566667	1	0.003375
39.583333	1	0.003125
39.600000	1	0.002625
39.616667	1	0.001875
39.633333	1	0.001625
39.650000	1	0.001375
39.666667	1	0.001250
39.683333	1	-0.000125
39.700000	1	-0.000375
39.716667	1	-0.000250
39.733333	1	-0.001250
39.750000	1	-0.002375
39.766667	1	-0.002750
39.783333	1	-0.003750
39.800000	1	-0.004750
39.816667	1	-0.005000
39.833333	1	-0.005625
39.850000	1	-0.006375
39.866667	1	-0.007250
39.883333	1	-0.007125
39.900000	1	-0.007875
39.916667	1	-0.007625
39.933333	1	-0.007250
39.950000	1	-0.007250
39.966667	1	-0.006625
39.983333	1	-0.005875
40.000000	1	-0.005500
