File Path	chrom://marshall/Chromeleon7/HPLC_Ultimate_3000/Users/markusar/20230107.seq/963.smp/RI_1.channel/RI_1.chm
Channel	RI_1

Injection Information:
Data Vault	Chromeleon7
Injection	ri2.4
Injection Number	17
Position	RC1
Comment	
Processing Method	
Instrument Method	std_method
Type	Unknown
Status	Finished
Injection Date	08.01.2023
Injection Time	02:49:36
Injection Volume (µl)	20.000
Dilution Factor	1.0000
Weight	1.0000

Chromatogram Data Information:
Time Min. (min)	0.000000
Time Max. (min)	40.000000
Data Points	2401
Detector	RI
Generating Data System	Chromeleon 7.2.5.9507
Exporting Data System	Chromeleon 7.2.5.0
Operator	Instrument Controller
Signal Quantity	Refractive 
Signal Unit	µRIU
Signal Min.	-0.062875
Signal Max.	109.776875
Channel	RI_1
Driver Name	RID520Driver.dll
Channel Type	Evaluation
Min. Step (s)	1
Max. Step (s)	1
Average Step (s)	1

Signal Parameter Information:
Signal Info	

Chromatogram Data:
Time (min)	Step (s)	Value (µRIU)
0.000000	n.a.	0.156250
0.016667	1	0.158125
0.033333	1	0.160625
0.050000	1	0.163125
0.066667	1	0.165500
0.083333	1	0.167625
0.100000	1	0.169500
0.116667	1	0.170750
0.133333	1	0.172125
0.150000	1	0.173375
0.166667	1	0.174875
0.183333	1	0.176500
0.200000	1	0.178250
0.216667	1	0.179625
0.233333	1	0.181125
0.250000	1	0.181875
0.266667	1	0.183000
0.283333	1	0.184000
0.300000	1	0.184500
0.316667	1	0.185125
0.333333	1	0.185625
0.350000	1	0.186250
0.366667	1	0.186500
0.383333	1	0.186375
0.400000	1	0.186250
0.416667	1	0.186000
0.433333	1	0.185250
0.450000	1	0.184625
0.466667	1	0.183875
0.483333	1	0.183375
0.500000	1	0.182375
0.516667	1	0.180250
0.533333	1	0.178750
0.550000	1	0.177125
0.566667	1	0.176000
0.583333	1	0.174750
0.600000	1	0.174250
0.616667	1	0.173375
0.633333	1	0.172750
0.650000	1	0.171875
0.666667	1	0.171250
0.683333	1	0.170125
0.700000	1	0.169000
0.716667	1	0.167125
0.733333	1	0.165625
0.750000	1	0.163125
0.766667	1	0.160625
0.783333	1	0.157500
0.800000	1	0.154125
0.816667	1	0.151625
0.833333	1	0.148250
0.850000	1	0.145250
0.866667	1	0.142625
0.883333	1	0.139750
0.900000	1	0.137125
0.916667	1	0.134500
0.933333	1	0.132250
0.950000	1	0.130000
0.966667	1	0.127625
0.983333	1	0.125750
1.000000	1	0.123000
1.016667	1	0.120875
1.033333	1	0.118875
1.050000	1	0.116500
1.066667	1	0.115000
1.083333	1	0.113250
1.100000	1	0.112125
1.116667	1	0.109875
1.133333	1	0.108375
1.150000	1	0.106500
1.166667	1	0.104625
1.183333	1	0.104000
1.200000	1	0.102625
1.216667	1	0.100875
1.233333	1	0.099250
1.250000	1	0.097375
1.266667	1	0.095375
1.283333	1	0.093750
1.300000	1	0.092125
1.316667	1	0.091500
1.333333	1	0.090000
1.350000	1	0.088625
1.366667	1	0.086500
1.383333	1	0.084875
1.400000	1	0.083375
1.416667	1	0.081875
1.433333	1	0.080250
1.450000	1	0.078875
1.466667	1	0.077000
1.483333	1	0.075125
1.500000	1	0.073875
1.516667	1	0.072125
1.533333	1	0.070250
1.550000	1	0.068750
1.566667	1	0.066875
1.583333	1	0.065125
1.600000	1	0.063250
1.616667	1	0.061625
1.633333	1	0.060000
1.650000	1	0.058250
1.666667	1	0.056750
1.683333	1	0.054750
1.700000	1	0.052500
1.716667	1	0.050250
1.733333	1	0.048750
1.750000	1	0.046875
1.766667	1	0.044875
1.783333	1	0.043250
1.800000	1	0.041500
1.816667	1	0.038500
1.833333	1	0.036750
1.850000	1	0.034375
1.866667	1	0.032125
1.883333	1	0.030875
1.900000	1	0.028625
1.916667	1	0.027125
1.933333	1	0.024750
1.950000	1	0.022375
1.966667	1	0.019750
1.983333	1	0.017625
2.000000	1	0.015625
2.016667	1	0.013625
2.033333	1	0.012000
2.050000	1	0.010000
2.066667	1	0.007375
2.083333	1	0.005625
2.100000	1	0.003250
2.116667	1	0.001500
2.133333	1	-0.000750
2.150000	1	-0.003000
2.166667	1	-0.005375
2.183333	1	-0.007250
2.200000	1	-0.009750
2.216667	1	-0.012000
2.233333	1	-0.013625
2.250000	1	-0.015875
2.266667	1	-0.018625
2.283333	1	-0.021000
2.300000	1	-0.022500
2.316667	1	-0.024625
2.333333	1	-0.026500
2.350000	1	-0.028375
2.366667	1	-0.030625
2.383333	1	-0.032875
2.400000	1	-0.034625
2.416667	1	-0.036125
2.433333	1	-0.038500
2.450000	1	-0.040125
2.466667	1	-0.042125
2.483333	1	-0.044000
2.500000	1	-0.046000
2.516667	1	-0.047625
2.533333	1	-0.048875
2.550000	1	-0.050250
2.566667	1	-0.052250
2.583333	1	-0.053625
2.600000	1	-0.054875
2.616667	1	-0.056125
2.633333	1	-0.056875
2.650000	1	-0.057375
2.666667	1	-0.058125
2.683333	1	-0.058625
2.700000	1	-0.059625
2.716667	1	-0.060750
2.733333	1	-0.061500
2.750000	1	-0.062500
2.766667	1	-0.062875
2.783333	1	-0.062750
2.800000	1	-0.062750
2.816667	1	-0.062000
2.833333	1	-0.062125
2.850000	1	-0.062250
2.866667	1	-0.062250
2.883333	1	-0.062000
2.900000	1	-0.061250
2.916667	1	-0.061250
2.933333	1	-0.061000
2.950000	1	-0.059500
2.966667	1	-0.058875
2.983333	1	-0.057875
3.000000	1	-0.057250
3.016667	1	-0.056375
3.033333	1	-0.055125
3.050000	1	-0.053750
3.066667	1	-0.053000
3.083333	1	-0.051625
3.100000	1	-0.050000
3.116667	1	-0.049000
3.133333	1	-0.047375
3.150000	1	-0.045625
3.166667	1	-0.043625
3.183333	1	-0.041750
3.200000	1	-0.039375
3.216667	1	-0.037250
3.233333	1	-0.035375
3.250000	1	-0.032750
3.266667	1	-0.030875
3.283333	1	-0.028250
3.300000	1	-0.025250
3.316667	1	-0.022375
3.333333	1	-0.020000
3.350000	1	-0.016875
3.366667	1	-0.014250
3.383333	1	-0.011500
3.400000	1	-0.008125
3.416667	1	-0.005250
3.433333	1	-0.002375
3.450000	1	0.000750
3.466667	1	0.004125
3.483333	1	0.007125
3.500000	1	0.010625
3.516667	1	0.014125
3.533333	1	0.016875
3.550000	1	0.020625
3.566667	1	0.023250
3.583333	1	0.026625
3.600000	1	0.030125
3.616667	1	0.033250
3.633333	1	0.035875
3.650000	1	0.038875
3.666667	1	0.042000
3.683333	1	0.045125
3.700000	1	0.048500
3.716667	1	0.051875
3.733333	1	0.054875
3.750000	1	0.057625
3.766667	1	0.060500
3.783333	1	0.062750
3.800000	1	0.065000
3.816667	1	0.067625
3.833333	1	0.070375
3.850000	1	0.072375
3.866667	1	0.075125
3.883333	1	0.077125
3.900000	1	0.079125
3.916667	1	0.081625
3.933333	1	0.084500
3.950000	1	0.086250
3.966667	1	0.087625
3.983333	1	0.090000
4.000000	1	0.091750
4.016667	1	0.093125
4.033333	1	0.094750
4.050000	1	0.096375
4.066667	1	0.097375
4.083333	1	0.099125
4.100000	1	0.100750
4.116667	1	0.101500
4.133333	1	0.102125
4.150000	1	0.103375
4.166667	1	0.103500
4.183333	1	0.104000
4.200000	1	0.104125
4.216667	1	0.104625
4.233333	1	0.105375
4.250000	1	0.106125
4.266667	1	0.105500
4.283333	1	0.105625
4.300000	1	0.105750
4.316667	1	0.105625
4.333333	1	0.106250
4.350000	1	0.105875
4.366667	1	0.105375
4.383333	1	0.105000
4.400000	1	0.104125
4.416667	1	0.103875
4.433333	1	0.102750
4.450000	1	0.102125
4.466667	1	0.100750
4.483333	1	0.099750
4.500000	1	0.098000
4.516667	1	0.097875
4.533333	1	0.097000
4.550000	1	0.095500
4.566667	1	0.094250
4.583333	1	0.092750
4.600000	1	0.091125
4.616667	1	0.089750
4.633333	1	0.088500
4.650000	1	0.086750
4.666667	1	0.085375
4.683333	1	0.084125
4.700000	1	0.083000
4.716667	1	0.082000
4.733333	1	0.080625
4.750000	1	0.079375
4.766667	1	0.077625
4.783333	1	0.076375
4.800000	1	0.075250
4.816667	1	0.074125
4.833333	1	0.073125
4.850000	1	0.071750
4.866667	1	0.071125
4.883333	1	0.070500
4.900000	1	0.068750
4.916667	1	0.068500
4.933333	1	0.067250
4.950000	1	0.066875
4.966667	1	0.066500
4.983333	1	0.066250
5.000000	1	0.066000
5.016667	1	0.065750
5.033333	1	0.065000
5.050000	1	0.064625
5.066667	1	0.063875
5.083333	1	0.064250
5.100000	1	0.064500
5.116667	1	0.064250
5.133333	1	0.064125
5.150000	1	0.064000
5.166667	1	0.063875
5.183333	1	0.064000
5.200000	1	0.063625
5.216667	1	0.064000
5.233333	1	0.065125
5.250000	1	0.065500
5.266667	1	0.065250
5.283333	1	0.065625
5.300000	1	0.066125
5.316667	1	0.067000
5.333333	1	0.067125
5.350000	1	0.067250
5.366667	1	0.068125
5.383333	1	0.068875
5.400000	1	0.070000
5.416667	1	0.071500
5.433333	1	0.072750
5.450000	1	0.074000
5.466667	1	0.075625
5.483333	1	0.077000
5.500000	1	0.078500
5.516667	1	0.079875
5.533333	1	0.081625
5.550000	1	0.083125
5.566667	1	0.085125
5.583333	1	0.086750
5.600000	1	0.088875
5.616667	1	0.091250
5.633333	1	0.093500
5.650000	1	0.095875
5.666667	1	0.097875
5.683333	1	0.099875
5.700000	1	0.101750
5.716667	1	0.104500
5.733333	1	0.106625
5.750000	1	0.109625
5.766667	1	0.112000
5.783333	1	0.113875
5.800000	1	0.116250
5.816667	1	0.118875
5.833333	1	0.120875
5.850000	1	0.123000
5.866667	1	0.125125
5.883333	1	0.126875
5.900000	1	0.128375
5.916667	1	0.130750
5.933333	1	0.132500
5.950000	1	0.133875
5.966667	1	0.135250
5.983333	1	0.136875
6.000000	1	0.138500
6.016667	1	0.139750
6.033333	1	0.141125
6.050000	1	0.142875
6.066667	1	0.144125
6.083333	1	0.145125
6.100000	1	0.146250
6.116667	1	0.147250
6.133333	1	0.148875
6.150000	1	0.150125
6.166667	1	0.151250
6.183333	1	0.152625
6.200000	1	0.153750
6.216667	1	0.155000
6.233333	1	0.156750
6.250000	1	0.157625
6.266667	1	0.158625
6.283333	1	0.159875
6.300000	1	0.161500
6.316667	1	0.162250
6.333333	1	0.163375
6.350000	1	0.164625
6.366667	1	0.165375
6.383333	1	0.166125
6.400000	1	0.167375
6.416667	1	0.168000
6.433333	1	0.168875
6.450000	1	0.170125
6.466667	1	0.171250
6.483333	1	0.171625
6.500000	1	0.171875
6.516667	1	0.172625
6.533333	1	0.173375
6.550000	1	0.173500
6.566667	1	0.173750
6.583333	1	0.173625
6.600000	1	0.173750
6.616667	1	0.173750
6.633333	1	0.173375
6.650000	1	0.173000
6.666667	1	0.172875
6.683333	1	0.172875
6.700000	1	0.173125
6.716667	1	0.172750
6.733333	1	0.172500
6.750000	1	0.172000
6.766667	1	0.172000
6.783333	1	0.172000
6.800000	1	0.172500
6.816667	1	0.172500
6.833333	1	0.173125
6.850000	1	0.172750
6.866667	1	0.173000
6.883333	1	0.173125
6.900000	1	0.173500
6.916667	1	0.173250
6.933333	1	0.174375
6.950000	1	0.174500
6.966667	1	0.175000
6.983333	1	0.176000
7.000000	1	0.176500
7.016667	1	0.177250
7.033333	1	0.178500
7.050000	1	0.180000
7.066667	1	0.180500
7.083333	1	0.181125
7.100000	1	0.182000
7.116667	1	0.182875
7.133333	1	0.184250
7.150000	1	0.185875
7.166667	1	0.187375
7.183333	1	0.188625
7.200000	1	0.190000
7.216667	1	0.191250
7.233333	1	0.192750
7.250000	1	0.194125
7.266667	1	0.196125
7.283333	1	0.197125
7.300000	1	0.198875
7.316667	1	0.201125
7.333333	1	0.203375
7.350000	1	0.204500
7.366667	1	0.206375
7.383333	1	0.208125
7.400000	1	0.209625
7.416667	1	0.211500
7.433333	1	0.212875
7.450000	1	0.214750
7.466667	1	0.216625
7.483333	1	0.218375
7.500000	1	0.219875
7.516667	1	0.221500
7.533333	1	0.223125
7.550000	1	0.224875
7.566667	1	0.226750
7.583333	1	0.228750
7.600000	1	0.230500
7.616667	1	0.231625
7.633333	1	0.232875
7.650000	1	0.233875
7.666667	1	0.235125
7.683333	1	0.235875
7.700000	1	0.236875
7.716667	1	0.237625
7.733333	1	0.238375
7.750000	1	0.239250
7.766667	1	0.240250
7.783333	1	0.240875
7.800000	1	0.241750
7.816667	1	0.242750
7.833333	1	0.243250
7.850000	1	0.244000
7.866667	1	0.244125
7.883333	1	0.243625
7.900000	1	0.244125
7.916667	1	0.244750
7.933333	1	0.244375
7.950000	1	0.244125
7.966667	1	0.244375
7.983333	1	0.243750
8.000000	1	0.244125
8.016667	1	0.243250
8.033333	1	0.243250
8.050000	1	0.243125
8.066667	1	0.242750
8.083333	1	0.242125
8.100000	1	0.241000
8.116667	1	0.239875
8.133333	1	0.239000
8.150000	1	0.238500
8.166667	1	0.237500
8.183333	1	0.236500
8.200000	1	0.236000
8.216667	1	0.234750
8.233333	1	0.233750
8.250000	1	0.232625
8.266667	1	0.231250
8.283333	1	0.229375
8.300000	1	0.228000
8.316667	1	0.226875
8.333333	1	0.225750
8.350000	1	0.223625
8.366667	1	0.222125
8.383333	1	0.220000
8.400000	1	0.218125
8.416667	1	0.215875
8.433333	1	0.214625
8.450000	1	0.212875
8.466667	1	0.211750
8.483333	1	0.209750
8.500000	1	0.208500
8.516667	1	0.206375
8.533333	1	0.204125
8.550000	1	0.202125
8.566667	1	0.200125
8.583333	1	0.198375
8.600000	1	0.197000
8.616667	1	0.195125
8.633333	1	0.193125
8.650000	1	0.191625
8.666667	1	0.189500
8.683333	1	0.188375
8.700000	1	0.187375
8.716667	1	0.186000
8.733333	1	0.184375
8.750000	1	0.183250
8.766667	1	0.182125
8.783333	1	0.181375
8.800000	1	0.181000
8.816667	1	0.180125
8.833333	1	0.179875
8.850000	1	0.179000
8.866667	1	0.178500
8.883333	1	0.177750
8.900000	1	0.177500
8.916667	1	0.177375
8.933333	1	0.177125
8.950000	1	0.176625
8.966667	1	0.176125
8.983333	1	0.176625
9.000000	1	0.176250
9.016667	1	0.176625
9.033333	1	0.176000
9.050000	1	0.176000
9.066667	1	0.176125
9.083333	1	0.176000
9.100000	1	0.176250
9.116667	1	0.177000
9.133333	1	0.177000
9.150000	1	0.177250
9.166667	1	0.177625
9.183333	1	0.178125
9.200000	1	0.178750
9.216667	1	0.179625
9.233333	1	0.180250
9.250000	1	0.180875
9.266667	1	0.181750
9.283333	1	0.182500
9.300000	1	0.183625
9.316667	1	0.184750
9.333333	1	0.186250
9.350000	1	0.187000
9.366667	1	0.189125
9.383333	1	0.190750
9.400000	1	0.193000
9.416667	1	0.195625
9.433333	1	0.197625
9.450000	1	0.200750
9.466667	1	0.203375
9.483333	1	0.206000
9.500000	1	0.209125
9.516667	1	0.212750
9.533333	1	0.217500
9.550000	1	0.222125
9.566667	1	0.226500
9.583333	1	0.231250
9.600000	1	0.236125
9.616667	1	0.241500
9.633333	1	0.247125
9.650000	1	0.253500
9.666667	1	0.260250
9.683333	1	0.267750
9.700000	1	0.276000
9.716667	1	0.286000
9.733333	1	0.297000
9.750000	1	0.309250
9.766667	1	0.323375
9.783333	1	0.340250
9.800000	1	0.359375
9.816667	1	0.382125
9.833333	1	0.407500
9.850000	1	0.436125
9.866667	1	0.469125
9.883333	1	0.507375
9.900000	1	0.549250
9.916667	1	0.595875
9.933333	1	0.647000
9.950000	1	0.703625
9.966667	1	0.764375
9.983333	1	0.829250
10.000000	1	0.899875
10.016667	1	0.975500
10.033333	1	1.053375
10.050000	1	1.131125
10.066667	1	1.201750
10.083333	1	1.256500
10.100000	1	1.288750
10.116667	1	1.294250
10.133333	1	1.275125
10.150000	1	1.241875
10.166667	1	1.209375
10.183333	1	1.201875
10.200000	1	1.248125
10.216667	1	1.382125
10.233333	1	1.640750
10.250000	1	2.065625
10.266667	1	2.699625
10.283333	1	3.588750
10.300000	1	4.778500
10.316667	1	6.312375
10.333333	1	8.235875
10.350000	1	10.586625
10.366667	1	13.400750
10.383333	1	16.707875
10.400000	1	20.535000
10.416667	1	24.903000
10.433333	1	29.820750
10.450000	1	35.279750
10.466667	1	41.266750
10.483333	1	47.740125
10.500000	1	54.635500
10.516667	1	61.847250
10.533333	1	69.228375
10.550000	1	76.596000
10.566667	1	83.737625
10.583333	1	90.424250
10.600000	1	96.428750
10.616667	1	101.538125
10.633333	1	105.560250
10.650000	1	108.343375
10.666667	1	109.774625
10.683333	1	109.776875
10.700000	1	108.312750
10.716667	1	105.398000
10.733333	1	101.113625
10.750000	1	95.619625
10.766667	1	89.149250
10.783333	1	81.978250
10.800000	1	74.403875
10.816667	1	66.712375
10.833333	1	59.171375
10.850000	1	52.002875
10.866667	1	45.364250
10.883333	1	39.368125
10.900000	1	34.073000
10.916667	1	29.495375
10.933333	1	25.609750
10.950000	1	22.363625
10.966667	1	19.688375
10.983333	1	17.504375
11.000000	1	15.733875
11.016667	1	14.301875
11.033333	1	13.141125
11.050000	1	12.195375
11.066667	1	11.415500
11.083333	1	10.761750
11.100000	1	10.203125
11.116667	1	9.714625
11.133333	1	9.277500
11.150000	1	8.878250
11.166667	1	8.506000
11.183333	1	8.154500
11.200000	1	7.818750
11.216667	1	7.495750
11.233333	1	7.183625
11.250000	1	6.882500
11.266667	1	6.591875
11.283333	1	6.312500
11.300000	1	6.044375
11.316667	1	5.788750
11.333333	1	5.545625
11.350000	1	5.316125
11.366667	1	5.101375
11.383333	1	4.902125
11.400000	1	4.719250
11.416667	1	4.551875
11.433333	1	4.401000
11.450000	1	4.267000
11.466667	1	4.147375
11.483333	1	4.040875
11.500000	1	3.947500
11.516667	1	3.863750
11.533333	1	3.789125
11.550000	1	3.720750
11.566667	1	3.658375
11.583333	1	3.600125
11.600000	1	3.544625
11.616667	1	3.492875
11.633333	1	3.444625
11.650000	1	3.399000
11.666667	1	3.356250
11.683333	1	3.316625
11.700000	1	3.278375
11.716667	1	3.242250
11.733333	1	3.207500
11.750000	1	3.173625
11.766667	1	3.140875
11.783333	1	3.107625
11.800000	1	3.074125
11.816667	1	3.039875
11.833333	1	3.006250
11.850000	1	2.971250
11.866667	1	2.937125
11.883333	1	2.903750
11.900000	1	2.870375
11.916667	1	2.838625
11.933333	1	2.806375
11.950000	1	2.775250
11.966667	1	2.745125
11.983333	1	2.716500
12.000000	1	2.688250
12.016667	1	2.659500
12.033333	1	2.631250
12.050000	1	2.604000
12.066667	1	2.576375
12.083333	1	2.548000
12.100000	1	2.520375
12.116667	1	2.492875
12.133333	1	2.465375
12.150000	1	2.439250
12.166667	1	2.412875
12.183333	1	2.387125
12.200000	1	2.362125
12.216667	1	2.338125
12.233333	1	2.316000
12.250000	1	2.294625
12.266667	1	2.275125
12.283333	1	2.257625
12.300000	1	2.243125
12.316667	1	2.231875
12.333333	1	2.224500
12.350000	1	2.221750
12.366667	1	2.225125
12.383333	1	2.235875
12.400000	1	2.256000
12.416667	1	2.285750
12.433333	1	2.327625
12.450000	1	2.384000
12.466667	1	2.457000
12.483333	1	2.550500
12.500000	1	2.668125
12.516667	1	2.814500
12.533333	1	2.992250
12.550000	1	3.205750
12.566667	1	3.456750
12.583333	1	3.748500
12.600000	1	4.080625
12.616667	1	4.452000
12.633333	1	4.860000
12.650000	1	5.300000
12.666667	1	5.767500
12.683333	1	6.257125
12.700000	1	6.763500
12.716667	1	7.281000
12.733333	1	7.806250
12.750000	1	8.335750
12.766667	1	8.866625
12.783333	1	9.399375
12.800000	1	9.932000
12.816667	1	10.464625
12.833333	1	10.996000
12.850000	1	11.528250
12.866667	1	12.060375
12.883333	1	12.591000
12.900000	1	13.118500
12.916667	1	13.640750
12.933333	1	14.153125
12.950000	1	14.650500
12.966667	1	15.126750
12.983333	1	15.575750
13.000000	1	15.990750
13.016667	1	16.365375
13.033333	1	16.696125
13.050000	1	16.978125
13.066667	1	17.208500
13.083333	1	17.383875
13.100000	1	17.503875
13.116667	1	17.568000
13.133333	1	17.577625
13.150000	1	17.535125
13.166667	1	17.444875
13.183333	1	17.311000
13.200000	1	17.136625
13.216667	1	16.927500
13.233333	1	16.688750
13.250000	1	16.424375
13.266667	1	16.139250
13.283333	1	15.838000
13.300000	1	15.523750
13.316667	1	15.199500
13.333333	1	14.868125
13.350000	1	14.532625
13.366667	1	14.194750
13.383333	1	13.856750
13.400000	1	13.519625
13.416667	1	13.183250
13.433333	1	12.848250
13.450000	1	12.514000
13.466667	1	12.180250
13.483333	1	11.843750
13.500000	1	11.505500
13.516667	1	11.161000
13.533333	1	10.809125
13.550000	1	10.448125
13.566667	1	10.074875
13.583333	1	9.688750
13.600000	1	9.291750
13.616667	1	8.883125
13.633333	1	8.467125
13.650000	1	8.048375
13.666667	1	7.632875
13.683333	1	7.228375
13.700000	1	6.841375
13.716667	1	6.477125
13.733333	1	6.142000
13.750000	1	5.837875
13.766667	1	5.567375
13.783333	1	5.329500
13.800000	1	5.122875
13.816667	1	4.945875
13.833333	1	4.793875
13.850000	1	4.662750
13.866667	1	4.549500
13.883333	1	4.451750
13.900000	1	4.365375
13.916667	1	4.288500
13.933333	1	4.220250
13.950000	1	4.159750
13.966667	1	4.105500
13.983333	1	4.056250
14.000000	1	4.011125
14.016667	1	3.969750
14.033333	1	3.930000
14.050000	1	3.891250
14.066667	1	3.852625
14.083333	1	3.812250
14.100000	1	3.767625
14.116667	1	3.718625
14.133333	1	3.662500
14.150000	1	3.600625
14.166667	1	3.532875
14.183333	1	3.458375
14.200000	1	3.378500
14.216667	1	3.293875
14.233333	1	3.207500
14.250000	1	3.120375
14.266667	1	3.035375
14.283333	1	2.954750
14.300000	1	2.880625
14.316667	1	2.814125
14.333333	1	2.758375
14.350000	1	2.715500
14.366667	1	2.686625
14.383333	1	2.674000
14.400000	1	2.676500
14.416667	1	2.698250
14.433333	1	2.738125
14.450000	1	2.797875
14.466667	1	2.877000
14.483333	1	2.976750
14.500000	1	3.095500
14.516667	1	3.234875
14.533333	1	3.394250
14.550000	1	3.573375
14.566667	1	3.770000
14.583333	1	3.985125
14.600000	1	4.217125
14.616667	1	4.463625
14.633333	1	4.723875
14.650000	1	4.994875
14.666667	1	5.273375
14.683333	1	5.556000
14.700000	1	5.838750
14.716667	1	6.119250
14.733333	1	6.392625
14.750000	1	6.658250
14.766667	1	6.916375
14.783333	1	7.168000
14.800000	1	7.417125
14.816667	1	7.670000
14.833333	1	7.934875
14.850000	1	8.221875
14.866667	1	8.543750
14.883333	1	8.912000
14.900000	1	9.338250
14.916667	1	9.832250
14.933333	1	10.399750
14.950000	1	11.041500
14.966667	1	11.754750
14.983333	1	12.530500
15.000000	1	13.356375
15.016667	1	14.215875
15.033333	1	15.091625
15.050000	1	15.965375
15.066667	1	16.819875
15.083333	1	17.638500
15.100000	1	18.406375
15.116667	1	19.114500
15.133333	1	19.755625
15.150000	1	20.325500
15.166667	1	20.820500
15.183333	1	21.239750
15.200000	1	21.581375
15.216667	1	21.843750
15.233333	1	22.023625
15.250000	1	22.118500
15.266667	1	22.123875
15.283333	1	22.035750
15.300000	1	21.849500
15.316667	1	21.564125
15.333333	1	21.178250
15.350000	1	20.695750
15.366667	1	20.122500
15.383333	1	19.466500
15.400000	1	18.738750
15.416667	1	17.950000
15.433333	1	17.112875
15.450000	1	16.239375
15.466667	1	15.343000
15.483333	1	14.436000
15.500000	1	13.530375
15.516667	1	12.638125
15.533333	1	11.766875
15.550000	1	10.924625
15.566667	1	10.120125
15.583333	1	9.359250
15.600000	1	8.643500
15.616667	1	7.976625
15.633333	1	7.360625
15.650000	1	6.795750
15.666667	1	6.282625
15.683333	1	5.819375
15.700000	1	5.403875
15.716667	1	5.034250
15.733333	1	4.708125
15.750000	1	4.421500
15.766667	1	4.171875
15.783333	1	3.956375
15.800000	1	3.771000
15.816667	1	3.613125
15.833333	1	3.481375
15.850000	1	3.373375
15.866667	1	3.287000
15.883333	1	3.221750
15.900000	1	3.176125
15.916667	1	3.148500
15.933333	1	3.138500
15.950000	1	3.144250
15.966667	1	3.163250
15.983333	1	3.195000
16.000000	1	3.237625
16.016667	1	3.288875
16.033333	1	3.347500
16.050000	1	3.411625
16.066667	1	3.480500
16.083333	1	3.553750
16.100000	1	3.632625
16.116667	1	3.717875
16.133333	1	3.810625
16.150000	1	3.913250
16.166667	1	4.028250
16.183333	1	4.159625
16.200000	1	4.309125
16.216667	1	4.477625
16.233333	1	4.666500
16.250000	1	4.875125
16.266667	1	5.100625
16.283333	1	5.339125
16.300000	1	5.587125
16.316667	1	5.838625
16.333333	1	6.088125
16.350000	1	6.329250
16.366667	1	6.557625
16.383333	1	6.768375
16.400000	1	6.959625
16.416667	1	7.128625
16.433333	1	7.274875
16.450000	1	7.397875
16.466667	1	7.498125
16.483333	1	7.577000
16.500000	1	7.634250
16.516667	1	7.670750
16.533333	1	7.687250
16.550000	1	7.683250
16.566667	1	7.659375
16.583333	1	7.615625
16.600000	1	7.550250
16.616667	1	7.464250
16.633333	1	7.357000
16.650000	1	7.227125
16.666667	1	7.076625
16.683333	1	6.906250
16.700000	1	6.716500
16.716667	1	6.509375
16.733333	1	6.287875
16.750000	1	6.053875
16.766667	1	5.811125
16.783333	1	5.562875
16.800000	1	5.311750
16.816667	1	5.060000
16.833333	1	4.811125
16.850000	1	4.568000
16.866667	1	4.331250
16.883333	1	4.103250
16.900000	1	3.885750
16.916667	1	3.680000
16.933333	1	3.487000
16.950000	1	3.306625
16.966667	1	3.140000
16.983333	1	2.986750
17.000000	1	2.846750
17.016667	1	2.719125
17.033333	1	2.603875
17.050000	1	2.500375
17.066667	1	2.407875
17.083333	1	2.325125
17.100000	1	2.251500
17.116667	1	2.186250
17.133333	1	2.128750
17.150000	1	2.077625
17.166667	1	2.032875
17.183333	1	1.993375
17.200000	1	1.957500
17.216667	1	1.926000
17.233333	1	1.898000
17.250000	1	1.872750
17.266667	1	1.850000
17.283333	1	1.828875
17.300000	1	1.808875
17.316667	1	1.789875
17.333333	1	1.772375
17.350000	1	1.755625
17.366667	1	1.740375
17.383333	1	1.724875
17.400000	1	1.710625
17.416667	1	1.696875
17.433333	1	1.684125
17.450000	1	1.671500
17.466667	1	1.660250
17.483333	1	1.648875
17.500000	1	1.639000
17.516667	1	1.628625
17.533333	1	1.618500
17.550000	1	1.609500
17.566667	1	1.600750
17.583333	1	1.592750
17.600000	1	1.585000
17.616667	1	1.578500
17.633333	1	1.572500
17.650000	1	1.567500
17.666667	1	1.562500
17.683333	1	1.558625
17.700000	1	1.556375
17.716667	1	1.554750
17.733333	1	1.554375
17.750000	1	1.555375
17.766667	1	1.557875
17.783333	1	1.561875
17.800000	1	1.567500
17.816667	1	1.575125
17.833333	1	1.584500
17.850000	1	1.595125
17.866667	1	1.607875
17.883333	1	1.622750
17.900000	1	1.638750
17.916667	1	1.656625
17.933333	1	1.676750
17.950000	1	1.698125
17.966667	1	1.719625
17.983333	1	1.742750
18.000000	1	1.766250
18.016667	1	1.790500
18.033333	1	1.815375
18.050000	1	1.839750
18.066667	1	1.864875
18.083333	1	1.889125
18.100000	1	1.912375
18.116667	1	1.935875
18.133333	1	1.957625
18.150000	1	1.978500
18.166667	1	1.998250
18.183333	1	2.016750
18.200000	1	2.034125
18.216667	1	2.048250
18.233333	1	2.062500
18.250000	1	2.074125
18.266667	1	2.082750
18.283333	1	2.089875
18.300000	1	2.094625
18.316667	1	2.096375
18.333333	1	2.096250
18.350000	1	2.093375
18.366667	1	2.089000
18.383333	1	2.082125
18.400000	1	2.072375
18.416667	1	2.062250
18.433333	1	2.049375
18.450000	1	2.035125
18.466667	1	2.019875
18.483333	1	2.003250
18.500000	1	1.985750
18.516667	1	1.967125
18.533333	1	1.947250
18.550000	1	1.926625
18.566667	1	1.905875
18.583333	1	1.884750
18.600000	1	1.862625
18.616667	1	1.840250
18.633333	1	1.818500
18.650000	1	1.796125
18.666667	1	1.773000
18.683333	1	1.749375
18.700000	1	1.725750
18.716667	1	1.703375
18.733333	1	1.680250
18.750000	1	1.657875
18.766667	1	1.635625
18.783333	1	1.614125
18.800000	1	1.592125
18.816667	1	1.571125
18.833333	1	1.550875
18.850000	1	1.531375
18.866667	1	1.512500
18.883333	1	1.494125
18.900000	1	1.476875
18.916667	1	1.459250
18.933333	1	1.442500
18.950000	1	1.427250
18.966667	1	1.411875
18.983333	1	1.396875
19.000000	1	1.381875
19.016667	1	1.368000
19.033333	1	1.355750
19.050000	1	1.343875
19.066667	1	1.332625
19.083333	1	1.322500
19.100000	1	1.313875
19.116667	1	1.306375
19.133333	1	1.300875
19.150000	1	1.297625
19.166667	1	1.297000
19.183333	1	1.298875
19.200000	1	1.303500
19.216667	1	1.311250
19.233333	1	1.321875
19.250000	1	1.336375
19.266667	1	1.353375
19.283333	1	1.374125
19.300000	1	1.396625
19.316667	1	1.421875
19.333333	1	1.449375
19.350000	1	1.479000
19.366667	1	1.510625
19.383333	1	1.543000
19.400000	1	1.575375
19.416667	1	1.608375
19.433333	1	1.641250
19.450000	1	1.673125
19.466667	1	1.704750
19.483333	1	1.734000
19.500000	1	1.761625
19.516667	1	1.789000
19.533333	1	1.813875
19.550000	1	1.836500
19.566667	1	1.857000
19.583333	1	1.875625
19.600000	1	1.891500
19.616667	1	1.905250
19.633333	1	1.916000
19.650000	1	1.923625
19.666667	1	1.928750
19.683333	1	1.931125
19.700000	1	1.929875
19.716667	1	1.925875
19.733333	1	1.918375
19.750000	1	1.907500
19.766667	1	1.893750
19.783333	1	1.877125
19.800000	1	1.857625
19.816667	1	1.836250
19.833333	1	1.811750
19.850000	1	1.786000
19.866667	1	1.758125
19.883333	1	1.730000
19.900000	1	1.700375
19.916667	1	1.669750
19.933333	1	1.640250
19.950000	1	1.611500
19.966667	1	1.583875
19.983333	1	1.558000
20.000000	1	1.533625
20.016667	1	1.510750
20.033333	1	1.490625
20.050000	1	1.473125
20.066667	1	1.457625
20.083333	1	1.444500
20.100000	1	1.433375
20.116667	1	1.423875
20.133333	1	1.417500
20.150000	1	1.412500
20.166667	1	1.408625
20.183333	1	1.407375
20.200000	1	1.407375
20.216667	1	1.409000
20.233333	1	1.411500
20.250000	1	1.415250
20.266667	1	1.419625
20.283333	1	1.426125
20.300000	1	1.432250
20.316667	1	1.440625
20.333333	1	1.451125
20.350000	1	1.462625
20.366667	1	1.476375
20.383333	1	1.491000
20.400000	1	1.508125
20.416667	1	1.526750
20.433333	1	1.547625
20.450000	1	1.570625
20.466667	1	1.595125
20.483333	1	1.622500
20.500000	1	1.651500
20.516667	1	1.681500
20.533333	1	1.712375
20.550000	1	1.744625
20.566667	1	1.777250
20.583333	1	1.810625
20.600000	1	1.843375
20.616667	1	1.875250
20.633333	1	1.904750
20.650000	1	1.933500
20.666667	1	1.960125
20.683333	1	1.985000
20.700000	1	2.007375
20.716667	1	2.027875
20.733333	1	2.046875
20.750000	1	2.064375
20.766667	1	2.080000
20.783333	1	2.093500
20.800000	1	2.105750
20.816667	1	2.116750
20.833333	1	2.126875
20.850000	1	2.135250
20.866667	1	2.142875
20.883333	1	2.150125
20.900000	1	2.156500
20.916667	1	2.161875
20.933333	1	2.166500
20.950000	1	2.169625
20.966667	1	2.172250
20.983333	1	2.172875
21.000000	1	2.171250
21.016667	1	2.167750
21.033333	1	2.162125
21.050000	1	2.154375
21.066667	1	2.144375
21.083333	1	2.131625
21.100000	1	2.116500
21.116667	1	2.099375
21.133333	1	2.079750
21.150000	1	2.058000
21.166667	1	2.034750
21.183333	1	2.010375
21.200000	1	1.985375
21.216667	1	1.959500
21.233333	1	1.933625
21.250000	1	1.907625
21.266667	1	1.882000
21.283333	1	1.856875
21.300000	1	1.832750
21.316667	1	1.809000
21.333333	1	1.786500
21.350000	1	1.764125
21.366667	1	1.742125
21.383333	1	1.720000
21.400000	1	1.697750
21.416667	1	1.674500
21.433333	1	1.650500
21.450000	1	1.625000
21.466667	1	1.597625
21.483333	1	1.569375
21.500000	1	1.539000
21.516667	1	1.506875
21.533333	1	1.472625
21.550000	1	1.437125
21.566667	1	1.400125
21.583333	1	1.361625
21.600000	1	1.322500
21.616667	1	1.282375
21.633333	1	1.242375
21.650000	1	1.201625
21.666667	1	1.161875
21.683333	1	1.122750
21.700000	1	1.084625
21.716667	1	1.048000
21.733333	1	1.012375
21.750000	1	0.979000
21.766667	1	0.947125
21.783333	1	0.917625
21.800000	1	0.889500
21.816667	1	0.863750
21.833333	1	0.840000
21.850000	1	0.818000
21.866667	1	0.798000
21.883333	1	0.780250
21.900000	1	0.764625
21.916667	1	0.750875
21.933333	1	0.738625
21.950000	1	0.728000
21.966667	1	0.720000
21.983333	1	0.713000
22.000000	1	0.707875
22.016667	1	0.704125
22.033333	1	0.701625
22.050000	1	0.700875
22.066667	1	0.701000
22.083333	1	0.701625
22.100000	1	0.703625
22.116667	1	0.707375
22.133333	1	0.711125
22.150000	1	0.715375
22.166667	1	0.720375
22.183333	1	0.724750
22.200000	1	0.730125
22.216667	1	0.736375
22.233333	1	0.742000
22.250000	1	0.747000
22.266667	1	0.752125
22.283333	1	0.756625
22.300000	1	0.761000
22.316667	1	0.764000
22.333333	1	0.767125
22.350000	1	0.771125
22.366667	1	0.774000
22.383333	1	0.776125
22.400000	1	0.778375
22.416667	1	0.779750
22.433333	1	0.780375
22.450000	1	0.780750
22.466667	1	0.780750
22.483333	1	0.780375
22.500000	1	0.779250
22.516667	1	0.777750
22.533333	1	0.775625
22.550000	1	0.772875
22.566667	1	0.770250
22.583333	1	0.766500
22.600000	1	0.762500
22.616667	1	0.758375
22.633333	1	0.753375
22.650000	1	0.748625
22.666667	1	0.743875
22.683333	1	0.739375
22.700000	1	0.735625
22.716667	1	0.731625
22.733333	1	0.729250
22.750000	1	0.727000
22.766667	1	0.725000
22.783333	1	0.723375
22.800000	1	0.722500
22.816667	1	0.722750
22.833333	1	0.723000
22.850000	1	0.724500
22.866667	1	0.725750
22.883333	1	0.728625
22.900000	1	0.731250
22.916667	1	0.734375
22.933333	1	0.738000
22.950000	1	0.741625
22.966667	1	0.745875
22.983333	1	0.749500
23.000000	1	0.753750
23.016667	1	0.757375
23.033333	1	0.760500
23.050000	1	0.762875
23.066667	1	0.765625
23.083333	1	0.768250
23.100000	1	0.770250
23.116667	1	0.770500
23.133333	1	0.771000
23.150000	1	0.771250
23.166667	1	0.770875
23.183333	1	0.770625
23.200000	1	0.769750
23.216667	1	0.766750
23.233333	1	0.764125
23.250000	1	0.760500
23.266667	1	0.756500
23.283333	1	0.752750
23.300000	1	0.747375
23.316667	1	0.741625
23.333333	1	0.735875
23.350000	1	0.728750
23.366667	1	0.722500
23.383333	1	0.715000
23.400000	1	0.707125
23.416667	1	0.699250
23.433333	1	0.690875
23.450000	1	0.682375
23.466667	1	0.673500
23.483333	1	0.663875
23.500000	1	0.655125
23.516667	1	0.646500
23.533333	1	0.638125
23.550000	1	0.628750
23.566667	1	0.619625
23.583333	1	0.611875
23.600000	1	0.603250
23.616667	1	0.595125
23.633333	1	0.587625
23.650000	1	0.579875
23.666667	1	0.573125
23.683333	1	0.566750
23.700000	1	0.562500
23.716667	1	0.558625
23.733333	1	0.556875
23.750000	1	0.555750
23.766667	1	0.556375
23.783333	1	0.558750
23.800000	1	0.563875
23.816667	1	0.571125
23.833333	1	0.581250
23.850000	1	0.594250
23.866667	1	0.610375
23.883333	1	0.630000
23.900000	1	0.653500
23.916667	1	0.680250
23.933333	1	0.710000
23.950000	1	0.744125
23.966667	1	0.780500
23.983333	1	0.819625
24.000000	1	0.862125
24.016667	1	0.906875
24.033333	1	0.953375
24.050000	1	1.001125
24.066667	1	1.049625
24.083333	1	1.098625
24.100000	1	1.147125
24.116667	1	1.195875
24.133333	1	1.244250
24.150000	1	1.292000
24.166667	1	1.337875
24.183333	1	1.381000
24.200000	1	1.423000
24.216667	1	1.463125
24.233333	1	1.501000
24.250000	1	1.536375
24.266667	1	1.569500
24.283333	1	1.600000
24.300000	1	1.627125
24.316667	1	1.651875
24.333333	1	1.673250
24.350000	1	1.691750
24.366667	1	1.707125
24.383333	1	1.719000
24.400000	1	1.726375
24.416667	1	1.729500
24.433333	1	1.728875
24.450000	1	1.724500
24.466667	1	1.715625
24.483333	1	1.702250
24.500000	1	1.685625
24.516667	1	1.665250
24.533333	1	1.641250
24.550000	1	1.614250
24.566667	1	1.584000
24.583333	1	1.551125
24.600000	1	1.516500
24.616667	1	1.480250
24.633333	1	1.442375
24.650000	1	1.404125
24.666667	1	1.365875
24.683333	1	1.327125
24.700000	1	1.290125
24.716667	1	1.253625
24.733333	1	1.219125
24.750000	1	1.185125
24.766667	1	1.153250
24.783333	1	1.123125
24.800000	1	1.094875
24.816667	1	1.069875
24.833333	1	1.047000
24.850000	1	1.025250
24.866667	1	1.006750
24.883333	1	0.989625
24.900000	1	0.973250
24.916667	1	0.959625
24.933333	1	0.947750
24.950000	1	0.936250
24.966667	1	0.926625
24.983333	1	0.917625
25.000000	1	0.910375
25.016667	1	0.903250
25.033333	1	0.896000
25.050000	1	0.889125
25.066667	1	0.882000
25.083333	1	0.874875
25.100000	1	0.867750
25.116667	1	0.859750
25.133333	1	0.851125
25.150000	1	0.841750
25.166667	1	0.832375
25.183333	1	0.821625
25.200000	1	0.810750
25.216667	1	0.798125
25.233333	1	0.785125
25.250000	1	0.771125
25.266667	1	0.757125
25.283333	1	0.742500
25.300000	1	0.727000
25.316667	1	0.710125
25.333333	1	0.694000
25.350000	1	0.677250
25.366667	1	0.660375
25.383333	1	0.643125
25.400000	1	0.626125
25.416667	1	0.609000
25.433333	1	0.592500
25.450000	1	0.576625
25.466667	1	0.560625
25.483333	1	0.545375
25.500000	1	0.531375
25.516667	1	0.517875
25.533333	1	0.505125
25.550000	1	0.494125
25.566667	1	0.483375
25.583333	1	0.473125
25.600000	1	0.464125
25.616667	1	0.455500
25.633333	1	0.447000
25.650000	1	0.440375
25.666667	1	0.434500
25.683333	1	0.429375
25.700000	1	0.425000
25.716667	1	0.421875
25.733333	1	0.418875
25.750000	1	0.416875
25.766667	1	0.415375
25.783333	1	0.415125
25.800000	1	0.414750
25.816667	1	0.415125
25.833333	1	0.414750
25.850000	1	0.415875
25.866667	1	0.417500
25.883333	1	0.419125
25.900000	1	0.421500
25.916667	1	0.423625
25.933333	1	0.426000
25.950000	1	0.429000
25.966667	1	0.431500
25.983333	1	0.434250
26.000000	1	0.438000
26.016667	1	0.441125
26.033333	1	0.444000
26.050000	1	0.447875
26.066667	1	0.451375
26.083333	1	0.455125
26.100000	1	0.458500
26.116667	1	0.461375
26.133333	1	0.464125
26.150000	1	0.467000
26.166667	1	0.469625
26.183333	1	0.472500
26.200000	1	0.475125
26.216667	1	0.476875
26.233333	1	0.479875
26.250000	1	0.482250
26.266667	1	0.484750
26.283333	1	0.487375
26.300000	1	0.489750
26.316667	1	0.491875
26.333333	1	0.494500
26.350000	1	0.497125
26.366667	1	0.499750
26.383333	1	0.502000
26.400000	1	0.504500
26.416667	1	0.508250
26.433333	1	0.511500
26.450000	1	0.515125
26.466667	1	0.518250
26.483333	1	0.522250
26.500000	1	0.525875
26.516667	1	0.530125
26.533333	1	0.534000
26.550000	1	0.538500
26.566667	1	0.543250
26.583333	1	0.547250
26.600000	1	0.551500
26.616667	1	0.555375
26.633333	1	0.560250
26.650000	1	0.565375
26.666667	1	0.569375
26.683333	1	0.573625
26.700000	1	0.577500
26.716667	1	0.581625
26.733333	1	0.585500
26.750000	1	0.588750
26.766667	1	0.591125
26.783333	1	0.593500
26.800000	1	0.595750
26.816667	1	0.597500
26.833333	1	0.598625
26.850000	1	0.599750
26.866667	1	0.600625
26.883333	1	0.602000
26.900000	1	0.602500
26.916667	1	0.601375
26.933333	1	0.601000
26.950000	1	0.600500
26.966667	1	0.599500
26.983333	1	0.598625
27.000000	1	0.596625
27.016667	1	0.594625
27.033333	1	0.592750
27.050000	1	0.590125
27.066667	1	0.587125
27.083333	1	0.584375
27.100000	1	0.581375
27.116667	1	0.578125
27.133333	1	0.574625
27.150000	1	0.570250
27.166667	1	0.566250
27.183333	1	0.562000
27.200000	1	0.557250
27.216667	1	0.552125
27.233333	1	0.546250
27.250000	1	0.540250
27.266667	1	0.534750
27.283333	1	0.528250
27.300000	1	0.521625
27.316667	1	0.514000
27.333333	1	0.507000
27.350000	1	0.500000
27.366667	1	0.492750
27.383333	1	0.484875
27.400000	1	0.476750
27.416667	1	0.468625
27.433333	1	0.460625
27.450000	1	0.453125
27.466667	1	0.445375
27.483333	1	0.436875
27.500000	1	0.429000
27.516667	1	0.421500
27.533333	1	0.414375
27.550000	1	0.407125
27.566667	1	0.399625
27.583333	1	0.393000
27.600000	1	0.386125
27.616667	1	0.380250
27.633333	1	0.374875
27.650000	1	0.370000
27.666667	1	0.365875
27.683333	1	0.362500
27.700000	1	0.361250
27.716667	1	0.360500
27.733333	1	0.361625
27.750000	1	0.364125
27.766667	1	0.368875
27.783333	1	0.376250
27.800000	1	0.386875
27.816667	1	0.400625
27.833333	1	0.417000
27.850000	1	0.438750
27.866667	1	0.465750
27.883333	1	0.496625
27.900000	1	0.532625
27.916667	1	0.575000
27.933333	1	0.622750
27.950000	1	0.676875
27.966667	1	0.736250
27.983333	1	0.802125
28.000000	1	0.874375
28.016667	1	0.952625
28.033333	1	1.037125
28.050000	1	1.125750
28.066667	1	1.219125
28.083333	1	1.316500
28.100000	1	1.417000
28.116667	1	1.520250
28.133333	1	1.625375
28.150000	1	1.731250
28.166667	1	1.837125
28.183333	1	1.941375
28.200000	1	2.044000
28.216667	1	2.145500
28.233333	1	2.243125
28.250000	1	2.337750
28.266667	1	2.428750
28.283333	1	2.514875
28.300000	1	2.596000
28.316667	1	2.672875
28.333333	1	2.744625
28.350000	1	2.811625
28.366667	1	2.872750
28.383333	1	2.929375
28.400000	1	2.980625
28.416667	1	3.027500
28.433333	1	3.068750
28.450000	1	3.106000
28.466667	1	3.139375
28.483333	1	3.167500
28.500000	1	3.190000
28.516667	1	3.208125
28.533333	1	3.220250
28.550000	1	3.227375
28.566667	1	3.228500
28.583333	1	3.223000
28.600000	1	3.210875
28.616667	1	3.192000
28.633333	1	3.166375
28.650000	1	3.132750
28.666667	1	3.092875
28.683333	1	3.044125
28.700000	1	2.988625
28.716667	1	2.925750
28.733333	1	2.854625
28.750000	1	2.775875
28.766667	1	2.691125
28.783333	1	2.600875
28.800000	1	2.504375
28.816667	1	2.402750
28.833333	1	2.297875
28.850000	1	2.189750
28.866667	1	2.079625
28.883333	1	1.967250
28.900000	1	1.854500
28.916667	1	1.742375
28.933333	1	1.630750
28.950000	1	1.520125
28.966667	1	1.412625
28.983333	1	1.308750
29.000000	1	1.208375
29.016667	1	1.112000
29.033333	1	1.020000
29.050000	1	0.932625
29.066667	1	0.850625
29.083333	1	0.773875
29.100000	1	0.701750
29.116667	1	0.635375
29.133333	1	0.573750
29.150000	1	0.517125
29.166667	1	0.464625
29.183333	1	0.417250
29.200000	1	0.374250
29.216667	1	0.335500
29.233333	1	0.300875
29.250000	1	0.269625
29.266667	1	0.241625
29.283333	1	0.216500
29.300000	1	0.193875
29.316667	1	0.174625
29.333333	1	0.158375
29.350000	1	0.143625
29.366667	1	0.131250
29.383333	1	0.120625
29.400000	1	0.111875
29.416667	1	0.104625
29.433333	1	0.098625
29.450000	1	0.094875
29.466667	1	0.092625
29.483333	1	0.091500
29.500000	1	0.092125
29.516667	1	0.092625
29.533333	1	0.094750
29.550000	1	0.098250
29.566667	1	0.102500
29.583333	1	0.107875
29.600000	1	0.114250
29.616667	1	0.121125
29.633333	1	0.129625
29.650000	1	0.138875
29.666667	1	0.148750
29.683333	1	0.159875
29.700000	1	0.170625
29.716667	1	0.182750
29.733333	1	0.195000
29.750000	1	0.207250
29.766667	1	0.220250
29.783333	1	0.234125
29.800000	1	0.248250
29.816667	1	0.262500
29.833333	1	0.276750
29.850000	1	0.291625
29.866667	1	0.306125
29.883333	1	0.320750
29.900000	1	0.335500
29.916667	1	0.349250
29.933333	1	0.363875
29.950000	1	0.377750
29.966667	1	0.391000
29.983333	1	0.403875
30.000000	1	0.417125
30.016667	1	0.428625
30.033333	1	0.440375
30.050000	1	0.452000
30.066667	1	0.462500
30.083333	1	0.472250
30.100000	1	0.482000
30.116667	1	0.490875
30.133333	1	0.499375
30.150000	1	0.506750
30.166667	1	0.514125
30.183333	1	0.521250
30.200000	1	0.527000
30.216667	1	0.532750
30.233333	1	0.538125
30.250000	1	0.543250
30.266667	1	0.548000
30.283333	1	0.552000
30.300000	1	0.556125
30.316667	1	0.559750
30.333333	1	0.561875
30.350000	1	0.563250
30.366667	1	0.565750
30.383333	1	0.567000
30.400000	1	0.568250
30.416667	1	0.569250
30.433333	1	0.569125
30.450000	1	0.568750
30.466667	1	0.568875
30.483333	1	0.567875
30.500000	1	0.566625
30.516667	1	0.565000
30.533333	1	0.562875
30.550000	1	0.560750
30.566667	1	0.558500
30.583333	1	0.556250
30.600000	1	0.553500
30.616667	1	0.550125
30.633333	1	0.547000
30.650000	1	0.543625
30.666667	1	0.540750
30.683333	1	0.538125
30.700000	1	0.535125
30.716667	1	0.531750
30.733333	1	0.529250
30.750000	1	0.526500
30.766667	1	0.523625
30.783333	1	0.521125
30.800000	1	0.520125
30.816667	1	0.519250
30.833333	1	0.518375
30.850000	1	0.517875
30.866667	1	0.518000
30.883333	1	0.517375
30.900000	1	0.518000
30.916667	1	0.519250
30.933333	1	0.520875
30.950000	1	0.521625
30.966667	1	0.523500
30.983333	1	0.526250
31.000000	1	0.528875
31.016667	1	0.531625
31.033333	1	0.534250
31.050000	1	0.538000
31.066667	1	0.541750
31.083333	1	0.545250
31.100000	1	0.548625
31.116667	1	0.551875
31.133333	1	0.555000
31.150000	1	0.558125
31.166667	1	0.561375
31.183333	1	0.565125
31.200000	1	0.568875
31.216667	1	0.572125
31.233333	1	0.575375
31.250000	1	0.578375
31.266667	1	0.581250
31.283333	1	0.583125
31.300000	1	0.585375
31.316667	1	0.587375
31.333333	1	0.590000
31.350000	1	0.591750
31.366667	1	0.593750
31.383333	1	0.595000
31.400000	1	0.596625
31.416667	1	0.597625
31.433333	1	0.598250
31.450000	1	0.598875
31.466667	1	0.598875
31.483333	1	0.598625
31.500000	1	0.598250
31.516667	1	0.597125
31.533333	1	0.596250
31.550000	1	0.594375
31.566667	1	0.592750
31.583333	1	0.590875
31.600000	1	0.588500
31.616667	1	0.586000
31.633333	1	0.582250
31.650000	1	0.578250
31.666667	1	0.574625
31.683333	1	0.570500
31.700000	1	0.566250
31.716667	1	0.561875
31.733333	1	0.557000
31.750000	1	0.552625
31.766667	1	0.547750
31.783333	1	0.543000
31.800000	1	0.537750
31.816667	1	0.533000
31.833333	1	0.528750
31.850000	1	0.524125
31.866667	1	0.519875
31.883333	1	0.516000
31.900000	1	0.512000
31.916667	1	0.508125
31.933333	1	0.505375
31.950000	1	0.502750
31.966667	1	0.500750
31.983333	1	0.498625
32.000000	1	0.497375
32.016667	1	0.497125
32.033333	1	0.496375
32.050000	1	0.496750
32.066667	1	0.497625
32.083333	1	0.499125
32.100000	1	0.501500
32.116667	1	0.503750
32.133333	1	0.507250
32.150000	1	0.511250
32.166667	1	0.515250
32.183333	1	0.520125
32.200000	1	0.526125
32.216667	1	0.531625
32.233333	1	0.537500
32.250000	1	0.544125
32.266667	1	0.550625
32.283333	1	0.557750
32.300000	1	0.565000
32.316667	1	0.572125
32.333333	1	0.579500
32.350000	1	0.586750
32.366667	1	0.594500
32.383333	1	0.602750
32.400000	1	0.610375
32.416667	1	0.618125
32.433333	1	0.626125
32.450000	1	0.633000
32.466667	1	0.639750
32.483333	1	0.646250
32.500000	1	0.653000
32.516667	1	0.658750
32.533333	1	0.664500
32.550000	1	0.669750
32.566667	1	0.674375
32.583333	1	0.679000
32.600000	1	0.683375
32.616667	1	0.687000
32.633333	1	0.689875
32.650000	1	0.692125
32.666667	1	0.694625
32.683333	1	0.696625
32.700000	1	0.697250
32.716667	1	0.697125
32.733333	1	0.696875
32.750000	1	0.696000
32.766667	1	0.695125
32.783333	1	0.692875
32.800000	1	0.690250
32.816667	1	0.686375
32.833333	1	0.683250
32.850000	1	0.678375
32.866667	1	0.673375
32.883333	1	0.667250
32.900000	1	0.660500
32.916667	1	0.653000
32.933333	1	0.645625
32.950000	1	0.636875
32.966667	1	0.628000
32.983333	1	0.618750
33.000000	1	0.609125
33.016667	1	0.598625
33.033333	1	0.588125
33.050000	1	0.577000
33.066667	1	0.565500
33.083333	1	0.553375
33.100000	1	0.540875
33.116667	1	0.528125
33.133333	1	0.514750
33.150000	1	0.501250
33.166667	1	0.487000
33.183333	1	0.473625
33.200000	1	0.459750
33.216667	1	0.445250
33.233333	1	0.430250
33.250000	1	0.416000
33.266667	1	0.401625
33.283333	1	0.387000
33.300000	1	0.372750
33.316667	1	0.358375
33.333333	1	0.343875
33.350000	1	0.329875
33.366667	1	0.315375
33.383333	1	0.302250
33.400000	1	0.289000
33.416667	1	0.275750
33.433333	1	0.263000
33.450000	1	0.250625
33.466667	1	0.238625
33.483333	1	0.227125
33.500000	1	0.215875
33.516667	1	0.204750
33.533333	1	0.194500
33.550000	1	0.184750
33.566667	1	0.175500
33.583333	1	0.167125
33.600000	1	0.159250
33.616667	1	0.150625
33.633333	1	0.143625
33.650000	1	0.136625
33.666667	1	0.130000
33.683333	1	0.123875
33.700000	1	0.118000
33.716667	1	0.111875
33.733333	1	0.106750
33.750000	1	0.101875
33.766667	1	0.097750
33.783333	1	0.093500
33.800000	1	0.089625
33.816667	1	0.086500
33.833333	1	0.083375
33.850000	1	0.080375
33.866667	1	0.077500
33.883333	1	0.074875
33.900000	1	0.072250
33.916667	1	0.069750
33.933333	1	0.067750
33.950000	1	0.066000
33.966667	1	0.064750
33.983333	1	0.064500
34.000000	1	0.064000
34.016667	1	0.063625
34.033333	1	0.063375
34.050000	1	0.063125
34.066667	1	0.063250
34.083333	1	0.063750
34.100000	1	0.065000
34.116667	1	0.067000
34.133333	1	0.068750
34.150000	1	0.071250
34.166667	1	0.074625
34.183333	1	0.078750
34.200000	1	0.083750
34.216667	1	0.088625
34.233333	1	0.094625
34.250000	1	0.101125
34.266667	1	0.108500
34.283333	1	0.116500
34.300000	1	0.125375
34.316667	1	0.135375
34.333333	1	0.147250
34.350000	1	0.158500
34.366667	1	0.171125
34.383333	1	0.184500
34.400000	1	0.198625
34.416667	1	0.213625
34.433333	1	0.228875
34.450000	1	0.245500
34.466667	1	0.262000
34.483333	1	0.279125
34.500000	1	0.296375
34.516667	1	0.314000
34.533333	1	0.331125
34.550000	1	0.349500
34.566667	1	0.367500
34.583333	1	0.385750
34.600000	1	0.403625
34.616667	1	0.421500
34.633333	1	0.438625
34.650000	1	0.455375
34.666667	1	0.471875
34.683333	1	0.488000
34.700000	1	0.503250
34.716667	1	0.517750
34.733333	1	0.532250
34.750000	1	0.546000
34.766667	1	0.559250
34.783333	1	0.572125
34.800000	1	0.583875
34.816667	1	0.595250
34.833333	1	0.605500
34.850000	1	0.615125
34.866667	1	0.624375
34.883333	1	0.632875
34.900000	1	0.639625
34.916667	1	0.647000
34.933333	1	0.653625
34.950000	1	0.658125
34.966667	1	0.662625
34.983333	1	0.666375
35.000000	1	0.669000
35.016667	1	0.671250
35.033333	1	0.671875
35.050000	1	0.670875
35.066667	1	0.669375
35.083333	1	0.667125
35.100000	1	0.663000
35.116667	1	0.658750
35.133333	1	0.653000
35.150000	1	0.645375
35.166667	1	0.637625
35.183333	1	0.628375
35.200000	1	0.618000
35.216667	1	0.607000
35.233333	1	0.594750
35.250000	1	0.581750
35.266667	1	0.566875
35.283333	1	0.551750
35.300000	1	0.536250
35.316667	1	0.520375
35.333333	1	0.503750
35.350000	1	0.486125
35.366667	1	0.468000
35.383333	1	0.450000
35.400000	1	0.432000
35.416667	1	0.414000
35.433333	1	0.396500
35.450000	1	0.378500
35.466667	1	0.361000
35.483333	1	0.344375
35.500000	1	0.327250
35.516667	1	0.310875
35.533333	1	0.294750
35.550000	1	0.279625
35.566667	1	0.265250
35.583333	1	0.251750
35.600000	1	0.239000
35.616667	1	0.226000
35.633333	1	0.214625
35.650000	1	0.203625
35.666667	1	0.193375
35.683333	1	0.184875
35.700000	1	0.176000
35.716667	1	0.167625
35.733333	1	0.160750
35.750000	1	0.154250
35.766667	1	0.148000
35.783333	1	0.143250
35.800000	1	0.138750
35.816667	1	0.134875
35.833333	1	0.131750
35.850000	1	0.128625
35.866667	1	0.125875
35.883333	1	0.123375
35.900000	1	0.121500
35.916667	1	0.120000
35.933333	1	0.119375
35.950000	1	0.119000
35.966667	1	0.118625
35.983333	1	0.119250
36.000000	1	0.119375
36.016667	1	0.119625
36.033333	1	0.120500
36.050000	1	0.121625
36.066667	1	0.122625
36.083333	1	0.123625
36.100000	1	0.125375
36.116667	1	0.127250
36.133333	1	0.128750
36.150000	1	0.130625
36.166667	1	0.132875
36.183333	1	0.134625
36.200000	1	0.136500
36.216667	1	0.138875
36.233333	1	0.140625
36.250000	1	0.143000
36.266667	1	0.145375
36.283333	1	0.148625
36.300000	1	0.151875
36.316667	1	0.154875
36.333333	1	0.157750
36.350000	1	0.160250
36.366667	1	0.163000
36.383333	1	0.165500
36.400000	1	0.168250
36.416667	1	0.171875
36.433333	1	0.174625
36.450000	1	0.176875
36.466667	1	0.180250
36.483333	1	0.183250
36.500000	1	0.186125
36.516667	1	0.188875
36.533333	1	0.191750
36.550000	1	0.194750
36.566667	1	0.197250
36.583333	1	0.200000
36.600000	1	0.203000
36.616667	1	0.206250
36.633333	1	0.209500
36.650000	1	0.212625
36.666667	1	0.215500
36.683333	1	0.218625
36.700000	1	0.222000
36.716667	1	0.225500
36.733333	1	0.228750
36.750000	1	0.232250
36.766667	1	0.236125
36.783333	1	0.240125
36.800000	1	0.243500
36.816667	1	0.246875
36.833333	1	0.250125
36.850000	1	0.253000
36.866667	1	0.256250
36.883333	1	0.259625
36.900000	1	0.262125
36.916667	1	0.265125
36.933333	1	0.268000
36.950000	1	0.270375
36.966667	1	0.272000
36.983333	1	0.274375
37.000000	1	0.275875
37.016667	1	0.277625
37.033333	1	0.278750
37.050000	1	0.280000
37.066667	1	0.280250
37.083333	1	0.280875
37.100000	1	0.281875
37.116667	1	0.282000
37.133333	1	0.282125
37.150000	1	0.281625
37.166667	1	0.280375
37.183333	1	0.279375
37.200000	1	0.277875
37.216667	1	0.276375
37.233333	1	0.274500
37.250000	1	0.272625
37.266667	1	0.270625
37.283333	1	0.268250
37.300000	1	0.265500
37.316667	1	0.262875
37.333333	1	0.259875
37.350000	1	0.256875
37.366667	1	0.253000
37.383333	1	0.249500
37.400000	1	0.246250
37.416667	1	0.241750
37.433333	1	0.237250
37.450000	1	0.232750
37.466667	1	0.228250
37.483333	1	0.223250
37.500000	1	0.219625
37.516667	1	0.214625
37.533333	1	0.209000
37.550000	1	0.204875
37.566667	1	0.199250
37.583333	1	0.194250
37.600000	1	0.188375
37.616667	1	0.182500
37.633333	1	0.176875
37.650000	1	0.170750
37.666667	1	0.165000
37.683333	1	0.159125
37.700000	1	0.153500
37.716667	1	0.147625
37.733333	1	0.141500
37.750000	1	0.135000
37.766667	1	0.128875
37.783333	1	0.123000
37.800000	1	0.118125
37.816667	1	0.112125
37.833333	1	0.106500
37.850000	1	0.100750
37.866667	1	0.094625
37.883333	1	0.089500
37.900000	1	0.084000
37.916667	1	0.078500
37.933333	1	0.073500
37.950000	1	0.068500
37.966667	1	0.063500
37.983333	1	0.058500
38.000000	1	0.054000
38.016667	1	0.049375
38.033333	1	0.044875
38.050000	1	0.040375
38.066667	1	0.036000
38.083333	1	0.032375
38.100000	1	0.028750
38.116667	1	0.025125
38.133333	1	0.021875
38.150000	1	0.018750
38.166667	1	0.016125
38.183333	1	0.013375
38.200000	1	0.010250
38.216667	1	0.008125
38.233333	1	0.006000
38.250000	1	0.004000
38.266667	1	0.002250
38.283333	1	0.001000
38.300000	1	-0.000375
38.316667	1	-0.001500
38.333333	1	-0.003125
38.350000	1	-0.003875
38.366667	1	-0.004875
38.383333	1	-0.005375
38.400000	1	-0.005625
38.416667	1	-0.005750
38.433333	1	-0.006625
38.450000	1	-0.007000
38.466667	1	-0.007125
38.483333	1	-0.007250
38.500000	1	-0.007250
38.516667	1	-0.007000
38.533333	1	-0.006375
38.550000	1	-0.006750
38.566667	1	-0.006250
38.583333	1	-0.005500
38.600000	1	-0.005000
38.616667	1	-0.004250
38.633333	1	-0.004250
38.650000	1	-0.003875
38.666667	1	-0.003750
38.683333	1	-0.002875
38.700000	1	-0.002750
38.716667	1	-0.001875
38.733333	1	-0.001625
38.750000	1	-0.000875
38.766667	1	0.000000
38.783333	1	0.000500
38.800000	1	0.001625
38.816667	1	0.002750
38.833333	1	0.003000
38.850000	1	0.003000
38.866667	1	0.004375
38.883333	1	0.005375
38.900000	1	0.005875
38.916667	1	0.007250
38.933333	1	0.008750
38.950000	1	0.009500
38.966667	1	0.010750
38.983333	1	0.011375
39.000000	1	0.011875
39.016667	1	0.012500
39.033333	1	0.013750
39.050000	1	0.014625
39.066667	1	0.015375
39.083333	1	0.016250
39.100000	1	0.017250
39.116667	1	0.018125
39.133333	1	0.018750
39.150000	1	0.019500
39.166667	1	0.020500
39.183333	1	0.020875
39.200000	1	0.021125
39.216667	1	0.020500
39.233333	1	0.020750
39.250000	1	0.021250
39.266667	1	0.021000
39.283333	1	0.020875
39.300000	1	0.021125
39.316667	1	0.020250
39.333333	1	0.019875
39.350000	1	0.019375
39.366667	1	0.019375
39.383333	1	0.019375
39.400000	1	0.019125
39.416667	1	0.018375
39.433333	1	0.017625
39.450000	1	0.017125
39.466667	1	0.016750
39.483333	1	0.016000
39.500000	1	0.015500
39.516667	1	0.014875
39.533333	1	0.014125
39.550000	1	0.013750
39.566667	1	0.013375
39.583333	1	0.013125
39.600000	1	0.012125
39.616667	1	0.011500
39.633333	1	0.011500
39.650000	1	0.011125
39.666667	1	0.010750
39.683333	1	0.010125
39.700000	1	0.010000
39.716667	1	0.009875
39.733333	1	0.009375
39.750000	1	0.008750
39.766667	1	0.007625
39.783333	1	0.007750
39.800000	1	0.007375
39.816667	1	0.007750
39.833333	1	0.007375
39.850000	1	0.007750
39.866667	1	0.007875
39.883333	1	0.007625
39.900000	1	0.007875
39.916667	1	0.008250
39.933333	1	0.008750
39.950000	1	0.009125
39.966667	1	0.009875
39.983333	1	0.010875
40.000000	1	0.012000
