File Path	chrom://marshall/Chromeleon7/HPLC_Ultimate_3000/Users/markusar/20230107.seq/258.smp/RI_1.channel/RI_1.chm
Channel	RI_1

Injection Information:
Data Vault	Chromeleon7
Injection	ri2.2
Injection Number	15
Position	RB7
Comment	
Processing Method	
Instrument Method	std_method
Type	Unknown
Status	Finished
Injection Date	08.01.2023
Injection Time	01:27:40
Injection Volume (µl)	20.000
Dilution Factor	1.0000
Weight	1.0000

Chromatogram Data Information:
Time Min. (min)	0.000000
Time Max. (min)	40.000000
Data Points	2401
Detector	RI
Generating Data System	Chromeleon 7.2.5.9507
Exporting Data System	Chromeleon 7.2.5.0
Operator	Instrument Controller
Signal Quantity	Refractive 
Signal Unit	µRIU
Signal Min.	-0.051375
Signal Max.	110.126000
Channel	RI_1
Driver Name	RID520Driver.dll
Channel Type	Evaluation
Min. Step (s)	1
Max. Step (s)	1
Average Step (s)	1

Signal Parameter Information:
Signal Info	

Chromatogram Data:
Time (min)	Step (s)	Value (µRIU)
0.000000	n.a.	0.157000
0.016667	1	0.160250
0.033333	1	0.163625
0.050000	1	0.166875
0.066667	1	0.169625
0.083333	1	0.172500
0.100000	1	0.175625
0.116667	1	0.178375
0.133333	1	0.180625
0.150000	1	0.182500
0.166667	1	0.184125
0.183333	1	0.186000
0.200000	1	0.188375
0.216667	1	0.189875
0.233333	1	0.191500
0.250000	1	0.192125
0.266667	1	0.192875
0.283333	1	0.194250
0.300000	1	0.195125
0.316667	1	0.196250
0.333333	1	0.197125
0.350000	1	0.198000
0.366667	1	0.198250
0.383333	1	0.198250
0.400000	1	0.198250
0.416667	1	0.197625
0.433333	1	0.197250
0.450000	1	0.195875
0.466667	1	0.195125
0.483333	1	0.194500
0.500000	1	0.193125
0.516667	1	0.192000
0.533333	1	0.190500
0.550000	1	0.188875
0.566667	1	0.187625
0.583333	1	0.186625
0.600000	1	0.185375
0.616667	1	0.184375
0.633333	1	0.182875
0.650000	1	0.181875
0.666667	1	0.181125
0.683333	1	0.179875
0.700000	1	0.178375
0.716667	1	0.176750
0.733333	1	0.174750
0.750000	1	0.172375
0.766667	1	0.169875
0.783333	1	0.166625
0.800000	1	0.163750
0.816667	1	0.160625
0.833333	1	0.157125
0.850000	1	0.153625
0.866667	1	0.150500
0.883333	1	0.147750
0.900000	1	0.145000
0.916667	1	0.142250
0.933333	1	0.139750
0.950000	1	0.137125
0.966667	1	0.134125
0.983333	1	0.130625
1.000000	1	0.128000
1.016667	1	0.125875
1.033333	1	0.123000
1.050000	1	0.120500
1.066667	1	0.117875
1.083333	1	0.115625
1.100000	1	0.113000
1.116667	1	0.110250
1.133333	1	0.107750
1.150000	1	0.105375
1.166667	1	0.102500
1.183333	1	0.100250
1.200000	1	0.097500
1.216667	1	0.094875
1.233333	1	0.092250
1.250000	1	0.089875
1.266667	1	0.087750
1.283333	1	0.085750
1.300000	1	0.083000
1.316667	1	0.080500
1.333333	1	0.077000
1.350000	1	0.074750
1.366667	1	0.072125
1.383333	1	0.070375
1.400000	1	0.068000
1.416667	1	0.065875
1.433333	1	0.063875
1.450000	1	0.061625
1.466667	1	0.059125
1.483333	1	0.057250
1.500000	1	0.054750
1.516667	1	0.053000
1.533333	1	0.051375
1.550000	1	0.049000
1.566667	1	0.047125
1.583333	1	0.045250
1.600000	1	0.043250
1.616667	1	0.041500
1.633333	1	0.039750
1.650000	1	0.038375
1.666667	1	0.036125
1.683333	1	0.034250
1.700000	1	0.032875
1.716667	1	0.030750
1.733333	1	0.028875
1.750000	1	0.027000
1.766667	1	0.025375
1.783333	1	0.023250
1.800000	1	0.021125
1.816667	1	0.019250
1.833333	1	0.016875
1.850000	1	0.015750
1.866667	1	0.013375
1.883333	1	0.011625
1.900000	1	0.009750
1.916667	1	0.008375
1.933333	1	0.006375
1.950000	1	0.004375
1.966667	1	0.002125
1.983333	1	0.000250
2.000000	1	-0.001375
2.016667	1	-0.003000
2.033333	1	-0.005125
2.050000	1	-0.006750
2.066667	1	-0.008875
2.083333	1	-0.011000
2.100000	1	-0.012875
2.116667	1	-0.014500
2.133333	1	-0.016125
2.150000	1	-0.017125
2.166667	1	-0.019125
2.183333	1	-0.021000
2.200000	1	-0.022750
2.216667	1	-0.024250
2.233333	1	-0.025625
2.250000	1	-0.027500
2.266667	1	-0.028375
2.283333	1	-0.030375
2.300000	1	-0.031375
2.316667	1	-0.032625
2.333333	1	-0.033750
2.350000	1	-0.035000
2.366667	1	-0.036375
2.383333	1	-0.037500
2.400000	1	-0.038000
2.416667	1	-0.039250
2.433333	1	-0.039875
2.450000	1	-0.041625
2.466667	1	-0.042500
2.483333	1	-0.043250
2.500000	1	-0.044375
2.516667	1	-0.044750
2.533333	1	-0.045000
2.550000	1	-0.046125
2.566667	1	-0.046750
2.583333	1	-0.047625
2.600000	1	-0.048500
2.616667	1	-0.049250
2.633333	1	-0.049375
2.650000	1	-0.049750
2.666667	1	-0.050125
2.683333	1	-0.050875
2.700000	1	-0.051375
2.716667	1	-0.050500
2.733333	1	-0.050000
2.750000	1	-0.050375
2.766667	1	-0.050125
2.783333	1	-0.049625
2.800000	1	-0.049375
2.816667	1	-0.049000
2.833333	1	-0.048500
2.850000	1	-0.047625
2.866667	1	-0.047250
2.883333	1	-0.047000
2.900000	1	-0.046375
2.916667	1	-0.045625
2.933333	1	-0.044375
2.950000	1	-0.044125
2.966667	1	-0.043500
2.983333	1	-0.042875
3.000000	1	-0.041625
3.016667	1	-0.041125
3.033333	1	-0.040375
3.050000	1	-0.039125
3.066667	1	-0.038250
3.083333	1	-0.037125
3.100000	1	-0.035250
3.116667	1	-0.034125
3.133333	1	-0.032875
3.150000	1	-0.031500
3.166667	1	-0.030125
3.183333	1	-0.029000
3.200000	1	-0.027000
3.216667	1	-0.025250
3.233333	1	-0.023750
3.250000	1	-0.021750
3.266667	1	-0.020000
3.283333	1	-0.018000
3.300000	1	-0.016500
3.316667	1	-0.014750
3.333333	1	-0.012625
3.350000	1	-0.010375
3.366667	1	-0.008875
3.383333	1	-0.006750
3.400000	1	-0.004750
3.416667	1	-0.003125
3.433333	1	-0.000750
3.450000	1	0.001750
3.466667	1	0.003500
3.483333	1	0.005625
3.500000	1	0.007875
3.516667	1	0.010125
3.533333	1	0.012500
3.550000	1	0.014875
3.566667	1	0.016375
3.583333	1	0.018875
3.600000	1	0.021500
3.616667	1	0.024125
3.633333	1	0.026500
3.650000	1	0.028375
3.666667	1	0.031500
3.683333	1	0.033875
3.700000	1	0.036500
3.716667	1	0.038625
3.733333	1	0.041125
3.750000	1	0.043375
3.766667	1	0.045375
3.783333	1	0.048125
3.800000	1	0.050250
3.816667	1	0.052375
3.833333	1	0.054625
3.850000	1	0.057625
3.866667	1	0.060500
3.883333	1	0.062250
3.900000	1	0.064000
3.916667	1	0.066125
3.933333	1	0.067750
3.950000	1	0.068875
3.966667	1	0.070250
3.983333	1	0.071750
4.000000	1	0.073375
4.016667	1	0.075125
4.033333	1	0.076500
4.050000	1	0.077625
4.066667	1	0.078625
4.083333	1	0.079500
4.100000	1	0.080500
4.116667	1	0.081375
4.133333	1	0.082000
4.150000	1	0.082625
4.166667	1	0.083625
4.183333	1	0.083625
4.200000	1	0.084375
4.216667	1	0.084375
4.233333	1	0.084625
4.250000	1	0.084750
4.266667	1	0.084375
4.283333	1	0.085250
4.300000	1	0.084875
4.316667	1	0.085000
4.333333	1	0.084625
4.350000	1	0.084750
4.366667	1	0.084125
4.383333	1	0.083875
4.400000	1	0.083750
4.416667	1	0.082375
4.433333	1	0.080625
4.450000	1	0.080375
4.466667	1	0.079625
4.483333	1	0.078500
4.500000	1	0.077375
4.516667	1	0.075625
4.533333	1	0.073750
4.550000	1	0.072000
4.566667	1	0.070250
4.583333	1	0.068750
4.600000	1	0.067500
4.616667	1	0.065875
4.633333	1	0.063875
4.650000	1	0.062250
4.666667	1	0.060125
4.683333	1	0.058750
4.700000	1	0.057125
4.716667	1	0.055625
4.733333	1	0.053750
4.750000	1	0.051375
4.766667	1	0.049500
4.783333	1	0.047500
4.800000	1	0.046250
4.816667	1	0.044625
4.833333	1	0.043250
4.850000	1	0.041625
4.866667	1	0.040125
4.883333	1	0.039250
4.900000	1	0.037000
4.916667	1	0.035750
4.933333	1	0.034625
4.950000	1	0.033875
4.966667	1	0.032000
4.983333	1	0.031250
5.000000	1	0.030375
5.016667	1	0.029875
5.033333	1	0.028500
5.050000	1	0.027625
5.066667	1	0.027375
5.083333	1	0.027375
5.100000	1	0.026750
5.116667	1	0.026125
5.133333	1	0.025750
5.150000	1	0.024875
5.166667	1	0.024625
5.183333	1	0.024750
5.200000	1	0.025000
5.216667	1	0.024750
5.233333	1	0.026000
5.250000	1	0.026000
5.266667	1	0.026875
5.283333	1	0.027875
5.300000	1	0.028875
5.316667	1	0.029500
5.333333	1	0.031000
5.350000	1	0.032250
5.366667	1	0.033750
5.383333	1	0.035000
5.400000	1	0.036125
5.416667	1	0.037750
5.433333	1	0.039625
5.450000	1	0.041875
5.466667	1	0.044000
5.483333	1	0.046125
5.500000	1	0.048250
5.516667	1	0.050375
5.533333	1	0.052000
5.550000	1	0.054250
5.566667	1	0.056625
5.583333	1	0.059125
5.600000	1	0.062250
5.616667	1	0.065125
5.633333	1	0.068000
5.650000	1	0.070750
5.666667	1	0.073750
5.683333	1	0.077000
5.700000	1	0.080250
5.716667	1	0.082750
5.733333	1	0.085125
5.750000	1	0.087875
5.766667	1	0.091125
5.783333	1	0.093500
5.800000	1	0.097125
5.816667	1	0.099875
5.833333	1	0.102750
5.850000	1	0.106250
5.866667	1	0.109375
5.883333	1	0.111625
5.900000	1	0.114250
5.916667	1	0.117000
5.933333	1	0.119750
5.950000	1	0.122500
5.966667	1	0.125875
5.983333	1	0.128500
6.000000	1	0.131000
6.016667	1	0.134375
6.033333	1	0.137250
6.050000	1	0.138625
6.066667	1	0.141375
6.083333	1	0.144000
6.100000	1	0.146750
6.116667	1	0.149250
6.133333	1	0.151750
6.150000	1	0.154000
6.166667	1	0.155750
6.183333	1	0.157750
6.200000	1	0.159500
6.216667	1	0.161625
6.233333	1	0.163000
6.250000	1	0.164875
6.266667	1	0.166375
6.283333	1	0.167500
6.300000	1	0.168500
6.316667	1	0.169250
6.333333	1	0.170750
6.350000	1	0.172125
6.366667	1	0.172500
6.383333	1	0.172875
6.400000	1	0.173250
6.416667	1	0.173750
6.433333	1	0.173875
6.450000	1	0.174875
6.466667	1	0.174875
6.483333	1	0.174500
6.500000	1	0.175000
6.516667	1	0.175250
6.533333	1	0.175250
6.550000	1	0.174375
6.566667	1	0.174375
6.583333	1	0.175125
6.600000	1	0.174750
6.616667	1	0.173875
6.633333	1	0.173875
6.650000	1	0.173375
6.666667	1	0.172500
6.683333	1	0.172750
6.700000	1	0.172875
6.716667	1	0.172000
6.733333	1	0.171125
6.750000	1	0.170625
6.766667	1	0.170000
6.783333	1	0.169750
6.800000	1	0.169375
6.816667	1	0.168750
6.833333	1	0.168500
6.850000	1	0.168625
6.866667	1	0.168125
6.883333	1	0.166750
6.900000	1	0.165750
6.916667	1	0.164500
6.933333	1	0.163875
6.950000	1	0.162875
6.966667	1	0.161875
6.983333	1	0.160750
7.000000	1	0.159500
7.016667	1	0.159125
7.033333	1	0.158500
7.050000	1	0.157875
7.066667	1	0.157000
7.083333	1	0.156500
7.100000	1	0.156250
7.116667	1	0.156500
7.133333	1	0.156000
7.150000	1	0.156250
7.166667	1	0.156375
7.183333	1	0.156875
7.200000	1	0.157125
7.216667	1	0.157375
7.233333	1	0.158250
7.250000	1	0.158625
7.266667	1	0.159375
7.283333	1	0.159125
7.300000	1	0.159875
7.316667	1	0.160500
7.333333	1	0.162000
7.350000	1	0.163625
7.366667	1	0.164750
7.383333	1	0.166250
7.400000	1	0.167250
7.416667	1	0.168625
7.433333	1	0.169875
7.450000	1	0.171375
7.466667	1	0.172125
7.483333	1	0.173375
7.500000	1	0.175125
7.516667	1	0.176250
7.533333	1	0.177125
7.550000	1	0.178625
7.566667	1	0.180000
7.583333	1	0.181000
7.600000	1	0.181375
7.616667	1	0.182000
7.633333	1	0.182750
7.650000	1	0.183625
7.666667	1	0.184750
7.683333	1	0.185750
7.700000	1	0.186375
7.716667	1	0.187375
7.733333	1	0.187875
7.750000	1	0.189000
7.766667	1	0.190000
7.783333	1	0.190875
7.800000	1	0.191625
7.816667	1	0.192250
7.833333	1	0.193375
7.850000	1	0.194000
7.866667	1	0.194250
7.883333	1	0.195250
7.900000	1	0.195000
7.916667	1	0.195625
7.933333	1	0.196000
7.950000	1	0.196750
7.966667	1	0.197375
7.983333	1	0.198625
8.000000	1	0.199250
8.016667	1	0.200000
8.033333	1	0.201250
8.050000	1	0.200875
8.066667	1	0.200750
8.083333	1	0.200875
8.100000	1	0.201125
8.116667	1	0.201000
8.133333	1	0.200750
8.150000	1	0.200875
8.166667	1	0.200250
8.183333	1	0.200750
8.200000	1	0.200250
8.216667	1	0.200125
8.233333	1	0.199875
8.250000	1	0.199750
8.266667	1	0.199000
8.283333	1	0.198875
8.300000	1	0.197625
8.316667	1	0.196500
8.333333	1	0.195750
8.350000	1	0.193750
8.366667	1	0.192875
8.383333	1	0.192000
8.400000	1	0.190500
8.416667	1	0.188500
8.433333	1	0.186875
8.450000	1	0.185875
8.466667	1	0.184750
8.483333	1	0.183250
8.500000	1	0.181375
8.516667	1	0.179375
8.533333	1	0.177875
8.550000	1	0.176250
8.566667	1	0.174875
8.583333	1	0.173750
8.600000	1	0.172250
8.616667	1	0.170625
8.633333	1	0.169750
8.650000	1	0.168125
8.666667	1	0.167375
8.683333	1	0.166250
8.700000	1	0.165500
8.716667	1	0.164125
8.733333	1	0.163000
8.750000	1	0.161750
8.766667	1	0.161375
8.783333	1	0.160375
8.800000	1	0.160000
8.816667	1	0.159125
8.833333	1	0.158500
8.850000	1	0.157375
8.866667	1	0.156375
8.883333	1	0.155125
8.900000	1	0.154500
8.916667	1	0.154000
8.933333	1	0.153625
8.950000	1	0.153000
8.966667	1	0.152625
8.983333	1	0.152500
9.000000	1	0.152375
9.016667	1	0.152500
9.033333	1	0.152000
9.050000	1	0.152000
9.066667	1	0.151625
9.083333	1	0.152125
9.100000	1	0.152125
9.116667	1	0.152500
9.133333	1	0.152750
9.150000	1	0.153750
9.166667	1	0.154250
9.183333	1	0.154625
9.200000	1	0.155125
9.216667	1	0.156125
9.233333	1	0.157250
9.250000	1	0.158750
9.266667	1	0.160375
9.283333	1	0.161375
9.300000	1	0.163250
9.316667	1	0.165375
9.333333	1	0.167500
9.350000	1	0.169875
9.366667	1	0.172000
9.383333	1	0.174375
9.400000	1	0.177500
9.416667	1	0.179875
9.433333	1	0.182375
9.450000	1	0.184875
9.466667	1	0.188875
9.483333	1	0.192125
9.500000	1	0.195875
9.516667	1	0.200375
9.533333	1	0.204500
9.550000	1	0.208375
9.566667	1	0.213375
9.583333	1	0.218375
9.600000	1	0.223625
9.616667	1	0.228625
9.633333	1	0.234625
9.650000	1	0.241000
9.666667	1	0.248500
9.683333	1	0.255500
9.700000	1	0.263875
9.716667	1	0.273500
9.733333	1	0.283875
9.750000	1	0.295750
9.766667	1	0.309750
9.783333	1	0.325500
9.800000	1	0.344000
9.816667	1	0.364625
9.833333	1	0.388375
9.850000	1	0.415125
9.866667	1	0.445625
9.883333	1	0.480250
9.900000	1	0.518000
9.916667	1	0.560375
9.933333	1	0.605875
9.950000	1	0.654125
9.966667	1	0.705625
9.983333	1	0.761625
10.000000	1	0.822375
10.016667	1	0.888375
10.033333	1	0.958625
10.050000	1	1.030875
10.066667	1	1.099625
10.083333	1	1.157000
10.100000	1	1.195125
10.116667	1	1.208000
10.133333	1	1.195875
10.150000	1	1.163750
10.166667	1	1.125625
10.183333	1	1.102250
10.200000	1	1.120625
10.216667	1	1.212000
10.233333	1	1.412625
10.250000	1	1.763000
10.266667	1	2.304500
10.283333	1	3.082875
10.300000	1	4.143375
10.316667	1	5.531750
10.333333	1	7.290875
10.350000	1	9.462125
10.366667	1	12.086000
10.383333	1	15.191375
10.400000	1	18.809250
10.416667	1	22.961625
10.433333	1	27.663375
10.450000	1	32.913625
10.466667	1	38.700625
10.483333	1	44.999750
10.500000	1	51.755750
10.516667	1	58.878250
10.533333	1	66.239000
10.550000	1	73.668750
10.566667	1	80.963875
10.583333	1	87.898000
10.600000	1	94.237750
10.616667	1	99.762250
10.633333	1	104.265500
10.650000	1	107.574625
10.666667	1	109.559125
10.683333	1	110.126000
10.700000	1	109.217875
10.716667	1	106.829875
10.733333	1	103.018875
10.750000	1	97.920125
10.766667	1	91.746500
10.783333	1	84.765625
10.800000	1	77.271875
10.816667	1	69.559125
10.833333	1	61.908375
10.850000	1	54.563000
10.866667	1	47.700375
10.883333	1	41.450500
10.900000	1	35.892250
10.916667	1	31.054375
10.933333	1	26.924000
10.950000	1	23.457875
10.966667	1	20.589375
10.983333	1	18.241125
11.000000	1	16.332625
11.016667	1	14.787750
11.033333	1	13.536625
11.050000	1	12.518375
11.066667	1	11.681250
11.083333	1	10.983750
11.100000	1	10.390500
11.116667	1	9.875625
11.133333	1	9.418500
11.150000	1	9.003875
11.166667	1	8.620250
11.183333	1	8.259125
11.200000	1	7.914875
11.216667	1	7.585250
11.233333	1	7.266875
11.250000	1	6.959250
11.266667	1	6.662250
11.283333	1	6.376875
11.300000	1	6.102250
11.316667	1	5.840375
11.333333	1	5.591625
11.350000	1	5.357250
11.366667	1	5.138125
11.383333	1	4.935125
11.400000	1	4.749625
11.416667	1	4.582125
11.433333	1	4.434000
11.450000	1	4.303625
11.466667	1	4.192000
11.483333	1	4.097500
11.500000	1	4.017875
11.516667	1	3.950500
11.533333	1	3.893250
11.550000	1	3.844000
11.566667	1	3.799375
11.583333	1	3.757750
11.600000	1	3.718375
11.616667	1	3.680375
11.633333	1	3.642625
11.650000	1	3.606125
11.666667	1	3.571000
11.683333	1	3.536875
11.700000	1	3.503250
11.716667	1	3.470375
11.733333	1	3.436625
11.750000	1	3.403000
11.766667	1	3.368500
11.783333	1	3.333625
11.800000	1	3.296375
11.816667	1	3.257875
11.833333	1	3.216875
11.850000	1	3.176500
11.866667	1	3.134625
11.883333	1	3.092125
11.900000	1	3.050125
11.916667	1	3.008875
11.933333	1	2.967625
11.950000	1	2.927500
11.966667	1	2.888375
11.983333	1	2.850375
12.000000	1	2.812625
12.016667	1	2.776000
12.033333	1	2.740125
12.050000	1	2.705375
12.066667	1	2.670125
12.083333	1	2.636500
12.100000	1	2.602875
12.116667	1	2.570000
12.133333	1	2.538625
12.150000	1	2.506625
12.166667	1	2.475875
12.183333	1	2.446250
12.200000	1	2.418250
12.216667	1	2.391500
12.233333	1	2.366000
12.250000	1	2.342125
12.266667	1	2.321000
12.283333	1	2.301875
12.300000	1	2.284875
12.316667	1	2.272750
12.333333	1	2.263375
12.350000	1	2.258750
12.366667	1	2.259750
12.383333	1	2.267500
12.400000	1	2.283250
12.416667	1	2.309750
12.433333	1	2.346250
12.450000	1	2.397125
12.466667	1	2.463625
12.483333	1	2.549500
12.500000	1	2.657625
12.516667	1	2.792625
12.533333	1	2.958125
12.550000	1	3.158250
12.566667	1	3.396750
12.583333	1	3.677125
12.600000	1	4.000625
12.616667	1	4.366625
12.633333	1	4.772625
12.650000	1	5.216625
12.666667	1	5.693875
12.683333	1	6.198875
12.700000	1	6.725625
12.716667	1	7.269125
12.733333	1	7.823375
12.750000	1	8.383875
12.766667	1	8.948000
12.783333	1	9.514125
12.800000	1	10.081500
12.816667	1	10.647875
12.833333	1	11.215000
12.850000	1	11.783125
12.866667	1	12.354375
12.883333	1	12.926500
12.900000	1	13.498750
12.916667	1	14.070375
12.933333	1	14.637000
12.950000	1	15.193625
12.966667	1	15.733125
12.983333	1	16.247750
13.000000	1	16.730875
13.016667	1	17.174375
13.033333	1	17.572250
13.050000	1	17.918500
13.066667	1	18.208875
13.083333	1	18.440750
13.100000	1	18.610625
13.116667	1	18.718625
13.133333	1	18.765125
13.150000	1	18.753125
13.166667	1	18.684000
13.183333	1	18.563500
13.200000	1	18.396625
13.216667	1	18.186500
13.233333	1	17.939750
13.250000	1	17.661625
13.266667	1	17.355500
13.283333	1	17.026750
13.300000	1	16.679875
13.316667	1	16.318375
13.333333	1	15.946500
13.350000	1	15.566750
13.366667	1	15.183125
13.383333	1	14.796375
13.400000	1	14.409875
13.416667	1	14.024625
13.433333	1	13.640750
13.450000	1	13.258125
13.466667	1	12.876875
13.483333	1	12.496125
13.500000	1	12.114875
13.516667	1	11.731250
13.533333	1	11.342625
13.550000	1	10.947000
13.566667	1	10.543125
13.583333	1	10.129375
13.600000	1	9.705125
13.616667	1	9.271875
13.633333	1	8.832375
13.650000	1	8.391000
13.666667	1	7.954125
13.683333	1	7.527625
13.700000	1	7.119000
13.716667	1	6.733875
13.733333	1	6.377500
13.750000	1	6.054000
13.766667	1	5.764625
13.783333	1	5.510875
13.800000	1	5.290250
13.816667	1	5.100750
13.833333	1	4.938625
13.850000	1	4.799375
13.866667	1	4.679500
13.883333	1	4.575375
13.900000	1	4.483500
13.916667	1	4.403125
13.933333	1	4.330750
13.950000	1	4.266125
13.966667	1	4.207875
13.983333	1	4.155125
14.000000	1	4.107625
14.016667	1	4.062625
14.033333	1	4.021125
14.050000	1	3.981500
14.066667	1	3.941750
14.083333	1	3.899875
14.100000	1	3.855375
14.116667	1	3.806250
14.133333	1	3.752375
14.150000	1	3.691625
14.166667	1	3.624625
14.183333	1	3.550375
14.200000	1	3.471000
14.216667	1	3.386375
14.233333	1	3.299750
14.250000	1	3.211500
14.266667	1	3.124375
14.283333	1	3.041000
14.300000	1	2.962875
14.316667	1	2.891875
14.333333	1	2.831000
14.350000	1	2.782375
14.366667	1	2.748250
14.383333	1	2.728250
14.400000	1	2.723875
14.416667	1	2.738250
14.433333	1	2.770250
14.450000	1	2.822000
14.466667	1	2.893000
14.483333	1	2.984500
14.500000	1	3.096250
14.516667	1	3.228000
14.533333	1	3.379625
14.550000	1	3.551375
14.566667	1	3.742750
14.583333	1	3.952000
14.600000	1	4.178125
14.616667	1	4.421125
14.633333	1	4.678625
14.650000	1	4.948375
14.666667	1	5.227500
14.683333	1	5.513125
14.700000	1	5.801500
14.716667	1	6.088250
14.733333	1	6.370625
14.750000	1	6.646750
14.766667	1	6.915250
14.783333	1	7.176500
14.800000	1	7.433375
14.816667	1	7.691750
14.833333	1	7.959125
14.850000	1	8.245625
14.866667	1	8.561375
14.883333	1	8.919500
14.900000	1	9.332375
14.916667	1	9.810250
14.933333	1	10.361250
14.950000	1	10.988750
14.966667	1	11.692000
14.983333	1	12.463750
15.000000	1	13.292750
15.016667	1	14.164500
15.033333	1	15.061250
15.050000	1	15.963875
15.066667	1	16.852375
15.083333	1	17.710375
15.100000	1	18.522000
15.116667	1	19.275625
15.133333	1	19.961500
15.150000	1	20.576125
15.166667	1	21.114250
15.183333	1	21.573875
15.200000	1	21.952625
15.216667	1	22.251750
15.233333	1	22.467375
15.250000	1	22.597250
15.266667	1	22.639000
15.283333	1	22.586500
15.300000	1	22.436500
15.316667	1	22.186875
15.333333	1	21.834500
15.350000	1	21.381125
15.366667	1	20.831750
15.383333	1	20.195250
15.400000	1	19.481000
15.416667	1	18.698750
15.433333	1	17.862250
15.450000	1	16.982875
15.466667	1	16.074875
15.483333	1	15.150000
15.500000	1	14.222500
15.516667	1	13.303875
15.533333	1	12.403125
15.550000	1	11.528000
15.566667	1	10.687625
15.583333	1	9.888250
15.600000	1	9.135750
15.616667	1	8.431500
15.633333	1	7.778625
15.650000	1	7.178875
15.666667	1	6.630750
15.683333	1	6.135125
15.700000	1	5.689750
15.716667	1	5.292500
15.733333	1	4.940375
15.750000	1	4.630500
15.766667	1	4.359750
15.783333	1	4.124875
15.800000	1	3.922375
15.816667	1	3.749500
15.833333	1	3.603625
15.850000	1	3.482500
15.866667	1	3.384625
15.883333	1	3.309125
15.900000	1	3.253875
15.916667	1	3.217750
15.933333	1	3.199875
15.950000	1	3.199000
15.966667	1	3.212625
15.983333	1	3.239250
16.000000	1	3.277875
16.016667	1	3.326500
16.033333	1	3.383625
16.050000	1	3.446875
16.066667	1	3.516000
16.083333	1	3.589000
16.100000	1	3.666250
16.116667	1	3.749500
16.133333	1	3.840125
16.150000	1	3.939500
16.166667	1	4.050125
16.183333	1	4.176750
16.200000	1	4.320250
16.216667	1	4.482875
16.233333	1	4.666375
16.250000	1	4.870125
16.266667	1	5.092625
16.283333	1	5.330500
16.300000	1	5.580125
16.316667	1	5.835750
16.333333	1	6.091125
16.350000	1	6.340875
16.366667	1	6.578875
16.383333	1	6.801875
16.400000	1	7.005375
16.416667	1	7.186000
16.433333	1	7.343125
16.450000	1	7.477000
16.466667	1	7.586625
16.483333	1	7.673750
16.500000	1	7.738250
16.516667	1	7.782000
16.533333	1	7.805000
16.550000	1	7.807750
16.566667	1	7.790625
16.583333	1	7.752875
16.600000	1	7.693875
16.616667	1	7.613500
16.633333	1	7.512000
16.650000	1	7.388375
16.666667	1	7.243000
16.683333	1	7.076500
16.700000	1	6.890500
16.716667	1	6.686125
16.733333	1	6.466125
16.750000	1	6.232125
16.766667	1	5.987750
16.783333	1	5.736500
16.800000	1	5.481125
16.816667	1	5.224125
16.833333	1	4.969500
16.850000	1	4.718000
16.866667	1	4.473250
16.883333	1	4.236375
16.900000	1	4.008625
16.916667	1	3.793250
16.933333	1	3.590000
16.950000	1	3.399375
16.966667	1	3.223000
16.983333	1	3.060375
17.000000	1	2.911000
17.016667	1	2.775125
17.033333	1	2.651000
17.050000	1	2.539125
17.066667	1	2.439000
17.083333	1	2.349500
17.100000	1	2.269625
17.116667	1	2.199000
17.133333	1	2.136625
17.150000	1	2.081500
17.166667	1	2.033250
17.183333	1	1.989500
17.200000	1	1.952000
17.216667	1	1.918000
17.233333	1	1.888000
17.250000	1	1.860875
17.266667	1	1.836625
17.283333	1	1.813625
17.300000	1	1.792500
17.316667	1	1.773125
17.333333	1	1.753875
17.350000	1	1.736750
17.366667	1	1.720625
17.383333	1	1.704750
17.400000	1	1.690250
17.416667	1	1.675750
17.433333	1	1.662125
17.450000	1	1.649000
17.466667	1	1.636625
17.483333	1	1.623750
17.500000	1	1.612000
17.516667	1	1.601125
17.533333	1	1.590000
17.550000	1	1.579750
17.566667	1	1.570250
17.583333	1	1.561875
17.600000	1	1.553375
17.616667	1	1.545875
17.633333	1	1.539250
17.650000	1	1.533250
17.666667	1	1.527375
17.683333	1	1.522500
17.700000	1	1.518625
17.716667	1	1.515750
17.733333	1	1.514125
17.750000	1	1.514250
17.766667	1	1.515500
17.783333	1	1.518500
17.800000	1	1.522875
17.816667	1	1.529250
17.833333	1	1.537750
17.850000	1	1.548125
17.866667	1	1.560250
17.883333	1	1.574500
17.900000	1	1.590375
17.916667	1	1.608125
17.933333	1	1.627375
17.950000	1	1.648125
17.966667	1	1.669375
17.983333	1	1.692750
18.000000	1	1.716875
18.016667	1	1.741750
18.033333	1	1.767750
18.050000	1	1.793500
18.066667	1	1.818250
18.083333	1	1.843125
18.100000	1	1.868125
18.116667	1	1.892250
18.133333	1	1.915375
18.150000	1	1.937375
18.166667	1	1.957875
18.183333	1	1.977375
18.200000	1	1.995250
18.216667	1	2.012250
18.233333	1	2.027000
18.250000	1	2.040000
18.266667	1	2.051250
18.283333	1	2.060125
18.300000	1	2.067000
18.316667	1	2.070875
18.333333	1	2.072750
18.350000	1	2.072250
18.366667	1	2.068500
18.383333	1	2.063625
18.400000	1	2.056250
18.416667	1	2.047250
18.433333	1	2.036125
18.450000	1	2.023625
18.466667	1	2.009500
18.483333	1	1.994250
18.500000	1	1.977125
18.516667	1	1.960250
18.533333	1	1.941750
18.550000	1	1.922750
18.566667	1	1.902750
18.583333	1	1.882375
18.600000	1	1.861125
18.616667	1	1.840125
18.633333	1	1.818500
18.650000	1	1.796750
18.666667	1	1.774875
18.683333	1	1.752125
18.700000	1	1.729625
18.716667	1	1.707625
18.733333	1	1.685250
18.750000	1	1.662375
18.766667	1	1.640375
18.783333	1	1.618625
18.800000	1	1.597125
18.816667	1	1.576000
18.833333	1	1.555375
18.850000	1	1.535625
18.866667	1	1.516625
18.883333	1	1.496875
18.900000	1	1.478750
18.916667	1	1.460750
18.933333	1	1.443000
18.950000	1	1.426375
18.966667	1	1.409875
18.983333	1	1.394000
19.000000	1	1.378375
19.016667	1	1.363125
19.033333	1	1.348750
19.050000	1	1.335375
19.066667	1	1.322375
19.083333	1	1.310625
19.100000	1	1.300500
19.116667	1	1.291875
19.133333	1	1.285125
19.150000	1	1.279625
19.166667	1	1.276375
19.183333	1	1.276000
19.200000	1	1.278500
19.216667	1	1.284500
19.233333	1	1.292875
19.250000	1	1.305250
19.266667	1	1.321000
19.283333	1	1.339000
19.300000	1	1.360500
19.316667	1	1.384250
19.333333	1	1.410250
19.350000	1	1.438500
19.366667	1	1.468500
19.383333	1	1.499500
19.400000	1	1.532125
19.416667	1	1.564500
19.433333	1	1.597375
19.450000	1	1.629625
19.466667	1	1.660875
19.483333	1	1.690750
19.500000	1	1.720125
19.516667	1	1.747000
19.533333	1	1.772125
19.550000	1	1.795375
19.566667	1	1.816500
19.583333	1	1.835625
19.600000	1	1.852250
19.616667	1	1.866500
19.633333	1	1.879250
19.650000	1	1.888250
19.666667	1	1.894375
19.683333	1	1.897625
19.700000	1	1.898375
19.716667	1	1.895500
19.733333	1	1.889375
19.750000	1	1.880250
19.766667	1	1.868000
19.783333	1	1.853500
19.800000	1	1.835500
19.816667	1	1.814250
19.833333	1	1.791750
19.850000	1	1.767375
19.866667	1	1.740875
19.883333	1	1.712250
19.900000	1	1.682625
19.916667	1	1.653250
19.933333	1	1.623875
19.950000	1	1.595125
19.966667	1	1.567250
19.983333	1	1.540250
20.000000	1	1.515250
20.016667	1	1.492750
20.033333	1	1.470875
20.050000	1	1.451875
20.066667	1	1.435125
20.083333	1	1.420750
20.100000	1	1.408875
20.116667	1	1.398375
20.133333	1	1.390000
20.150000	1	1.384000
20.166667	1	1.379875
20.183333	1	1.377000
20.200000	1	1.375625
20.216667	1	1.376500
20.233333	1	1.378750
20.250000	1	1.381500
20.266667	1	1.386250
20.283333	1	1.390875
20.300000	1	1.397375
20.316667	1	1.405625
20.333333	1	1.414625
20.350000	1	1.425250
20.366667	1	1.437500
20.383333	1	1.451250
20.400000	1	1.467000
20.416667	1	1.484875
20.433333	1	1.504000
20.450000	1	1.525875
20.466667	1	1.549750
20.483333	1	1.575250
20.500000	1	1.602125
20.516667	1	1.631375
20.533333	1	1.661375
20.550000	1	1.693375
20.566667	1	1.725250
20.583333	1	1.758125
20.600000	1	1.790625
20.616667	1	1.821625
20.633333	1	1.851250
20.650000	1	1.880000
20.666667	1	1.907250
20.683333	1	1.932250
20.700000	1	1.954875
20.716667	1	1.975750
20.733333	1	1.994000
20.750000	1	2.011125
20.766667	1	2.026750
20.783333	1	2.040500
20.800000	1	2.053125
20.816667	1	2.064375
20.833333	1	2.074500
20.850000	1	2.083125
20.866667	1	2.091750
20.883333	1	2.099375
20.900000	1	2.106375
20.916667	1	2.111875
20.933333	1	2.117375
20.950000	1	2.121625
20.966667	1	2.124125
20.983333	1	2.126000
21.000000	1	2.125500
21.016667	1	2.123500
21.033333	1	2.119625
21.050000	1	2.112875
21.066667	1	2.104250
21.083333	1	2.093250
21.100000	1	2.079250
21.116667	1	2.063125
21.133333	1	2.045375
21.150000	1	2.025375
21.166667	1	2.003875
21.183333	1	1.980000
21.200000	1	1.955750
21.216667	1	1.930375
21.233333	1	1.904500
21.250000	1	1.879000
21.266667	1	1.853875
21.283333	1	1.829000
21.300000	1	1.804500
21.316667	1	1.780500
21.333333	1	1.757750
21.350000	1	1.736000
21.366667	1	1.714750
21.383333	1	1.693125
21.400000	1	1.671375
21.416667	1	1.649125
21.433333	1	1.626500
21.450000	1	1.602875
21.466667	1	1.577250
21.483333	1	1.550250
21.500000	1	1.521500
21.516667	1	1.491000
21.533333	1	1.459125
21.550000	1	1.425000
21.566667	1	1.389375
21.583333	1	1.352750
21.600000	1	1.315250
21.616667	1	1.276500
21.633333	1	1.237625
21.650000	1	1.197750
21.666667	1	1.159125
21.683333	1	1.120625
21.700000	1	1.082625
21.716667	1	1.045875
21.733333	1	1.010875
21.750000	1	0.977250
21.766667	1	0.945250
21.783333	1	0.914875
21.800000	1	0.886500
21.816667	1	0.860250
21.833333	1	0.835625
21.850000	1	0.813375
21.866667	1	0.793125
21.883333	1	0.775000
21.900000	1	0.758750
21.916667	1	0.744250
21.933333	1	0.731500
21.950000	1	0.720625
21.966667	1	0.711625
21.983333	1	0.704125
22.000000	1	0.697875
22.016667	1	0.694250
22.033333	1	0.691625
22.050000	1	0.690375
22.066667	1	0.690500
22.083333	1	0.691875
22.100000	1	0.693875
22.116667	1	0.696875
22.133333	1	0.701000
22.150000	1	0.705500
22.166667	1	0.710750
22.183333	1	0.716375
22.200000	1	0.721500
22.216667	1	0.727500
22.233333	1	0.733000
22.250000	1	0.739000
22.266667	1	0.744500
22.283333	1	0.749375
22.300000	1	0.754125
22.316667	1	0.758625
22.333333	1	0.762625
22.350000	1	0.765875
22.366667	1	0.768625
22.383333	1	0.771125
22.400000	1	0.772875
22.416667	1	0.774750
22.433333	1	0.776000
22.450000	1	0.776250
22.466667	1	0.776125
22.483333	1	0.775125
22.500000	1	0.773375
22.516667	1	0.771500
22.533333	1	0.769375
22.550000	1	0.766250
22.566667	1	0.762500
22.583333	1	0.759250
22.600000	1	0.754875
22.616667	1	0.749750
22.633333	1	0.744625
22.650000	1	0.740125
22.666667	1	0.734750
22.683333	1	0.729625
22.700000	1	0.725250
22.716667	1	0.720000
22.733333	1	0.716125
22.750000	1	0.712625
22.766667	1	0.708875
22.783333	1	0.706375
22.800000	1	0.704125
22.816667	1	0.702625
22.833333	1	0.702125
22.850000	1	0.702500
22.866667	1	0.702625
22.883333	1	0.702875
22.900000	1	0.704375
22.916667	1	0.705625
22.933333	1	0.708000
22.950000	1	0.710125
22.966667	1	0.712750
22.983333	1	0.715000
23.000000	1	0.717250
23.016667	1	0.719000
23.033333	1	0.721500
23.050000	1	0.723875
23.066667	1	0.725500
23.083333	1	0.726375
23.100000	1	0.726500
23.116667	1	0.727375
23.133333	1	0.727875
23.150000	1	0.726750
23.166667	1	0.726125
23.183333	1	0.725000
23.200000	1	0.723000
23.216667	1	0.720500
23.233333	1	0.717625
23.250000	1	0.714375
23.266667	1	0.710250
23.283333	1	0.706000
23.300000	1	0.700750
23.316667	1	0.694875
23.333333	1	0.689000
23.350000	1	0.683000
23.366667	1	0.676500
23.383333	1	0.669250
23.400000	1	0.661875
23.416667	1	0.653875
23.433333	1	0.645250
23.450000	1	0.636875
23.466667	1	0.628375
23.483333	1	0.619000
23.500000	1	0.610000
23.516667	1	0.600875
23.533333	1	0.592500
23.550000	1	0.584500
23.566667	1	0.575125
23.583333	1	0.566500
23.600000	1	0.559125
23.616667	1	0.551125
23.633333	1	0.543750
23.650000	1	0.537250
23.666667	1	0.530750
23.683333	1	0.524625
23.700000	1	0.519500
23.716667	1	0.515750
23.733333	1	0.513250
23.750000	1	0.511750
23.766667	1	0.511625
23.783333	1	0.513750
23.800000	1	0.517750
23.816667	1	0.523750
23.833333	1	0.531875
23.850000	1	0.542250
23.866667	1	0.555500
23.883333	1	0.571500
23.900000	1	0.590375
23.916667	1	0.612250
23.933333	1	0.637625
23.950000	1	0.665500
23.966667	1	0.695875
23.983333	1	0.729875
24.000000	1	0.765125
24.016667	1	0.803000
24.033333	1	0.842000
24.050000	1	0.882000
24.066667	1	0.923125
24.083333	1	0.964625
24.100000	1	1.006875
24.116667	1	1.048125
24.133333	1	1.089125
24.150000	1	1.129500
24.166667	1	1.168125
24.183333	1	1.205500
24.200000	1	1.241375
24.216667	1	1.276750
24.233333	1	1.309625
24.250000	1	1.340125
24.266667	1	1.368875
24.283333	1	1.395875
24.300000	1	1.419875
24.316667	1	1.442000
24.333333	1	1.461375
24.350000	1	1.478125
24.366667	1	1.492250
24.383333	1	1.503750
24.400000	1	1.512750
24.416667	1	1.518125
24.433333	1	1.519750
24.450000	1	1.518125
24.466667	1	1.513125
24.483333	1	1.504875
24.500000	1	1.493500
24.516667	1	1.479125
24.533333	1	1.460875
24.550000	1	1.440875
24.566667	1	1.417875
24.583333	1	1.392750
24.600000	1	1.366250
24.616667	1	1.338250
24.633333	1	1.308500
24.650000	1	1.278500
24.666667	1	1.248375
24.683333	1	1.218000
24.700000	1	1.188375
24.716667	1	1.159250
24.733333	1	1.131250
24.750000	1	1.104625
24.766667	1	1.079125
24.783333	1	1.055500
24.800000	1	1.033750
24.816667	1	1.013750
24.833333	1	0.994375
24.850000	1	0.977375
24.866667	1	0.961375
24.883333	1	0.948000
24.900000	1	0.935625
24.916667	1	0.925375
24.933333	1	0.915375
24.950000	1	0.906625
24.966667	1	0.898750
24.983333	1	0.891875
25.000000	1	0.885625
25.016667	1	0.878875
25.033333	1	0.873000
25.050000	1	0.867125
25.066667	1	0.861125
25.083333	1	0.854750
25.100000	1	0.847875
25.116667	1	0.840750
25.133333	1	0.833625
25.150000	1	0.825625
25.166667	1	0.816000
25.183333	1	0.805875
25.200000	1	0.795000
25.216667	1	0.782875
25.233333	1	0.770375
25.250000	1	0.757000
25.266667	1	0.742875
25.283333	1	0.727750
25.300000	1	0.712000
25.316667	1	0.695750
25.333333	1	0.679250
25.350000	1	0.661875
25.366667	1	0.644375
25.383333	1	0.627375
25.400000	1	0.610250
25.416667	1	0.592750
25.433333	1	0.575125
25.450000	1	0.558000
25.466667	1	0.542000
25.483333	1	0.525375
25.500000	1	0.509875
25.516667	1	0.495375
25.533333	1	0.481125
25.550000	1	0.468250
25.566667	1	0.456125
25.583333	1	0.444625
25.600000	1	0.434375
25.616667	1	0.424625
25.633333	1	0.415375
25.650000	1	0.407625
25.666667	1	0.400125
25.683333	1	0.394125
25.700000	1	0.389125
25.716667	1	0.384000
25.733333	1	0.380125
25.750000	1	0.377375
25.766667	1	0.375250
25.783333	1	0.373250
25.800000	1	0.372125
25.816667	1	0.371375
25.833333	1	0.370625
25.850000	1	0.371250
25.866667	1	0.371500
25.883333	1	0.372375
25.900000	1	0.373500
25.916667	1	0.375000
25.933333	1	0.377625
25.950000	1	0.379875
25.966667	1	0.382000
25.983333	1	0.384625
26.000000	1	0.386875
26.016667	1	0.389625
26.033333	1	0.392500
26.050000	1	0.395500
26.066667	1	0.398500
26.083333	1	0.401750
26.100000	1	0.404875
26.116667	1	0.407750
26.133333	1	0.410375
26.150000	1	0.413125
26.166667	1	0.416000
26.183333	1	0.418875
26.200000	1	0.421625
26.216667	1	0.423750
26.233333	1	0.426375
26.250000	1	0.429125
26.266667	1	0.431625
26.283333	1	0.434125
26.300000	1	0.436250
26.316667	1	0.439250
26.333333	1	0.441875
26.350000	1	0.444500
26.366667	1	0.448000
26.383333	1	0.450625
26.400000	1	0.454125
26.416667	1	0.457750
26.433333	1	0.461125
26.450000	1	0.465625
26.466667	1	0.470000
26.483333	1	0.474250
26.500000	1	0.478125
26.516667	1	0.482875
26.533333	1	0.487750
26.550000	1	0.491875
26.566667	1	0.496875
26.583333	1	0.501125
26.600000	1	0.506000
26.616667	1	0.510875
26.633333	1	0.516250
26.650000	1	0.521625
26.666667	1	0.526625
26.683333	1	0.531250
26.700000	1	0.535500
26.716667	1	0.540125
26.733333	1	0.544375
26.750000	1	0.548625
26.766667	1	0.553000
26.783333	1	0.556625
26.800000	1	0.559250
26.816667	1	0.562250
26.833333	1	0.564750
26.850000	1	0.567125
26.866667	1	0.568250
26.883333	1	0.570000
26.900000	1	0.570500
26.916667	1	0.570750
26.933333	1	0.571250
26.950000	1	0.571000
26.966667	1	0.570500
26.983333	1	0.569750
27.000000	1	0.567875
27.016667	1	0.565875
27.033333	1	0.564250
27.050000	1	0.562875
27.066667	1	0.561000
27.083333	1	0.558250
27.100000	1	0.555500
27.116667	1	0.552500
27.133333	1	0.548750
27.150000	1	0.545500
27.166667	1	0.542250
27.183333	1	0.538375
27.200000	1	0.533375
27.216667	1	0.529125
27.233333	1	0.524375
27.250000	1	0.518625
27.266667	1	0.513125
27.283333	1	0.507500
27.300000	1	0.502125
27.316667	1	0.495625
27.333333	1	0.489250
27.350000	1	0.482125
27.366667	1	0.475375
27.383333	1	0.467875
27.400000	1	0.461000
27.416667	1	0.453625
27.433333	1	0.446125
27.450000	1	0.438500
27.466667	1	0.430625
27.483333	1	0.423375
27.500000	1	0.415500
27.516667	1	0.408625
27.533333	1	0.401500
27.550000	1	0.394500
27.566667	1	0.387375
27.583333	1	0.381125
27.600000	1	0.374625
27.616667	1	0.367875
27.633333	1	0.362500
27.650000	1	0.357500
27.666667	1	0.353125
27.683333	1	0.348000
27.700000	1	0.345875
27.716667	1	0.345125
27.733333	1	0.345625
27.750000	1	0.347750
27.766667	1	0.351625
27.783333	1	0.358250
27.800000	1	0.367625
27.816667	1	0.379625
27.833333	1	0.395125
27.850000	1	0.415250
27.866667	1	0.440000
27.883333	1	0.468625
27.900000	1	0.502125
27.916667	1	0.541375
27.933333	1	0.586375
27.950000	1	0.637500
27.966667	1	0.694875
27.983333	1	0.758000
28.000000	1	0.827000
28.016667	1	0.901625
28.033333	1	0.982375
28.050000	1	1.069125
28.066667	1	1.160375
28.083333	1	1.255750
28.100000	1	1.355125
28.116667	1	1.457000
28.133333	1	1.560625
28.150000	1	1.665375
28.166667	1	1.770500
28.183333	1	1.875625
28.200000	1	1.979000
28.216667	1	2.081125
28.233333	1	2.180375
28.250000	1	2.276500
28.266667	1	2.368500
28.283333	1	2.456250
28.300000	1	2.539500
28.316667	1	2.618375
28.333333	1	2.692250
28.350000	1	2.760875
28.366667	1	2.824625
28.383333	1	2.883375
28.400000	1	2.936625
28.416667	1	2.985375
28.433333	1	3.030000
28.450000	1	3.069250
28.466667	1	3.104250
28.483333	1	3.135000
28.500000	1	3.161000
28.516667	1	3.181500
28.533333	1	3.197125
28.550000	1	3.207125
28.566667	1	3.211375
28.583333	1	3.209375
28.600000	1	3.200750
28.616667	1	3.186250
28.633333	1	3.164125
28.650000	1	3.135125
28.666667	1	3.098750
28.683333	1	3.055250
28.700000	1	3.003625
28.716667	1	2.944875
28.733333	1	2.878375
28.750000	1	2.804750
28.766667	1	2.724750
28.783333	1	2.637375
28.800000	1	2.544375
28.816667	1	2.446250
28.833333	1	2.344250
28.850000	1	2.238375
28.866667	1	2.129625
28.883333	1	2.018750
28.900000	1	1.906875
28.916667	1	1.794750
28.933333	1	1.683500
28.950000	1	1.573750
28.966667	1	1.465250
28.983333	1	1.360250
29.000000	1	1.258375
29.016667	1	1.160500
29.033333	1	1.066500
29.050000	1	0.977500
29.066667	1	0.893250
29.083333	1	0.814125
29.100000	1	0.739875
29.116667	1	0.670750
29.133333	1	0.607000
29.150000	1	0.547750
29.166667	1	0.493625
29.183333	1	0.443750
29.200000	1	0.398750
29.216667	1	0.357875
29.233333	1	0.320375
29.250000	1	0.286875
29.266667	1	0.256250
29.283333	1	0.229500
29.300000	1	0.205375
29.316667	1	0.184125
29.333333	1	0.166000
29.350000	1	0.149500
29.366667	1	0.135625
29.383333	1	0.123375
29.400000	1	0.113250
29.416667	1	0.104750
29.433333	1	0.097500
29.450000	1	0.092000
29.466667	1	0.088375
29.483333	1	0.085625
29.500000	1	0.084000
29.516667	1	0.083500
29.533333	1	0.084750
29.550000	1	0.087250
29.566667	1	0.090125
29.583333	1	0.094250
29.600000	1	0.099625
29.616667	1	0.106375
29.633333	1	0.113875
29.650000	1	0.122375
29.666667	1	0.131500
29.683333	1	0.141625
29.700000	1	0.152500
29.716667	1	0.164000
29.733333	1	0.176000
29.750000	1	0.188125
29.766667	1	0.201125
29.783333	1	0.214750
29.800000	1	0.228625
29.816667	1	0.243125
29.833333	1	0.257000
29.850000	1	0.271625
29.866667	1	0.286625
29.883333	1	0.301625
29.900000	1	0.316750
29.916667	1	0.332125
29.933333	1	0.346625
29.950000	1	0.361625
29.966667	1	0.376000
29.983333	1	0.389625
30.000000	1	0.402625
30.016667	1	0.414500
30.033333	1	0.426750
30.050000	1	0.438250
30.066667	1	0.449875
30.083333	1	0.460375
30.100000	1	0.470250
30.116667	1	0.479500
30.133333	1	0.488750
30.150000	1	0.497250
30.166667	1	0.505125
30.183333	1	0.511250
30.200000	1	0.516625
30.216667	1	0.521625
30.233333	1	0.526750
30.250000	1	0.531000
30.266667	1	0.534750
30.283333	1	0.539000
30.300000	1	0.542250
30.316667	1	0.545250
30.333333	1	0.547125
30.350000	1	0.548500
30.366667	1	0.549500
30.383333	1	0.550000
30.400000	1	0.550250
30.416667	1	0.550500
30.433333	1	0.550500
30.450000	1	0.550125
30.466667	1	0.550125
30.483333	1	0.549375
30.500000	1	0.547875
30.516667	1	0.546250
30.533333	1	0.544000
30.550000	1	0.541500
30.566667	1	0.539375
30.583333	1	0.536000
30.600000	1	0.532625
30.616667	1	0.530125
30.633333	1	0.527250
30.650000	1	0.523250
30.666667	1	0.519875
30.683333	1	0.516750
30.700000	1	0.513375
30.716667	1	0.509250
30.733333	1	0.506250
30.750000	1	0.504000
30.766667	1	0.501125
30.783333	1	0.497750
30.800000	1	0.495625
30.816667	1	0.493250
30.833333	1	0.491500
30.850000	1	0.490250
30.866667	1	0.489125
30.883333	1	0.488000
30.900000	1	0.487750
30.916667	1	0.487625
30.933333	1	0.487875
30.950000	1	0.488125
30.966667	1	0.488500
30.983333	1	0.489500
31.000000	1	0.490875
31.016667	1	0.492500
31.033333	1	0.495375
31.050000	1	0.498000
31.066667	1	0.499750
31.083333	1	0.502125
31.100000	1	0.504875
31.116667	1	0.507750
31.133333	1	0.510750
31.150000	1	0.513375
31.166667	1	0.516000
31.183333	1	0.519000
31.200000	1	0.521625
31.216667	1	0.524125
31.233333	1	0.527125
31.250000	1	0.530375
31.266667	1	0.533125
31.283333	1	0.536500
31.300000	1	0.539375
31.316667	1	0.541375
31.333333	1	0.543875
31.350000	1	0.545375
31.366667	1	0.548000
31.383333	1	0.549875
31.400000	1	0.551125
31.416667	1	0.553000
31.433333	1	0.554375
31.450000	1	0.555625
31.466667	1	0.556375
31.483333	1	0.557500
31.500000	1	0.557625
31.516667	1	0.557500
31.533333	1	0.557375
31.550000	1	0.557250
31.566667	1	0.556375
31.583333	1	0.555000
31.600000	1	0.553750
31.616667	1	0.552250
31.633333	1	0.549750
31.650000	1	0.546875
31.666667	1	0.543375
31.683333	1	0.540375
31.700000	1	0.536625
31.716667	1	0.533125
31.733333	1	0.528875
31.750000	1	0.524750
31.766667	1	0.520750
31.783333	1	0.516375
31.800000	1	0.511875
31.816667	1	0.507375
31.833333	1	0.503000
31.850000	1	0.498875
31.866667	1	0.495250
31.883333	1	0.492375
31.900000	1	0.489625
31.916667	1	0.486875
31.933333	1	0.484250
31.950000	1	0.482125
31.966667	1	0.480125
31.983333	1	0.478875
32.000000	1	0.477750
32.016667	1	0.477875
32.033333	1	0.478500
32.050000	1	0.479750
32.066667	1	0.481625
32.083333	1	0.483375
32.100000	1	0.486125
32.116667	1	0.489000
32.133333	1	0.492500
32.150000	1	0.496625
32.166667	1	0.501750
32.183333	1	0.507000
32.200000	1	0.512375
32.216667	1	0.518875
32.233333	1	0.525500
32.250000	1	0.532375
32.266667	1	0.539500
32.283333	1	0.546625
32.300000	1	0.553875
32.316667	1	0.561250
32.333333	1	0.568875
32.350000	1	0.576875
32.366667	1	0.585375
32.383333	1	0.593000
32.400000	1	0.600500
32.416667	1	0.607750
32.433333	1	0.615625
32.450000	1	0.623125
32.466667	1	0.629875
32.483333	1	0.637125
32.500000	1	0.643875
32.516667	1	0.650750
32.533333	1	0.656250
32.550000	1	0.661250
32.566667	1	0.666250
32.583333	1	0.671000
32.600000	1	0.675000
32.616667	1	0.678750
32.633333	1	0.682375
32.650000	1	0.684250
32.666667	1	0.686250
32.683333	1	0.687625
32.700000	1	0.689125
32.716667	1	0.689500
32.733333	1	0.689750
32.750000	1	0.688500
32.766667	1	0.687250
32.783333	1	0.685250
32.800000	1	0.682875
32.816667	1	0.679625
32.833333	1	0.675500
32.850000	1	0.670875
32.866667	1	0.665625
32.883333	1	0.659375
32.900000	1	0.653000
32.916667	1	0.645500
32.933333	1	0.637750
32.950000	1	0.629125
32.966667	1	0.620000
32.983333	1	0.611875
33.000000	1	0.602125
33.016667	1	0.592125
33.033333	1	0.581750
33.050000	1	0.570250
33.066667	1	0.557875
33.083333	1	0.546000
33.100000	1	0.533250
33.116667	1	0.520875
33.133333	1	0.508000
33.150000	1	0.494625
33.166667	1	0.480500
33.183333	1	0.467250
33.200000	1	0.452875
33.216667	1	0.439000
33.233333	1	0.424500
33.250000	1	0.409500
33.266667	1	0.394375
33.283333	1	0.381375
33.300000	1	0.366500
33.316667	1	0.351625
33.333333	1	0.337375
33.350000	1	0.324000
33.366667	1	0.310500
33.383333	1	0.296625
33.400000	1	0.283625
33.416667	1	0.270250
33.433333	1	0.257875
33.450000	1	0.245125
33.466667	1	0.233625
33.483333	1	0.222125
33.500000	1	0.211250
33.516667	1	0.201000
33.533333	1	0.190875
33.550000	1	0.181250
33.566667	1	0.172125
33.583333	1	0.163375
33.600000	1	0.155000
33.616667	1	0.147375
33.633333	1	0.139875
33.650000	1	0.133375
33.666667	1	0.127000
33.683333	1	0.121125
33.700000	1	0.115500
33.716667	1	0.110875
33.733333	1	0.105875
33.750000	1	0.101000
33.766667	1	0.097125
33.783333	1	0.093625
33.800000	1	0.090625
33.816667	1	0.087750
33.833333	1	0.085000
33.850000	1	0.082625
33.866667	1	0.079750
33.883333	1	0.077750
33.900000	1	0.075250
33.916667	1	0.073375
33.933333	1	0.071875
33.950000	1	0.070750
33.966667	1	0.069375
33.983333	1	0.069000
34.000000	1	0.067375
34.016667	1	0.066375
34.033333	1	0.066125
34.050000	1	0.065875
34.066667	1	0.066000
34.083333	1	0.066125
34.100000	1	0.066250
34.116667	1	0.066500
34.133333	1	0.066125
34.150000	1	0.066750
34.166667	1	0.068250
34.183333	1	0.069500
34.200000	1	0.071125
34.216667	1	0.072125
34.233333	1	0.073875
34.250000	1	0.076875
34.266667	1	0.079625
34.283333	1	0.082750
34.300000	1	0.086375
34.316667	1	0.090375
34.333333	1	0.095125
34.350000	1	0.100375
34.366667	1	0.106250
34.383333	1	0.112250
34.400000	1	0.118625
34.416667	1	0.125500
34.433333	1	0.133250
34.450000	1	0.141000
34.466667	1	0.148375
34.483333	1	0.156500
34.500000	1	0.165125
34.516667	1	0.174500
34.533333	1	0.184125
34.550000	1	0.193250
34.566667	1	0.202750
34.583333	1	0.211875
34.600000	1	0.221500
34.616667	1	0.230375
34.633333	1	0.239750
34.650000	1	0.249250
34.666667	1	0.258250
34.683333	1	0.267125
34.700000	1	0.275500
34.716667	1	0.283625
34.733333	1	0.291125
34.750000	1	0.298875
34.766667	1	0.306250
34.783333	1	0.313000
34.800000	1	0.319625
34.816667	1	0.325625
34.833333	1	0.331125
34.850000	1	0.335875
34.866667	1	0.340625
34.883333	1	0.345125
34.900000	1	0.349125
34.916667	1	0.353125
34.933333	1	0.356750
34.950000	1	0.359750
34.966667	1	0.363375
34.983333	1	0.365250
35.000000	1	0.367375
35.016667	1	0.368375
35.033333	1	0.369250
35.050000	1	0.368875
35.066667	1	0.368500
35.083333	1	0.367125
35.100000	1	0.365750
35.116667	1	0.363875
35.133333	1	0.361250
35.150000	1	0.357875
35.166667	1	0.354250
35.183333	1	0.349500
35.200000	1	0.344750
35.216667	1	0.339625
35.233333	1	0.333500
35.250000	1	0.326625
35.266667	1	0.319250
35.283333	1	0.311375
35.300000	1	0.303625
35.316667	1	0.295875
35.333333	1	0.287750
35.350000	1	0.279500
35.366667	1	0.269875
35.383333	1	0.261625
35.400000	1	0.252000
35.416667	1	0.243000
35.433333	1	0.233500
35.450000	1	0.224875
35.466667	1	0.215375
35.483333	1	0.206000
35.500000	1	0.197375
35.516667	1	0.189375
35.533333	1	0.182125
35.550000	1	0.175000
35.566667	1	0.167875
35.583333	1	0.160875
35.600000	1	0.154375
35.616667	1	0.147875
35.633333	1	0.143000
35.650000	1	0.137875
35.666667	1	0.132875
35.683333	1	0.128875
35.700000	1	0.125000
35.716667	1	0.121875
35.733333	1	0.118750
35.750000	1	0.116250
35.766667	1	0.113750
35.783333	1	0.112250
35.800000	1	0.110000
35.816667	1	0.108625
35.833333	1	0.107250
35.850000	1	0.106000
35.866667	1	0.105125
35.883333	1	0.105000
35.900000	1	0.104750
35.916667	1	0.104500
35.933333	1	0.104750
35.950000	1	0.105125
35.966667	1	0.104625
35.983333	1	0.105625
36.000000	1	0.106250
36.016667	1	0.107000
36.033333	1	0.108000
36.050000	1	0.108875
36.066667	1	0.110500
36.083333	1	0.111625
36.100000	1	0.113250
36.116667	1	0.114375
36.133333	1	0.116000
36.150000	1	0.118375
36.166667	1	0.120125
36.183333	1	0.122375
36.200000	1	0.124750
36.216667	1	0.126875
36.233333	1	0.129375
36.250000	1	0.132000
36.266667	1	0.135000
36.283333	1	0.137500
36.300000	1	0.140375
36.316667	1	0.143250
36.333333	1	0.146625
36.350000	1	0.150125
36.366667	1	0.153625
36.383333	1	0.156250
36.400000	1	0.159875
36.416667	1	0.162750
36.433333	1	0.165750
36.450000	1	0.169125
36.466667	1	0.171750
36.483333	1	0.175125
36.500000	1	0.178500
36.516667	1	0.181625
36.533333	1	0.184750
36.550000	1	0.187625
36.566667	1	0.191000
36.583333	1	0.194125
36.600000	1	0.196875
36.616667	1	0.199125
36.633333	1	0.202125
36.650000	1	0.205000
36.666667	1	0.207375
36.683333	1	0.210250
36.700000	1	0.212750
36.716667	1	0.214625
36.733333	1	0.218250
36.750000	1	0.221000
36.766667	1	0.223125
36.783333	1	0.226000
36.800000	1	0.228625
36.816667	1	0.231375
36.833333	1	0.233875
36.850000	1	0.235500
36.866667	1	0.237375
36.883333	1	0.239000
36.900000	1	0.242000
36.916667	1	0.243875
36.933333	1	0.245625
36.950000	1	0.247375
36.966667	1	0.248875
36.983333	1	0.250250
37.000000	1	0.251750
37.016667	1	0.252750
37.033333	1	0.254250
37.050000	1	0.255125
37.066667	1	0.256500
37.083333	1	0.256875
37.100000	1	0.257500
37.116667	1	0.257625
37.133333	1	0.257500
37.150000	1	0.257250
37.166667	1	0.256625
37.183333	1	0.255875
37.200000	1	0.254750
37.216667	1	0.253500
37.233333	1	0.251750
37.250000	1	0.249875
37.266667	1	0.247750
37.283333	1	0.245000
37.300000	1	0.242375
37.316667	1	0.239875
37.333333	1	0.236500
37.350000	1	0.233375
37.366667	1	0.230125
37.383333	1	0.226375
37.400000	1	0.223000
37.416667	1	0.219500
37.433333	1	0.214750
37.450000	1	0.210250
37.466667	1	0.205875
37.483333	1	0.201500
37.500000	1	0.197750
37.516667	1	0.193250
37.533333	1	0.189000
37.550000	1	0.184250
37.566667	1	0.179875
37.583333	1	0.175125
37.600000	1	0.169875
37.616667	1	0.165500
37.633333	1	0.159875
37.650000	1	0.154875
37.666667	1	0.149750
37.683333	1	0.144750
37.700000	1	0.140250
37.716667	1	0.135375
37.733333	1	0.130375
37.750000	1	0.125375
37.766667	1	0.120500
37.783333	1	0.116000
37.800000	1	0.110000
37.816667	1	0.104875
37.833333	1	0.099875
37.850000	1	0.095125
37.866667	1	0.090250
37.883333	1	0.085500
37.900000	1	0.081250
37.916667	1	0.077375
37.933333	1	0.073250
37.950000	1	0.069500
37.966667	1	0.065000
37.983333	1	0.061000
38.000000	1	0.056375
38.016667	1	0.053125
38.033333	1	0.049375
38.050000	1	0.045875
38.066667	1	0.042500
38.083333	1	0.039375
38.100000	1	0.037000
38.116667	1	0.035000
38.133333	1	0.032750
38.150000	1	0.030500
38.166667	1	0.028375
38.183333	1	0.026625
38.200000	1	0.025125
38.216667	1	0.023250
38.233333	1	0.021125
38.250000	1	0.020250
38.266667	1	0.018750
38.283333	1	0.017250
38.300000	1	0.016500
38.316667	1	0.015750
38.333333	1	0.015500
38.350000	1	0.014375
38.366667	1	0.014375
38.383333	1	0.014000
38.400000	1	0.013875
38.416667	1	0.014125
38.433333	1	0.014500
38.450000	1	0.014875
38.466667	1	0.014500
38.483333	1	0.014375
38.500000	1	0.015250
38.516667	1	0.015250
38.533333	1	0.015500
38.550000	1	0.016000
38.566667	1	0.015875
38.583333	1	0.016125
38.600000	1	0.016625
38.616667	1	0.017250
38.633333	1	0.017000
38.650000	1	0.017875
38.666667	1	0.018500
38.683333	1	0.018875
38.700000	1	0.019000
38.716667	1	0.020000
38.733333	1	0.020000
38.750000	1	0.020375
38.766667	1	0.021125
38.783333	1	0.021250
38.800000	1	0.021875
38.816667	1	0.022250
38.833333	1	0.022625
38.850000	1	0.022500
38.866667	1	0.022125
38.883333	1	0.022375
38.900000	1	0.022000
38.916667	1	0.021875
38.933333	1	0.021375
38.950000	1	0.021875
38.966667	1	0.022000
38.983333	1	0.022250
39.000000	1	0.022250
39.016667	1	0.021875
39.033333	1	0.021750
39.050000	1	0.021250
39.066667	1	0.021375
39.083333	1	0.022000
39.100000	1	0.022000
39.116667	1	0.021625
39.133333	1	0.021625
39.150000	1	0.021625
39.166667	1	0.021375
39.183333	1	0.020875
39.200000	1	0.020500
39.216667	1	0.020375
39.233333	1	0.020000
39.250000	1	0.019375
39.266667	1	0.019125
39.283333	1	0.019000
39.300000	1	0.018250
39.316667	1	0.017875
39.333333	1	0.016750
39.350000	1	0.015875
39.366667	1	0.015125
39.383333	1	0.013875
39.400000	1	0.013750
39.416667	1	0.012875
39.433333	1	0.012250
39.450000	1	0.011000
39.466667	1	0.009750
39.483333	1	0.009500
39.500000	1	0.008750
39.516667	1	0.007875
39.533333	1	0.007250
39.550000	1	0.006625
39.566667	1	0.005625
39.583333	1	0.004625
39.600000	1	0.003750
39.616667	1	0.003000
39.633333	1	0.002250
39.650000	1	0.001250
39.666667	1	0.000750
39.683333	1	0.000000
39.700000	1	-0.000375
39.716667	1	-0.000625
39.733333	1	-0.001500
39.750000	1	-0.001250
39.766667	1	-0.001375
39.783333	1	-0.001375
39.800000	1	-0.001500
39.816667	1	-0.001875
39.833333	1	-0.002375
39.850000	1	-0.002625
39.866667	1	-0.002750
39.883333	1	-0.002875
39.900000	1	-0.002375
39.916667	1	-0.002625
39.933333	1	-0.002250
39.950000	1	-0.002250
39.966667	1	-0.002625
39.983333	1	-0.002125
40.000000	1	-0.002375
