File Path	chrom://marshall/Chromeleon7/HPLC_Ultimate_3000/Users/markusar/20221226.seq/272.smp/RI_1.channel/RI_1.chm
Channel	RI_1

Injection Information:
Data Vault	Chromeleon7
Injection	ri2
Injection Number	3
Position	RA3
Comment	
Processing Method	
Instrument Method	std_method
Type	Unknown
Status	Finished
Injection Date	26.12.2022
Injection Time	17:32:28
Injection Volume (µl)	20.000
Dilution Factor	1.0000
Weight	1.0000

Chromatogram Data Information:
Time Min. (min)	0.000000
Time Max. (min)	40.000000
Data Points	2401
Detector	RI
Generating Data System	Chromeleon 7.2.5.9507
Exporting Data System	Chromeleon 7.2.5.0
Operator	Instrument Controller
Signal Quantity	Refractive 
Signal Unit	µRIU
Signal Min.	-0.101250
Signal Max.	98.931875
Channel	RI_1
Driver Name	RID520Driver.dll
Channel Type	Evaluation
Min. Step (s)	1
Max. Step (s)	1
Average Step (s)	1

Signal Parameter Information:
Signal Info	

Chromatogram Data:
Time (min)	Step (s)	Value (µRIU)
0.000000	n.a.	0.047500
0.016667	1	0.047875
0.033333	1	0.048125
0.050000	1	0.048625
0.066667	1	0.049000
0.083333	1	0.049250
0.100000	1	0.049250
0.116667	1	0.048625
0.133333	1	0.048000
0.150000	1	0.047750
0.166667	1	0.048250
0.183333	1	0.048625
0.200000	1	0.048625
0.216667	1	0.048000
0.233333	1	0.047500
0.250000	1	0.046500
0.266667	1	0.045500
0.283333	1	0.042875
0.300000	1	0.039000
0.316667	1	0.034500
0.333333	1	0.033500
0.350000	1	0.035625
0.366667	1	0.040500
0.383333	1	0.043375
0.400000	1	0.045125
0.416667	1	0.045875
0.433333	1	0.045750
0.450000	1	0.045000
0.466667	1	0.042750
0.483333	1	0.038875
0.500000	1	0.034000
0.516667	1	0.029125
0.533333	1	0.024750
0.550000	1	0.021375
0.566667	1	0.019250
0.583333	1	0.017250
0.600000	1	0.014000
0.616667	1	0.012250
0.633333	1	0.010375
0.650000	1	0.008375
0.666667	1	0.006750
0.683333	1	0.004625
0.700000	1	0.003000
0.716667	1	0.001375
0.733333	1	-0.000125
0.750000	1	-0.002000
0.766667	1	-0.003625
0.783333	1	-0.005750
0.800000	1	-0.007625
0.816667	1	-0.009375
0.833333	1	-0.011000
0.850000	1	-0.012500
0.866667	1	-0.014000
0.883333	1	-0.015375
0.900000	1	-0.017750
0.916667	1	-0.019375
0.933333	1	-0.021375
0.950000	1	-0.023500
0.966667	1	-0.025875
0.983333	1	-0.027250
1.000000	1	-0.029000
1.016667	1	-0.031000
1.033333	1	-0.032125
1.050000	1	-0.033750
1.066667	1	-0.035750
1.083333	1	-0.037750
1.100000	1	-0.039375
1.116667	1	-0.041125
1.133333	1	-0.042125
1.150000	1	-0.043375
1.166667	1	-0.044875
1.183333	1	-0.045875
1.200000	1	-0.046500
1.216667	1	-0.048125
1.233333	1	-0.049250
1.250000	1	-0.050250
1.266667	1	-0.051125
1.283333	1	-0.052750
1.300000	1	-0.053500
1.316667	1	-0.055000
1.333333	1	-0.055750
1.350000	1	-0.056875
1.366667	1	-0.057625
1.383333	1	-0.058500
1.400000	1	-0.059750
1.416667	1	-0.060250
1.433333	1	-0.061125
1.450000	1	-0.062125
1.466667	1	-0.063125
1.483333	1	-0.063875
1.500000	1	-0.064750
1.516667	1	-0.065250
1.533333	1	-0.066125
1.550000	1	-0.066375
1.566667	1	-0.066875
1.583333	1	-0.067750
1.600000	1	-0.068500
1.616667	1	-0.069250
1.633333	1	-0.070000
1.650000	1	-0.070750
1.666667	1	-0.071750
1.683333	1	-0.072125
1.700000	1	-0.072875
1.716667	1	-0.073500
1.733333	1	-0.074125
1.750000	1	-0.074875
1.766667	1	-0.075125
1.783333	1	-0.076000
1.800000	1	-0.076875
1.816667	1	-0.077500
1.833333	1	-0.078000
1.850000	1	-0.079375
1.866667	1	-0.080250
1.883333	1	-0.081000
1.900000	1	-0.082000
1.916667	1	-0.083000
1.933333	1	-0.083375
1.950000	1	-0.084500
1.966667	1	-0.085625
1.983333	1	-0.086875
2.000000	1	-0.087500
2.016667	1	-0.088750
2.033333	1	-0.089875
2.050000	1	-0.090250
2.066667	1	-0.091375
2.083333	1	-0.092375
2.100000	1	-0.093250
2.116667	1	-0.093750
2.133333	1	-0.094750
2.150000	1	-0.094875
2.166667	1	-0.095250
2.183333	1	-0.095500
2.200000	1	-0.096125
2.216667	1	-0.097000
2.233333	1	-0.097750
2.250000	1	-0.098750
2.266667	1	-0.099875
2.283333	1	-0.099750
2.300000	1	-0.100500
2.316667	1	-0.101250
2.333333	1	-0.100750
2.350000	1	-0.101125
2.366667	1	-0.101125
2.383333	1	-0.101125
2.400000	1	-0.100875
2.416667	1	-0.100500
2.433333	1	-0.100000
2.450000	1	-0.100000
2.466667	1	-0.099875
2.483333	1	-0.099625
2.500000	1	-0.099125
2.516667	1	-0.098375
2.533333	1	-0.097625
2.550000	1	-0.096750
2.566667	1	-0.096000
2.583333	1	-0.095500
2.600000	1	-0.093750
2.616667	1	-0.093375
2.633333	1	-0.092500
2.650000	1	-0.091625
2.666667	1	-0.090625
2.683333	1	-0.089250
2.700000	1	-0.087875
2.716667	1	-0.086125
2.733333	1	-0.085000
2.750000	1	-0.083875
2.766667	1	-0.083000
2.783333	1	-0.082375
2.800000	1	-0.081250
2.816667	1	-0.080250
2.833333	1	-0.078625
2.850000	1	-0.077250
2.866667	1	-0.076125
2.883333	1	-0.075000
2.900000	1	-0.073875
2.916667	1	-0.072875
2.933333	1	-0.072000
2.950000	1	-0.071000
2.966667	1	-0.070000
2.983333	1	-0.068000
3.000000	1	-0.066875
3.016667	1	-0.065625
3.033333	1	-0.064125
3.050000	1	-0.063250
3.066667	1	-0.062375
3.083333	1	-0.061375
3.100000	1	-0.060250
3.116667	1	-0.059000
3.133333	1	-0.057375
3.150000	1	-0.055875
3.166667	1	-0.055125
3.183333	1	-0.054750
3.200000	1	-0.052875
3.216667	1	-0.051500
3.233333	1	-0.050375
3.250000	1	-0.049750
3.266667	1	-0.048500
3.283333	1	-0.047250
3.300000	1	-0.046250
3.316667	1	-0.044875
3.333333	1	-0.043375
3.350000	1	-0.042125
3.366667	1	-0.040625
3.383333	1	-0.038375
3.400000	1	-0.036625
3.416667	1	-0.034875
3.433333	1	-0.034000
3.450000	1	-0.032125
3.466667	1	-0.030375
3.483333	1	-0.028875
3.500000	1	-0.027750
3.516667	1	-0.026625
3.533333	1	-0.025375
3.550000	1	-0.022875
3.566667	1	-0.021250
3.583333	1	-0.019750
3.600000	1	-0.018250
3.616667	1	-0.016875
3.633333	1	-0.015500
3.650000	1	-0.013625
3.666667	1	-0.012500
3.683333	1	-0.011375
3.700000	1	-0.009625
3.716667	1	-0.007875
3.733333	1	-0.006750
3.750000	1	-0.005500
3.766667	1	-0.004625
3.783333	1	-0.003875
3.800000	1	-0.002625
3.816667	1	-0.001750
3.833333	1	-0.000250
3.850000	1	0.000625
3.866667	1	0.000875
3.883333	1	0.001125
3.900000	1	0.002500
3.916667	1	0.003000
3.933333	1	0.003625
3.950000	1	0.004625
3.966667	1	0.005375
3.983333	1	0.005250
4.000000	1	0.005375
4.016667	1	0.006375
4.033333	1	0.006250
4.050000	1	0.006500
4.066667	1	0.007125
4.083333	1	0.007125
4.100000	1	0.007000
4.116667	1	0.006875
4.133333	1	0.006875
4.150000	1	0.006500
4.166667	1	0.006500
4.183333	1	0.007000
4.200000	1	0.006500
4.216667	1	0.005500
4.233333	1	0.004500
4.250000	1	0.004000
4.266667	1	0.003250
4.283333	1	0.002375
4.300000	1	0.002000
4.316667	1	0.001375
4.333333	1	0.000250
4.350000	1	-0.000125
4.366667	1	-0.000750
4.383333	1	-0.002125
4.400000	1	-0.002750
4.416667	1	-0.003875
4.433333	1	-0.005125
4.450000	1	-0.005750
4.466667	1	-0.006375
4.483333	1	-0.007625
4.500000	1	-0.008500
4.516667	1	-0.010000
4.533333	1	-0.011000
4.550000	1	-0.012125
4.566667	1	-0.013375
4.583333	1	-0.014125
4.600000	1	-0.014750
4.616667	1	-0.015500
4.633333	1	-0.017125
4.650000	1	-0.018250
4.666667	1	-0.019250
4.683333	1	-0.020750
4.700000	1	-0.021625
4.716667	1	-0.022375
4.733333	1	-0.023750
4.750000	1	-0.025125
4.766667	1	-0.026000
4.783333	1	-0.027250
4.800000	1	-0.028625
4.816667	1	-0.029125
4.833333	1	-0.030375
4.850000	1	-0.031875
4.866667	1	-0.032875
4.883333	1	-0.033375
4.900000	1	-0.034000
4.916667	1	-0.034750
4.933333	1	-0.036000
4.950000	1	-0.037375
4.966667	1	-0.038750
4.983333	1	-0.040375
5.000000	1	-0.040500
5.016667	1	-0.040875
5.033333	1	-0.041750
5.050000	1	-0.043000
5.066667	1	-0.043750
5.083333	1	-0.043875
5.100000	1	-0.044750
5.116667	1	-0.045000
5.133333	1	-0.045875
5.150000	1	-0.047000
5.166667	1	-0.047500
5.183333	1	-0.048375
5.200000	1	-0.048625
5.216667	1	-0.048500
5.233333	1	-0.049125
5.250000	1	-0.049500
5.266667	1	-0.050125
5.283333	1	-0.049750
5.300000	1	-0.050125
5.316667	1	-0.050250
5.333333	1	-0.050500
5.350000	1	-0.050750
5.366667	1	-0.051000
5.383333	1	-0.050625
5.400000	1	-0.049875
5.416667	1	-0.049750
5.433333	1	-0.049250
5.450000	1	-0.048625
5.466667	1	-0.049125
5.483333	1	-0.048875
5.500000	1	-0.048125
5.516667	1	-0.047500
5.533333	1	-0.047375
5.550000	1	-0.047000
5.566667	1	-0.045750
5.583333	1	-0.045250
5.600000	1	-0.044625
5.616667	1	-0.043875
5.633333	1	-0.043000
5.650000	1	-0.042125
5.666667	1	-0.041250
5.683333	1	-0.040000
5.700000	1	-0.038500
5.716667	1	-0.037500
5.733333	1	-0.036125
5.750000	1	-0.034625
5.766667	1	-0.032750
5.783333	1	-0.031125
5.800000	1	-0.029625
5.816667	1	-0.027750
5.833333	1	-0.026250
5.850000	1	-0.024875
5.866667	1	-0.023250
5.883333	1	-0.021625
5.900000	1	-0.018875
5.916667	1	-0.016875
5.933333	1	-0.015250
5.950000	1	-0.013625
5.966667	1	-0.011375
5.983333	1	-0.009750
6.000000	1	-0.008000
6.016667	1	-0.005625
6.033333	1	-0.003375
6.050000	1	-0.001375
6.066667	1	0.000125
6.083333	1	0.002500
6.100000	1	0.004375
6.116667	1	0.006625
6.133333	1	0.008125
6.150000	1	0.009250
6.166667	1	0.010875
6.183333	1	0.013500
6.200000	1	0.015625
6.216667	1	0.016875
6.233333	1	0.018500
6.250000	1	0.019875
6.266667	1	0.021000
6.283333	1	0.022750
6.300000	1	0.023375
6.316667	1	0.024500
6.333333	1	0.025875
6.350000	1	0.026625
6.366667	1	0.027000
6.383333	1	0.028000
6.400000	1	0.028750
6.416667	1	0.028625
6.433333	1	0.029000
6.450000	1	0.030000
6.466667	1	0.030375
6.483333	1	0.030375
6.500000	1	0.030875
6.516667	1	0.031250
6.533333	1	0.031875
6.550000	1	0.031250
6.566667	1	0.030750
6.583333	1	0.030250
6.600000	1	0.030250
6.616667	1	0.030000
6.633333	1	0.030125
6.650000	1	0.029500
6.666667	1	0.029250
6.683333	1	0.028125
6.700000	1	0.027625
6.716667	1	0.027250
6.733333	1	0.027500
6.750000	1	0.026750
6.766667	1	0.026125
6.783333	1	0.025250
6.800000	1	0.024125
6.816667	1	0.023250
6.833333	1	0.021750
6.850000	1	0.021500
6.866667	1	0.020375
6.883333	1	0.020000
6.900000	1	0.019750
6.916667	1	0.019000
6.933333	1	0.018750
6.950000	1	0.018375
6.966667	1	0.017875
6.983333	1	0.017875
7.000000	1	0.017375
7.016667	1	0.017375
7.033333	1	0.016875
7.050000	1	0.016500
7.066667	1	0.017250
7.083333	1	0.017125
7.100000	1	0.017000
7.116667	1	0.017125
7.133333	1	0.017250
7.150000	1	0.017125
7.166667	1	0.017000
7.183333	1	0.017500
7.200000	1	0.017875
7.216667	1	0.018125
7.233333	1	0.018625
7.250000	1	0.018750
7.266667	1	0.019375
7.283333	1	0.019375
7.300000	1	0.019250
7.316667	1	0.019375
7.333333	1	0.020625
7.350000	1	0.021000
7.366667	1	0.021000
7.383333	1	0.021625
7.400000	1	0.022250
7.416667	1	0.022125
7.433333	1	0.022500
7.450000	1	0.023125
7.466667	1	0.022875
7.483333	1	0.023375
7.500000	1	0.023750
7.516667	1	0.024375
7.533333	1	0.025000
7.550000	1	0.025250
7.566667	1	0.025500
7.583333	1	0.025500
7.600000	1	0.025375
7.616667	1	0.025625
7.633333	1	0.025750
7.650000	1	0.025125
7.666667	1	0.025000
7.683333	1	0.024875
7.700000	1	0.023875
7.716667	1	0.023875
7.733333	1	0.023625
7.750000	1	0.023750
7.766667	1	0.022750
7.783333	1	0.022000
7.800000	1	0.022125
7.816667	1	0.021250
7.833333	1	0.020750
7.850000	1	0.019625
7.866667	1	0.018875
7.883333	1	0.017750
7.900000	1	0.016250
7.916667	1	0.015000
7.933333	1	0.013625
7.950000	1	0.012625
7.966667	1	0.011375
7.983333	1	0.009875
8.000000	1	0.008125
8.016667	1	0.006125
8.033333	1	0.004375
8.050000	1	0.002500
8.066667	1	0.000500
8.083333	1	-0.002250
8.100000	1	-0.004125
8.116667	1	-0.006250
8.133333	1	-0.008750
8.150000	1	-0.011750
8.166667	1	-0.014250
8.183333	1	-0.016750
8.200000	1	-0.020000
8.216667	1	-0.023125
8.233333	1	-0.026125
8.250000	1	-0.028500
8.266667	1	-0.031125
8.283333	1	-0.034125
8.300000	1	-0.037125
8.316667	1	-0.040125
8.333333	1	-0.043125
8.350000	1	-0.046375
8.366667	1	-0.050000
8.383333	1	-0.052625
8.400000	1	-0.055375
8.416667	1	-0.058125
8.433333	1	-0.061000
8.450000	1	-0.063500
8.466667	1	-0.065875
8.483333	1	-0.068625
8.500000	1	-0.071250
8.516667	1	-0.073375
8.533333	1	-0.075875
8.550000	1	-0.077625
8.566667	1	-0.078875
8.583333	1	-0.080625
8.600000	1	-0.082875
8.616667	1	-0.085125
8.633333	1	-0.085875
8.650000	1	-0.086750
8.666667	1	-0.088250
8.683333	1	-0.089000
8.700000	1	-0.090000
8.716667	1	-0.090375
8.733333	1	-0.090875
8.750000	1	-0.091375
8.766667	1	-0.092375
8.783333	1	-0.092375
8.800000	1	-0.091500
8.816667	1	-0.091375
8.833333	1	-0.091500
8.850000	1	-0.091125
8.866667	1	-0.091250
8.883333	1	-0.090875
8.900000	1	-0.090250
8.916667	1	-0.089000
8.933333	1	-0.087875
8.950000	1	-0.087000
8.966667	1	-0.085750
8.983333	1	-0.083875
9.000000	1	-0.083375
9.016667	1	-0.082125
9.033333	1	-0.080375
9.050000	1	-0.079500
9.066667	1	-0.078000
9.083333	1	-0.077000
9.100000	1	-0.075750
9.116667	1	-0.074250
9.133333	1	-0.073875
9.150000	1	-0.072250
9.166667	1	-0.071125
9.183333	1	-0.069875
9.200000	1	-0.068875
9.216667	1	-0.067625
9.233333	1	-0.066750
9.250000	1	-0.065625
9.266667	1	-0.064375
9.283333	1	-0.063250
9.300000	1	-0.062125
9.316667	1	-0.060500
9.333333	1	-0.059375
9.350000	1	-0.057875
9.366667	1	-0.055750
9.383333	1	-0.053750
9.400000	1	-0.051875
9.416667	1	-0.048250
9.433333	1	-0.044500
9.450000	1	-0.041000
9.466667	1	-0.037250
9.483333	1	-0.032000
9.500000	1	-0.025750
9.516667	1	-0.018750
9.533333	1	-0.009750
9.550000	1	0.000375
9.566667	1	0.011875
9.583333	1	0.026250
9.600000	1	0.043000
9.616667	1	0.062500
9.633333	1	0.086250
9.650000	1	0.113125
9.666667	1	0.144625
9.683333	1	0.180000
9.700000	1	0.219500
9.716667	1	0.264375
9.733333	1	0.313625
9.750000	1	0.369375
9.766667	1	0.430000
9.783333	1	0.494250
9.800000	1	0.556625
9.816667	1	0.607000
9.833333	1	0.629375
9.850000	1	0.610750
9.866667	1	0.547500
9.883333	1	0.456125
9.900000	1	0.373375
9.916667	1	0.355125
9.933333	1	0.464000
9.950000	1	0.761250
9.966667	1	1.299875
9.983333	1	2.125875
10.000000	1	3.272750
10.016667	1	4.769750
10.033333	1	6.640125
10.050000	1	8.898500
10.066667	1	11.556625
10.083333	1	14.622750
10.100000	1	18.096250
10.116667	1	21.968500
10.133333	1	26.215500
10.150000	1	30.806375
10.166667	1	35.694750
10.183333	1	40.826375
10.200000	1	46.147875
10.216667	1	51.601375
10.233333	1	57.123375
10.250000	1	62.646000
10.266667	1	68.107750
10.283333	1	73.439375
10.300000	1	78.560375
10.316667	1	83.373250
10.333333	1	87.762625
10.350000	1	91.601750
10.366667	1	94.754750
10.383333	1	97.095375
10.400000	1	98.515625
10.416667	1	98.931875
10.433333	1	98.291625
10.450000	1	96.572750
10.466667	1	93.781250
10.483333	1	89.950375
10.500000	1	85.139875
10.516667	1	79.444625
10.533333	1	72.991250
10.550000	1	65.951625
10.566667	1	58.566875
10.583333	1	51.139000
10.600000	1	44.010000
10.616667	1	37.497250
10.633333	1	31.817625
10.650000	1	27.055750
10.666667	1	23.172375
10.683333	1	20.065250
10.700000	1	17.604625
10.716667	1	15.662000
10.733333	1	14.125750
10.750000	1	12.905125
10.766667	1	11.929375
10.783333	1	11.146750
10.800000	1	10.518125
10.816667	1	10.011750
10.833333	1	9.601750
10.850000	1	9.266625
10.866667	1	8.985250
10.883333	1	8.739625
10.900000	1	8.514750
10.916667	1	8.297250
10.933333	1	8.077125
10.950000	1	7.845625
10.966667	1	7.596375
10.983333	1	7.325625
11.000000	1	7.033000
11.016667	1	6.720625
11.033333	1	6.394000
11.050000	1	6.060500
11.066667	1	5.727875
11.083333	1	5.403000
11.100000	1	5.093500
11.116667	1	4.804125
11.133333	1	4.538000
11.150000	1	4.297000
11.166667	1	4.081500
11.183333	1	3.891625
11.200000	1	3.726250
11.216667	1	3.583875
11.233333	1	3.462125
11.250000	1	3.358625
11.266667	1	3.273000
11.283333	1	3.202375
11.300000	1	3.145625
11.316667	1	3.099250
11.333333	1	3.063125
11.350000	1	3.036750
11.366667	1	3.018250
11.383333	1	3.007000
11.400000	1	3.001125
11.416667	1	2.999500
11.433333	1	3.000000
11.450000	1	3.001500
11.466667	1	3.001375
11.483333	1	2.998375
11.500000	1	2.991250
11.516667	1	2.977875
11.533333	1	2.958500
11.550000	1	2.932500
11.566667	1	2.900875
11.583333	1	2.865125
11.600000	1	2.825375
11.616667	1	2.782000
11.633333	1	2.736750
11.650000	1	2.691125
11.666667	1	2.645375
11.683333	1	2.598500
11.700000	1	2.553750
11.716667	1	2.509375
11.733333	1	2.466000
11.750000	1	2.426250
11.766667	1	2.388500
11.783333	1	2.353875
11.800000	1	2.321125
11.816667	1	2.291500
11.833333	1	2.263625
11.850000	1	2.238000
11.866667	1	2.214375
11.883333	1	2.190625
11.900000	1	2.167500
11.916667	1	2.143750
11.933333	1	2.118875
11.950000	1	2.093000
11.966667	1	2.066500
11.983333	1	2.038875
12.000000	1	2.010000
12.016667	1	1.980875
12.033333	1	1.952250
12.050000	1	1.925750
12.066667	1	1.901125
12.083333	1	1.879375
12.100000	1	1.862875
12.116667	1	1.852250
12.133333	1	1.850000
12.150000	1	1.857375
12.166667	1	1.876125
12.183333	1	1.907750
12.200000	1	1.954250
12.216667	1	2.017500
12.233333	1	2.100375
12.250000	1	2.205000
12.266667	1	2.334500
12.283333	1	2.491250
12.300000	1	2.678875
12.316667	1	2.898000
12.333333	1	3.152000
12.350000	1	3.439625
12.366667	1	3.759375
12.383333	1	4.111375
12.400000	1	4.492250
12.416667	1	4.899625
12.433333	1	5.332000
12.450000	1	5.787750
12.466667	1	6.266125
12.483333	1	6.767250
12.500000	1	7.290000
12.516667	1	7.832875
12.533333	1	8.392875
12.550000	1	8.967875
12.566667	1	9.552875
12.583333	1	10.141625
12.600000	1	10.727875
12.616667	1	11.306125
12.633333	1	11.868625
12.650000	1	12.410375
12.666667	1	12.925500
12.683333	1	13.409625
12.700000	1	13.856750
12.716667	1	14.263625
12.733333	1	14.626500
12.750000	1	14.942250
12.766667	1	15.210500
12.783333	1	15.429500
12.800000	1	15.599625
12.816667	1	15.719625
12.833333	1	15.791625
12.850000	1	15.816625
12.866667	1	15.796625
12.883333	1	15.735500
12.900000	1	15.636250
12.916667	1	15.503375
12.933333	1	15.343125
12.950000	1	15.160750
12.966667	1	14.961625
12.983333	1	14.749875
13.000000	1	14.529000
13.016667	1	14.300625
13.033333	1	14.068000
13.050000	1	13.830875
13.066667	1	13.590625
13.083333	1	13.349250
13.100000	1	13.107500
13.116667	1	12.865375
13.133333	1	12.625500
13.150000	1	12.388375
13.166667	1	12.154500
13.183333	1	11.924000
13.200000	1	11.697500
13.216667	1	11.474125
13.233333	1	11.255125
13.250000	1	11.038500
13.266667	1	10.824125
13.283333	1	10.612000
13.300000	1	10.399625
13.316667	1	10.187875
13.333333	1	9.974625
13.350000	1	9.760750
13.366667	1	9.545750
13.383333	1	9.329125
13.400000	1	9.111125
13.416667	1	8.891625
13.433333	1	8.669625
13.450000	1	8.445125
13.466667	1	8.217125
13.483333	1	7.984000
13.500000	1	7.743875
13.516667	1	7.493000
13.533333	1	7.229375
13.550000	1	6.950625
13.566667	1	6.654750
13.583333	1	6.339500
13.600000	1	6.008000
13.616667	1	5.663625
13.633333	1	5.316500
13.650000	1	4.984500
13.666667	1	4.683625
13.683333	1	4.427750
13.700000	1	4.219625
13.716667	1	4.056250
13.733333	1	3.930125
13.750000	1	3.834500
13.766667	1	3.759250
13.783333	1	3.698875
13.800000	1	3.649000
13.816667	1	3.606500
13.833333	1	3.570250
13.850000	1	3.537500
13.866667	1	3.507375
13.883333	1	3.478500
13.900000	1	3.449875
13.916667	1	3.420750
13.933333	1	3.388625
13.950000	1	3.353750
13.966667	1	3.316375
13.983333	1	3.274750
14.000000	1	3.228750
14.016667	1	3.180625
14.033333	1	3.129875
14.050000	1	3.078250
14.066667	1	3.028125
14.083333	1	2.980625
14.100000	1	2.938500
14.116667	1	2.903625
14.133333	1	2.878625
14.150000	1	2.865125
14.166667	1	2.866000
14.183333	1	2.882000
14.200000	1	2.915000
14.216667	1	2.965000
14.233333	1	3.032250
14.250000	1	3.115750
14.266667	1	3.215000
14.283333	1	3.328500
14.300000	1	3.455500
14.316667	1	3.594750
14.333333	1	3.742875
14.350000	1	3.899875
14.366667	1	4.062875
14.383333	1	4.230375
14.400000	1	4.401375
14.416667	1	4.573000
14.433333	1	4.743625
14.450000	1	4.911375
14.466667	1	5.074125
14.483333	1	5.230875
14.500000	1	5.381375
14.516667	1	5.526125
14.533333	1	5.667125
14.550000	1	5.809750
14.566667	1	5.959500
14.583333	1	6.124125
14.600000	1	6.313000
14.616667	1	6.534250
14.633333	1	6.799125
14.650000	1	7.111625
14.666667	1	7.476125
14.683333	1	7.894750
14.700000	1	8.365375
14.716667	1	8.882250
14.733333	1	9.437750
14.750000	1	10.022875
14.766667	1	10.629625
14.783333	1	11.251625
14.800000	1	11.883750
14.816667	1	12.525875
14.833333	1	13.178250
14.850000	1	13.841250
14.866667	1	14.519375
14.883333	1	15.211625
14.900000	1	15.916000
14.916667	1	16.626875
14.933333	1	17.334250
14.950000	1	18.025875
14.966667	1	18.687125
14.983333	1	19.299625
15.000000	1	19.848500
15.016667	1	20.319500
15.033333	1	20.698250
15.050000	1	20.972500
15.066667	1	21.132500
15.083333	1	21.170375
15.100000	1	21.081625
15.116667	1	20.864625
15.133333	1	20.518875
15.150000	1	20.047750
15.166667	1	19.456625
15.183333	1	18.753500
15.200000	1	17.950125
15.216667	1	17.059250
15.233333	1	16.096500
15.250000	1	15.078875
15.266667	1	14.026875
15.283333	1	12.965250
15.300000	1	11.920750
15.316667	1	10.918625
15.333333	1	9.974000
15.350000	1	9.096875
15.366667	1	8.291250
15.383333	1	7.557875
15.400000	1	6.894375
15.416667	1	6.299875
15.433333	1	5.769875
15.450000	1	5.301000
15.466667	1	4.888875
15.483333	1	4.528750
15.500000	1	4.215375
15.516667	1	3.945750
15.533333	1	3.715125
15.550000	1	3.519750
15.566667	1	3.355250
15.583333	1	3.220125
15.600000	1	3.111625
15.616667	1	3.027500
15.633333	1	2.965250
15.650000	1	2.923625
15.666667	1	2.900375
15.683333	1	2.893250
15.700000	1	2.899500
15.716667	1	2.916750
15.733333	1	2.944125
15.750000	1	2.979875
15.766667	1	3.021625
15.783333	1	3.068125
15.800000	1	3.119750
15.816667	1	3.175250
15.833333	1	3.235375
15.850000	1	3.301875
15.866667	1	3.377625
15.883333	1	3.463000
15.900000	1	3.561125
15.916667	1	3.674250
15.933333	1	3.802875
15.950000	1	3.947875
15.966667	1	4.107875
15.983333	1	4.281625
16.000000	1	4.467000
16.016667	1	4.659000
16.033333	1	4.855250
16.050000	1	5.051125
16.066667	1	5.243750
16.083333	1	5.429750
16.100000	1	5.609500
16.116667	1	5.781750
16.133333	1	5.947625
16.150000	1	6.108000
16.166667	1	6.264000
16.183333	1	6.415875
16.200000	1	6.565000
16.216667	1	6.710375
16.233333	1	6.849875
16.250000	1	6.981875
16.266667	1	7.103625
16.283333	1	7.212750
16.300000	1	7.305750
16.316667	1	7.380250
16.333333	1	7.433750
16.350000	1	7.464750
16.366667	1	7.470500
16.383333	1	7.450750
16.400000	1	7.404125
16.416667	1	7.329375
16.433333	1	7.225500
16.450000	1	7.093250
16.466667	1	6.932750
16.483333	1	6.744625
16.500000	1	6.529625
16.516667	1	6.291875
16.533333	1	6.035000
16.550000	1	5.761375
16.566667	1	5.476250
16.583333	1	5.185250
16.600000	1	4.891250
16.616667	1	4.601125
16.633333	1	4.317875
16.650000	1	4.044750
16.666667	1	3.785250
16.683333	1	3.542125
16.700000	1	3.317125
16.716667	1	3.110625
16.733333	1	2.924000
16.750000	1	2.756750
16.766667	1	2.607500
16.783333	1	2.475000
16.800000	1	2.358750
16.816667	1	2.258125
16.833333	1	2.169000
16.850000	1	2.092375
16.866667	1	2.025750
16.883333	1	1.967000
16.900000	1	1.916000
16.916667	1	1.871750
16.933333	1	1.832500
16.950000	1	1.796250
16.966667	1	1.763250
16.983333	1	1.733375
17.000000	1	1.706375
17.016667	1	1.680750
17.033333	1	1.656125
17.050000	1	1.633625
17.066667	1	1.611625
17.083333	1	1.591750
17.100000	1	1.573125
17.116667	1	1.555250
17.133333	1	1.538000
17.150000	1	1.522250
17.166667	1	1.506750
17.183333	1	1.492375
17.200000	1	1.479375
17.216667	1	1.467625
17.233333	1	1.456250
17.250000	1	1.445500
17.266667	1	1.435625
17.283333	1	1.426125
17.300000	1	1.417250
17.316667	1	1.408750
17.333333	1	1.401000
17.350000	1	1.393750
17.366667	1	1.386625
17.383333	1	1.379000
17.400000	1	1.373000
17.416667	1	1.366125
17.433333	1	1.360625
17.450000	1	1.355625
17.466667	1	1.352000
17.483333	1	1.348500
17.500000	1	1.346000
17.516667	1	1.344750
17.533333	1	1.344250
17.550000	1	1.344875
17.566667	1	1.347125
17.583333	1	1.351250
17.600000	1	1.357375
17.616667	1	1.365000
17.633333	1	1.374000
17.650000	1	1.385500
17.666667	1	1.398375
17.683333	1	1.412250
17.700000	1	1.427500
17.716667	1	1.444375
17.733333	1	1.462250
17.750000	1	1.481000
17.766667	1	1.501625
17.783333	1	1.523375
17.800000	1	1.546000
17.816667	1	1.568875
17.833333	1	1.592625
17.850000	1	1.617500
17.866667	1	1.642500
17.883333	1	1.667375
17.900000	1	1.692875
17.916667	1	1.717875
17.933333	1	1.742125
17.950000	1	1.765500
17.966667	1	1.787750
17.983333	1	1.808250
18.000000	1	1.828125
18.016667	1	1.845875
18.033333	1	1.862125
18.050000	1	1.876000
18.066667	1	1.888125
18.083333	1	1.898125
18.100000	1	1.905625
18.116667	1	1.910750
18.133333	1	1.913250
18.150000	1	1.913750
18.166667	1	1.912500
18.183333	1	1.908250
18.200000	1	1.901875
18.216667	1	1.893625
18.233333	1	1.883625
18.250000	1	1.872125
18.266667	1	1.858125
18.283333	1	1.843125
18.300000	1	1.826125
18.316667	1	1.806750
18.333333	1	1.787125
18.350000	1	1.766625
18.366667	1	1.745375
18.383333	1	1.723875
18.400000	1	1.701750
18.416667	1	1.678875
18.433333	1	1.656250
18.450000	1	1.633750
18.466667	1	1.610875
18.483333	1	1.588625
18.500000	1	1.566500
18.516667	1	1.544875
18.533333	1	1.522250
18.550000	1	1.500500
18.566667	1	1.479000
18.583333	1	1.458750
18.600000	1	1.438750
18.616667	1	1.419125
18.633333	1	1.400625
18.650000	1	1.382250
18.666667	1	1.364250
18.683333	1	1.346750
18.700000	1	1.329625
18.716667	1	1.313000
18.733333	1	1.297250
18.750000	1	1.282125
18.766667	1	1.267500
18.783333	1	1.253875
18.800000	1	1.240250
18.816667	1	1.228250
18.833333	1	1.218125
18.850000	1	1.209000
18.866667	1	1.200375
18.883333	1	1.194500
18.900000	1	1.189750
18.916667	1	1.186500
18.933333	1	1.185500
18.950000	1	1.187625
18.966667	1	1.191125
18.983333	1	1.196625
19.000000	1	1.204125
19.016667	1	1.213750
19.033333	1	1.225125
19.050000	1	1.238125
19.066667	1	1.252750
19.083333	1	1.269375
19.100000	1	1.286500
19.116667	1	1.305250
19.133333	1	1.325375
19.150000	1	1.346125
19.166667	1	1.367125
19.183333	1	1.389875
19.200000	1	1.412875
19.216667	1	1.436875
19.233333	1	1.461500
19.250000	1	1.486500
19.266667	1	1.512125
19.283333	1	1.538000
19.300000	1	1.564250
19.316667	1	1.590500
19.333333	1	1.615625
19.350000	1	1.640375
19.366667	1	1.664750
19.383333	1	1.687500
19.400000	1	1.709000
19.416667	1	1.729250
19.433333	1	1.747375
19.450000	1	1.764125
19.466667	1	1.778250
19.483333	1	1.790375
19.500000	1	1.800250
19.516667	1	1.806500
19.533333	1	1.809875
19.550000	1	1.810625
19.566667	1	1.808625
19.583333	1	1.803250
19.600000	1	1.794125
19.616667	1	1.782250
19.633333	1	1.767875
19.650000	1	1.750000
19.666667	1	1.729875
19.683333	1	1.707750
19.700000	1	1.683750
19.716667	1	1.657625
19.733333	1	1.629875
19.750000	1	1.602000
19.766667	1	1.572250
19.783333	1	1.543250
19.800000	1	1.513750
19.816667	1	1.485125
19.833333	1	1.457000
19.850000	1	1.430000
19.866667	1	1.404125
19.883333	1	1.380125
19.900000	1	1.359000
19.916667	1	1.340875
19.933333	1	1.324250
19.950000	1	1.310375
19.966667	1	1.300125
19.983333	1	1.293500
20.000000	1	1.288875
20.016667	1	1.287875
20.033333	1	1.290750
20.050000	1	1.297000
20.066667	1	1.306250
20.083333	1	1.318625
20.100000	1	1.334000
20.116667	1	1.351250
20.133333	1	1.370875
20.150000	1	1.393000
20.166667	1	1.416875
20.183333	1	1.442000
20.200000	1	1.468625
20.216667	1	1.495625
20.233333	1	1.523375
20.250000	1	1.550875
20.266667	1	1.577625
20.283333	1	1.602500
20.300000	1	1.625375
20.316667	1	1.646875
20.333333	1	1.665625
20.350000	1	1.682500
20.366667	1	1.697750
20.383333	1	1.712000
20.400000	1	1.725500
20.416667	1	1.737875
20.433333	1	1.751375
20.450000	1	1.765750
20.466667	1	1.780250
20.483333	1	1.796625
20.500000	1	1.815875
20.516667	1	1.837875
20.533333	1	1.862750
20.550000	1	1.892125
20.566667	1	1.925250
20.583333	1	1.962875
20.600000	1	2.005125
20.616667	1	2.051625
20.633333	1	2.103125
20.650000	1	2.158875
20.666667	1	2.219125
20.683333	1	2.282500
20.700000	1	2.348375
20.716667	1	2.415500
20.733333	1	2.484000
20.750000	1	2.551500
20.766667	1	2.617500
20.783333	1	2.681125
20.800000	1	2.740625
20.816667	1	2.796250
20.833333	1	2.847875
20.850000	1	2.895625
20.866667	1	2.940000
20.883333	1	2.981375
20.900000	1	3.022000
20.916667	1	3.062250
20.933333	1	3.102500
20.950000	1	3.143625
20.966667	1	3.187000
20.983333	1	3.232250
21.000000	1	3.281000
21.016667	1	3.331500
21.033333	1	3.383500
21.050000	1	3.436250
21.066667	1	3.488625
21.083333	1	3.540000
21.100000	1	3.588875
21.116667	1	3.634375
21.133333	1	3.675000
21.150000	1	3.709500
21.166667	1	3.736125
21.183333	1	3.754625
21.200000	1	3.763750
21.216667	1	3.761750
21.233333	1	3.748000
21.250000	1	3.721125
21.266667	1	3.681375
21.283333	1	3.628375
21.300000	1	3.562250
21.316667	1	3.482750
21.333333	1	3.390750
21.350000	1	3.287000
21.366667	1	3.172750
21.383333	1	3.049625
21.400000	1	2.919625
21.416667	1	2.783625
21.433333	1	2.643750
21.450000	1	2.503375
21.466667	1	2.363250
21.483333	1	2.224375
21.500000	1	2.090375
21.516667	1	1.960625
21.533333	1	1.837250
21.550000	1	1.719875
21.566667	1	1.610750
21.583333	1	1.509000
21.600000	1	1.415750
21.616667	1	1.331000
21.633333	1	1.254000
21.650000	1	1.186000
21.666667	1	1.124500
21.683333	1	1.070000
21.700000	1	1.021250
21.716667	1	0.979250
21.733333	1	0.942250
21.750000	1	0.910000
21.766667	1	0.882750
21.783333	1	0.859250
21.800000	1	0.838875
21.816667	1	0.820875
21.833333	1	0.806125
21.850000	1	0.794500
21.866667	1	0.784000
21.883333	1	0.775375
21.900000	1	0.768250
21.916667	1	0.761750
21.933333	1	0.757000
21.950000	1	0.753250
21.966667	1	0.750250
21.983333	1	0.748250
22.000000	1	0.747000
22.016667	1	0.746500
22.033333	1	0.746250
22.050000	1	0.746375
22.066667	1	0.747000
22.083333	1	0.748000
22.100000	1	0.748875
22.116667	1	0.750500
22.133333	1	0.751625
22.150000	1	0.752750
22.166667	1	0.754000
22.183333	1	0.755125
22.200000	1	0.756375
22.216667	1	0.756625
22.233333	1	0.756750
22.250000	1	0.756250
22.266667	1	0.755375
22.283333	1	0.754125
22.300000	1	0.752000
22.316667	1	0.749750
22.333333	1	0.747250
22.350000	1	0.743750
22.366667	1	0.739375
22.383333	1	0.735125
22.400000	1	0.730500
22.416667	1	0.725375
22.433333	1	0.720250
22.450000	1	0.715250
22.466667	1	0.710375
22.483333	1	0.705375
22.500000	1	0.700125
22.516667	1	0.695375
22.533333	1	0.690875
22.550000	1	0.687625
22.566667	1	0.684375
22.583333	1	0.682000
22.600000	1	0.680000
22.616667	1	0.678625
22.633333	1	0.677875
22.650000	1	0.677125
22.666667	1	0.676875
22.683333	1	0.677500
22.700000	1	0.678875
22.716667	1	0.680250
22.733333	1	0.681875
22.750000	1	0.684375
22.766667	1	0.686625
22.783333	1	0.689875
22.800000	1	0.692500
22.816667	1	0.695625
22.833333	1	0.699125
22.850000	1	0.701375
22.866667	1	0.704250
22.883333	1	0.706500
22.900000	1	0.708250
22.916667	1	0.709500
22.933333	1	0.711000
22.950000	1	0.711875
22.966667	1	0.712250
22.983333	1	0.711875
23.000000	1	0.710625
23.016667	1	0.709750
23.033333	1	0.707875
23.050000	1	0.705500
23.066667	1	0.703500
23.083333	1	0.699375
23.100000	1	0.695750
23.116667	1	0.691750
23.133333	1	0.686250
23.150000	1	0.680125
23.166667	1	0.674000
23.183333	1	0.667500
23.200000	1	0.660500
23.216667	1	0.653500
23.233333	1	0.645500
23.250000	1	0.638250
23.266667	1	0.630375
23.283333	1	0.622750
23.300000	1	0.614500
23.316667	1	0.605875
23.333333	1	0.598125
23.350000	1	0.590375
23.366667	1	0.583250
23.383333	1	0.576875
23.400000	1	0.572000
23.416667	1	0.566250
23.433333	1	0.561875
23.450000	1	0.558750
23.466667	1	0.557875
23.483333	1	0.558125
23.500000	1	0.559375
23.516667	1	0.561500
23.533333	1	0.566750
23.550000	1	0.573875
23.566667	1	0.583500
23.583333	1	0.595125
23.600000	1	0.608000
23.616667	1	0.623375
23.633333	1	0.640125
23.650000	1	0.658250
23.666667	1	0.677875
23.683333	1	0.699000
23.700000	1	0.721500
23.716667	1	0.744500
23.733333	1	0.768250
23.750000	1	0.792625
23.766667	1	0.818375
23.783333	1	0.844750
23.800000	1	0.871500
23.816667	1	0.899250
23.833333	1	0.927125
23.850000	1	0.956875
23.866667	1	0.987000
23.883333	1	1.017625
23.900000	1	1.048375
23.916667	1	1.079875
23.933333	1	1.113250
23.950000	1	1.147125
23.966667	1	1.181375
23.983333	1	1.216125
24.000000	1	1.250625
24.016667	1	1.285375
24.033333	1	1.319750
24.050000	1	1.352875
24.066667	1	1.384875
24.083333	1	1.414375
24.100000	1	1.443625
24.116667	1	1.470250
24.133333	1	1.493625
24.150000	1	1.513875
24.166667	1	1.532125
24.183333	1	1.546000
24.200000	1	1.557000
24.216667	1	1.564000
24.233333	1	1.566750
24.250000	1	1.564750
24.266667	1	1.558125
24.283333	1	1.547625
24.300000	1	1.533000
24.316667	1	1.514000
24.333333	1	1.491000
24.350000	1	1.464125
24.366667	1	1.434000
24.383333	1	1.401375
24.400000	1	1.366625
24.416667	1	1.329875
24.433333	1	1.291625
24.450000	1	1.252875
24.466667	1	1.215000
24.483333	1	1.177000
24.500000	1	1.139000
24.516667	1	1.102875
24.533333	1	1.068500
24.550000	1	1.035750
24.566667	1	1.006000
24.583333	1	0.978750
24.600000	1	0.954000
24.616667	1	0.932000
24.633333	1	0.912125
24.650000	1	0.895375
24.666667	1	0.880625
24.683333	1	0.868750
24.700000	1	0.859000
24.716667	1	0.851250
24.733333	1	0.845125
24.750000	1	0.839875
24.766667	1	0.835750
24.783333	1	0.833500
24.800000	1	0.831000
24.816667	1	0.829000
24.833333	1	0.827375
24.850000	1	0.825500
24.866667	1	0.823000
24.883333	1	0.820625
24.900000	1	0.818000
24.916667	1	0.814250
24.933333	1	0.809625
24.950000	1	0.803875
24.966667	1	0.797375
24.983333	1	0.789875
25.000000	1	0.781000
25.016667	1	0.770750
25.033333	1	0.759625
25.050000	1	0.747125
25.066667	1	0.733875
25.083333	1	0.719625
25.100000	1	0.704500
25.116667	1	0.688875
25.133333	1	0.671875
25.150000	1	0.654750
25.166667	1	0.638000
25.183333	1	0.620125
25.200000	1	0.602625
25.216667	1	0.585375
25.233333	1	0.568125
25.250000	1	0.551250
25.266667	1	0.534500
25.283333	1	0.518875
25.300000	1	0.503500
25.316667	1	0.488875
25.333333	1	0.475250
25.350000	1	0.462750
25.366667	1	0.450625
25.383333	1	0.439500
25.400000	1	0.429500
25.416667	1	0.420500
25.433333	1	0.412375
25.450000	1	0.404875
25.466667	1	0.398625
25.483333	1	0.393125
25.500000	1	0.388875
25.516667	1	0.384875
25.533333	1	0.381500
25.550000	1	0.379375
25.566667	1	0.377625
25.583333	1	0.377000
25.600000	1	0.376875
25.616667	1	0.376625
25.633333	1	0.376875
25.650000	1	0.377375
25.666667	1	0.378625
25.683333	1	0.380000
25.700000	1	0.381375
25.716667	1	0.382625
25.733333	1	0.384500
25.750000	1	0.386250
25.766667	1	0.389000
25.783333	1	0.391125
25.800000	1	0.393625
25.816667	1	0.396375
25.833333	1	0.399250
25.850000	1	0.402125
25.866667	1	0.404500
25.883333	1	0.406875
25.900000	1	0.409750
25.916667	1	0.412750
25.933333	1	0.416500
25.950000	1	0.419750
25.966667	1	0.422000
25.983333	1	0.425375
26.000000	1	0.428375
26.016667	1	0.431125
26.033333	1	0.433750
26.050000	1	0.436750
26.066667	1	0.439125
26.083333	1	0.442375
26.100000	1	0.445125
26.116667	1	0.448500
26.133333	1	0.451750
26.150000	1	0.454375
26.166667	1	0.457375
26.183333	1	0.460625
26.200000	1	0.463875
26.216667	1	0.467000
26.233333	1	0.470125
26.250000	1	0.473250
26.266667	1	0.476125
26.283333	1	0.479000
26.300000	1	0.482250
26.316667	1	0.486250
26.333333	1	0.489125
26.350000	1	0.492375
26.366667	1	0.494875
26.383333	1	0.497750
26.400000	1	0.500625
26.416667	1	0.502750
26.433333	1	0.505625
26.450000	1	0.508875
26.466667	1	0.511875
26.483333	1	0.513875
26.500000	1	0.516000
26.516667	1	0.517625
26.533333	1	0.519250
26.550000	1	0.520250
26.566667	1	0.521875
26.583333	1	0.522750
26.600000	1	0.523625
26.616667	1	0.524125
26.633333	1	0.524500
26.650000	1	0.524000
26.666667	1	0.524500
26.683333	1	0.523750
26.700000	1	0.522500
26.716667	1	0.522375
26.733333	1	0.520875
26.750000	1	0.519500
26.766667	1	0.517875
26.783333	1	0.515875
26.800000	1	0.513000
26.816667	1	0.509625
26.833333	1	0.505625
26.850000	1	0.502000
26.866667	1	0.497625
26.883333	1	0.492625
26.900000	1	0.487250
26.916667	1	0.481750
26.933333	1	0.475375
26.950000	1	0.469500
26.966667	1	0.462750
26.983333	1	0.455625
27.000000	1	0.448000
27.016667	1	0.439500
27.033333	1	0.431375
27.050000	1	0.423375
27.066667	1	0.415000
27.083333	1	0.406125
27.100000	1	0.397375
27.116667	1	0.387000
27.133333	1	0.378000
27.150000	1	0.369375
27.166667	1	0.361000
27.183333	1	0.352500
27.200000	1	0.344250
27.216667	1	0.335875
27.233333	1	0.328000
27.250000	1	0.319875
27.266667	1	0.312250
27.283333	1	0.304500
27.300000	1	0.298375
27.316667	1	0.292625
27.333333	1	0.288125
27.350000	1	0.283625
27.366667	1	0.280625
27.383333	1	0.277625
27.400000	1	0.275875
27.416667	1	0.275875
27.433333	1	0.277375
27.450000	1	0.279750
27.466667	1	0.283125
27.483333	1	0.289250
27.500000	1	0.296500
27.516667	1	0.307125
27.533333	1	0.320125
27.550000	1	0.336750
27.566667	1	0.355000
27.583333	1	0.376750
27.600000	1	0.401875
27.616667	1	0.430000
27.633333	1	0.461000
27.650000	1	0.495000
27.666667	1	0.534000
27.683333	1	0.575125
27.700000	1	0.620000
27.716667	1	0.667000
27.733333	1	0.717500
27.750000	1	0.770500
27.766667	1	0.825875
27.783333	1	0.882125
27.800000	1	0.940250
27.816667	1	0.999375
27.833333	1	1.060625
27.850000	1	1.122625
27.866667	1	1.184875
27.883333	1	1.247750
27.900000	1	1.310500
27.916667	1	1.375125
27.933333	1	1.440125
27.950000	1	1.505375
27.966667	1	1.570875
27.983333	1	1.636875
28.000000	1	1.704750
28.016667	1	1.771625
28.033333	1	1.839750
28.050000	1	1.908625
28.066667	1	1.977875
28.083333	1	2.047250
28.100000	1	2.117500
28.116667	1	2.187625
28.133333	1	2.257375
28.150000	1	2.326125
28.166667	1	2.393875
28.183333	1	2.459000
28.200000	1	2.522875
28.216667	1	2.584625
28.233333	1	2.644000
28.250000	1	2.700625
28.266667	1	2.752875
28.283333	1	2.801500
28.300000	1	2.845750
28.316667	1	2.886000
28.333333	1	2.921125
28.350000	1	2.950750
28.366667	1	2.974875
28.383333	1	2.993375
28.400000	1	3.005375
28.416667	1	3.011000
28.433333	1	3.010125
28.450000	1	3.001500
28.466667	1	2.985500
28.483333	1	2.962250
28.500000	1	2.930875
28.516667	1	2.892250
28.533333	1	2.845750
28.550000	1	2.790500
28.566667	1	2.727000
28.583333	1	2.656750
28.600000	1	2.579125
28.616667	1	2.494875
28.633333	1	2.404375
28.650000	1	2.308500
28.666667	1	2.207625
28.683333	1	2.102125
28.700000	1	1.995125
28.716667	1	1.885375
28.733333	1	1.775000
28.750000	1	1.664750
28.766667	1	1.554875
28.783333	1	1.446875
28.800000	1	1.341000
28.816667	1	1.239625
28.833333	1	1.141750
28.850000	1	1.048750
28.866667	1	0.960250
28.883333	1	0.876750
28.900000	1	0.798375
28.916667	1	0.726250
28.933333	1	0.659625
28.950000	1	0.598875
28.966667	1	0.543250
28.983333	1	0.492750
29.000000	1	0.446750
29.016667	1	0.406500
29.033333	1	0.369750
29.050000	1	0.336500
29.066667	1	0.307375
29.083333	1	0.282625
29.100000	1	0.260500
29.116667	1	0.241500
29.133333	1	0.225375
29.150000	1	0.210750
29.166667	1	0.198250
29.183333	1	0.187250
29.200000	1	0.178625
29.216667	1	0.171250
29.233333	1	0.166000
29.250000	1	0.161375
29.266667	1	0.158250
29.283333	1	0.155750
29.300000	1	0.155250
29.316667	1	0.155500
29.333333	1	0.156875
29.350000	1	0.158750
29.366667	1	0.161250
29.383333	1	0.164875
29.400000	1	0.169125
29.416667	1	0.174000
29.433333	1	0.180000
29.450000	1	0.186000
29.466667	1	0.192750
29.483333	1	0.200375
29.500000	1	0.208500
29.516667	1	0.216750
29.533333	1	0.224875
29.550000	1	0.234250
29.566667	1	0.243875
29.583333	1	0.253375
29.600000	1	0.263000
29.616667	1	0.272875
29.633333	1	0.283000
29.650000	1	0.292625
29.666667	1	0.302250
29.683333	1	0.312750
29.700000	1	0.323625
29.716667	1	0.333875
29.733333	1	0.343750
29.750000	1	0.354125
29.766667	1	0.364000
29.783333	1	0.373125
29.800000	1	0.382375
29.816667	1	0.391625
29.833333	1	0.401000
29.850000	1	0.409375
29.866667	1	0.418125
29.883333	1	0.426000
29.900000	1	0.434125
29.916667	1	0.441250
29.933333	1	0.448000
29.950000	1	0.453875
29.966667	1	0.459875
29.983333	1	0.465500
30.000000	1	0.470625
30.016667	1	0.475125
30.033333	1	0.479750
30.050000	1	0.483250
30.066667	1	0.486625
30.083333	1	0.489625
30.100000	1	0.492875
30.116667	1	0.495500
30.133333	1	0.497000
30.150000	1	0.498000
30.166667	1	0.498250
30.183333	1	0.498625
30.200000	1	0.497875
30.216667	1	0.498000
30.233333	1	0.496750
30.250000	1	0.495875
30.266667	1	0.494250
30.283333	1	0.491875
30.300000	1	0.490125
30.316667	1	0.487625
30.333333	1	0.484750
30.350000	1	0.482000
30.366667	1	0.479000
30.383333	1	0.475250
30.400000	1	0.471875
30.416667	1	0.468125
30.433333	1	0.464375
30.450000	1	0.460125
30.466667	1	0.456750
30.483333	1	0.453250
30.500000	1	0.449625
30.516667	1	0.446500
30.533333	1	0.443375
30.550000	1	0.439875
30.566667	1	0.435875
30.583333	1	0.433625
30.600000	1	0.430875
30.616667	1	0.428000
30.633333	1	0.426125
30.650000	1	0.423750
30.666667	1	0.421875
30.683333	1	0.419875
30.700000	1	0.418125
30.716667	1	0.417500
30.733333	1	0.416500
30.750000	1	0.415500
30.766667	1	0.415250
30.783333	1	0.414750
30.800000	1	0.414500
30.816667	1	0.414250
30.833333	1	0.414375
30.850000	1	0.415125
30.866667	1	0.416000
30.883333	1	0.417125
30.900000	1	0.418375
30.916667	1	0.420625
30.933333	1	0.422000
30.950000	1	0.423500
30.966667	1	0.425625
30.983333	1	0.428000
31.000000	1	0.429750
31.016667	1	0.432625
31.033333	1	0.434750
31.050000	1	0.437750
31.066667	1	0.441125
31.083333	1	0.444000
31.100000	1	0.447000
31.116667	1	0.449500
31.133333	1	0.452625
31.150000	1	0.455500
31.166667	1	0.458000
31.183333	1	0.461250
31.200000	1	0.463500
31.216667	1	0.465500
31.233333	1	0.467250
31.250000	1	0.469625
31.266667	1	0.472000
31.283333	1	0.473500
31.300000	1	0.475125
31.316667	1	0.476500
31.333333	1	0.476750
31.350000	1	0.477375
31.366667	1	0.477875
31.383333	1	0.477250
31.400000	1	0.477125
31.416667	1	0.476750
31.433333	1	0.475500
31.450000	1	0.474250
31.466667	1	0.472750
31.483333	1	0.470875
31.500000	1	0.468875
31.516667	1	0.466625
31.533333	1	0.464125
31.550000	1	0.461875
31.566667	1	0.459250
31.583333	1	0.456625
31.600000	1	0.454000
31.616667	1	0.451500
31.633333	1	0.449125
31.650000	1	0.447250
31.666667	1	0.445500
31.683333	1	0.443500
31.700000	1	0.441750
31.716667	1	0.440750
31.733333	1	0.439375
31.750000	1	0.439125
31.766667	1	0.439500
31.783333	1	0.439625
31.800000	1	0.440625
31.816667	1	0.441375
31.833333	1	0.442500
31.850000	1	0.445375
31.866667	1	0.447500
31.883333	1	0.449500
31.900000	1	0.452750
31.916667	1	0.456125
31.933333	1	0.459500
31.950000	1	0.463375
31.966667	1	0.467750
31.983333	1	0.471875
32.000000	1	0.476375
32.016667	1	0.481375
32.033333	1	0.485875
32.050000	1	0.490375
32.066667	1	0.495250
32.083333	1	0.501000
32.100000	1	0.507250
32.116667	1	0.513125
32.133333	1	0.518500
32.150000	1	0.524125
32.166667	1	0.530625
32.183333	1	0.536625
32.200000	1	0.542875
32.216667	1	0.548625
32.233333	1	0.554125
32.250000	1	0.560250
32.266667	1	0.566625
32.283333	1	0.572500
32.300000	1	0.577500
32.316667	1	0.583375
32.333333	1	0.588500
32.350000	1	0.592750
32.366667	1	0.597750
32.383333	1	0.602625
32.400000	1	0.606875
32.416667	1	0.610250
32.433333	1	0.614000
32.450000	1	0.617500
32.466667	1	0.621250
32.483333	1	0.624000
32.500000	1	0.626250
32.516667	1	0.628250
32.533333	1	0.629500
32.550000	1	0.630750
32.566667	1	0.631250
32.583333	1	0.631750
32.600000	1	0.631125
32.616667	1	0.630125
32.633333	1	0.628000
32.650000	1	0.626125
32.666667	1	0.623500
32.683333	1	0.621125
32.700000	1	0.617250
32.716667	1	0.611500
32.733333	1	0.605375
32.750000	1	0.599250
32.766667	1	0.592625
32.783333	1	0.585000
32.800000	1	0.576625
32.816667	1	0.567375
32.833333	1	0.557625
32.850000	1	0.546875
32.866667	1	0.535375
32.883333	1	0.523750
32.900000	1	0.511500
32.916667	1	0.499125
32.933333	1	0.485750
32.950000	1	0.472250
32.966667	1	0.458250
32.983333	1	0.444750
33.000000	1	0.429500
33.016667	1	0.414750
33.033333	1	0.400000
33.050000	1	0.384750
33.066667	1	0.369375
33.083333	1	0.353500
33.100000	1	0.337625
33.116667	1	0.321875
33.133333	1	0.307000
33.150000	1	0.291625
33.166667	1	0.276375
33.183333	1	0.261500
33.200000	1	0.246875
33.216667	1	0.232500
33.233333	1	0.219000
33.250000	1	0.205375
33.266667	1	0.192625
33.283333	1	0.180750
33.300000	1	0.168250
33.316667	1	0.156125
33.333333	1	0.144625
33.350000	1	0.133125
33.366667	1	0.123250
33.383333	1	0.113750
33.400000	1	0.104375
33.416667	1	0.095125
33.433333	1	0.086750
33.450000	1	0.079000
33.466667	1	0.072000
33.483333	1	0.065250
33.500000	1	0.059000
33.516667	1	0.053000
33.533333	1	0.047750
33.550000	1	0.043250
33.566667	1	0.038250
33.583333	1	0.035125
33.600000	1	0.031000
33.616667	1	0.027875
33.633333	1	0.025125
33.650000	1	0.022750
33.666667	1	0.020125
33.683333	1	0.019125
33.700000	1	0.018000
33.716667	1	0.017125
33.733333	1	0.017250
33.750000	1	0.017125
33.766667	1	0.016750
33.783333	1	0.017875
33.800000	1	0.019500
33.816667	1	0.021000
33.833333	1	0.022250
33.850000	1	0.025250
33.866667	1	0.029000
33.883333	1	0.033125
33.900000	1	0.038000
33.916667	1	0.043000
33.933333	1	0.049125
33.950000	1	0.054125
33.966667	1	0.060500
33.983333	1	0.067500
34.000000	1	0.075000
34.016667	1	0.082875
34.033333	1	0.091375
34.050000	1	0.100125
34.066667	1	0.109875
34.083333	1	0.119875
34.100000	1	0.130250
34.116667	1	0.140250
34.133333	1	0.151000
34.150000	1	0.161750
34.166667	1	0.173375
34.183333	1	0.184500
34.200000	1	0.195875
34.216667	1	0.207375
34.233333	1	0.219750
34.250000	1	0.231875
34.266667	1	0.244250
34.283333	1	0.257000
34.300000	1	0.269500
34.316667	1	0.282500
34.333333	1	0.295125
34.350000	1	0.308250
34.366667	1	0.321500
34.383333	1	0.335125
34.400000	1	0.349250
34.416667	1	0.363125
34.433333	1	0.377000
34.450000	1	0.391000
34.466667	1	0.404375
34.483333	1	0.418500
34.500000	1	0.432500
34.516667	1	0.445625
34.533333	1	0.459250
34.550000	1	0.473000
34.566667	1	0.486000
34.583333	1	0.498875
34.600000	1	0.511000
34.616667	1	0.523250
34.633333	1	0.534500
34.650000	1	0.545750
34.666667	1	0.555750
34.683333	1	0.565375
34.700000	1	0.574750
34.716667	1	0.583500
34.733333	1	0.590750
34.750000	1	0.597500
34.766667	1	0.603500
34.783333	1	0.607750
34.800000	1	0.611125
34.816667	1	0.614000
34.833333	1	0.615625
34.850000	1	0.615625
34.866667	1	0.614500
34.883333	1	0.612500
34.900000	1	0.609125
34.916667	1	0.604625
34.933333	1	0.598875
34.950000	1	0.591500
34.966667	1	0.583625
34.983333	1	0.574000
35.000000	1	0.563750
35.016667	1	0.551500
35.033333	1	0.539000
35.050000	1	0.525000
35.066667	1	0.511250
35.083333	1	0.496125
35.100000	1	0.479750
35.116667	1	0.463000
35.133333	1	0.446250
35.150000	1	0.428875
35.166667	1	0.411375
35.183333	1	0.393625
35.200000	1	0.375375
35.216667	1	0.358000
35.233333	1	0.341000
35.250000	1	0.323875
35.266667	1	0.306500
35.283333	1	0.290125
35.300000	1	0.273500
35.316667	1	0.257625
35.333333	1	0.242250
35.350000	1	0.228250
35.366667	1	0.214625
35.383333	1	0.201250
35.400000	1	0.188750
35.416667	1	0.177125
35.433333	1	0.166500
35.450000	1	0.156250
35.466667	1	0.147125
35.483333	1	0.138500
35.500000	1	0.130875
35.516667	1	0.124125
35.533333	1	0.118250
35.550000	1	0.112000
35.566667	1	0.106500
35.583333	1	0.102500
35.600000	1	0.098500
35.616667	1	0.095125
35.633333	1	0.091750
35.650000	1	0.089250
35.666667	1	0.087500
35.683333	1	0.086000
35.700000	1	0.084375
35.716667	1	0.083625
35.733333	1	0.083125
35.750000	1	0.083625
35.766667	1	0.084000
35.783333	1	0.084500
35.800000	1	0.086000
35.816667	1	0.087000
35.833333	1	0.088125
35.850000	1	0.089000
35.866667	1	0.089750
35.883333	1	0.091500
35.900000	1	0.093125
35.916667	1	0.095375
35.933333	1	0.097875
35.950000	1	0.100250
35.966667	1	0.102250
35.983333	1	0.103625
36.000000	1	0.106000
36.016667	1	0.108625
36.033333	1	0.110750
36.050000	1	0.113375
36.066667	1	0.116000
36.083333	1	0.118375
36.100000	1	0.121125
36.116667	1	0.123750
36.133333	1	0.126750
36.150000	1	0.129375
36.166667	1	0.131875
36.183333	1	0.134125
36.200000	1	0.136250
36.216667	1	0.138625
36.233333	1	0.141500
36.250000	1	0.143750
36.266667	1	0.146750
36.283333	1	0.149000
36.300000	1	0.152000
36.316667	1	0.154625
36.333333	1	0.157500
36.350000	1	0.160500
36.366667	1	0.163500
36.383333	1	0.166125
36.400000	1	0.169125
36.416667	1	0.171375
36.433333	1	0.174000
36.450000	1	0.177000
36.466667	1	0.179500
36.483333	1	0.182625
36.500000	1	0.185500
36.516667	1	0.188125
36.533333	1	0.189625
36.550000	1	0.191750
36.566667	1	0.193375
36.583333	1	0.195000
36.600000	1	0.197250
36.616667	1	0.198750
36.633333	1	0.200500
36.650000	1	0.202875
36.666667	1	0.205000
36.683333	1	0.206625
36.700000	1	0.207125
36.716667	1	0.207625
36.733333	1	0.207500
36.750000	1	0.207875
36.766667	1	0.207500
36.783333	1	0.207875
36.800000	1	0.208625
36.816667	1	0.208250
36.833333	1	0.207500
36.850000	1	0.207250
36.866667	1	0.207000
36.883333	1	0.206000
36.900000	1	0.205125
36.916667	1	0.203500
36.933333	1	0.202500
36.950000	1	0.201375
36.966667	1	0.199375
36.983333	1	0.197375
37.000000	1	0.196000
37.016667	1	0.194125
37.033333	1	0.192625
37.050000	1	0.190875
37.066667	1	0.188750
37.083333	1	0.186625
37.100000	1	0.185000
37.116667	1	0.182625
37.133333	1	0.180000
37.150000	1	0.177500
37.166667	1	0.174125
37.183333	1	0.171250
37.200000	1	0.168750
37.216667	1	0.165625
37.233333	1	0.162750
37.250000	1	0.159250
37.266667	1	0.155625
37.283333	1	0.153250
37.300000	1	0.150000
37.316667	1	0.146500
37.333333	1	0.143375
37.350000	1	0.139625
37.366667	1	0.136000
37.383333	1	0.132125
37.400000	1	0.128500
37.416667	1	0.125000
37.433333	1	0.121375
37.450000	1	0.117375
37.466667	1	0.113750
37.483333	1	0.109875
37.500000	1	0.105250
37.516667	1	0.101125
37.533333	1	0.097875
37.550000	1	0.093625
37.566667	1	0.089125
37.583333	1	0.084875
37.600000	1	0.081625
37.616667	1	0.078375
37.633333	1	0.074375
37.650000	1	0.070375
37.666667	1	0.066625
37.683333	1	0.062375
37.700000	1	0.058250
37.716667	1	0.054625
37.733333	1	0.051250
37.750000	1	0.048000
37.766667	1	0.044750
37.783333	1	0.041625
37.800000	1	0.039000
37.816667	1	0.036500
37.833333	1	0.034125
37.850000	1	0.031500
37.866667	1	0.029875
37.883333	1	0.028000
37.900000	1	0.026375
37.916667	1	0.025000
37.933333	1	0.023250
37.950000	1	0.021875
37.966667	1	0.021000
37.983333	1	0.019375
38.000000	1	0.018625
38.016667	1	0.017250
38.033333	1	0.017125
38.050000	1	0.016875
38.066667	1	0.016125
38.083333	1	0.016000
38.100000	1	0.015875
38.116667	1	0.015125
38.133333	1	0.014500
38.150000	1	0.014125
38.166667	1	0.014000
38.183333	1	0.013250
38.200000	1	0.012625
38.216667	1	0.012250
38.233333	1	0.011500
38.250000	1	0.011375
38.266667	1	0.011500
38.283333	1	0.010625
38.300000	1	0.009750
38.316667	1	0.009125
38.333333	1	0.008375
38.350000	1	0.008000
38.366667	1	0.007125
38.383333	1	0.006000
38.400000	1	0.005250
38.416667	1	0.004500
38.433333	1	0.003125
38.450000	1	0.002375
38.466667	1	0.001625
38.483333	1	0.000125
38.500000	1	-0.001125
38.516667	1	-0.001750
38.533333	1	-0.002875
38.550000	1	-0.004250
38.566667	1	-0.005125
38.583333	1	-0.006625
38.600000	1	-0.007500
38.616667	1	-0.008875
38.633333	1	-0.009875
38.650000	1	-0.011250
38.666667	1	-0.012125
38.683333	1	-0.012875
38.700000	1	-0.014500
38.716667	1	-0.015250
38.733333	1	-0.015625
38.750000	1	-0.016500
38.766667	1	-0.018000
38.783333	1	-0.018250
38.800000	1	-0.019500
38.816667	1	-0.019875
38.833333	1	-0.020500
38.850000	1	-0.020625
38.866667	1	-0.021375
38.883333	1	-0.021750
38.900000	1	-0.022500
38.916667	1	-0.022375
38.933333	1	-0.022625
38.950000	1	-0.023125
38.966667	1	-0.023250
38.983333	1	-0.023375
39.000000	1	-0.023000
39.016667	1	-0.023375
39.033333	1	-0.023750
39.050000	1	-0.024000
39.066667	1	-0.023625
39.083333	1	-0.023750
39.100000	1	-0.024000
39.116667	1	-0.024000
39.133333	1	-0.023875
39.150000	1	-0.023750
39.166667	1	-0.023875
39.183333	1	-0.024000
39.200000	1	-0.024375
39.216667	1	-0.024125
39.233333	1	-0.024125
39.250000	1	-0.024625
39.266667	1	-0.024125
39.283333	1	-0.023875
39.300000	1	-0.023875
39.316667	1	-0.024375
39.333333	1	-0.024250
39.350000	1	-0.024500
39.366667	1	-0.024625
39.383333	1	-0.024625
39.400000	1	-0.025125
39.416667	1	-0.025000
39.433333	1	-0.024250
39.450000	1	-0.025125
39.466667	1	-0.024500
39.483333	1	-0.024250
39.500000	1	-0.024500
39.516667	1	-0.024000
39.533333	1	-0.024250
39.550000	1	-0.024375
39.566667	1	-0.024625
39.583333	1	-0.024000
39.600000	1	-0.023500
39.616667	1	-0.023000
39.633333	1	-0.022500
39.650000	1	-0.022875
39.666667	1	-0.022375
39.683333	1	-0.022125
39.700000	1	-0.021125
39.716667	1	-0.020375
39.733333	1	-0.019375
39.750000	1	-0.018750
39.766667	1	-0.017625
39.783333	1	-0.017375
39.800000	1	-0.016375
39.816667	1	-0.015750
39.833333	1	-0.014625
39.850000	1	-0.013750
39.866667	1	-0.012500
39.883333	1	-0.011500
39.900000	1	-0.010375
39.916667	1	-0.009625
39.933333	1	-0.008625
39.950000	1	-0.007375
39.966667	1	-0.006250
39.983333	1	-0.004875
40.000000	1	-0.003750
