File Path	chrom://990-75db15j/XVault/Ultimate_3000/1256/20230531_CMO_stabTest _FP08_FP09.seq/165.smp/RI_1.channel/RI_1.chm
Channel	RI_1

Injection Information:
Data Vault	XVault
Injection	FP09__2_s5
Injection Number	65
Position	BC4
Comment	
Processing Method	
Instrument Method	run_25B_method
Type	Unknown
Status	Finished
Injection Date	03.06.2023
Injection Time	09:26:45
Injection Volume (µl)	20.000
Dilution Factor	1.0000
Weight	1.0000

Chromatogram Data Information:
Time Min. (min)	0.000000
Time Max. (min)	40.000000
Data Points	2401
Detector	RI
Generating Data System	Chromeleon 7.2.5.9507
Exporting Data System	Chromeleon 7.2.5.0
Operator	Instrument Controller
Signal Quantity	Refractive 
Signal Unit	µRIU
Signal Min.	-0.487625
Signal Max.	54.004500
Channel	RI_1
Driver Name	RID520Driver.dll
Channel Type	Evaluation
Min. Step (s)	1
Max. Step (s)	1
Average Step (s)	1

Signal Parameter Information:
Signal Info	

Chromatogram Data:
Time (min)	Step (s)	Value (µRIU)
0.000000	n.a.	-0.043625
0.016667	1	-0.044625
0.033333	1	-0.045000
0.050000	1	-0.045125
0.066667	1	-0.045625
0.083333	1	-0.045875
0.100000	1	-0.046000
0.116667	1	-0.046000
0.133333	1	-0.046250
0.150000	1	-0.046000
0.166667	1	-0.046125
0.183333	1	-0.046000
0.200000	1	-0.046000
0.216667	1	-0.045375
0.233333	1	-0.045375
0.250000	1	-0.044750
0.266667	1	-0.044750
0.283333	1	-0.046000
0.300000	1	-0.048625
0.316667	1	-0.052250
0.333333	1	-0.054000
0.350000	1	-0.051875
0.366667	1	-0.047625
0.383333	1	-0.042875
0.400000	1	-0.038250
0.416667	1	-0.034250
0.433333	1	-0.031125
0.450000	1	-0.028500
0.466667	1	-0.026375
0.483333	1	-0.026000
0.500000	1	-0.027000
0.516667	1	-0.029250
0.533333	1	-0.030375
0.550000	1	-0.031625
0.566667	1	-0.032625
0.583333	1	-0.032625
0.600000	1	-0.033125
0.616667	1	-0.032750
0.633333	1	-0.032875
0.650000	1	-0.033000
0.666667	1	-0.032625
0.683333	1	-0.033000
0.700000	1	-0.033250
0.716667	1	-0.032875
0.733333	1	-0.033000
0.750000	1	-0.032875
0.766667	1	-0.033000
0.783333	1	-0.033125
0.800000	1	-0.032625
0.816667	1	-0.032875
0.833333	1	-0.032875
0.850000	1	-0.033125
0.866667	1	-0.033375
0.883333	1	-0.034250
0.900000	1	-0.034000
0.916667	1	-0.034250
0.933333	1	-0.035125
0.950000	1	-0.035250
0.966667	1	-0.035375
0.983333	1	-0.036000
1.000000	1	-0.036500
1.016667	1	-0.037000
1.033333	1	-0.037875
1.050000	1	-0.038375
1.066667	1	-0.039000
1.083333	1	-0.039375
1.100000	1	-0.040625
1.116667	1	-0.042125
1.133333	1	-0.043875
1.150000	1	-0.045250
1.166667	1	-0.046625
1.183333	1	-0.048250
1.200000	1	-0.049125
1.216667	1	-0.050125
1.233333	1	-0.051375
1.250000	1	-0.053000
1.266667	1	-0.054375
1.283333	1	-0.055750
1.300000	1	-0.057500
1.316667	1	-0.058875
1.333333	1	-0.059875
1.350000	1	-0.061125
1.366667	1	-0.062500
1.383333	1	-0.064000
1.400000	1	-0.064875
1.416667	1	-0.065500
1.433333	1	-0.066250
1.450000	1	-0.067125
1.466667	1	-0.067000
1.483333	1	-0.067750
1.500000	1	-0.068625
1.516667	1	-0.069500
1.533333	1	-0.070000
1.550000	1	-0.070375
1.566667	1	-0.070750
1.583333	1	-0.070750
1.600000	1	-0.070750
1.616667	1	-0.070875
1.633333	1	-0.070875
1.650000	1	-0.071000
1.666667	1	-0.071625
1.683333	1	-0.071625
1.700000	1	-0.072000
1.716667	1	-0.071875
1.733333	1	-0.071875
1.750000	1	-0.071500
1.766667	1	-0.071500
1.783333	1	-0.071875
1.800000	1	-0.070750
1.816667	1	-0.070625
1.833333	1	-0.070125
1.850000	1	-0.069750
1.866667	1	-0.069125
1.883333	1	-0.069000
1.900000	1	-0.069000
1.916667	1	-0.069500
1.933333	1	-0.068875
1.950000	1	-0.068500
1.966667	1	-0.068000
1.983333	1	-0.068000
2.000000	1	-0.067500
2.016667	1	-0.067125
2.033333	1	-0.066875
2.050000	1	-0.066750
2.066667	1	-0.066750
2.083333	1	-0.066500
2.100000	1	-0.066375
2.116667	1	-0.066000
2.133333	1	-0.066000
2.150000	1	-0.066000
2.166667	1	-0.065875
2.183333	1	-0.065500
2.200000	1	-0.064750
2.216667	1	-0.065250
2.233333	1	-0.064375
2.250000	1	-0.063750
2.266667	1	-0.063500
2.283333	1	-0.063250
2.300000	1	-0.062125
2.316667	1	-0.061375
2.333333	1	-0.060500
2.350000	1	-0.059875
2.366667	1	-0.058625
2.383333	1	-0.057500
2.400000	1	-0.055625
2.416667	1	-0.054500
2.433333	1	-0.053000
2.450000	1	-0.050625
2.466667	1	-0.049000
2.483333	1	-0.047375
2.500000	1	-0.045750
2.516667	1	-0.043875
2.533333	1	-0.041875
2.550000	1	-0.040375
2.566667	1	-0.038375
2.583333	1	-0.036250
2.600000	1	-0.034500
2.616667	1	-0.033125
2.633333	1	-0.030750
2.650000	1	-0.029250
2.666667	1	-0.028500
2.683333	1	-0.027625
2.700000	1	-0.026750
2.716667	1	-0.025500
2.733333	1	-0.024625
2.750000	1	-0.023625
2.766667	1	-0.022875
2.783333	1	-0.022250
2.800000	1	-0.021375
2.816667	1	-0.021000
2.833333	1	-0.021250
2.850000	1	-0.020250
2.866667	1	-0.020125
2.883333	1	-0.019875
2.900000	1	-0.020000
2.916667	1	-0.020250
2.933333	1	-0.020250
2.950000	1	-0.019750
2.966667	1	-0.019500
2.983333	1	-0.019375
3.000000	1	-0.019250
3.016667	1	-0.019375
3.033333	1	-0.019125
3.050000	1	-0.018875
3.066667	1	-0.018875
3.083333	1	-0.019125
3.100000	1	-0.019500
3.116667	1	-0.020000
3.133333	1	-0.020125
3.150000	1	-0.020000
3.166667	1	-0.020000
3.183333	1	-0.020375
3.200000	1	-0.020250
3.216667	1	-0.021000
3.233333	1	-0.020625
3.250000	1	-0.021125
3.266667	1	-0.021875
3.283333	1	-0.022500
3.300000	1	-0.022750
3.316667	1	-0.024375
3.333333	1	-0.024500
3.350000	1	-0.025375
3.366667	1	-0.025625
3.383333	1	-0.025625
3.400000	1	-0.026000
3.416667	1	-0.026875
3.433333	1	-0.026875
3.450000	1	-0.027625
3.466667	1	-0.027750
3.483333	1	-0.028625
3.500000	1	-0.029000
3.516667	1	-0.029250
3.533333	1	-0.029875
3.550000	1	-0.030375
3.566667	1	-0.030875
3.583333	1	-0.031000
3.600000	1	-0.031000
3.616667	1	-0.030750
3.633333	1	-0.031375
3.650000	1	-0.031625
3.666667	1	-0.032250
3.683333	1	-0.032375
3.700000	1	-0.032500
3.716667	1	-0.032250
3.733333	1	-0.031625
3.750000	1	-0.031750
3.766667	1	-0.031500
3.783333	1	-0.032000
3.800000	1	-0.031750
3.816667	1	-0.032250
3.833333	1	-0.031875
3.850000	1	-0.031750
3.866667	1	-0.031750
3.883333	1	-0.032000
3.900000	1	-0.032250
3.916667	1	-0.032750
3.933333	1	-0.032500
3.950000	1	-0.032750
3.966667	1	-0.033000
3.983333	1	-0.033500
4.000000	1	-0.034750
4.016667	1	-0.035625
4.033333	1	-0.035750
4.050000	1	-0.036750
4.066667	1	-0.037250
4.083333	1	-0.037875
4.100000	1	-0.038875
4.116667	1	-0.039875
4.133333	1	-0.040875
4.150000	1	-0.042125
4.166667	1	-0.043125
4.183333	1	-0.044000
4.200000	1	-0.044250
4.216667	1	-0.045125
4.233333	1	-0.045625
4.250000	1	-0.046750
4.266667	1	-0.047750
4.283333	1	-0.048625
4.300000	1	-0.049125
4.316667	1	-0.049375
4.333333	1	-0.050875
4.350000	1	-0.051625
4.366667	1	-0.052250
4.383333	1	-0.052625
4.400000	1	-0.053375
4.416667	1	-0.053500
4.433333	1	-0.053625
4.450000	1	-0.054125
4.466667	1	-0.054375
4.483333	1	-0.054250
4.500000	1	-0.054375
4.516667	1	-0.054500
4.533333	1	-0.053875
4.550000	1	-0.053375
4.566667	1	-0.052750
4.583333	1	-0.052000
4.600000	1	-0.051500
4.616667	1	-0.051625
4.633333	1	-0.050625
4.650000	1	-0.050125
4.666667	1	-0.049000
4.683333	1	-0.047500
4.700000	1	-0.045750
4.716667	1	-0.043875
4.733333	1	-0.041875
4.750000	1	-0.040000
4.766667	1	-0.038000
4.783333	1	-0.035625
4.800000	1	-0.033125
4.816667	1	-0.030375
4.833333	1	-0.028375
4.850000	1	-0.026125
4.866667	1	-0.023750
4.883333	1	-0.022125
4.900000	1	-0.019500
4.916667	1	-0.016250
4.933333	1	-0.013625
4.950000	1	-0.010875
4.966667	1	-0.007750
4.983333	1	-0.004750
5.000000	1	-0.001500
5.016667	1	0.001375
5.033333	1	0.003750
5.050000	1	0.006250
5.066667	1	0.008375
5.083333	1	0.010500
5.100000	1	0.012625
5.116667	1	0.014875
5.133333	1	0.016625
5.150000	1	0.018250
5.166667	1	0.019750
5.183333	1	0.021875
5.200000	1	0.022625
5.216667	1	0.023750
5.233333	1	0.024750
5.250000	1	0.025375
5.266667	1	0.025625
5.283333	1	0.026125
5.300000	1	0.026500
5.316667	1	0.026750
5.333333	1	0.026625
5.350000	1	0.026375
5.366667	1	0.025750
5.383333	1	0.025500
5.400000	1	0.024750
5.416667	1	0.024125
5.433333	1	0.023375
5.450000	1	0.022375
5.466667	1	0.021500
5.483333	1	0.019750
5.500000	1	0.018625
5.516667	1	0.017375
5.533333	1	0.016000
5.550000	1	0.014750
5.566667	1	0.013750
5.583333	1	0.012625
5.600000	1	0.011750
5.616667	1	0.011125
5.633333	1	0.010000
5.650000	1	0.008875
5.666667	1	0.008125
5.683333	1	0.007250
5.700000	1	0.005875
5.716667	1	0.005250
5.733333	1	0.004500
5.750000	1	0.004625
5.766667	1	0.003375
5.783333	1	0.003000
5.800000	1	0.002125
5.816667	1	0.002125
5.833333	1	0.001750
5.850000	1	0.001000
5.866667	1	0.000500
5.883333	1	0.000125
5.900000	1	0.000750
5.916667	1	0.000625
5.933333	1	0.000875
5.950000	1	0.001000
5.966667	1	0.000750
5.983333	1	0.001250
6.000000	1	0.001375
6.016667	1	0.001500
6.033333	1	0.001875
6.050000	1	0.002125
6.066667	1	0.002375
6.083333	1	0.003125
6.100000	1	0.003625
6.116667	1	0.004500
6.133333	1	0.005375
6.150000	1	0.005875
6.166667	1	0.007500
6.183333	1	0.008625
6.200000	1	0.010250
6.216667	1	0.010750
6.233333	1	0.012125
6.250000	1	0.013375
6.266667	1	0.014750
6.283333	1	0.016000
6.300000	1	0.017375
6.316667	1	0.019000
6.333333	1	0.020250
6.350000	1	0.022125
6.366667	1	0.024125
6.383333	1	0.025625
6.400000	1	0.027125
6.416667	1	0.029000
6.433333	1	0.030500
6.450000	1	0.032375
6.466667	1	0.033500
6.483333	1	0.034625
6.500000	1	0.036000
6.516667	1	0.037625
6.533333	1	0.038250
6.550000	1	0.040375
6.566667	1	0.041250
6.583333	1	0.041625
6.600000	1	0.042125
6.616667	1	0.043625
6.633333	1	0.043875
6.650000	1	0.044625
6.666667	1	0.044500
6.683333	1	0.043875
6.700000	1	0.042875
6.716667	1	0.042625
6.733333	1	0.041750
6.750000	1	0.040375
6.766667	1	0.039875
6.783333	1	0.038625
6.800000	1	0.037125
6.816667	1	0.034750
6.833333	1	0.033375
6.850000	1	0.031125
6.866667	1	0.029000
6.883333	1	0.026750
6.900000	1	0.024500
6.916667	1	0.021875
6.933333	1	0.019625
6.950000	1	0.016750
6.966667	1	0.013625
6.983333	1	0.011000
7.000000	1	0.008250
7.016667	1	0.004750
7.033333	1	0.001250
7.050000	1	-0.002000
7.066667	1	-0.004750
7.083333	1	-0.007625
7.100000	1	-0.010625
7.116667	1	-0.013000
7.133333	1	-0.016125
7.150000	1	-0.019500
7.166667	1	-0.022875
7.183333	1	-0.025000
7.200000	1	-0.027875
7.216667	1	-0.030000
7.233333	1	-0.032500
7.250000	1	-0.034750
7.266667	1	-0.036875
7.283333	1	-0.038250
7.300000	1	-0.040000
7.316667	1	-0.041125
7.333333	1	-0.043500
7.350000	1	-0.044125
7.366667	1	-0.045875
7.383333	1	-0.047000
7.400000	1	-0.048000
7.416667	1	-0.049375
7.433333	1	-0.050625
7.450000	1	-0.052250
7.466667	1	-0.053375
7.483333	1	-0.054125
7.500000	1	-0.055125
7.516667	1	-0.055875
7.533333	1	-0.056625
7.550000	1	-0.057625
7.566667	1	-0.058625
7.583333	1	-0.059375
7.600000	1	-0.059750
7.616667	1	-0.060500
7.633333	1	-0.061250
7.650000	1	-0.062750
7.666667	1	-0.063875
7.683333	1	-0.064750
7.700000	1	-0.065375
7.716667	1	-0.065750
7.733333	1	-0.065750
7.750000	1	-0.066500
7.766667	1	-0.066625
7.783333	1	-0.067250
7.800000	1	-0.067250
7.816667	1	-0.068375
7.833333	1	-0.068750
7.850000	1	-0.069500
7.866667	1	-0.070125
7.883333	1	-0.070000
7.900000	1	-0.070500
7.916667	1	-0.070000
7.933333	1	-0.069875
7.950000	1	-0.069625
7.966667	1	-0.069375
7.983333	1	-0.068875
8.000000	1	-0.068875
8.016667	1	-0.069625
8.033333	1	-0.069875
8.050000	1	-0.069375
8.066667	1	-0.069750
8.083333	1	-0.069875
8.100000	1	-0.070250
8.116667	1	-0.070250
8.133333	1	-0.069625
8.150000	1	-0.069625
8.166667	1	-0.069125
8.183333	1	-0.069250
8.200000	1	-0.069000
8.216667	1	-0.069625
8.233333	1	-0.069250
8.250000	1	-0.069625
8.266667	1	-0.069250
8.283333	1	-0.069625
8.300000	1	-0.070125
8.316667	1	-0.069500
8.333333	1	-0.069000
8.350000	1	-0.068875
8.366667	1	-0.068000
8.383333	1	-0.068125
8.400000	1	-0.067625
8.416667	1	-0.068125
8.433333	1	-0.067375
8.450000	1	-0.067250
8.466667	1	-0.066375
8.483333	1	-0.066500
8.500000	1	-0.066250
8.516667	1	-0.066125
8.533333	1	-0.065625
8.550000	1	-0.065125
8.566667	1	-0.064625
8.583333	1	-0.064000
8.600000	1	-0.063750
8.616667	1	-0.063125
8.633333	1	-0.063125
8.650000	1	-0.063125
8.666667	1	-0.063125
8.683333	1	-0.062750
8.700000	1	-0.062250
8.716667	1	-0.061500
8.733333	1	-0.061375
8.750000	1	-0.061750
8.766667	1	-0.061375
8.783333	1	-0.060875
8.800000	1	-0.060125
8.816667	1	-0.060250
8.833333	1	-0.059625
8.850000	1	-0.059625
8.866667	1	-0.059250
8.883333	1	-0.058875
8.900000	1	-0.058250
8.916667	1	-0.057750
8.933333	1	-0.057875
8.950000	1	-0.057875
8.966667	1	-0.057750
8.983333	1	-0.057750
9.000000	1	-0.058125
9.016667	1	-0.057875
9.033333	1	-0.057375
9.050000	1	-0.057875
9.066667	1	-0.058125
9.083333	1	-0.058375
9.100000	1	-0.058250
9.116667	1	-0.058625
9.133333	1	-0.058625
9.150000	1	-0.059250
9.166667	1	-0.059750
9.183333	1	-0.059750
9.200000	1	-0.060250
9.216667	1	-0.060500
9.233333	1	-0.061375
9.250000	1	-0.061000
9.266667	1	-0.062750
9.283333	1	-0.063500
9.300000	1	-0.063875
9.316667	1	-0.063750
9.333333	1	-0.064500
9.350000	1	-0.065250
9.366667	1	-0.065750
9.383333	1	-0.066000
9.400000	1	-0.066250
9.416667	1	-0.066375
9.433333	1	-0.066375
9.450000	1	-0.066125
9.466667	1	-0.065375
9.483333	1	-0.064125
9.500000	1	-0.062500
9.516667	1	-0.059750
9.533333	1	-0.056125
9.550000	1	-0.051500
9.566667	1	-0.046000
9.583333	1	-0.038750
9.600000	1	-0.029750
9.616667	1	-0.019500
9.633333	1	-0.006000
9.650000	1	0.008875
9.666667	1	0.026750
9.683333	1	0.047125
9.700000	1	0.069750
9.716667	1	0.094625
9.733333	1	0.121375
9.750000	1	0.148875
9.766667	1	0.176375
9.783333	1	0.203125
9.800000	1	0.226625
9.816667	1	0.247000
9.833333	1	0.261750
9.850000	1	0.269125
9.866667	1	0.266750
9.883333	1	0.250875
9.900000	1	0.225250
9.916667	1	0.203000
9.933333	1	0.211375
9.950000	1	0.296250
9.966667	1	0.516250
9.983333	1	0.937500
10.000000	1	1.622750
10.016667	1	2.628250
10.033333	1	3.994875
10.050000	1	5.748625
10.066667	1	7.903125
10.083333	1	10.456625
10.100000	1	13.394750
10.116667	1	16.688000
10.133333	1	20.289500
10.150000	1	24.133000
10.166667	1	28.127500
10.183333	1	32.154375
10.200000	1	36.062875
10.216667	1	39.676250
10.233333	1	42.796625
10.250000	1	45.220250
10.266667	1	46.778250
10.283333	1	47.354500
10.300000	1	46.916250
10.316667	1	45.519000
10.333333	1	43.302000
10.350000	1	40.459625
10.366667	1	37.215125
10.383333	1	33.783250
10.400000	1	30.347250
10.416667	1	27.047875
10.433333	1	23.979500
10.450000	1	21.195625
10.466667	1	18.713250
10.483333	1	16.526125
10.500000	1	14.616375
10.516667	1	12.957875
10.533333	1	11.520750
10.550000	1	10.276500
10.566667	1	9.198875
10.583333	1	8.262625
10.600000	1	7.447000
10.616667	1	6.735500
10.633333	1	6.113000
10.650000	1	5.567875
10.666667	1	5.090375
10.683333	1	4.670375
10.700000	1	4.301500
10.716667	1	3.976875
10.733333	1	3.690250
10.750000	1	3.436375
10.766667	1	3.210625
10.783333	1	3.009250
10.800000	1	2.828750
10.816667	1	2.666250
10.833333	1	2.519125
10.850000	1	2.385625
10.866667	1	2.264125
10.883333	1	2.153250
10.900000	1	2.052750
10.916667	1	1.961125
10.933333	1	1.876875
10.950000	1	1.799625
10.966667	1	1.728625
10.983333	1	1.664375
11.000000	1	1.605250
11.016667	1	1.550375
11.033333	1	1.500250
11.050000	1	1.454000
11.066667	1	1.411125
11.083333	1	1.372250
11.100000	1	1.336750
11.116667	1	1.303750
11.133333	1	1.274125
11.150000	1	1.245500
11.166667	1	1.219375
11.183333	1	1.195500
11.200000	1	1.172750
11.216667	1	1.152500
11.233333	1	1.132750
11.250000	1	1.114625
11.266667	1	1.097375
11.283333	1	1.080375
11.300000	1	1.064500
11.316667	1	1.049625
11.333333	1	1.035125
11.350000	1	1.021250
11.366667	1	1.008125
11.383333	1	0.995125
11.400000	1	0.984000
11.416667	1	0.972625
11.433333	1	0.962250
11.450000	1	0.953125
11.466667	1	0.945625
11.483333	1	0.938750
11.500000	1	0.933500
11.516667	1	0.928625
11.533333	1	0.925250
11.550000	1	0.923000
11.566667	1	0.921000
11.583333	1	0.919875
11.600000	1	0.919625
11.616667	1	0.920750
11.633333	1	0.921125
11.650000	1	0.921625
11.666667	1	0.923375
11.683333	1	0.924000
11.700000	1	0.924625
11.716667	1	0.925500
11.733333	1	0.925625
11.750000	1	0.925625
11.766667	1	0.926125
11.783333	1	0.926250
11.800000	1	0.926500
11.816667	1	0.927750
11.833333	1	0.930250
11.850000	1	0.933250
11.866667	1	0.937875
11.883333	1	0.943500
11.900000	1	0.951250
11.916667	1	0.960625
11.933333	1	0.971750
11.950000	1	0.985375
11.966667	1	1.001500
11.983333	1	1.020250
12.000000	1	1.042750
12.016667	1	1.067625
12.033333	1	1.096500
12.050000	1	1.129000
12.066667	1	1.166125
12.083333	1	1.209000
12.100000	1	1.259000
12.116667	1	1.318875
12.133333	1	1.389625
12.150000	1	1.475000
12.166667	1	1.576875
12.183333	1	1.697000
12.200000	1	1.838750
12.216667	1	2.003625
12.233333	1	2.192875
12.250000	1	2.407750
12.266667	1	2.650125
12.283333	1	2.921875
12.300000	1	3.224500
12.316667	1	3.560625
12.333333	1	3.933750
12.350000	1	4.344000
12.366667	1	4.796375
12.383333	1	5.292250
12.400000	1	5.832500
12.416667	1	6.413625
12.433333	1	7.031125
12.450000	1	7.675750
12.466667	1	8.336750
12.483333	1	8.995125
12.500000	1	9.630250
12.516667	1	10.219000
12.533333	1	10.737500
12.550000	1	11.165625
12.566667	1	11.491250
12.583333	1	11.712250
12.600000	1	11.832000
12.616667	1	11.859750
12.633333	1	11.808750
12.650000	1	11.693250
12.666667	1	11.527375
12.683333	1	11.323125
12.700000	1	11.091125
12.716667	1	10.841000
12.733333	1	10.580125
12.750000	1	10.315000
12.766667	1	10.048750
12.783333	1	9.785125
12.800000	1	9.526875
12.816667	1	9.276375
12.833333	1	9.034500
12.850000	1	8.801375
12.866667	1	8.576625
12.883333	1	8.359125
12.900000	1	8.148000
12.916667	1	7.942875
12.933333	1	7.741500
12.950000	1	7.544125
12.966667	1	7.348625
12.983333	1	7.153250
13.000000	1	6.956500
13.016667	1	6.757875
13.033333	1	6.555000
13.050000	1	6.345875
13.066667	1	6.129875
13.083333	1	5.904375
13.100000	1	5.666250
13.116667	1	5.414250
13.133333	1	5.145000
13.150000	1	4.856250
13.166667	1	4.546125
13.183333	1	4.212875
13.200000	1	3.857375
13.216667	1	3.483250
13.233333	1	3.102875
13.250000	1	2.732500
13.266667	1	2.392250
13.283333	1	2.097500
13.300000	1	1.854125
13.316667	1	1.659000
13.333333	1	1.504000
13.350000	1	1.380375
13.366667	1	1.280875
13.383333	1	1.200500
13.400000	1	1.133375
13.416667	1	1.077125
13.433333	1	1.029250
13.450000	1	0.988750
13.466667	1	0.953625
13.483333	1	0.923500
13.500000	1	0.897000
13.516667	1	0.874125
13.533333	1	0.855500
13.550000	1	0.840250
13.566667	1	0.827500
13.583333	1	0.817625
13.600000	1	0.809875
13.616667	1	0.804250
13.633333	1	0.799750
13.650000	1	0.796750
13.666667	1	0.794250
13.683333	1	0.792000
13.700000	1	0.788875
13.716667	1	0.785750
13.733333	1	0.782375
13.750000	1	0.777000
13.766667	1	0.770125
13.783333	1	0.761750
13.800000	1	0.753250
13.816667	1	0.743000
13.833333	1	0.731625
13.850000	1	0.719750
13.866667	1	0.707125
13.883333	1	0.693625
13.900000	1	0.679750
13.916667	1	0.666750
13.933333	1	0.653250
13.950000	1	0.640125
13.966667	1	0.627625
13.983333	1	0.615625
14.000000	1	0.604500
14.016667	1	0.594000
14.033333	1	0.584375
14.050000	1	0.575750
14.066667	1	0.568625
14.083333	1	0.562625
14.100000	1	0.557750
14.116667	1	0.553875
14.133333	1	0.551875
14.150000	1	0.551375
14.166667	1	0.552125
14.183333	1	0.555250
14.200000	1	0.560250
14.216667	1	0.568250
14.233333	1	0.579375
14.250000	1	0.593500
14.266667	1	0.611875
14.283333	1	0.635250
14.300000	1	0.665125
14.316667	1	0.701750
14.333333	1	0.746500
14.350000	1	0.800625
14.366667	1	0.865375
14.383333	1	0.941000
14.400000	1	1.030750
14.416667	1	1.135625
14.433333	1	1.256375
14.450000	1	1.396625
14.466667	1	1.557875
14.483333	1	1.742375
14.500000	1	1.953875
14.516667	1	2.195500
14.533333	1	2.472875
14.550000	1	2.790875
14.566667	1	3.157125
14.583333	1	3.581875
14.600000	1	4.077375
14.616667	1	4.661625
14.633333	1	5.357875
14.650000	1	6.193500
14.666667	1	7.201125
14.683333	1	8.416375
14.700000	1	9.874625
14.716667	1	11.611625
14.733333	1	13.657500
14.750000	1	16.035250
14.766667	1	18.747875
14.783333	1	21.781125
14.800000	1	25.104000
14.816667	1	28.660000
14.833333	1	32.369250
14.850000	1	36.126250
14.866667	1	39.811000
14.883333	1	43.293125
14.900000	1	46.444500
14.916667	1	49.149250
14.933333	1	51.311750
14.950000	1	52.863250
14.966667	1	53.764250
14.983333	1	54.004500
15.000000	1	53.605875
15.016667	1	52.613125
15.033333	1	51.091500
15.050000	1	49.119125
15.066667	1	46.784250
15.083333	1	44.178125
15.100000	1	41.391000
15.116667	1	38.504750
15.133333	1	35.589875
15.150000	1	32.705750
15.166667	1	29.902250
15.183333	1	27.216375
15.200000	1	24.674750
15.216667	1	22.293250
15.233333	1	20.082000
15.250000	1	18.043875
15.266667	1	16.178750
15.283333	1	14.483125
15.300000	1	12.949375
15.316667	1	11.569250
15.333333	1	10.332500
15.350000	1	9.229375
15.366667	1	8.249750
15.383333	1	7.382250
15.400000	1	6.616000
15.416667	1	5.941875
15.433333	1	5.350500
15.450000	1	4.832750
15.466667	1	4.381125
15.483333	1	3.989375
15.500000	1	3.650500
15.516667	1	3.359500
15.533333	1	3.110125
15.550000	1	2.897250
15.566667	1	2.716250
15.583333	1	2.561625
15.600000	1	2.429500
15.616667	1	2.315500
15.633333	1	2.216750
15.650000	1	2.128750
15.666667	1	2.049500
15.683333	1	1.976750
15.700000	1	1.908000
15.716667	1	1.842000
15.733333	1	1.778500
15.750000	1	1.717625
15.766667	1	1.657875
15.783333	1	1.599875
15.800000	1	1.543625
15.816667	1	1.489000
15.833333	1	1.436625
15.850000	1	1.387125
15.866667	1	1.339875
15.883333	1	1.294500
15.900000	1	1.251875
15.916667	1	1.212750
15.933333	1	1.175625
15.950000	1	1.141000
15.966667	1	1.108500
15.983333	1	1.078125
16.000000	1	1.050250
16.016667	1	1.025625
16.033333	1	1.002500
16.050000	1	0.982250
16.066667	1	0.963375
16.083333	1	0.947125
16.100000	1	0.933125
16.116667	1	0.920125
16.133333	1	0.909625
16.150000	1	0.900750
16.166667	1	0.892875
16.183333	1	0.886500
16.200000	1	0.881625
16.216667	1	0.877125
16.233333	1	0.872875
16.250000	1	0.869125
16.266667	1	0.864625
16.283333	1	0.860500
16.300000	1	0.856625
16.316667	1	0.852500
16.333333	1	0.848250
16.350000	1	0.844125
16.366667	1	0.839500
16.383333	1	0.834875
16.400000	1	0.831500
16.416667	1	0.827000
16.433333	1	0.823250
16.450000	1	0.820375
16.466667	1	0.817250
16.483333	1	0.815125
16.500000	1	0.814125
16.516667	1	0.813125
16.533333	1	0.813250
16.550000	1	0.813625
16.566667	1	0.815125
16.583333	1	0.817250
16.600000	1	0.820375
16.616667	1	0.823625
16.633333	1	0.828000
16.650000	1	0.832500
16.666667	1	0.837875
16.683333	1	0.843125
16.700000	1	0.848500
16.716667	1	0.854500
16.733333	1	0.860375
16.750000	1	0.865500
16.766667	1	0.870375
16.783333	1	0.875375
16.800000	1	0.878750
16.816667	1	0.881250
16.833333	1	0.882875
16.850000	1	0.883750
16.866667	1	0.883875
16.883333	1	0.882875
16.900000	1	0.881625
16.916667	1	0.879875
16.933333	1	0.878625
16.950000	1	0.877750
16.966667	1	0.877625
16.983333	1	0.877250
17.000000	1	0.876875
17.016667	1	0.876250
17.033333	1	0.877125
17.050000	1	0.878750
17.066667	1	0.879750
17.083333	1	0.881250
17.100000	1	0.882500
17.116667	1	0.882375
17.133333	1	0.882500
17.150000	1	0.881125
17.166667	1	0.878250
17.183333	1	0.874875
17.200000	1	0.869875
17.216667	1	0.863875
17.233333	1	0.857250
17.250000	1	0.849250
17.266667	1	0.840375
17.283333	1	0.831875
17.300000	1	0.822875
17.316667	1	0.813375
17.333333	1	0.803750
17.350000	1	0.794750
17.366667	1	0.786125
17.383333	1	0.778625
17.400000	1	0.771375
17.416667	1	0.765375
17.433333	1	0.759500
17.450000	1	0.755000
17.466667	1	0.750250
17.483333	1	0.747750
17.500000	1	0.748250
17.516667	1	0.749625
17.533333	1	0.752250
17.550000	1	0.756750
17.566667	1	0.762250
17.583333	1	0.770375
17.600000	1	0.780000
17.616667	1	0.790125
17.633333	1	0.802625
17.650000	1	0.815000
17.666667	1	0.828750
17.683333	1	0.843500
17.700000	1	0.859250
17.716667	1	0.875125
17.733333	1	0.891500
17.750000	1	0.908250
17.766667	1	0.924375
17.783333	1	0.939875
17.800000	1	0.955250
17.816667	1	0.968500
17.833333	1	0.981125
17.850000	1	0.992000
17.866667	1	1.000625
17.883333	1	1.007250
17.900000	1	1.011875
17.916667	1	1.014000
17.933333	1	1.013750
17.950000	1	1.011250
17.966667	1	1.007000
17.983333	1	1.000250
18.000000	1	0.992250
18.016667	1	0.981750
18.033333	1	0.969625
18.050000	1	0.956500
18.066667	1	0.942500
18.083333	1	0.928500
18.100000	1	0.913250
18.116667	1	0.897875
18.133333	1	0.882375
18.150000	1	0.866625
18.166667	1	0.851375
18.183333	1	0.836750
18.200000	1	0.822000
18.216667	1	0.808000
18.233333	1	0.795000
18.250000	1	0.783500
18.266667	1	0.772500
18.283333	1	0.762125
18.300000	1	0.753250
18.316667	1	0.744750
18.333333	1	0.737875
18.350000	1	0.731875
18.366667	1	0.727125
18.383333	1	0.723125
18.400000	1	0.719875
18.416667	1	0.717500
18.433333	1	0.716000
18.450000	1	0.714250
18.466667	1	0.713750
18.483333	1	0.712875
18.500000	1	0.712500
18.516667	1	0.712500
18.533333	1	0.712750
18.550000	1	0.713125
18.566667	1	0.714625
18.583333	1	0.715500
18.600000	1	0.717750
18.616667	1	0.719500
18.633333	1	0.722250
18.650000	1	0.725375
18.666667	1	0.729250
18.683333	1	0.732875
18.700000	1	0.737375
18.716667	1	0.742375
18.733333	1	0.748250
18.750000	1	0.755125
18.766667	1	0.762375
18.783333	1	0.771000
18.800000	1	0.779500
18.816667	1	0.788625
18.833333	1	0.798125
18.850000	1	0.809000
18.866667	1	0.820625
18.883333	1	0.833000
18.900000	1	0.848000
18.916667	1	0.864750
18.933333	1	0.883000
18.950000	1	0.903250
18.966667	1	0.926875
18.983333	1	0.953000
19.000000	1	0.981125
19.016667	1	1.012750
19.033333	1	1.046250
19.050000	1	1.082500
19.066667	1	1.121500
19.083333	1	1.162250
19.100000	1	1.205375
19.116667	1	1.247750
19.133333	1	1.290250
19.150000	1	1.331500
19.166667	1	1.371750
19.183333	1	1.408000
19.200000	1	1.441500
19.216667	1	1.470125
19.233333	1	1.493875
19.250000	1	1.511000
19.266667	1	1.521750
19.283333	1	1.526500
19.300000	1	1.524875
19.316667	1	1.515500
19.333333	1	1.500250
19.350000	1	1.478625
19.366667	1	1.452125
19.383333	1	1.420750
19.400000	1	1.385125
19.416667	1	1.346250
19.433333	1	1.304125
19.450000	1	1.260125
19.466667	1	1.215125
19.483333	1	1.169500
19.500000	1	1.123125
19.516667	1	1.078000
19.533333	1	1.034125
19.550000	1	0.992125
19.566667	1	0.952500
19.583333	1	0.914875
19.600000	1	0.879750
19.616667	1	0.846625
19.633333	1	0.817125
19.650000	1	0.790625
19.666667	1	0.767750
19.683333	1	0.748125
19.700000	1	0.731875
19.716667	1	0.719500
19.733333	1	0.711500
19.750000	1	0.706250
19.766667	1	0.704750
19.783333	1	0.706250
19.800000	1	0.711625
19.816667	1	0.719875
19.833333	1	0.730875
19.850000	1	0.745125
19.866667	1	0.761875
19.883333	1	0.779250
19.900000	1	0.798625
19.916667	1	0.818750
19.933333	1	0.839000
19.950000	1	0.859625
19.966667	1	0.879750
19.983333	1	0.898000
20.000000	1	0.914750
20.016667	1	0.929625
20.033333	1	0.942875
20.050000	1	0.954500
20.066667	1	0.963750
20.083333	1	0.970625
20.100000	1	0.976375
20.116667	1	0.980625
20.133333	1	0.983625
20.150000	1	0.986125
20.166667	1	0.988000
20.183333	1	0.989500
20.200000	1	0.991500
20.216667	1	0.993875
20.233333	1	0.998125
20.250000	1	1.004000
20.266667	1	1.011250
20.283333	1	1.020750
20.300000	1	1.031750
20.316667	1	1.045625
20.333333	1	1.061625
20.350000	1	1.079375
20.366667	1	1.099250
20.383333	1	1.119500
20.400000	1	1.140125
20.416667	1	1.160375
20.433333	1	1.180125
20.450000	1	1.198875
20.466667	1	1.215000
20.483333	1	1.229125
20.500000	1	1.240250
20.516667	1	1.249500
20.533333	1	1.255750
20.550000	1	1.258250
20.566667	1	1.258625
20.583333	1	1.256000
20.600000	1	1.252125
20.616667	1	1.247250
20.633333	1	1.242750
20.650000	1	1.238750
20.666667	1	1.236500
20.683333	1	1.237500
20.700000	1	1.242500
20.716667	1	1.252625
20.733333	1	1.267250
20.750000	1	1.286875
20.766667	1	1.311750
20.783333	1	1.341500
20.800000	1	1.375125
20.816667	1	1.413000
20.833333	1	1.454250
20.850000	1	1.496500
20.866667	1	1.538125
20.883333	1	1.578000
20.900000	1	1.613375
20.916667	1	1.643500
20.933333	1	1.666500
20.950000	1	1.682875
20.966667	1	1.690250
20.983333	1	1.688625
21.000000	1	1.677375
21.016667	1	1.657000
21.033333	1	1.627375
21.050000	1	1.589375
21.066667	1	1.545000
21.083333	1	1.494500
21.100000	1	1.439500
21.116667	1	1.380750
21.133333	1	1.319125
21.150000	1	1.256750
21.166667	1	1.194375
21.183333	1	1.132375
21.200000	1	1.071750
21.216667	1	1.013125
21.233333	1	0.957625
21.250000	1	0.904375
21.266667	1	0.855000
21.283333	1	0.808750
21.300000	1	0.766125
21.316667	1	0.726750
21.333333	1	0.690500
21.350000	1	0.657125
21.366667	1	0.627250
21.383333	1	0.599875
21.400000	1	0.575750
21.416667	1	0.553625
21.433333	1	0.534125
21.450000	1	0.517000
21.466667	1	0.501625
21.483333	1	0.487250
21.500000	1	0.475000
21.516667	1	0.464500
21.533333	1	0.455250
21.550000	1	0.446750
21.566667	1	0.438875
21.583333	1	0.432125
21.600000	1	0.425625
21.616667	1	0.420000
21.633333	1	0.414750
21.650000	1	0.411000
21.666667	1	0.406250
21.683333	1	0.402375
21.700000	1	0.399125
21.716667	1	0.396500
21.733333	1	0.394000
21.750000	1	0.393000
21.766667	1	0.392250
21.783333	1	0.391500
21.800000	1	0.391750
21.816667	1	0.391625
21.833333	1	0.392625
21.850000	1	0.394250
21.866667	1	0.395750
21.883333	1	0.398500
21.900000	1	0.401000
21.916667	1	0.404000
21.933333	1	0.407375
21.950000	1	0.409875
21.966667	1	0.413250
21.983333	1	0.415250
22.000000	1	0.417500
22.016667	1	0.419750
22.033333	1	0.422125
22.050000	1	0.423500
22.066667	1	0.423875
22.083333	1	0.424625
22.100000	1	0.424625
22.116667	1	0.424250
22.133333	1	0.424125
22.150000	1	0.423375
22.166667	1	0.422625
22.183333	1	0.421500
22.200000	1	0.420250
22.216667	1	0.419250
22.233333	1	0.418375
22.250000	1	0.417750
22.266667	1	0.417875
22.283333	1	0.418625
22.300000	1	0.419375
22.316667	1	0.421375
22.333333	1	0.423375
22.350000	1	0.426250
22.366667	1	0.428625
22.383333	1	0.432875
22.400000	1	0.437250
22.416667	1	0.442125
22.433333	1	0.447625
22.450000	1	0.453375
22.466667	1	0.460125
22.483333	1	0.466250
22.500000	1	0.472750
22.516667	1	0.479125
22.533333	1	0.485500
22.550000	1	0.491250
22.566667	1	0.497375
22.583333	1	0.502875
22.600000	1	0.509000
22.616667	1	0.514625
22.633333	1	0.520500
22.650000	1	0.524875
22.666667	1	0.529250
22.683333	1	0.532875
22.700000	1	0.535750
22.716667	1	0.538375
22.733333	1	0.540750
22.750000	1	0.541375
22.766667	1	0.542125
22.783333	1	0.541500
22.800000	1	0.539250
22.816667	1	0.537000
22.833333	1	0.534250
22.850000	1	0.531000
22.866667	1	0.528250
22.883333	1	0.524250
22.900000	1	0.519750
22.916667	1	0.515125
22.933333	1	0.509000
22.950000	1	0.503625
22.966667	1	0.497875
22.983333	1	0.492000
23.000000	1	0.486875
23.016667	1	0.482500
23.033333	1	0.478500
23.050000	1	0.474750
23.066667	1	0.471875
23.083333	1	0.469250
23.100000	1	0.468000
23.116667	1	0.468125
23.133333	1	0.468875
23.150000	1	0.470875
23.166667	1	0.474500
23.183333	1	0.479000
23.200000	1	0.484750
23.216667	1	0.492625
23.233333	1	0.501375
23.250000	1	0.512500
23.266667	1	0.525625
23.283333	1	0.540125
23.300000	1	0.556500
23.316667	1	0.575375
23.333333	1	0.597125
23.350000	1	0.621375
23.366667	1	0.648125
23.383333	1	0.678125
23.400000	1	0.711500
23.416667	1	0.749125
23.433333	1	0.790625
23.450000	1	0.836875
23.466667	1	0.888875
23.483333	1	0.946750
23.500000	1	1.012875
23.516667	1	1.086250
23.533333	1	1.169000
23.550000	1	1.262000
23.566667	1	1.366500
23.583333	1	1.483625
23.600000	1	1.614625
23.616667	1	1.760250
23.633333	1	1.919625
23.650000	1	2.094750
23.666667	1	2.285375
23.683333	1	2.491125
23.700000	1	2.710125
23.716667	1	2.941000
23.733333	1	3.182500
23.750000	1	3.431000
23.766667	1	3.682625
23.783333	1	3.933875
23.800000	1	4.181000
23.816667	1	4.419625
23.833333	1	4.645125
23.850000	1	4.853000
23.866667	1	5.038625
23.883333	1	5.198125
23.900000	1	5.329500
23.916667	1	5.430000
23.933333	1	5.495500
23.950000	1	5.527750
23.966667	1	5.526500
23.983333	1	5.490750
24.000000	1	5.422625
24.016667	1	5.324250
24.033333	1	5.198875
24.050000	1	5.050125
24.066667	1	4.880375
24.083333	1	4.693375
24.100000	1	4.492500
24.116667	1	4.281250
24.133333	1	4.064875
24.150000	1	3.843750
24.166667	1	3.623250
24.183333	1	3.404875
24.200000	1	3.191750
24.216667	1	2.985875
24.233333	1	2.788625
24.250000	1	2.601625
24.266667	1	2.425000
24.283333	1	2.260750
24.300000	1	2.107375
24.316667	1	1.965250
24.333333	1	1.834750
24.350000	1	1.715000
24.366667	1	1.605500
24.383333	1	1.506375
24.400000	1	1.416250
24.416667	1	1.334250
24.433333	1	1.260250
24.450000	1	1.193750
24.466667	1	1.133125
24.483333	1	1.078125
24.500000	1	1.027750
24.516667	1	0.982000
24.533333	1	0.939375
24.550000	1	0.900500
24.566667	1	0.862875
24.583333	1	0.828625
24.600000	1	0.795750
24.616667	1	0.764875
24.633333	1	0.736000
24.650000	1	0.707875
24.666667	1	0.680375
24.683333	1	0.653500
24.700000	1	0.627750
24.716667	1	0.602625
24.733333	1	0.578625
24.750000	1	0.555375
24.766667	1	0.533375
24.783333	1	0.511625
24.800000	1	0.491000
24.816667	1	0.470750
24.833333	1	0.452625
24.850000	1	0.434000
24.866667	1	0.417125
24.883333	1	0.401625
24.900000	1	0.386375
24.916667	1	0.372625
24.933333	1	0.359625
24.950000	1	0.347000
24.966667	1	0.336375
24.983333	1	0.326000
25.000000	1	0.317375
25.016667	1	0.309125
25.033333	1	0.302500
25.050000	1	0.295500
25.066667	1	0.290875
25.083333	1	0.287250
25.100000	1	0.284875
25.116667	1	0.281625
25.133333	1	0.279750
25.150000	1	0.279250
25.166667	1	0.278500
25.183333	1	0.278250
25.200000	1	0.278625
25.216667	1	0.279625
25.233333	1	0.280750
25.250000	1	0.282875
25.266667	1	0.284375
25.283333	1	0.286250
25.300000	1	0.288500
25.316667	1	0.290625
25.333333	1	0.293125
25.350000	1	0.295875
25.366667	1	0.298250
25.383333	1	0.300625
25.400000	1	0.303000
25.416667	1	0.305250
25.433333	1	0.307625
25.450000	1	0.309625
25.466667	1	0.311375
25.483333	1	0.312750
25.500000	1	0.314500
25.516667	1	0.316125
25.533333	1	0.316625
25.550000	1	0.317000
25.566667	1	0.317750
25.583333	1	0.318000
25.600000	1	0.317625
25.616667	1	0.317250
25.633333	1	0.316250
25.650000	1	0.315750
25.666667	1	0.314875
25.683333	1	0.314125
25.700000	1	0.312125
25.716667	1	0.310875
25.733333	1	0.309375
25.750000	1	0.307500
25.766667	1	0.305125
25.783333	1	0.302750
25.800000	1	0.300250
25.816667	1	0.297375
25.833333	1	0.293750
25.850000	1	0.290000
25.866667	1	0.286500
25.883333	1	0.283750
25.900000	1	0.279375
25.916667	1	0.275625
25.933333	1	0.271375
25.950000	1	0.265875
25.966667	1	0.260500
25.983333	1	0.255125
26.000000	1	0.249000
26.016667	1	0.243125
26.033333	1	0.237625
26.050000	1	0.232125
26.066667	1	0.226375
26.083333	1	0.221000
26.100000	1	0.215875
26.116667	1	0.210875
26.133333	1	0.206375
26.150000	1	0.202375
26.166667	1	0.199000
26.183333	1	0.196125
26.200000	1	0.193625
26.216667	1	0.191875
26.233333	1	0.190750
26.250000	1	0.190375
26.266667	1	0.190125
26.283333	1	0.190500
26.300000	1	0.191000
26.316667	1	0.191750
26.333333	1	0.193250
26.350000	1	0.194750
26.366667	1	0.197375
26.383333	1	0.199750
26.400000	1	0.201000
26.416667	1	0.203625
26.433333	1	0.206125
26.450000	1	0.208125
26.466667	1	0.210375
26.483333	1	0.211750
26.500000	1	0.212375
26.516667	1	0.213500
26.533333	1	0.213625
26.550000	1	0.213875
26.566667	1	0.213875
26.583333	1	0.214250
26.600000	1	0.214000
26.616667	1	0.213250
26.633333	1	0.211750
26.650000	1	0.210375
26.666667	1	0.208875
26.683333	1	0.207250
26.700000	1	0.205750
26.716667	1	0.204500
26.733333	1	0.203250
26.750000	1	0.202750
26.766667	1	0.202125
26.783333	1	0.201750
26.800000	1	0.202000
26.816667	1	0.202625
26.833333	1	0.203250
26.850000	1	0.203375
26.866667	1	0.205750
26.883333	1	0.207625
26.900000	1	0.209750
26.916667	1	0.212625
26.933333	1	0.215750
26.950000	1	0.219750
26.966667	1	0.223750
26.983333	1	0.228375
27.000000	1	0.233875
27.016667	1	0.239875
27.033333	1	0.246375
27.050000	1	0.253500
27.066667	1	0.260750
27.083333	1	0.268500
27.100000	1	0.277500
27.116667	1	0.286875
27.133333	1	0.296750
27.150000	1	0.307250
27.166667	1	0.318750
27.183333	1	0.331000
27.200000	1	0.344625
27.216667	1	0.358625
27.233333	1	0.372875
27.250000	1	0.389000
27.266667	1	0.406625
27.283333	1	0.424125
27.300000	1	0.442625
27.316667	1	0.462750
27.333333	1	0.484375
27.350000	1	0.507125
27.366667	1	0.530750
27.383333	1	0.557250
27.400000	1	0.584625
27.416667	1	0.614875
27.433333	1	0.647500
27.450000	1	0.682000
27.466667	1	0.721000
27.483333	1	0.762375
27.500000	1	0.807875
27.516667	1	0.858250
27.533333	1	0.912875
27.550000	1	0.973125
27.566667	1	1.039500
27.583333	1	1.111875
27.600000	1	1.191125
27.616667	1	1.278250
27.633333	1	1.372500
27.650000	1	1.473875
27.666667	1	1.582875
27.683333	1	1.699875
27.700000	1	1.825375
27.716667	1	1.957750
27.733333	1	2.095750
27.750000	1	2.239750
27.766667	1	2.388000
27.783333	1	2.539500
27.800000	1	2.693250
27.816667	1	2.847125
27.833333	1	3.000875
27.850000	1	3.151125
27.866667	1	3.295625
27.883333	1	3.434625
27.900000	1	3.563750
27.916667	1	3.681375
27.933333	1	3.786500
27.950000	1	3.876750
27.966667	1	3.951000
27.983333	1	4.007875
28.000000	1	4.045500
28.016667	1	4.064625
28.033333	1	4.064375
28.050000	1	4.044500
28.066667	1	4.004625
28.083333	1	3.945625
28.100000	1	3.868750
28.116667	1	3.775875
28.133333	1	3.667875
28.150000	1	3.545125
28.166667	1	3.411125
28.183333	1	3.267500
28.200000	1	3.115625
28.216667	1	2.957000
28.233333	1	2.794875
28.250000	1	2.630625
28.266667	1	2.466125
28.283333	1	2.301750
28.300000	1	2.140250
28.316667	1	1.982000
28.333333	1	1.828375
28.350000	1	1.680625
28.366667	1	1.540250
28.383333	1	1.405125
28.400000	1	1.277500
28.416667	1	1.156625
28.433333	1	1.042500
28.450000	1	0.935375
28.466667	1	0.834500
28.483333	1	0.739625
28.500000	1	0.650375
28.516667	1	0.566375
28.533333	1	0.487250
28.550000	1	0.412625
28.566667	1	0.342750
28.583333	1	0.276625
28.600000	1	0.213375
28.616667	1	0.153625
28.633333	1	0.096375
28.650000	1	0.042250
28.666667	1	-0.009750
28.683333	1	-0.058875
28.700000	1	-0.106375
28.716667	1	-0.152000
28.733333	1	-0.194375
28.750000	1	-0.234625
28.766667	1	-0.272000
28.783333	1	-0.307875
28.800000	1	-0.340125
28.816667	1	-0.368875
28.833333	1	-0.395250
28.850000	1	-0.418625
28.866667	1	-0.438750
28.883333	1	-0.455125
28.900000	1	-0.468625
28.916667	1	-0.478000
28.933333	1	-0.484375
28.950000	1	-0.487625
28.966667	1	-0.486000
28.983333	1	-0.481750
29.000000	1	-0.473125
29.016667	1	-0.461500
29.033333	1	-0.446625
29.050000	1	-0.428125
29.066667	1	-0.407875
29.083333	1	-0.384500
29.100000	1	-0.359500
29.116667	1	-0.332375
29.133333	1	-0.302750
29.150000	1	-0.272375
29.166667	1	-0.240250
29.183333	1	-0.207250
29.200000	1	-0.172875
29.216667	1	-0.137750
29.233333	1	-0.103125
29.250000	1	-0.068000
29.266667	1	-0.033375
29.283333	1	0.000875
29.300000	1	0.034875
29.316667	1	0.068125
29.333333	1	0.101125
29.350000	1	0.132500
29.366667	1	0.162500
29.383333	1	0.192000
29.400000	1	0.220125
29.416667	1	0.246875
29.433333	1	0.272625
29.450000	1	0.296250
29.466667	1	0.318875
29.483333	1	0.339500
29.500000	1	0.359375
29.516667	1	0.377000
29.533333	1	0.393125
29.550000	1	0.408125
29.566667	1	0.420500
29.583333	1	0.432000
29.600000	1	0.442250
29.616667	1	0.451000
29.633333	1	0.458000
29.650000	1	0.463625
29.666667	1	0.468250
29.683333	1	0.472125
29.700000	1	0.474125
29.716667	1	0.474625
29.733333	1	0.474625
29.750000	1	0.474000
29.766667	1	0.471875
29.783333	1	0.469250
29.800000	1	0.465750
29.816667	1	0.461750
29.833333	1	0.456250
29.850000	1	0.452000
29.866667	1	0.446500
29.883333	1	0.441000
29.900000	1	0.435125
29.916667	1	0.429750
29.933333	1	0.423375
29.950000	1	0.417750
29.966667	1	0.411750
29.983333	1	0.405875
30.000000	1	0.400250
30.016667	1	0.394500
30.033333	1	0.389250
30.050000	1	0.385250
30.066667	1	0.380250
30.083333	1	0.375625
30.100000	1	0.371375
30.116667	1	0.367875
30.133333	1	0.364375
30.150000	1	0.360875
30.166667	1	0.358250
30.183333	1	0.355500
30.200000	1	0.353000
30.216667	1	0.350500
30.233333	1	0.348250
30.250000	1	0.346750
30.266667	1	0.345000
30.283333	1	0.343750
30.300000	1	0.342375
30.316667	1	0.341750
30.333333	1	0.340875
30.350000	1	0.340125
30.366667	1	0.340125
30.383333	1	0.340125
30.400000	1	0.340375
30.416667	1	0.340875
30.433333	1	0.342000
30.450000	1	0.343375
30.466667	1	0.344500
30.483333	1	0.345625
30.500000	1	0.347375
30.516667	1	0.350500
30.533333	1	0.353375
30.550000	1	0.356500
30.566667	1	0.360000
30.583333	1	0.363750
30.600000	1	0.367500
30.616667	1	0.371875
30.633333	1	0.376000
30.650000	1	0.379875
30.666667	1	0.383875
30.683333	1	0.387750
30.700000	1	0.391000
30.716667	1	0.393875
30.733333	1	0.396625
30.750000	1	0.398375
30.766667	1	0.400000
30.783333	1	0.401125
30.800000	1	0.402125
30.816667	1	0.401625
30.833333	1	0.401125
30.850000	1	0.399000
30.866667	1	0.397375
30.883333	1	0.394000
30.900000	1	0.390875
30.916667	1	0.386750
30.933333	1	0.381625
30.950000	1	0.376375
30.966667	1	0.370625
30.983333	1	0.364750
31.000000	1	0.357875
31.016667	1	0.351125
31.033333	1	0.343750
31.050000	1	0.336750
31.066667	1	0.329125
31.083333	1	0.321750
31.100000	1	0.313750
31.116667	1	0.307125
31.133333	1	0.300000
31.150000	1	0.292875
31.166667	1	0.285500
31.183333	1	0.279375
31.200000	1	0.273375
31.216667	1	0.267500
31.233333	1	0.262125
31.250000	1	0.256500
31.266667	1	0.251625
31.283333	1	0.247250
31.300000	1	0.243500
31.316667	1	0.239875
31.333333	1	0.236625
31.350000	1	0.233625
31.366667	1	0.231375
31.383333	1	0.229625
31.400000	1	0.228500
31.416667	1	0.227750
31.433333	1	0.226375
31.450000	1	0.226000
31.466667	1	0.225000
31.483333	1	0.225500
31.500000	1	0.225875
31.516667	1	0.226750
31.533333	1	0.227750
31.550000	1	0.229500
31.566667	1	0.231125
31.583333	1	0.232875
31.600000	1	0.235250
31.616667	1	0.237375
31.633333	1	0.240375
31.650000	1	0.243500
31.666667	1	0.247500
31.683333	1	0.250125
31.700000	1	0.253875
31.716667	1	0.257625
31.733333	1	0.262125
31.750000	1	0.266500
31.766667	1	0.271125
31.783333	1	0.275875
31.800000	1	0.280875
31.816667	1	0.285875
31.833333	1	0.290750
31.850000	1	0.295250
31.866667	1	0.299875
31.883333	1	0.305000
31.900000	1	0.309500
31.916667	1	0.313375
31.933333	1	0.317500
31.950000	1	0.321500
31.966667	1	0.324875
31.983333	1	0.328125
32.000000	1	0.329750
32.016667	1	0.331250
32.033333	1	0.332250
32.050000	1	0.332125
32.066667	1	0.331375
32.083333	1	0.330750
32.100000	1	0.328750
32.116667	1	0.326625
32.133333	1	0.324000
32.150000	1	0.320750
32.166667	1	0.317000
32.183333	1	0.312250
32.200000	1	0.307125
32.216667	1	0.302000
32.233333	1	0.296125
32.250000	1	0.290000
32.266667	1	0.283125
32.283333	1	0.275875
32.300000	1	0.268750
32.316667	1	0.262375
32.333333	1	0.254625
32.350000	1	0.248375
32.366667	1	0.242125
32.383333	1	0.235375
32.400000	1	0.228375
32.416667	1	0.221750
32.433333	1	0.215625
32.450000	1	0.210125
32.466667	1	0.204500
32.483333	1	0.198500
32.500000	1	0.193250
32.516667	1	0.188125
32.533333	1	0.183125
32.550000	1	0.178875
32.566667	1	0.174750
32.583333	1	0.170875
32.600000	1	0.167000
32.616667	1	0.163000
32.633333	1	0.159500
32.650000	1	0.155250
32.666667	1	0.151625
32.683333	1	0.148625
32.700000	1	0.144750
32.716667	1	0.140750
32.733333	1	0.137125
32.750000	1	0.133500
32.766667	1	0.130500
32.783333	1	0.127000
32.800000	1	0.122875
32.816667	1	0.120250
32.833333	1	0.116625
32.850000	1	0.113750
32.866667	1	0.110125
32.883333	1	0.106625
32.900000	1	0.103500
32.916667	1	0.100625
32.933333	1	0.098125
32.950000	1	0.095250
32.966667	1	0.092875
32.983333	1	0.090375
33.000000	1	0.088000
33.016667	1	0.085375
33.033333	1	0.083750
33.050000	1	0.082125
33.066667	1	0.080625
33.083333	1	0.079750
33.100000	1	0.078375
33.116667	1	0.077125
33.133333	1	0.076500
33.150000	1	0.076125
33.166667	1	0.075500
33.183333	1	0.075875
33.200000	1	0.076000
33.216667	1	0.076625
33.233333	1	0.077375
33.250000	1	0.078125
33.266667	1	0.079250
33.283333	1	0.080875
33.300000	1	0.082750
33.316667	1	0.084250
33.333333	1	0.086875
33.350000	1	0.089500
33.366667	1	0.092375
33.383333	1	0.095500
33.400000	1	0.099375
33.416667	1	0.103625
33.433333	1	0.107375
33.450000	1	0.111750
33.466667	1	0.116875
33.483333	1	0.122625
33.500000	1	0.128625
33.516667	1	0.134500
33.533333	1	0.141250
33.550000	1	0.147750
33.566667	1	0.156000
33.583333	1	0.164125
33.600000	1	0.172500
33.616667	1	0.181625
33.633333	1	0.191500
33.650000	1	0.202000
33.666667	1	0.214125
33.683333	1	0.225625
33.700000	1	0.239000
33.716667	1	0.253750
33.733333	1	0.269625
33.750000	1	0.286000
33.766667	1	0.304125
33.783333	1	0.323500
33.800000	1	0.344625
33.816667	1	0.366750
33.833333	1	0.390625
33.850000	1	0.416000
33.866667	1	0.443375
33.883333	1	0.472625
33.900000	1	0.504125
33.916667	1	0.537375
33.933333	1	0.573000
33.950000	1	0.610500
33.966667	1	0.649500
33.983333	1	0.691000
34.000000	1	0.734250
34.016667	1	0.779250
34.033333	1	0.825125
34.050000	1	0.872625
34.066667	1	0.921375
34.083333	1	0.970750
34.100000	1	1.020750
34.116667	1	1.071125
34.133333	1	1.120875
34.150000	1	1.170625
34.166667	1	1.218750
34.183333	1	1.265000
34.200000	1	1.308875
34.216667	1	1.350250
34.233333	1	1.389000
34.250000	1	1.424625
34.266667	1	1.455875
34.283333	1	1.483125
34.300000	1	1.506125
34.316667	1	1.524750
34.333333	1	1.538625
34.350000	1	1.547875
34.366667	1	1.551875
34.383333	1	1.550625
34.400000	1	1.544750
34.416667	1	1.533625
34.433333	1	1.518125
34.450000	1	1.497625
34.466667	1	1.473000
34.483333	1	1.445625
34.500000	1	1.413875
34.516667	1	1.379250
34.533333	1	1.342125
34.550000	1	1.302750
34.566667	1	1.260125
34.583333	1	1.216375
34.600000	1	1.171625
34.616667	1	1.125750
34.633333	1	1.079000
34.650000	1	1.032875
34.666667	1	0.986125
34.683333	1	0.940125
34.700000	1	0.894875
34.716667	1	0.851250
34.733333	1	0.808750
34.750000	1	0.767375
34.766667	1	0.727250
34.783333	1	0.689000
34.800000	1	0.652625
34.816667	1	0.618625
34.833333	1	0.586000
34.850000	1	0.554750
34.866667	1	0.526250
34.883333	1	0.499625
34.900000	1	0.474500
34.916667	1	0.451875
34.933333	1	0.430750
34.950000	1	0.410875
34.966667	1	0.392375
34.983333	1	0.376125
35.000000	1	0.361000
35.016667	1	0.346750
35.033333	1	0.334625
35.050000	1	0.324375
35.066667	1	0.314625
35.083333	1	0.305375
35.100000	1	0.297500
35.116667	1	0.290500
35.133333	1	0.284625
35.150000	1	0.279000
35.166667	1	0.274375
35.183333	1	0.270125
35.200000	1	0.266750
35.216667	1	0.263875
35.233333	1	0.261375
35.250000	1	0.258875
35.266667	1	0.257375
35.283333	1	0.256250
35.300000	1	0.255625
35.316667	1	0.255125
35.333333	1	0.254625
35.350000	1	0.254000
35.366667	1	0.254000
35.383333	1	0.253375
35.400000	1	0.253250
35.416667	1	0.253375
35.433333	1	0.253000
35.450000	1	0.253000
35.466667	1	0.253000
35.483333	1	0.252875
35.500000	1	0.253000
35.516667	1	0.252500
35.533333	1	0.252375
35.550000	1	0.252500
35.566667	1	0.252000
35.583333	1	0.251375
35.600000	1	0.251000
35.616667	1	0.250625
35.633333	1	0.250125
35.650000	1	0.249125
35.666667	1	0.248000
35.683333	1	0.247000
35.700000	1	0.245375
35.716667	1	0.244750
35.733333	1	0.243500
35.750000	1	0.242375
35.766667	1	0.241125
35.783333	1	0.239500
35.800000	1	0.237250
35.816667	1	0.235375
35.833333	1	0.233750
35.850000	1	0.231875
35.866667	1	0.230125
35.883333	1	0.228875
35.900000	1	0.227125
35.916667	1	0.225375
35.933333	1	0.223250
35.950000	1	0.221750
35.966667	1	0.220125
35.983333	1	0.217625
36.000000	1	0.215750
36.016667	1	0.213250
36.033333	1	0.211500
36.050000	1	0.209125
36.066667	1	0.207250
36.083333	1	0.205250
36.100000	1	0.202875
36.116667	1	0.200750
36.133333	1	0.198125
36.150000	1	0.196250
36.166667	1	0.193875
36.183333	1	0.191500
36.200000	1	0.189625
36.216667	1	0.188250
36.233333	1	0.185500
36.250000	1	0.183750
36.266667	1	0.181125
36.283333	1	0.178625
36.300000	1	0.175875
36.316667	1	0.174125
36.333333	1	0.172125
36.350000	1	0.169625
36.366667	1	0.167250
36.383333	1	0.164750
36.400000	1	0.162500
36.416667	1	0.160500
36.433333	1	0.158500
36.450000	1	0.155375
36.466667	1	0.154000
36.483333	1	0.152250
36.500000	1	0.149375
36.516667	1	0.147500
36.533333	1	0.145000
36.550000	1	0.142500
36.566667	1	0.140250
36.583333	1	0.137875
36.600000	1	0.135000
36.616667	1	0.132125
36.633333	1	0.128625
36.650000	1	0.126125
36.666667	1	0.123375
36.683333	1	0.120500
36.700000	1	0.117750
36.716667	1	0.114750
36.733333	1	0.112375
36.750000	1	0.108750
36.766667	1	0.105625
36.783333	1	0.102125
36.800000	1	0.098250
36.816667	1	0.094875
36.833333	1	0.091875
36.850000	1	0.088625
36.866667	1	0.086000
36.883333	1	0.083125
36.900000	1	0.080500
36.916667	1	0.077125
36.933333	1	0.073875
36.950000	1	0.071250
36.966667	1	0.068875
36.983333	1	0.066000
37.000000	1	0.062875
37.016667	1	0.060250
37.033333	1	0.058125
37.050000	1	0.056000
37.066667	1	0.053750
37.083333	1	0.051750
37.100000	1	0.050500
37.116667	1	0.048625
37.133333	1	0.047125
37.150000	1	0.045875
37.166667	1	0.045375
37.183333	1	0.044875
37.200000	1	0.043875
37.216667	1	0.042875
37.233333	1	0.042250
37.250000	1	0.042375
37.266667	1	0.042375
37.283333	1	0.042875
37.300000	1	0.042875
37.316667	1	0.042500
37.333333	1	0.043125
37.350000	1	0.043250
37.366667	1	0.043750
37.383333	1	0.044250
37.400000	1	0.045500
37.416667	1	0.045375
37.433333	1	0.045625
37.450000	1	0.046250
37.466667	1	0.046750
37.483333	1	0.047125
37.500000	1	0.048250
37.516667	1	0.048375
37.533333	1	0.048875
37.550000	1	0.049375
37.566667	1	0.050125
37.583333	1	0.051000
37.600000	1	0.051500
37.616667	1	0.051875
37.633333	1	0.052125
37.650000	1	0.052750
37.666667	1	0.053000
37.683333	1	0.053375
37.700000	1	0.053625
37.716667	1	0.053875
37.733333	1	0.053750
37.750000	1	0.054375
37.766667	1	0.054875
37.783333	1	0.054625
37.800000	1	0.054875
37.816667	1	0.054500
37.833333	1	0.053875
37.850000	1	0.054000
37.866667	1	0.055000
37.883333	1	0.054750
37.900000	1	0.054750
37.916667	1	0.054625
37.933333	1	0.054250
37.950000	1	0.053500
37.966667	1	0.053125
37.983333	1	0.052250
38.000000	1	0.051125
38.016667	1	0.050375
38.033333	1	0.049750
38.050000	1	0.048750
38.066667	1	0.048750
38.083333	1	0.048375
38.100000	1	0.047625
38.116667	1	0.046625
38.133333	1	0.045625
38.150000	1	0.045125
38.166667	1	0.044000
38.183333	1	0.043625
38.200000	1	0.042750
38.216667	1	0.042250
38.233333	1	0.040250
38.250000	1	0.039125
38.266667	1	0.038500
38.283333	1	0.038000
38.300000	1	0.036750
38.316667	1	0.035875
38.333333	1	0.035250
38.350000	1	0.034375
38.366667	1	0.033000
38.383333	1	0.032375
38.400000	1	0.031750
38.416667	1	0.031375
38.433333	1	0.030875
38.450000	1	0.030750
38.466667	1	0.030125
38.483333	1	0.029125
38.500000	1	0.028750
38.516667	1	0.028375
38.533333	1	0.027750
38.550000	1	0.027875
38.566667	1	0.027625
38.583333	1	0.028125
38.600000	1	0.028500
38.616667	1	0.028750
38.633333	1	0.030000
38.650000	1	0.030000
38.666667	1	0.031125
38.683333	1	0.030750
38.700000	1	0.031125
38.716667	1	0.032000
38.733333	1	0.032625
38.750000	1	0.033750
38.766667	1	0.035000
38.783333	1	0.035000
38.800000	1	0.036250
38.816667	1	0.036875
38.833333	1	0.038000
38.850000	1	0.039125
38.866667	1	0.040125
38.883333	1	0.040875
38.900000	1	0.041875
38.916667	1	0.042750
38.933333	1	0.042875
38.950000	1	0.044750
38.966667	1	0.045500
38.983333	1	0.046375
39.000000	1	0.047250
39.016667	1	0.047875
39.033333	1	0.048375
39.050000	1	0.049125
39.066667	1	0.049875
39.083333	1	0.050375
39.100000	1	0.050625
39.116667	1	0.051625
39.133333	1	0.052000
39.150000	1	0.052875
39.166667	1	0.053000
39.183333	1	0.053250
39.200000	1	0.053375
39.216667	1	0.054125
39.233333	1	0.055250
39.250000	1	0.055375
39.266667	1	0.055750
39.283333	1	0.055875
39.300000	1	0.056500
39.316667	1	0.057000
39.333333	1	0.057125
39.350000	1	0.057750
39.366667	1	0.058125
39.383333	1	0.058625
39.400000	1	0.059000
39.416667	1	0.059250
39.433333	1	0.060625
39.450000	1	0.061500
39.466667	1	0.062250
39.483333	1	0.062875
39.500000	1	0.063625
39.516667	1	0.064750
39.533333	1	0.065375
39.550000	1	0.065625
39.566667	1	0.066125
39.583333	1	0.067000
39.600000	1	0.068875
39.616667	1	0.069625
39.633333	1	0.070500
39.650000	1	0.071000
39.666667	1	0.072125
39.683333	1	0.073250
39.700000	1	0.074125
39.716667	1	0.074875
39.733333	1	0.075625
39.750000	1	0.076375
39.766667	1	0.077500
39.783333	1	0.078125
39.800000	1	0.079250
39.816667	1	0.080000
39.833333	1	0.081000
39.850000	1	0.081125
39.866667	1	0.082000
39.883333	1	0.081875
39.900000	1	0.082500
39.916667	1	0.083125
39.933333	1	0.083625
39.950000	1	0.082875
39.966667	1	0.083125
39.983333	1	0.083500
40.000000	1	0.083750
