File Path	chrom://marshall/Chromeleon7/HPLC_Ultimate_3000/Users/markusar/20230531_CMO_stabTest _FP08_FP09.seq/814.smp/RI_1.channel/RI_1.chm
Channel	RI_1

Injection Information:
Data Vault	Chromeleon7
Injection	STD_02.1_Glu_Malt_FP_06
Injection Number	95
Position	BG5
Comment	
Processing Method	
Instrument Method	run_25B_method
Type	Unknown
Status	Finished
Injection Date	04.06.2023
Injection Time	06:51:50
Injection Volume (µl)	20.000
Dilution Factor	1.0000
Weight	1.0000

Chromatogram Data Information:
Time Min. (min)	0.000000
Time Max. (min)	40.000000
Data Points	2401
Detector	RI
Generating Data System	Chromeleon 7.2.5.9507
Exporting Data System	Chromeleon 7.2.5.0
Operator	Instrument Controller
Signal Quantity	Refractive 
Signal Unit	µRIU
Signal Min.	-6.487875
Signal Max.	43.730750
Channel	RI_1
Driver Name	RID520Driver.dll
Channel Type	Evaluation
Min. Step (s)	1
Max. Step (s)	1
Average Step (s)	1

Signal Parameter Information:
Signal Info	

Chromatogram Data:
Time (min)	Step (s)	Value (µRIU)
0.000000	n.a.	0.021750
0.016667	1	0.020875
0.033333	1	0.020000
0.050000	1	0.019500
0.066667	1	0.018875
0.083333	1	0.018125
0.100000	1	0.017750
0.116667	1	0.016625
0.133333	1	0.016000
0.150000	1	0.014625
0.166667	1	0.013875
0.183333	1	0.012625
0.200000	1	0.011625
0.216667	1	0.010750
0.233333	1	0.009125
0.250000	1	0.008500
0.266667	1	0.007250
0.283333	1	0.006000
0.300000	1	0.004375
0.316667	1	0.001500
0.333333	1	-0.001375
0.350000	1	-0.003125
0.366667	1	-0.002375
0.383333	1	0.000250
0.400000	1	0.002750
0.416667	1	0.004125
0.433333	1	0.004500
0.450000	1	0.004000
0.466667	1	0.002250
0.483333	1	0.000000
0.500000	1	-0.002250
0.516667	1	-0.003500
0.533333	1	-0.004625
0.550000	1	-0.005875
0.566667	1	-0.007000
0.583333	1	-0.007375
0.600000	1	-0.008000
0.616667	1	-0.009000
0.633333	1	-0.009500
0.650000	1	-0.009250
0.666667	1	-0.009250
0.683333	1	-0.009625
0.700000	1	-0.009625
0.716667	1	-0.009625
0.733333	1	-0.009500
0.750000	1	-0.008625
0.766667	1	-0.008500
0.783333	1	-0.008000
0.800000	1	-0.007500
0.816667	1	-0.006875
0.833333	1	-0.006500
0.850000	1	-0.005750
0.866667	1	-0.005375
0.883333	1	-0.004375
0.900000	1	-0.004125
0.916667	1	-0.003000
0.933333	1	-0.002500
0.950000	1	-0.001875
0.966667	1	-0.001125
0.983333	1	-0.000250
1.000000	1	0.000250
1.016667	1	0.000750
1.033333	1	0.001875
1.050000	1	0.002750
1.066667	1	0.003250
1.083333	1	0.004250
1.100000	1	0.005000
1.116667	1	0.006125
1.133333	1	0.007000
1.150000	1	0.008125
1.166667	1	0.008375
1.183333	1	0.009250
1.200000	1	0.009625
1.216667	1	0.010375
1.233333	1	0.012125
1.250000	1	0.013250
1.266667	1	0.013375
1.283333	1	0.013750
1.300000	1	0.014500
1.316667	1	0.015750
1.333333	1	0.016125
1.350000	1	0.016500
1.366667	1	0.017125
1.383333	1	0.017250
1.400000	1	0.016875
1.416667	1	0.016375
1.433333	1	0.016500
1.450000	1	0.017375
1.466667	1	0.017000
1.483333	1	0.016375
1.500000	1	0.016750
1.516667	1	0.016625
1.533333	1	0.016875
1.550000	1	0.016500
1.566667	1	0.016750
1.583333	1	0.016500
1.600000	1	0.016250
1.616667	1	0.016125
1.633333	1	0.016000
1.650000	1	0.015250
1.666667	1	0.014625
1.683333	1	0.014625
1.700000	1	0.014375
1.716667	1	0.013750
1.733333	1	0.013875
1.750000	1	0.013625
1.766667	1	0.013000
1.783333	1	0.012750
1.800000	1	0.012000
1.816667	1	0.012000
1.833333	1	0.011500
1.850000	1	0.012000
1.866667	1	0.010875
1.883333	1	0.010500
1.900000	1	0.010375
1.916667	1	0.009875
1.933333	1	0.008875
1.950000	1	0.008625
1.966667	1	0.007750
1.983333	1	0.007500
2.000000	1	0.007500
2.016667	1	0.008000
2.033333	1	0.008000
2.050000	1	0.007875
2.066667	1	0.007375
2.083333	1	0.007500
2.100000	1	0.007250
2.116667	1	0.006875
2.133333	1	0.006375
2.150000	1	0.006750
2.166667	1	0.006750
2.183333	1	0.006875
2.200000	1	0.007500
2.216667	1	0.007375
2.233333	1	0.007875
2.250000	1	0.007625
2.266667	1	0.007875
2.283333	1	0.008250
2.300000	1	0.008625
2.316667	1	0.008500
2.333333	1	0.008750
2.350000	1	0.008625
2.366667	1	0.008875
2.383333	1	0.008750
2.400000	1	0.009750
2.416667	1	0.010500
2.433333	1	0.011000
2.450000	1	0.011125
2.466667	1	0.011375
2.483333	1	0.012250
2.500000	1	0.012875
2.516667	1	0.013125
2.533333	1	0.013500
2.550000	1	0.014125
2.566667	1	0.014375
2.583333	1	0.015250
2.600000	1	0.016875
2.616667	1	0.018125
2.633333	1	0.018750
2.650000	1	0.019750
2.666667	1	0.020750
2.683333	1	0.021625
2.700000	1	0.022375
2.716667	1	0.023625
2.733333	1	0.024375
2.750000	1	0.025250
2.766667	1	0.026250
2.783333	1	0.026875
2.800000	1	0.028375
2.816667	1	0.029625
2.833333	1	0.031000
2.850000	1	0.032000
2.866667	1	0.032750
2.883333	1	0.034500
2.900000	1	0.035625
2.916667	1	0.037125
2.933333	1	0.038000
2.950000	1	0.038500
2.966667	1	0.039375
2.983333	1	0.040250
3.000000	1	0.041375
3.016667	1	0.043000
3.033333	1	0.043750
3.050000	1	0.044750
3.066667	1	0.045000
3.083333	1	0.045250
3.100000	1	0.046125
3.116667	1	0.046875
3.133333	1	0.047250
3.150000	1	0.047750
3.166667	1	0.047875
3.183333	1	0.048250
3.200000	1	0.048375
3.216667	1	0.049250
3.233333	1	0.049375
3.250000	1	0.049000
3.266667	1	0.048750
3.283333	1	0.048000
3.300000	1	0.048375
3.316667	1	0.047875
3.333333	1	0.047750
3.350000	1	0.047000
3.366667	1	0.046750
3.383333	1	0.046500
3.400000	1	0.045250
3.416667	1	0.044625
3.433333	1	0.044000
3.450000	1	0.043250
3.466667	1	0.042125
3.483333	1	0.041250
3.500000	1	0.039875
3.516667	1	0.038625
3.533333	1	0.036750
3.550000	1	0.035500
3.566667	1	0.034250
3.583333	1	0.032875
3.600000	1	0.031750
3.616667	1	0.030000
3.633333	1	0.028625
3.650000	1	0.027375
3.666667	1	0.026000
3.683333	1	0.024875
3.700000	1	0.023125
3.716667	1	0.021625
3.733333	1	0.020375
3.750000	1	0.017750
3.766667	1	0.016250
3.783333	1	0.015000
3.800000	1	0.014875
3.816667	1	0.013500
3.833333	1	0.012500
3.850000	1	0.011250
3.866667	1	0.009875
3.883333	1	0.008500
3.900000	1	0.007375
3.916667	1	0.006250
3.933333	1	0.005625
3.950000	1	0.004750
3.966667	1	0.003625
3.983333	1	0.003375
4.000000	1	0.002875
4.016667	1	0.002750
4.033333	1	0.001625
4.050000	1	0.001125
4.066667	1	0.000625
4.083333	1	0.000875
4.100000	1	0.000750
4.116667	1	0.000875
4.133333	1	0.000375
4.150000	1	0.000250
4.166667	1	0.000250
4.183333	1	0.001000
4.200000	1	0.000875
4.216667	1	0.000625
4.233333	1	0.001250
4.250000	1	0.002125
4.266667	1	0.002125
4.283333	1	0.002125
4.300000	1	0.002625
4.316667	1	0.002875
4.333333	1	0.003000
4.350000	1	0.003250
4.366667	1	0.003000
4.383333	1	0.003125
4.400000	1	0.003250
4.416667	1	0.003375
4.433333	1	0.004375
4.450000	1	0.005125
4.466667	1	0.006000
4.483333	1	0.005750
4.500000	1	0.006250
4.516667	1	0.006250
4.533333	1	0.006500
4.550000	1	0.007750
4.566667	1	0.008625
4.583333	1	0.008500
4.600000	1	0.008625
4.616667	1	0.009500
4.633333	1	0.009875
4.650000	1	0.010125
4.666667	1	0.010500
4.683333	1	0.010375
4.700000	1	0.010375
4.716667	1	0.011000
4.733333	1	0.010875
4.750000	1	0.011500
4.766667	1	0.011875
4.783333	1	0.012125
4.800000	1	0.011250
4.816667	1	0.011875
4.833333	1	0.012375
4.850000	1	0.013125
4.866667	1	0.013500
4.883333	1	0.013500
4.900000	1	0.013250
4.916667	1	0.013375
4.933333	1	0.013625
4.950000	1	0.013875
4.966667	1	0.013125
4.983333	1	0.013375
5.000000	1	0.013500
5.016667	1	0.014250
5.033333	1	0.014125
5.050000	1	0.014125
5.066667	1	0.014000
5.083333	1	0.013500
5.100000	1	0.013625
5.116667	1	0.013375
5.133333	1	0.012875
5.150000	1	0.012625
5.166667	1	0.012625
5.183333	1	0.012625
5.200000	1	0.012500
5.216667	1	0.012500
5.233333	1	0.012625
5.250000	1	0.012250
5.266667	1	0.012250
5.283333	1	0.011875
5.300000	1	0.011875
5.316667	1	0.011875
5.333333	1	0.011250
5.350000	1	0.010250
5.366667	1	0.009875
5.383333	1	0.010125
5.400000	1	0.010000
5.416667	1	0.009875
5.433333	1	0.009250
5.450000	1	0.009125
5.466667	1	0.008750
5.483333	1	0.008375
5.500000	1	0.008000
5.516667	1	0.007875
5.533333	1	0.007500
5.550000	1	0.007500
5.566667	1	0.007625
5.583333	1	0.007125
5.600000	1	0.007375
5.616667	1	0.006750
5.633333	1	0.006625
5.650000	1	0.006625
5.666667	1	0.007375
5.683333	1	0.007000
5.700000	1	0.007000
5.716667	1	0.007375
5.733333	1	0.008125
5.750000	1	0.009125
5.766667	1	0.009625
5.783333	1	0.010000
5.800000	1	0.010625
5.816667	1	0.011000
5.833333	1	0.011625
5.850000	1	0.011500
5.866667	1	0.012625
5.883333	1	0.013125
5.900000	1	0.014125
5.916667	1	0.014625
5.933333	1	0.016000
5.950000	1	0.016375
5.966667	1	0.016750
5.983333	1	0.016875
6.000000	1	0.017750
6.016667	1	0.019000
6.033333	1	0.019875
6.050000	1	0.020500
6.066667	1	0.020875
6.083333	1	0.021625
6.100000	1	0.022375
6.116667	1	0.022500
6.133333	1	0.023000
6.150000	1	0.023625
6.166667	1	0.024125
6.183333	1	0.024625
6.200000	1	0.025250
6.216667	1	0.025750
6.233333	1	0.026250
6.250000	1	0.027000
6.266667	1	0.027500
6.283333	1	0.027500
6.300000	1	0.028000
6.316667	1	0.028125
6.333333	1	0.028000
6.350000	1	0.028500
6.366667	1	0.028375
6.383333	1	0.028500
6.400000	1	0.029125
6.416667	1	0.028375
6.433333	1	0.028500
6.450000	1	0.028875
6.466667	1	0.028750
6.483333	1	0.028750
6.500000	1	0.028625
6.516667	1	0.028125
6.533333	1	0.027875
6.550000	1	0.027750
6.566667	1	0.028250
6.583333	1	0.028000
6.600000	1	0.028375
6.616667	1	0.027875
6.633333	1	0.027500
6.650000	1	0.027375
6.666667	1	0.027750
6.683333	1	0.027000
6.700000	1	0.026500
6.716667	1	0.026250
6.733333	1	0.026375
6.750000	1	0.025875
6.766667	1	0.026000
6.783333	1	0.025750
6.800000	1	0.025375
6.816667	1	0.025250
6.833333	1	0.024750
6.850000	1	0.024625
6.866667	1	0.024125
6.883333	1	0.023250
6.900000	1	0.022625
6.916667	1	0.022250
6.933333	1	0.021375
6.950000	1	0.021500
6.966667	1	0.021000
6.983333	1	0.020500
7.000000	1	0.020625
7.016667	1	0.019375
7.033333	1	0.018625
7.050000	1	0.017625
7.066667	1	0.017375
7.083333	1	0.016500
7.100000	1	0.015750
7.116667	1	0.015250
7.133333	1	0.014750
7.150000	1	0.014250
7.166667	1	0.014000
7.183333	1	0.013000
7.200000	1	0.012125
7.216667	1	0.011375
7.233333	1	0.010250
7.250000	1	0.009000
7.266667	1	0.008625
7.283333	1	0.007250
7.300000	1	0.006375
7.316667	1	0.005000
7.333333	1	0.004250
7.350000	1	0.003500
7.366667	1	0.003000
7.383333	1	0.002250
7.400000	1	0.000875
7.416667	1	-0.000500
7.433333	1	-0.001000
7.450000	1	-0.002125
7.466667	1	-0.002625
7.483333	1	-0.003250
7.500000	1	-0.004375
7.516667	1	-0.004625
7.533333	1	-0.005375
7.550000	1	-0.005750
7.566667	1	-0.006625
7.583333	1	-0.007000
7.600000	1	-0.007625
7.616667	1	-0.007625
7.633333	1	-0.008125
7.650000	1	-0.008250
7.666667	1	-0.009125
7.683333	1	-0.009500
7.700000	1	-0.009625
7.716667	1	-0.009250
7.733333	1	-0.010000
7.750000	1	-0.009875
7.766667	1	-0.010250
7.783333	1	-0.010375
7.800000	1	-0.009750
7.816667	1	-0.009750
7.833333	1	-0.009625
7.850000	1	-0.009500
7.866667	1	-0.008875
7.883333	1	-0.009000
7.900000	1	-0.007875
7.916667	1	-0.007625
7.933333	1	-0.007000
7.950000	1	-0.006625
7.966667	1	-0.006000
7.983333	1	-0.005500
8.000000	1	-0.004500
8.016667	1	-0.004000
8.033333	1	-0.003500
8.050000	1	-0.003250
8.066667	1	-0.002625
8.083333	1	-0.001750
8.100000	1	-0.001250
8.116667	1	-0.000750
8.133333	1	0.000125
8.150000	1	0.001000
8.166667	1	0.001750
8.183333	1	0.002375
8.200000	1	0.003375
8.216667	1	0.004000
8.233333	1	0.004375
8.250000	1	0.004750
8.266667	1	0.005000
8.283333	1	0.006000
8.300000	1	0.006375
8.316667	1	0.007125
8.333333	1	0.007125
8.350000	1	0.007625
8.366667	1	0.007750
8.383333	1	0.008375
8.400000	1	0.008250
8.416667	1	0.008375
8.433333	1	0.008375
8.450000	1	0.007875
8.466667	1	0.008125
8.483333	1	0.008250
8.500000	1	0.007875
8.516667	1	0.007375
8.533333	1	0.007375
8.550000	1	0.006625
8.566667	1	0.006750
8.583333	1	0.006500
8.600000	1	0.006375
8.616667	1	0.005125
8.633333	1	0.004250
8.650000	1	0.004250
8.666667	1	0.003375
8.683333	1	0.002375
8.700000	1	0.001125
8.716667	1	0.000250
8.733333	1	-0.000875
8.750000	1	-0.001875
8.766667	1	-0.002750
8.783333	1	-0.003500
8.800000	1	-0.004250
8.816667	1	-0.005625
8.833333	1	-0.006250
8.850000	1	-0.007250
8.866667	1	-0.008250
8.883333	1	-0.009125
8.900000	1	-0.010250
8.916667	1	-0.011000
8.933333	1	-0.011875
8.950000	1	-0.012250
8.966667	1	-0.012750
8.983333	1	-0.013750
9.000000	1	-0.013750
9.016667	1	-0.013625
9.033333	1	-0.014375
9.050000	1	-0.014500
9.066667	1	-0.015000
9.083333	1	-0.015375
9.100000	1	-0.015875
9.116667	1	-0.015750
9.133333	1	-0.015875
9.150000	1	-0.015125
9.166667	1	-0.015375
9.183333	1	-0.015875
9.200000	1	-0.016250
9.216667	1	-0.016250
9.233333	1	-0.016125
9.250000	1	-0.015375
9.266667	1	-0.015125
9.283333	1	-0.014375
9.300000	1	-0.013500
9.316667	1	-0.013500
9.333333	1	-0.012875
9.350000	1	-0.012375
9.366667	1	-0.011875
9.383333	1	-0.011250
9.400000	1	-0.010500
9.416667	1	-0.009500
9.433333	1	-0.008625
9.450000	1	-0.008000
9.466667	1	-0.006500
9.483333	1	-0.005125
9.500000	1	-0.003625
9.516667	1	-0.002250
9.533333	1	-0.000625
9.550000	1	0.000125
9.566667	1	0.001500
9.583333	1	0.002250
9.600000	1	0.003375
9.616667	1	0.004625
9.633333	1	0.005375
9.650000	1	0.005875
9.666667	1	0.006750
9.683333	1	0.007500
9.700000	1	0.007625
9.716667	1	0.008000
9.733333	1	0.008750
9.750000	1	0.009125
9.766667	1	0.009125
9.783333	1	0.008250
9.800000	1	0.007500
9.816667	1	0.005750
9.833333	1	0.003125
9.850000	1	-0.001375
9.866667	1	-0.007500
9.883333	1	-0.017375
9.900000	1	-0.032875
9.916667	1	-0.057000
9.933333	1	-0.093875
9.950000	1	-0.150375
9.966667	1	-0.234375
9.983333	1	-0.359000
10.000000	1	-0.539125
10.016667	1	-0.792750
10.033333	1	-1.137875
10.050000	1	-1.585750
10.066667	1	-2.139625
10.083333	1	-2.786375
10.100000	1	-3.496500
10.116667	1	-4.226250
10.133333	1	-4.922000
10.150000	1	-5.530750
10.166667	1	-6.010500
10.183333	1	-6.333000
10.200000	1	-6.487875
10.216667	1	-6.480125
10.233333	1	-6.326750
10.250000	1	-6.052500
10.266667	1	-5.686750
10.283333	1	-5.259625
10.300000	1	-4.797750
10.316667	1	-4.322625
10.333333	1	-3.856625
10.350000	1	-3.412375
10.366667	1	-3.000000
10.383333	1	-2.625625
10.400000	1	-2.290000
10.416667	1	-1.993625
10.433333	1	-1.733625
10.450000	1	-1.506750
10.466667	1	-1.310500
10.483333	1	-1.139875
10.500000	1	-0.992000
10.516667	1	-0.862750
10.533333	1	-0.750625
10.550000	1	-0.653375
10.566667	1	-0.568750
10.583333	1	-0.493875
10.600000	1	-0.428000
10.616667	1	-0.370875
10.633333	1	-0.320250
10.650000	1	-0.276500
10.666667	1	-0.237125
10.683333	1	-0.202625
10.700000	1	-0.172750
10.716667	1	-0.145375
10.733333	1	-0.120750
10.750000	1	-0.098625
10.766667	1	-0.078750
10.783333	1	-0.060125
10.800000	1	-0.043000
10.816667	1	-0.027375
10.833333	1	-0.012750
10.850000	1	0.000000
10.866667	1	0.013125
10.883333	1	0.024375
10.900000	1	0.034125
10.916667	1	0.042000
10.933333	1	0.048125
10.950000	1	0.052625
10.966667	1	0.055500
10.983333	1	0.057000
11.000000	1	0.057250
11.016667	1	0.056000
11.033333	1	0.053875
11.050000	1	0.050875
11.066667	1	0.047125
11.083333	1	0.043875
11.100000	1	0.040875
11.116667	1	0.038250
11.133333	1	0.035250
11.150000	1	0.032625
11.166667	1	0.031000
11.183333	1	0.029500
11.200000	1	0.028125
11.216667	1	0.027875
11.233333	1	0.027250
11.250000	1	0.028750
11.266667	1	0.030750
11.283333	1	0.033750
11.300000	1	0.037500
11.316667	1	0.042375
11.333333	1	0.048500
11.350000	1	0.056500
11.366667	1	0.066000
11.383333	1	0.077625
11.400000	1	0.091375
11.416667	1	0.105750
11.433333	1	0.121125
11.450000	1	0.136625
11.466667	1	0.151250
11.483333	1	0.165250
11.500000	1	0.177000
11.516667	1	0.185750
11.533333	1	0.191625
11.550000	1	0.193625
11.566667	1	0.192625
11.583333	1	0.187625
11.600000	1	0.180125
11.616667	1	0.170500
11.633333	1	0.158875
11.650000	1	0.146750
11.666667	1	0.133250
11.683333	1	0.120875
11.700000	1	0.108375
11.716667	1	0.096125
11.733333	1	0.085125
11.750000	1	0.074500
11.766667	1	0.065000
11.783333	1	0.055875
11.800000	1	0.048375
11.816667	1	0.041750
11.833333	1	0.035375
11.850000	1	0.029625
11.866667	1	0.025625
11.883333	1	0.022750
11.900000	1	0.019625
11.916667	1	0.017000
11.933333	1	0.015625
11.950000	1	0.015875
11.966667	1	0.016500
11.983333	1	0.018500
12.000000	1	0.022125
12.016667	1	0.026750
12.033333	1	0.034625
12.050000	1	0.044875
12.066667	1	0.058000
12.083333	1	0.075625
12.100000	1	0.099125
12.116667	1	0.127000
12.133333	1	0.162875
12.150000	1	0.206875
12.166667	1	0.261000
12.183333	1	0.326500
12.200000	1	0.406500
12.216667	1	0.502375
12.233333	1	0.617250
12.250000	1	0.753750
12.266667	1	0.915875
12.283333	1	1.108750
12.300000	1	1.338375
12.316667	1	1.614500
12.333333	1	1.948375
12.350000	1	2.357500
12.366667	1	2.866250
12.383333	1	3.507000
12.400000	1	4.317875
12.416667	1	5.345625
12.433333	1	6.642250
12.450000	1	8.259375
12.466667	1	10.241625
12.483333	1	12.620000
12.500000	1	15.399250
12.516667	1	18.550875
12.533333	1	22.005000
12.550000	1	25.655500
12.566667	1	29.359500
12.583333	1	32.950500
12.600000	1	36.253750
12.616667	1	39.100375
12.633333	1	41.350000
12.650000	1	42.900625
12.666667	1	43.696750
12.683333	1	43.730750
12.700000	1	43.038875
12.716667	1	41.698125
12.733333	1	39.814750
12.750000	1	37.511625
12.766667	1	34.913000
12.783333	1	32.137000
12.800000	1	29.289875
12.816667	1	26.462500
12.833333	1	23.725500
12.850000	1	21.126750
12.866667	1	18.700500
12.883333	1	16.467375
12.900000	1	14.435625
12.916667	1	12.607500
12.933333	1	10.976375
12.950000	1	9.533125
12.966667	1	8.265750
12.983333	1	7.158250
13.000000	1	6.196250
13.016667	1	5.365750
13.033333	1	4.651125
13.050000	1	4.039000
13.066667	1	3.515000
13.083333	1	3.067250
13.100000	1	2.684500
13.116667	1	2.358875
13.133333	1	2.080375
13.150000	1	1.842750
13.166667	1	1.638750
13.183333	1	1.462875
13.200000	1	1.310500
13.216667	1	1.178625
13.233333	1	1.063125
13.250000	1	0.962375
13.266667	1	0.873125
13.283333	1	0.793375
13.300000	1	0.722250
13.316667	1	0.657625
13.333333	1	0.600000
13.350000	1	0.548250
13.366667	1	0.500625
13.383333	1	0.458250
13.400000	1	0.419750
13.416667	1	0.384875
13.433333	1	0.352750
13.450000	1	0.323375
13.466667	1	0.297000
13.483333	1	0.272500
13.500000	1	0.250250
13.516667	1	0.229750
13.533333	1	0.211250
13.550000	1	0.194750
13.566667	1	0.178875
13.583333	1	0.164375
13.600000	1	0.151000
13.616667	1	0.139000
13.633333	1	0.127500
13.650000	1	0.117125
13.666667	1	0.107875
13.683333	1	0.099625
13.700000	1	0.092000
13.716667	1	0.084750
13.733333	1	0.078500
13.750000	1	0.072750
13.766667	1	0.066750
13.783333	1	0.061875
13.800000	1	0.057000
13.816667	1	0.053125
13.833333	1	0.048625
13.850000	1	0.045875
13.866667	1	0.042875
13.883333	1	0.040000
13.900000	1	0.036875
13.916667	1	0.034375
13.933333	1	0.032625
13.950000	1	0.030750
13.966667	1	0.029625
13.983333	1	0.028375
14.000000	1	0.027875
14.016667	1	0.027500
14.033333	1	0.027250
14.050000	1	0.026375
14.066667	1	0.026625
14.083333	1	0.026875
14.100000	1	0.028125
14.116667	1	0.028500
14.133333	1	0.029500
14.150000	1	0.030500
14.166667	1	0.032125
14.183333	1	0.034125
14.200000	1	0.036750
14.216667	1	0.039375
14.233333	1	0.042875
14.250000	1	0.046500
14.266667	1	0.051750
14.283333	1	0.058125
14.300000	1	0.065250
14.316667	1	0.073125
14.333333	1	0.083000
14.350000	1	0.094875
14.366667	1	0.108625
14.383333	1	0.124625
14.400000	1	0.144500
14.416667	1	0.167375
14.433333	1	0.194375
14.450000	1	0.226250
14.466667	1	0.263750
14.483333	1	0.307750
14.500000	1	0.358750
14.516667	1	0.417750
14.533333	1	0.486000
14.550000	1	0.566125
14.566667	1	0.658875
14.583333	1	0.766250
14.600000	1	0.891000
14.616667	1	1.039000
14.633333	1	1.213000
14.650000	1	1.422875
14.666667	1	1.676750
14.683333	1	1.986750
14.700000	1	2.365375
14.716667	1	2.829625
14.733333	1	3.394250
14.750000	1	4.077000
14.766667	1	4.891000
14.783333	1	5.845875
14.800000	1	6.943750
14.816667	1	8.177875
14.833333	1	9.532500
14.850000	1	10.979500
14.866667	1	12.479250
14.883333	1	13.982000
14.900000	1	15.432375
14.916667	1	16.772125
14.933333	1	17.945250
14.950000	1	18.903500
14.966667	1	19.608250
14.983333	1	20.035500
15.000000	1	20.177250
15.016667	1	20.039375
15.033333	1	19.640250
15.050000	1	19.007375
15.066667	1	18.178125
15.083333	1	17.194750
15.100000	1	16.100625
15.116667	1	14.938125
15.133333	1	13.744750
15.150000	1	12.551750
15.166667	1	11.386625
15.183333	1	10.270250
15.200000	1	9.216375
15.216667	1	8.233750
15.233333	1	7.327875
15.250000	1	6.500000
15.266667	1	5.748750
15.283333	1	5.072375
15.300000	1	4.466250
15.316667	1	3.926000
15.333333	1	3.447375
15.350000	1	3.024875
15.366667	1	2.652750
15.383333	1	2.326625
15.400000	1	2.042500
15.416667	1	1.794375
15.433333	1	1.578250
15.450000	1	1.390375
15.466667	1	1.226625
15.483333	1	1.084875
15.500000	1	0.962500
15.516667	1	0.856625
15.533333	1	0.764625
15.550000	1	0.684750
15.566667	1	0.614750
15.583333	1	0.553750
15.600000	1	0.500125
15.616667	1	0.453750
15.633333	1	0.412375
15.650000	1	0.375500
15.666667	1	0.343000
15.683333	1	0.315000
15.700000	1	0.289125
15.716667	1	0.265500
15.733333	1	0.244500
15.750000	1	0.225625
15.766667	1	0.208750
15.783333	1	0.194000
15.800000	1	0.180375
15.816667	1	0.169000
15.833333	1	0.158875
15.850000	1	0.149625
15.866667	1	0.140750
15.883333	1	0.133000
15.900000	1	0.125625
15.916667	1	0.120000
15.933333	1	0.114750
15.950000	1	0.110000
15.966667	1	0.105375
15.983333	1	0.101375
16.000000	1	0.098625
16.016667	1	0.096000
16.033333	1	0.093500
16.050000	1	0.091250
16.066667	1	0.088500
16.083333	1	0.086375
16.100000	1	0.085375
16.116667	1	0.083500
16.133333	1	0.082250
16.150000	1	0.080875
16.166667	1	0.080375
16.183333	1	0.079750
16.200000	1	0.079250
16.216667	1	0.078375
16.233333	1	0.077750
16.250000	1	0.076375
16.266667	1	0.075750
16.283333	1	0.074375
16.300000	1	0.073875
16.316667	1	0.072500
16.333333	1	0.071750
16.350000	1	0.070750
16.366667	1	0.070125
16.383333	1	0.069000
16.400000	1	0.068250
16.416667	1	0.067625
16.433333	1	0.066875
16.450000	1	0.065875
16.466667	1	0.064625
16.483333	1	0.064000
16.500000	1	0.062625
16.516667	1	0.061750
16.533333	1	0.060625
16.550000	1	0.059375
16.566667	1	0.058625
16.583333	1	0.057875
16.600000	1	0.057500
16.616667	1	0.055625
16.633333	1	0.054625
16.650000	1	0.053625
16.666667	1	0.052875
16.683333	1	0.052000
16.700000	1	0.050500
16.716667	1	0.050250
16.733333	1	0.049000
16.750000	1	0.048625
16.766667	1	0.048125
16.783333	1	0.047000
16.800000	1	0.046875
16.816667	1	0.045875
16.833333	1	0.046000
16.850000	1	0.046125
16.866667	1	0.045375
16.883333	1	0.044250
16.900000	1	0.043500
16.916667	1	0.043125
16.933333	1	0.042875
16.950000	1	0.042875
16.966667	1	0.042250
16.983333	1	0.041875
17.000000	1	0.041625
17.016667	1	0.041250
17.033333	1	0.041625
17.050000	1	0.041625
17.066667	1	0.041500
17.083333	1	0.040750
17.100000	1	0.040625
17.116667	1	0.041125
17.133333	1	0.041250
17.150000	1	0.041000
17.166667	1	0.041250
17.183333	1	0.041125
17.200000	1	0.041125
17.216667	1	0.041125
17.233333	1	0.041500
17.250000	1	0.041625
17.266667	1	0.041875
17.283333	1	0.041750
17.300000	1	0.042125
17.316667	1	0.042625
17.333333	1	0.043000
17.350000	1	0.043250
17.366667	1	0.042750
17.383333	1	0.043250
17.400000	1	0.044000
17.416667	1	0.044250
17.433333	1	0.044000
17.450000	1	0.044375
17.466667	1	0.044625
17.483333	1	0.045500
17.500000	1	0.045125
17.516667	1	0.045625
17.533333	1	0.046000
17.550000	1	0.046250
17.566667	1	0.047000
17.583333	1	0.047750
17.600000	1	0.048250
17.616667	1	0.048375
17.633333	1	0.048625
17.650000	1	0.048750
17.666667	1	0.049250
17.683333	1	0.049500
17.700000	1	0.049500
17.716667	1	0.049375
17.733333	1	0.049375
17.750000	1	0.049625
17.766667	1	0.049875
17.783333	1	0.050625
17.800000	1	0.051125
17.816667	1	0.050625
17.833333	1	0.050625
17.850000	1	0.051375
17.866667	1	0.051375
17.883333	1	0.052000
17.900000	1	0.052375
17.916667	1	0.052375
17.933333	1	0.052375
17.950000	1	0.053250
17.966667	1	0.053125
17.983333	1	0.053750
18.000000	1	0.054250
18.016667	1	0.054000
18.033333	1	0.054500
18.050000	1	0.055125
18.066667	1	0.054875
18.083333	1	0.054750
18.100000	1	0.055000
18.116667	1	0.054500
18.133333	1	0.054750
18.150000	1	0.055625
18.166667	1	0.056500
18.183333	1	0.057500
18.200000	1	0.057875
18.216667	1	0.057750
18.233333	1	0.058625
18.250000	1	0.059375
18.266667	1	0.059625
18.283333	1	0.060125
18.300000	1	0.060750
18.316667	1	0.060750
18.333333	1	0.061250
18.350000	1	0.062375
18.366667	1	0.063625
18.383333	1	0.064000
18.400000	1	0.065125
18.416667	1	0.065250
18.433333	1	0.065500
18.450000	1	0.066875
18.466667	1	0.067000
18.483333	1	0.067625
18.500000	1	0.068125
18.516667	1	0.067750
18.533333	1	0.068500
18.550000	1	0.068625
18.566667	1	0.068875
18.583333	1	0.069250
18.600000	1	0.069750
18.616667	1	0.069250
18.633333	1	0.069250
18.650000	1	0.068750
18.666667	1	0.068000
18.683333	1	0.068500
18.700000	1	0.067875
18.716667	1	0.067375
18.733333	1	0.067250
18.750000	1	0.066625
18.766667	1	0.066375
18.783333	1	0.065625
18.800000	1	0.064500
18.816667	1	0.064000
18.833333	1	0.063125
18.850000	1	0.061750
18.866667	1	0.061000
18.883333	1	0.059625
18.900000	1	0.057875
18.916667	1	0.056125
18.933333	1	0.055500
18.950000	1	0.054375
18.966667	1	0.054125
18.983333	1	0.053375
19.000000	1	0.052625
19.016667	1	0.052250
19.033333	1	0.051875
19.050000	1	0.050625
19.066667	1	0.049750
19.083333	1	0.049125
19.100000	1	0.048875
19.116667	1	0.049000
19.133333	1	0.049375
19.150000	1	0.049250
19.166667	1	0.050125
19.183333	1	0.051250
19.200000	1	0.053625
19.216667	1	0.056000
19.233333	1	0.058875
19.250000	1	0.062750
19.266667	1	0.066625
19.283333	1	0.071875
19.300000	1	0.077500
19.316667	1	0.083875
19.333333	1	0.091250
19.350000	1	0.100500
19.366667	1	0.111375
19.383333	1	0.124625
19.400000	1	0.138875
19.416667	1	0.155500
19.433333	1	0.174250
19.450000	1	0.194500
19.466667	1	0.217500
19.483333	1	0.244500
19.500000	1	0.274125
19.516667	1	0.307125
19.533333	1	0.344625
19.550000	1	0.387250
19.566667	1	0.434500
19.583333	1	0.488625
19.600000	1	0.549875
19.616667	1	0.620375
19.633333	1	0.701000
19.650000	1	0.794250
19.666667	1	0.902625
19.683333	1	1.028250
19.700000	1	1.175000
19.716667	1	1.345750
19.733333	1	1.544250
19.750000	1	1.772000
19.766667	1	2.033625
19.783333	1	2.329625
19.800000	1	2.661000
19.816667	1	3.027750
19.833333	1	3.427000
19.850000	1	3.854750
19.866667	1	4.305375
19.883333	1	4.770125
19.900000	1	5.240875
19.916667	1	5.705875
19.933333	1	6.154500
19.950000	1	6.576000
19.966667	1	6.959625
19.983333	1	7.294625
20.000000	1	7.572500
20.016667	1	7.788000
20.033333	1	7.936500
20.050000	1	8.017375
20.066667	1	8.030500
20.083333	1	7.980000
20.100000	1	7.871125
20.116667	1	7.710750
20.133333	1	7.508125
20.150000	1	7.271750
20.166667	1	7.012125
20.183333	1	6.738125
20.200000	1	6.461125
20.216667	1	6.190500
20.233333	1	5.935625
20.250000	1	5.703750
20.266667	1	5.503000
20.283333	1	5.337750
20.300000	1	5.213625
20.316667	1	5.132875
20.333333	1	5.096375
20.350000	1	5.102750
20.366667	1	5.150750
20.383333	1	5.236250
20.400000	1	5.353500
20.416667	1	5.495875
20.433333	1	5.653875
20.450000	1	5.819875
20.466667	1	5.984750
20.483333	1	6.138000
20.500000	1	6.271875
20.516667	1	6.377750
20.533333	1	6.448875
20.550000	1	6.480875
20.566667	1	6.469500
20.583333	1	6.413250
20.600000	1	6.311250
20.616667	1	6.166500
20.633333	1	5.983375
20.650000	1	5.764375
20.666667	1	5.516375
20.683333	1	5.244625
20.700000	1	4.955875
20.716667	1	4.656500
20.733333	1	4.351750
20.750000	1	4.047625
20.766667	1	3.747000
20.783333	1	3.454875
20.800000	1	3.173875
20.816667	1	2.907000
20.833333	1	2.654750
20.850000	1	2.420000
20.866667	1	2.201750
20.883333	1	2.000125
20.900000	1	1.814750
20.916667	1	1.644875
20.933333	1	1.489750
20.950000	1	1.348375
20.966667	1	1.220750
20.983333	1	1.104500
21.000000	1	0.998875
21.016667	1	0.902750
21.033333	1	0.816000
21.050000	1	0.737500
21.066667	1	0.666875
21.083333	1	0.603250
21.100000	1	0.545500
21.116667	1	0.494125
21.133333	1	0.447750
21.150000	1	0.406250
21.166667	1	0.369125
21.183333	1	0.336250
21.200000	1	0.306125
21.216667	1	0.278750
21.233333	1	0.255000
21.250000	1	0.234125
21.266667	1	0.215750
21.283333	1	0.199250
21.300000	1	0.184375
21.316667	1	0.171500
21.333333	1	0.160500
21.350000	1	0.151375
21.366667	1	0.142875
21.383333	1	0.135250
21.400000	1	0.128875
21.416667	1	0.123625
21.433333	1	0.120250
21.450000	1	0.117125
21.466667	1	0.114500
21.483333	1	0.113625
21.500000	1	0.112875
21.516667	1	0.113375
21.533333	1	0.114625
21.550000	1	0.117250
21.566667	1	0.121125
21.583333	1	0.126250
21.600000	1	0.133375
21.616667	1	0.141750
21.633333	1	0.152250
21.650000	1	0.164750
21.666667	1	0.179750
21.683333	1	0.197500
21.700000	1	0.217750
21.716667	1	0.241375
21.733333	1	0.269500
21.750000	1	0.300250
21.766667	1	0.336125
21.783333	1	0.376750
21.800000	1	0.421875
21.816667	1	0.471000
21.833333	1	0.525000
21.850000	1	0.583250
21.866667	1	0.646125
21.883333	1	0.711750
21.900000	1	0.780375
21.916667	1	0.850125
21.933333	1	0.921250
21.950000	1	0.992375
21.966667	1	1.061875
21.983333	1	1.128250
22.000000	1	1.190250
22.016667	1	1.246750
22.033333	1	1.296500
22.050000	1	1.337625
22.066667	1	1.370750
22.083333	1	1.395000
22.100000	1	1.409000
22.116667	1	1.413125
22.133333	1	1.406375
22.150000	1	1.391375
22.166667	1	1.367500
22.183333	1	1.334750
22.200000	1	1.295000
22.216667	1	1.248500
22.233333	1	1.196750
22.250000	1	1.141125
22.266667	1	1.082750
22.283333	1	1.022250
22.300000	1	0.961250
22.316667	1	0.900125
22.333333	1	0.839500
22.350000	1	0.779875
22.366667	1	0.722500
22.383333	1	0.667750
22.400000	1	0.615000
22.416667	1	0.564750
22.433333	1	0.517750
22.450000	1	0.474125
22.466667	1	0.433375
22.483333	1	0.395125
22.500000	1	0.360125
22.516667	1	0.327625
22.533333	1	0.297250
22.550000	1	0.270250
22.566667	1	0.244625
22.583333	1	0.221125
22.600000	1	0.199875
22.616667	1	0.180375
22.633333	1	0.162625
22.650000	1	0.146000
22.666667	1	0.131125
22.683333	1	0.117375
22.700000	1	0.106125
22.716667	1	0.095625
22.733333	1	0.086000
22.750000	1	0.077250
22.766667	1	0.069750
22.783333	1	0.062875
22.800000	1	0.056625
22.816667	1	0.051125
22.833333	1	0.046750
22.850000	1	0.042625
22.866667	1	0.038750
22.883333	1	0.035625
22.900000	1	0.033000
22.916667	1	0.030750
22.933333	1	0.029125
22.950000	1	0.027750
22.966667	1	0.026750
22.983333	1	0.026375
23.000000	1	0.026000
23.016667	1	0.025750
23.033333	1	0.025750
23.050000	1	0.026250
23.066667	1	0.027250
23.083333	1	0.027625
23.100000	1	0.028750
23.116667	1	0.030250
23.133333	1	0.032250
23.150000	1	0.034500
23.166667	1	0.036875
23.183333	1	0.039625
23.200000	1	0.042875
23.216667	1	0.046000
23.233333	1	0.049625
23.250000	1	0.054250
23.266667	1	0.059500
23.283333	1	0.064750
23.300000	1	0.071250
23.316667	1	0.077500
23.333333	1	0.085625
23.350000	1	0.093875
23.366667	1	0.102875
23.383333	1	0.113625
23.400000	1	0.124875
23.416667	1	0.137625
23.433333	1	0.151375
23.450000	1	0.167125
23.466667	1	0.185250
23.483333	1	0.205500
23.500000	1	0.227875
23.516667	1	0.253375
23.533333	1	0.281750
23.550000	1	0.313875
23.566667	1	0.350125
23.583333	1	0.391125
23.600000	1	0.437375
23.616667	1	0.489125
23.633333	1	0.546750
23.650000	1	0.611375
23.666667	1	0.682375
23.683333	1	0.760000
23.700000	1	0.843750
23.716667	1	0.933875
23.733333	1	1.030000
23.750000	1	1.131000
23.766667	1	1.236000
23.783333	1	1.342875
23.800000	1	1.450875
23.816667	1	1.558125
23.833333	1	1.662750
23.850000	1	1.762375
23.866667	1	1.855750
23.883333	1	1.941375
23.900000	1	2.017375
23.916667	1	2.080375
23.933333	1	2.131250
23.950000	1	2.167875
23.966667	1	2.190375
23.983333	1	2.197875
24.000000	1	2.190375
24.016667	1	2.169875
24.033333	1	2.135750
24.050000	1	2.089875
24.066667	1	2.032375
24.083333	1	1.965875
24.100000	1	1.891000
24.116667	1	1.810000
24.133333	1	1.724625
24.150000	1	1.635375
24.166667	1	1.544500
24.183333	1	1.453125
24.200000	1	1.362750
24.216667	1	1.274125
24.233333	1	1.188625
24.250000	1	1.105125
24.266667	1	1.026500
24.283333	1	0.951375
24.300000	1	0.880625
24.316667	1	0.814000
24.333333	1	0.751750
24.350000	1	0.693500
24.366667	1	0.639500
24.383333	1	0.589125
24.400000	1	0.542000
24.416667	1	0.499000
24.433333	1	0.459250
24.450000	1	0.422125
24.466667	1	0.389250
24.483333	1	0.357750
24.500000	1	0.329500
24.516667	1	0.303125
24.533333	1	0.278500
24.550000	1	0.255875
24.566667	1	0.235000
24.583333	1	0.215375
24.600000	1	0.198500
24.616667	1	0.181875
24.633333	1	0.167125
24.650000	1	0.153000
24.666667	1	0.140750
24.683333	1	0.129500
24.700000	1	0.119250
24.716667	1	0.110250
24.733333	1	0.101750
24.750000	1	0.093500
24.766667	1	0.086000
24.783333	1	0.080250
24.800000	1	0.075250
24.816667	1	0.070375
24.833333	1	0.065500
24.850000	1	0.060875
24.866667	1	0.057250
24.883333	1	0.054125
24.900000	1	0.050750
24.916667	1	0.047875
24.933333	1	0.045375
24.950000	1	0.043125
24.966667	1	0.040125
24.983333	1	0.038000
25.000000	1	0.036375
25.016667	1	0.035000
25.033333	1	0.033375
25.050000	1	0.032250
25.066667	1	0.030625
25.083333	1	0.029375
25.100000	1	0.028500
25.116667	1	0.026750
25.133333	1	0.025750
25.150000	1	0.025125
25.166667	1	0.024375
25.183333	1	0.023625
25.200000	1	0.022500
25.216667	1	0.021875
25.233333	1	0.021000
25.250000	1	0.019500
25.266667	1	0.018250
25.283333	1	0.017125
25.300000	1	0.016500
25.316667	1	0.015625
25.333333	1	0.014625
25.350000	1	0.013000
25.366667	1	0.011750
25.383333	1	0.010750
25.400000	1	0.010125
25.416667	1	0.009375
25.433333	1	0.008375
25.450000	1	0.007375
25.466667	1	0.006875
25.483333	1	0.005875
25.500000	1	0.005250
25.516667	1	0.004375
25.533333	1	0.003125
25.550000	1	0.002000
25.566667	1	0.000375
25.583333	1	-0.000750
25.600000	1	-0.002125
25.616667	1	-0.004000
25.633333	1	-0.004750
25.650000	1	-0.005625
25.666667	1	-0.007250
25.683333	1	-0.009000
25.700000	1	-0.011125
25.716667	1	-0.013500
25.733333	1	-0.015500
25.750000	1	-0.017500
25.766667	1	-0.020000
25.783333	1	-0.022750
25.800000	1	-0.025375
25.816667	1	-0.029000
25.833333	1	-0.031875
25.850000	1	-0.036125
25.866667	1	-0.039750
25.883333	1	-0.043625
25.900000	1	-0.048125
25.916667	1	-0.052625
25.933333	1	-0.057375
25.950000	1	-0.063250
25.966667	1	-0.069375
25.983333	1	-0.076000
26.000000	1	-0.082375
26.016667	1	-0.088750
26.033333	1	-0.095250
26.050000	1	-0.102500
26.066667	1	-0.108875
26.083333	1	-0.115125
26.100000	1	-0.122000
26.116667	1	-0.128875
26.133333	1	-0.135375
26.150000	1	-0.141625
26.166667	1	-0.147625
26.183333	1	-0.152500
26.200000	1	-0.158000
26.216667	1	-0.162625
26.233333	1	-0.166875
26.250000	1	-0.169250
26.266667	1	-0.171500
26.283333	1	-0.172125
26.300000	1	-0.173125
26.316667	1	-0.172750
26.333333	1	-0.172125
26.350000	1	-0.170375
26.366667	1	-0.168250
26.383333	1	-0.165125
26.400000	1	-0.161500
26.416667	1	-0.157625
26.433333	1	-0.152375
26.450000	1	-0.146875
26.466667	1	-0.141000
26.483333	1	-0.134375
26.500000	1	-0.128000
26.516667	1	-0.122125
26.533333	1	-0.115000
26.550000	1	-0.108625
26.566667	1	-0.101875
26.583333	1	-0.094625
26.600000	1	-0.087625
26.616667	1	-0.080750
26.633333	1	-0.074125
26.650000	1	-0.067625
26.666667	1	-0.061750
26.683333	1	-0.055250
26.700000	1	-0.050000
26.716667	1	-0.044000
26.733333	1	-0.038875
26.750000	1	-0.033750
26.766667	1	-0.028750
26.783333	1	-0.024125
26.800000	1	-0.019250
26.816667	1	-0.014625
26.833333	1	-0.010125
26.850000	1	-0.006000
26.866667	1	-0.002375
26.883333	1	0.001250
26.900000	1	0.004625
26.916667	1	0.008500
26.933333	1	0.011625
26.950000	1	0.015250
26.966667	1	0.018125
26.983333	1	0.021000
27.000000	1	0.023875
27.016667	1	0.026750
27.033333	1	0.030250
27.050000	1	0.033625
27.066667	1	0.037125
27.083333	1	0.040875
27.100000	1	0.044375
27.116667	1	0.047875
27.133333	1	0.051375
27.150000	1	0.054750
27.166667	1	0.059250
27.183333	1	0.063375
27.200000	1	0.068375
27.216667	1	0.072875
27.233333	1	0.078250
27.250000	1	0.083500
27.266667	1	0.089375
27.283333	1	0.095250
27.300000	1	0.101625
27.316667	1	0.108375
27.333333	1	0.116125
27.350000	1	0.124250
27.366667	1	0.133125
27.383333	1	0.142625
27.400000	1	0.153250
27.416667	1	0.164500
27.433333	1	0.176875
27.450000	1	0.190000
27.466667	1	0.204875
27.483333	1	0.221625
27.500000	1	0.240125
27.516667	1	0.259875
27.533333	1	0.282750
27.550000	1	0.308250
27.566667	1	0.337125
27.583333	1	0.369000
27.600000	1	0.404875
27.616667	1	0.444875
27.633333	1	0.489875
27.650000	1	0.540875
27.666667	1	0.597250
27.683333	1	0.659375
27.700000	1	0.727500
27.716667	1	0.802500
27.733333	1	0.884000
27.750000	1	0.972375
27.766667	1	1.066000
27.783333	1	1.165375
27.800000	1	1.269500
27.816667	1	1.377750
27.833333	1	1.488250
27.850000	1	1.600125
27.866667	1	1.712375
27.883333	1	1.823250
27.900000	1	1.929625
27.916667	1	2.031875
27.933333	1	2.127375
27.950000	1	2.215625
27.966667	1	2.295000
27.983333	1	2.363250
28.000000	1	2.419875
28.016667	1	2.463625
28.033333	1	2.494875
28.050000	1	2.512500
28.066667	1	2.516625
28.083333	1	2.507000
28.100000	1	2.485000
28.116667	1	2.450500
28.133333	1	2.404750
28.150000	1	2.348875
28.166667	1	2.283250
28.183333	1	2.209875
28.200000	1	2.130125
28.216667	1	2.045250
28.233333	1	1.956000
28.250000	1	1.863750
28.266667	1	1.769125
28.283333	1	1.674500
28.300000	1	1.579750
28.316667	1	1.486875
28.333333	1	1.395250
28.350000	1	1.306375
28.366667	1	1.219750
28.383333	1	1.137875
28.400000	1	1.059500
28.416667	1	0.984875
28.433333	1	0.915250
28.450000	1	0.849000
28.466667	1	0.787000
28.483333	1	0.728500
28.500000	1	0.674500
28.516667	1	0.624000
28.533333	1	0.576000
28.550000	1	0.531750
28.566667	1	0.491125
28.583333	1	0.452750
28.600000	1	0.417500
28.616667	1	0.384875
28.633333	1	0.355125
28.650000	1	0.326750
28.666667	1	0.299875
28.683333	1	0.274625
28.700000	1	0.251375
28.716667	1	0.229250
28.733333	1	0.208750
28.750000	1	0.189875
28.766667	1	0.171625
28.783333	1	0.155125
28.800000	1	0.139750
28.816667	1	0.125250
28.833333	1	0.112250
28.850000	1	0.100250
28.866667	1	0.088500
28.883333	1	0.078375
28.900000	1	0.068250
28.916667	1	0.059250
28.933333	1	0.051250
28.950000	1	0.044125
28.966667	1	0.037500
28.983333	1	0.031625
29.000000	1	0.026125
29.016667	1	0.021250
29.033333	1	0.017250
29.050000	1	0.013375
29.066667	1	0.009875
29.083333	1	0.007375
29.100000	1	0.004750
29.116667	1	0.002625
29.133333	1	0.000625
29.150000	1	-0.000875
29.166667	1	-0.002250
29.183333	1	-0.003000
29.200000	1	-0.003125
29.216667	1	-0.003750
29.233333	1	-0.003875
29.250000	1	-0.004500
29.266667	1	-0.004875
29.283333	1	-0.004750
29.300000	1	-0.004750
29.316667	1	-0.004375
29.333333	1	-0.004125
29.350000	1	-0.003875
29.366667	1	-0.003625
29.383333	1	-0.004000
29.400000	1	-0.003875
29.416667	1	-0.003875
29.433333	1	-0.003375
29.450000	1	-0.003375
29.466667	1	-0.002625
29.483333	1	-0.002125
29.500000	1	-0.001375
29.516667	1	-0.001750
29.533333	1	-0.001500
29.550000	1	-0.001500
29.566667	1	-0.001250
29.583333	1	-0.000750
29.600000	1	-0.000750
29.616667	1	0.000000
29.633333	1	0.000875
29.650000	1	0.001125
29.666667	1	0.001500
29.683333	1	0.002250
29.700000	1	0.002500
29.716667	1	0.002500
29.733333	1	0.002250
29.750000	1	0.002500
29.766667	1	0.003500
29.783333	1	0.004125
29.800000	1	0.004625
29.816667	1	0.005625
29.833333	1	0.005500
29.850000	1	0.005750
29.866667	1	0.006500
29.883333	1	0.007125
29.900000	1	0.007375
29.916667	1	0.007375
29.933333	1	0.007250
29.950000	1	0.007750
29.966667	1	0.008000
29.983333	1	0.009125
30.000000	1	0.009750
30.016667	1	0.010125
30.033333	1	0.010375
30.050000	1	0.011250
30.066667	1	0.011875
30.083333	1	0.012000
30.100000	1	0.011750
30.116667	1	0.012000
30.133333	1	0.012250
30.150000	1	0.012750
30.166667	1	0.014000
30.183333	1	0.015250
30.200000	1	0.016125
30.216667	1	0.017500
30.233333	1	0.018500
30.250000	1	0.019875
30.266667	1	0.020875
30.283333	1	0.022750
30.300000	1	0.025000
30.316667	1	0.027250
30.333333	1	0.029125
30.350000	1	0.031750
30.366667	1	0.034750
30.383333	1	0.038250
30.400000	1	0.042375
30.416667	1	0.046625
30.433333	1	0.051125
30.450000	1	0.056250
30.466667	1	0.062250
30.483333	1	0.067750
30.500000	1	0.074375
30.516667	1	0.080250
30.533333	1	0.087375
30.550000	1	0.093625
30.566667	1	0.100875
30.583333	1	0.108125
30.600000	1	0.115500
30.616667	1	0.122875
30.633333	1	0.130000
30.650000	1	0.136750
30.666667	1	0.144125
30.683333	1	0.150500
30.700000	1	0.156500
30.716667	1	0.161625
30.733333	1	0.166625
30.750000	1	0.170625
30.766667	1	0.173750
30.783333	1	0.176875
30.800000	1	0.178750
30.816667	1	0.180250
30.833333	1	0.181125
30.850000	1	0.180625
30.866667	1	0.179875
30.883333	1	0.177000
30.900000	1	0.174250
30.916667	1	0.170625
30.933333	1	0.166750
30.950000	1	0.161875
30.966667	1	0.156125
30.983333	1	0.150000
31.000000	1	0.143750
31.016667	1	0.137250
31.033333	1	0.130750
31.050000	1	0.124125
31.066667	1	0.117750
31.083333	1	0.110875
31.100000	1	0.104500
31.116667	1	0.098125
31.133333	1	0.091125
31.150000	1	0.085125
31.166667	1	0.078875
31.183333	1	0.073625
31.200000	1	0.068000
31.216667	1	0.062750
31.233333	1	0.057625
31.250000	1	0.053500
31.266667	1	0.049000
31.283333	1	0.045000
31.300000	1	0.041625
31.316667	1	0.038500
31.333333	1	0.035500
31.350000	1	0.032750
31.366667	1	0.029750
31.383333	1	0.027625
31.400000	1	0.026250
31.416667	1	0.024875
31.433333	1	0.023625
31.450000	1	0.022000
31.466667	1	0.020375
31.483333	1	0.019000
31.500000	1	0.018250
31.516667	1	0.017000
31.533333	1	0.016125
31.550000	1	0.015375
31.566667	1	0.015250
31.583333	1	0.014750
31.600000	1	0.014250
31.616667	1	0.014250
31.633333	1	0.014625
31.650000	1	0.014250
31.666667	1	0.014125
31.683333	1	0.014375
31.700000	1	0.014500
31.716667	1	0.014375
31.733333	1	0.014250
31.750000	1	0.014125
31.766667	1	0.014500
31.783333	1	0.015000
31.800000	1	0.015875
31.816667	1	0.016375
31.833333	1	0.016625
31.850000	1	0.017125
31.866667	1	0.017375
31.883333	1	0.017875
31.900000	1	0.017750
31.916667	1	0.017750
31.933333	1	0.018500
31.950000	1	0.019500
31.966667	1	0.019500
31.983333	1	0.020125
32.000000	1	0.019875
32.016667	1	0.019625
32.033333	1	0.019750
32.050000	1	0.020375
32.066667	1	0.020250
32.083333	1	0.019375
32.100000	1	0.019000
32.116667	1	0.018750
32.133333	1	0.018375
32.150000	1	0.017875
32.166667	1	0.017250
32.183333	1	0.016875
32.200000	1	0.016250
32.216667	1	0.015625
32.233333	1	0.014375
32.250000	1	0.012875
32.266667	1	0.011875
32.283333	1	0.010500
32.300000	1	0.009125
32.316667	1	0.008625
32.333333	1	0.007875
32.350000	1	0.006625
32.366667	1	0.005750
32.383333	1	0.005500
32.400000	1	0.004125
32.416667	1	0.003625
32.433333	1	0.002375
32.450000	1	0.001375
32.466667	1	0.000125
32.483333	1	-0.000750
32.500000	1	-0.001875
32.516667	1	-0.003000
32.533333	1	-0.004500
32.550000	1	-0.005375
32.566667	1	-0.005750
32.583333	1	-0.006250
32.600000	1	-0.007000
32.616667	1	-0.007125
32.633333	1	-0.008000
32.650000	1	-0.008500
32.666667	1	-0.008500
32.683333	1	-0.008125
32.700000	1	-0.008875
32.716667	1	-0.009375
32.733333	1	-0.009625
32.750000	1	-0.008875
32.766667	1	-0.008250
32.783333	1	-0.007750
32.800000	1	-0.006625
32.816667	1	-0.005625
32.833333	1	-0.005250
32.850000	1	-0.004375
32.866667	1	-0.003250
32.883333	1	-0.001875
32.900000	1	-0.000625
32.916667	1	0.001125
32.933333	1	0.003000
32.950000	1	0.004875
32.966667	1	0.007375
32.983333	1	0.009500
33.000000	1	0.011875
33.016667	1	0.014000
33.033333	1	0.016750
33.050000	1	0.020000
33.066667	1	0.023125
33.083333	1	0.026000
33.100000	1	0.029375
33.116667	1	0.032750
33.133333	1	0.036500
33.150000	1	0.040625
33.166667	1	0.044875
33.183333	1	0.049750
33.200000	1	0.054000
33.216667	1	0.058500
33.233333	1	0.063625
33.250000	1	0.069000
33.266667	1	0.075125
33.283333	1	0.080875
33.300000	1	0.087000
33.316667	1	0.092875
33.333333	1	0.099625
33.350000	1	0.107125
33.366667	1	0.114250
33.383333	1	0.122000
33.400000	1	0.130750
33.416667	1	0.139000
33.433333	1	0.147750
33.450000	1	0.157375
33.466667	1	0.168000
33.483333	1	0.178250
33.500000	1	0.189250
33.516667	1	0.201375
33.533333	1	0.214000
33.550000	1	0.226625
33.566667	1	0.240500
33.583333	1	0.255375
33.600000	1	0.272000
33.616667	1	0.288250
33.633333	1	0.305875
33.650000	1	0.325000
33.666667	1	0.345125
33.683333	1	0.367500
33.700000	1	0.391500
33.716667	1	0.417500
33.733333	1	0.444875
33.750000	1	0.475125
33.766667	1	0.507250
33.783333	1	0.542625
33.800000	1	0.580875
33.816667	1	0.622875
33.833333	1	0.667875
33.850000	1	0.717125
33.866667	1	0.770375
33.883333	1	0.827250
33.900000	1	0.888375
33.916667	1	0.954250
33.933333	1	1.024000
33.950000	1	1.099000
33.966667	1	1.178875
33.983333	1	1.262250
34.000000	1	1.350500
34.016667	1	1.442750
34.033333	1	1.537500
34.050000	1	1.636500
34.066667	1	1.737625
34.083333	1	1.839875
34.100000	1	1.944625
34.116667	1	2.049625
34.133333	1	2.153250
34.150000	1	2.256000
34.166667	1	2.356125
34.183333	1	2.452250
34.200000	1	2.544000
34.216667	1	2.630500
34.233333	1	2.710750
34.250000	1	2.783625
34.266667	1	2.848500
34.283333	1	2.905000
34.300000	1	2.952875
34.316667	1	2.991125
34.333333	1	3.019000
34.350000	1	3.036750
34.366667	1	3.044000
34.383333	1	3.040875
34.400000	1	3.028250
34.416667	1	3.006375
34.433333	1	2.975500
34.450000	1	2.935750
34.466667	1	2.887875
34.483333	1	2.831875
34.500000	1	2.769750
34.516667	1	2.701625
34.533333	1	2.627625
34.550000	1	2.549500
34.566667	1	2.467250
34.583333	1	2.381625
34.600000	1	2.293250
34.616667	1	2.203625
34.633333	1	2.113125
34.650000	1	2.022375
34.666667	1	1.931375
34.683333	1	1.842250
34.700000	1	1.754000
34.716667	1	1.667875
34.733333	1	1.583875
34.750000	1	1.502625
34.766667	1	1.422625
34.783333	1	1.346375
34.800000	1	1.273250
34.816667	1	1.202750
34.833333	1	1.135375
34.850000	1	1.071375
34.866667	1	1.010750
34.883333	1	0.953500
34.900000	1	0.899875
34.916667	1	0.848500
34.933333	1	0.800875
34.950000	1	0.755125
34.966667	1	0.712750
34.983333	1	0.672250
35.000000	1	0.634875
35.016667	1	0.599125
35.033333	1	0.565375
35.050000	1	0.533375
35.066667	1	0.503750
35.083333	1	0.475375
35.100000	1	0.449000
35.116667	1	0.423750
35.133333	1	0.400625
35.150000	1	0.378625
35.166667	1	0.357000
35.183333	1	0.337000
35.200000	1	0.318000
35.216667	1	0.299750
35.233333	1	0.282250
35.250000	1	0.265875
35.266667	1	0.249625
35.283333	1	0.234125
35.300000	1	0.219625
35.316667	1	0.206375
35.333333	1	0.193500
35.350000	1	0.181000
35.366667	1	0.168500
35.383333	1	0.157375
35.400000	1	0.147000
35.416667	1	0.137500
35.433333	1	0.128250
35.450000	1	0.119625
35.466667	1	0.110625
35.483333	1	0.102000
35.500000	1	0.095125
35.516667	1	0.088375
35.533333	1	0.081875
35.550000	1	0.076500
35.566667	1	0.071250
35.583333	1	0.065125
35.600000	1	0.060125
35.616667	1	0.055250
35.633333	1	0.050875
35.650000	1	0.046625
35.666667	1	0.043125
35.683333	1	0.038875
35.700000	1	0.036125
35.716667	1	0.033125
35.733333	1	0.030875
35.750000	1	0.028375
35.766667	1	0.026375
35.783333	1	0.024875
35.800000	1	0.022750
35.816667	1	0.021000
35.833333	1	0.019125
35.850000	1	0.017875
35.866667	1	0.016375
35.883333	1	0.014625
35.900000	1	0.013375
35.916667	1	0.011625
35.933333	1	0.010250
35.950000	1	0.009875
35.966667	1	0.008375
35.983333	1	0.007500
36.000000	1	0.006375
36.016667	1	0.005750
36.033333	1	0.004500
36.050000	1	0.003875
36.066667	1	0.003375
36.083333	1	0.002500
36.100000	1	0.002125
36.116667	1	0.001375
36.133333	1	0.000500
36.150000	1	-0.000375
36.166667	1	-0.001000
36.183333	1	-0.001250
36.200000	1	-0.001625
36.216667	1	-0.003000
36.233333	1	-0.003875
36.250000	1	-0.004500
36.266667	1	-0.004625
36.283333	1	-0.005250
36.300000	1	-0.005625
36.316667	1	-0.005875
36.333333	1	-0.006250
36.350000	1	-0.007125
36.366667	1	-0.007875
36.383333	1	-0.008375
36.400000	1	-0.008625
36.416667	1	-0.009625
36.433333	1	-0.009750
36.450000	1	-0.010625
36.466667	1	-0.011000
36.483333	1	-0.011250
36.500000	1	-0.011000
36.516667	1	-0.011250
36.533333	1	-0.011125
36.550000	1	-0.011875
36.566667	1	-0.011750
36.583333	1	-0.011500
36.600000	1	-0.012000
36.616667	1	-0.012250
36.633333	1	-0.012750
36.650000	1	-0.013250
36.666667	1	-0.013250
36.683333	1	-0.012750
36.700000	1	-0.012625
36.716667	1	-0.012875
36.733333	1	-0.013125
36.750000	1	-0.013125
36.766667	1	-0.012750
36.783333	1	-0.013000
36.800000	1	-0.013375
36.816667	1	-0.013125
36.833333	1	-0.013250
36.850000	1	-0.013125
36.866667	1	-0.013375
36.883333	1	-0.013000
36.900000	1	-0.012625
36.916667	1	-0.012625
36.933333	1	-0.012375
36.950000	1	-0.012250
36.966667	1	-0.012125
36.983333	1	-0.012000
37.000000	1	-0.012000
37.016667	1	-0.012000
37.033333	1	-0.012125
37.050000	1	-0.011625
37.066667	1	-0.011875
37.083333	1	-0.011750
37.100000	1	-0.012125
37.116667	1	-0.012000
37.133333	1	-0.011875
37.150000	1	-0.011000
37.166667	1	-0.011250
37.183333	1	-0.010750
37.200000	1	-0.011125
37.216667	1	-0.011375
37.233333	1	-0.011500
37.250000	1	-0.010750
37.266667	1	-0.010250
37.283333	1	-0.009875
37.300000	1	-0.010000
37.316667	1	-0.009625
37.333333	1	-0.009125
37.350000	1	-0.009000
37.366667	1	-0.009250
37.383333	1	-0.008625
37.400000	1	-0.008500
37.416667	1	-0.008500
37.433333	1	-0.008125
37.450000	1	-0.007875
37.466667	1	-0.007750
37.483333	1	-0.007625
37.500000	1	-0.008125
37.516667	1	-0.007500
37.533333	1	-0.007000
37.550000	1	-0.006250
37.566667	1	-0.006250
37.583333	1	-0.006375
37.600000	1	-0.006125
37.616667	1	-0.006250
37.633333	1	-0.005625
37.650000	1	-0.006125
37.666667	1	-0.006000
37.683333	1	-0.005500
37.700000	1	-0.005250
37.716667	1	-0.005125
37.733333	1	-0.004625
37.750000	1	-0.004750
37.766667	1	-0.004750
37.783333	1	-0.004500
37.800000	1	-0.003750
37.816667	1	-0.004000
37.833333	1	-0.003875
37.850000	1	-0.003625
37.866667	1	-0.003125
37.883333	1	-0.003125
37.900000	1	-0.002500
37.916667	1	-0.002250
37.933333	1	-0.001750
37.950000	1	-0.001500
37.966667	1	-0.001375
37.983333	1	-0.001375
38.000000	1	-0.000875
38.016667	1	-0.000750
38.033333	1	-0.001000
38.050000	1	-0.000500
38.066667	1	-0.000125
38.083333	1	0.000875
38.100000	1	0.000625
38.116667	1	0.001750
38.133333	1	0.001750
38.150000	1	0.001750
38.166667	1	0.001375
38.183333	1	0.001000
38.200000	1	0.001500
38.216667	1	0.001250
38.233333	1	0.001250
38.250000	1	0.001125
38.266667	1	0.001125
38.283333	1	0.001875
38.300000	1	0.001500
38.316667	1	0.001625
38.333333	1	0.001625
38.350000	1	0.001375
38.366667	1	0.001000
38.383333	1	0.000875
38.400000	1	0.000750
38.416667	1	0.000500
38.433333	1	0.000625
38.450000	1	0.000375
38.466667	1	0.000000
38.483333	1	-0.000500
38.500000	1	-0.000875
38.516667	1	-0.001000
38.533333	1	-0.001500
38.550000	1	-0.001625
38.566667	1	-0.002500
38.583333	1	-0.003000
38.600000	1	-0.002750
38.616667	1	-0.003125
38.633333	1	-0.003625
38.650000	1	-0.004000
38.666667	1	-0.004250
38.683333	1	-0.005250
38.700000	1	-0.006000
38.716667	1	-0.006000
38.733333	1	-0.006750
38.750000	1	-0.007125
38.766667	1	-0.007625
38.783333	1	-0.008000
38.800000	1	-0.008750
38.816667	1	-0.008875
38.833333	1	-0.009125
38.850000	1	-0.009000
38.866667	1	-0.009500
38.883333	1	-0.009375
38.900000	1	-0.009500
38.916667	1	-0.009875
38.933333	1	-0.009500
38.950000	1	-0.009250
38.966667	1	-0.009125
38.983333	1	-0.009500
39.000000	1	-0.009750
39.016667	1	-0.009875
39.033333	1	-0.009875
39.050000	1	-0.010375
39.066667	1	-0.009250
39.083333	1	-0.009375
39.100000	1	-0.009000
39.116667	1	-0.008000
39.133333	1	-0.008000
39.150000	1	-0.008125
39.166667	1	-0.008000
39.183333	1	-0.007375
39.200000	1	-0.006875
39.216667	1	-0.006500
39.233333	1	-0.006500
39.250000	1	-0.006000
39.266667	1	-0.006125
39.283333	1	-0.005875
39.300000	1	-0.004750
39.316667	1	-0.004125
39.333333	1	-0.004000
39.350000	1	-0.003625
39.366667	1	-0.003375
39.383333	1	-0.002875
39.400000	1	-0.002750
39.416667	1	-0.002125
39.433333	1	-0.001625
39.450000	1	-0.000625
39.466667	1	-0.000250
39.483333	1	0.000625
39.500000	1	0.001000
39.516667	1	0.001625
39.533333	1	0.001625
39.550000	1	0.001625
39.566667	1	0.002375
39.583333	1	0.002500
39.600000	1	0.002750
39.616667	1	0.003375
39.633333	1	0.003750
39.650000	1	0.004250
39.666667	1	0.005000
39.683333	1	0.005750
39.700000	1	0.006375
39.716667	1	0.006875
39.733333	1	0.007375
39.750000	1	0.007375
39.766667	1	0.007875
39.783333	1	0.008000
39.800000	1	0.008375
39.816667	1	0.009125
39.833333	1	0.009500
39.850000	1	0.009750
39.866667	1	0.009500
39.883333	1	0.010125
39.900000	1	0.011125
39.916667	1	0.011250
39.933333	1	0.011500
39.950000	1	0.011500
39.966667	1	0.011875
39.983333	1	0.012375
40.000000	1	0.013375
