File Path	chrom://marshall/Chromeleon7/HPLC_Ultimate_3000/Users/markusar/20230531_CMO_stabTest _FP08_FP09.seq/223.smp/RI_1.channel/RI_1.chm
Channel	RI_1

Injection Information:
Data Vault	Chromeleon7
Injection	STD_02.1_Glu_Malt_FP_04
Injection Number	97
Position	BG7
Comment	
Processing Method	
Instrument Method	run_25B_method
Type	Unknown
Status	Finished
Injection Date	04.06.2023
Injection Time	08:13:47
Injection Volume (µl)	20.000
Dilution Factor	1.0000
Weight	1.0000

Chromatogram Data Information:
Time Min. (min)	0.000000
Time Max. (min)	40.000000
Data Points	2401
Detector	RI
Generating Data System	Chromeleon 7.2.5.9507
Exporting Data System	Chromeleon 7.2.5.0
Operator	Instrument Controller
Signal Quantity	Refractive 
Signal Unit	µRIU
Signal Min.	-5.966000
Signal Max.	81.031000
Channel	RI_1
Driver Name	RID520Driver.dll
Channel Type	Evaluation
Min. Step (s)	1
Max. Step (s)	1
Average Step (s)	1

Signal Parameter Information:
Signal Info	

Chromatogram Data:
Time (min)	Step (s)	Value (µRIU)
0.000000	n.a.	0.004875
0.016667	1	0.004375
0.033333	1	0.003875
0.050000	1	0.004000
0.066667	1	0.004375
0.083333	1	0.005125
0.100000	1	0.005750
0.116667	1	0.005625
0.133333	1	0.005500
0.150000	1	0.005625
0.166667	1	0.005500
0.183333	1	0.005125
0.200000	1	0.005500
0.216667	1	0.006000
0.233333	1	0.005250
0.250000	1	0.005875
0.266667	1	0.006125
0.283333	1	0.005500
0.300000	1	0.003000
0.316667	1	0.000500
0.333333	1	-0.001375
0.350000	1	-0.001625
0.366667	1	0.001375
0.383333	1	0.004750
0.400000	1	0.008375
0.416667	1	0.010875
0.433333	1	0.011625
0.450000	1	0.010750
0.466667	1	0.009125
0.483333	1	0.007250
0.500000	1	0.005625
0.516667	1	0.004500
0.533333	1	0.003875
0.550000	1	0.002875
0.566667	1	0.002125
0.583333	1	0.001000
0.600000	1	0.000375
0.616667	1	0.000125
0.633333	1	-0.000500
0.650000	1	-0.000500
0.666667	1	-0.000750
0.683333	1	-0.000875
0.700000	1	-0.001250
0.716667	1	-0.001125
0.733333	1	-0.001375
0.750000	1	-0.001375
0.766667	1	-0.001125
0.783333	1	-0.001125
0.800000	1	-0.001250
0.816667	1	-0.000750
0.833333	1	-0.000625
0.850000	1	-0.000250
0.866667	1	0.000125
0.883333	1	0.000625
0.900000	1	0.000750
0.916667	1	0.001750
0.933333	1	0.002375
0.950000	1	0.003500
0.966667	1	0.004000
0.983333	1	0.004375
1.000000	1	0.005125
1.016667	1	0.005875
1.033333	1	0.007000
1.050000	1	0.007875
1.066667	1	0.008750
1.083333	1	0.009375
1.100000	1	0.010750
1.116667	1	0.011500
1.133333	1	0.013250
1.150000	1	0.014500
1.166667	1	0.015125
1.183333	1	0.016125
1.200000	1	0.016750
1.216667	1	0.017125
1.233333	1	0.018500
1.250000	1	0.019375
1.266667	1	0.020125
1.283333	1	0.020125
1.300000	1	0.021125
1.316667	1	0.021625
1.333333	1	0.022250
1.350000	1	0.022625
1.366667	1	0.022500
1.383333	1	0.021875
1.400000	1	0.021875
1.416667	1	0.022375
1.433333	1	0.022125
1.450000	1	0.022250
1.466667	1	0.022000
1.483333	1	0.021625
1.500000	1	0.021250
1.516667	1	0.020500
1.533333	1	0.020125
1.550000	1	0.019000
1.566667	1	0.017875
1.583333	1	0.016750
1.600000	1	0.015125
1.616667	1	0.013875
1.633333	1	0.013125
1.650000	1	0.012500
1.666667	1	0.011250
1.683333	1	0.009625
1.700000	1	0.008250
1.716667	1	0.006875
1.733333	1	0.005375
1.750000	1	0.003875
1.766667	1	0.002000
1.783333	1	0.000500
1.800000	1	-0.001500
1.816667	1	-0.003125
1.833333	1	-0.004375
1.850000	1	-0.006375
1.866667	1	-0.008500
1.883333	1	-0.010125
1.900000	1	-0.012500
1.916667	1	-0.014250
1.933333	1	-0.015875
1.950000	1	-0.018250
1.966667	1	-0.019625
1.983333	1	-0.021000
2.000000	1	-0.022500
2.016667	1	-0.024250
2.033333	1	-0.025500
2.050000	1	-0.026875
2.066667	1	-0.028625
2.083333	1	-0.030125
2.100000	1	-0.031875
2.116667	1	-0.033000
2.133333	1	-0.034500
2.150000	1	-0.035375
2.166667	1	-0.036000
2.183333	1	-0.036750
2.200000	1	-0.038375
2.216667	1	-0.039000
2.233333	1	-0.039750
2.250000	1	-0.040125
2.266667	1	-0.040250
2.283333	1	-0.040250
2.300000	1	-0.040375
2.316667	1	-0.040625
2.333333	1	-0.041500
2.350000	1	-0.041000
2.366667	1	-0.040250
2.383333	1	-0.040375
2.400000	1	-0.040125
2.416667	1	-0.039250
2.433333	1	-0.038500
2.450000	1	-0.037375
2.466667	1	-0.036125
2.483333	1	-0.035250
2.500000	1	-0.034875
2.516667	1	-0.033500
2.533333	1	-0.032625
2.550000	1	-0.031125
2.566667	1	-0.030000
2.583333	1	-0.028750
2.600000	1	-0.027000
2.616667	1	-0.025500
2.633333	1	-0.023250
2.650000	1	-0.021875
2.666667	1	-0.019625
2.683333	1	-0.018125
2.700000	1	-0.016250
2.716667	1	-0.014625
2.733333	1	-0.013500
2.750000	1	-0.011375
2.766667	1	-0.009875
2.783333	1	-0.008375
2.800000	1	-0.007250
2.816667	1	-0.005000
2.833333	1	-0.002750
2.850000	1	-0.001125
2.866667	1	0.000375
2.883333	1	0.001875
2.900000	1	0.003500
2.916667	1	0.004750
2.933333	1	0.006375
2.950000	1	0.007125
2.966667	1	0.008500
2.983333	1	0.009875
3.000000	1	0.010625
3.016667	1	0.012125
3.033333	1	0.013375
3.050000	1	0.014000
3.066667	1	0.014875
3.083333	1	0.015500
3.100000	1	0.016125
3.116667	1	0.016875
3.133333	1	0.017125
3.150000	1	0.017125
3.166667	1	0.018125
3.183333	1	0.018375
3.200000	1	0.019250
3.216667	1	0.020250
3.233333	1	0.020625
3.250000	1	0.020625
3.266667	1	0.020625
3.283333	1	0.020750
3.300000	1	0.020875
3.316667	1	0.020750
3.333333	1	0.020500
3.350000	1	0.020125
3.366667	1	0.020500
3.383333	1	0.020625
3.400000	1	0.020750
3.416667	1	0.020000
3.433333	1	0.020125
3.450000	1	0.019375
3.466667	1	0.018625
3.483333	1	0.018125
3.500000	1	0.018125
3.516667	1	0.017500
3.533333	1	0.016750
3.550000	1	0.016375
3.566667	1	0.016125
3.583333	1	0.015375
3.600000	1	0.013750
3.616667	1	0.013375
3.633333	1	0.012875
3.650000	1	0.011875
3.666667	1	0.011375
3.683333	1	0.011625
3.700000	1	0.010125
3.716667	1	0.009250
3.733333	1	0.008250
3.750000	1	0.006875
3.766667	1	0.006250
3.783333	1	0.005750
3.800000	1	0.004625
3.816667	1	0.004250
3.833333	1	0.003250
3.850000	1	0.002875
3.866667	1	0.001375
3.883333	1	0.000500
3.900000	1	0.000000
3.916667	1	-0.000500
3.933333	1	-0.001500
3.950000	1	-0.002625
3.966667	1	-0.003750
3.983333	1	-0.004375
4.000000	1	-0.004750
4.016667	1	-0.005250
4.033333	1	-0.005750
4.050000	1	-0.005875
4.066667	1	-0.006375
4.083333	1	-0.007500
4.100000	1	-0.007875
4.116667	1	-0.009250
4.133333	1	-0.009500
4.150000	1	-0.010750
4.166667	1	-0.011125
4.183333	1	-0.011250
4.200000	1	-0.011125
4.216667	1	-0.011000
4.233333	1	-0.011625
4.250000	1	-0.012250
4.266667	1	-0.011625
4.283333	1	-0.011875
4.300000	1	-0.012375
4.316667	1	-0.012375
4.333333	1	-0.012500
4.350000	1	-0.012875
4.366667	1	-0.012875
4.383333	1	-0.012500
4.400000	1	-0.012000
4.416667	1	-0.012125
4.433333	1	-0.012625
4.450000	1	-0.012375
4.466667	1	-0.012250
4.483333	1	-0.012250
4.500000	1	-0.012250
4.516667	1	-0.012500
4.533333	1	-0.012625
4.550000	1	-0.012500
4.566667	1	-0.012375
4.583333	1	-0.012625
4.600000	1	-0.012750
4.616667	1	-0.012500
4.633333	1	-0.012375
4.650000	1	-0.012500
4.666667	1	-0.012625
4.683333	1	-0.013000
4.700000	1	-0.013000
4.716667	1	-0.012500
4.733333	1	-0.012875
4.750000	1	-0.012875
4.766667	1	-0.013125
4.783333	1	-0.013125
4.800000	1	-0.013125
4.816667	1	-0.012250
4.833333	1	-0.011125
4.850000	1	-0.010875
4.866667	1	-0.011375
4.883333	1	-0.011375
4.900000	1	-0.011375
4.916667	1	-0.011125
4.933333	1	-0.011750
4.950000	1	-0.012125
4.966667	1	-0.011750
4.983333	1	-0.011000
5.000000	1	-0.010375
5.016667	1	-0.010000
5.033333	1	-0.010000
5.050000	1	-0.009625
5.066667	1	-0.009500
5.083333	1	-0.009875
5.100000	1	-0.009875
5.116667	1	-0.009250
5.133333	1	-0.008875
5.150000	1	-0.008375
5.166667	1	-0.008375
5.183333	1	-0.007750
5.200000	1	-0.007750
5.216667	1	-0.007375
5.233333	1	-0.006750
5.250000	1	-0.007250
5.266667	1	-0.007375
5.283333	1	-0.007250
5.300000	1	-0.006875
5.316667	1	-0.006500
5.333333	1	-0.006250
5.350000	1	-0.005625
5.366667	1	-0.005500
5.383333	1	-0.005500
5.400000	1	-0.004500
5.416667	1	-0.004250
5.433333	1	-0.004750
5.450000	1	-0.004625
5.466667	1	-0.004375
5.483333	1	-0.004625
5.500000	1	-0.005000
5.516667	1	-0.004875
5.533333	1	-0.004000
5.550000	1	-0.003750
5.566667	1	-0.003625
5.583333	1	-0.003250
5.600000	1	-0.003375
5.616667	1	-0.003625
5.633333	1	-0.003625
5.650000	1	-0.004125
5.666667	1	-0.004250
5.683333	1	-0.004250
5.700000	1	-0.004000
5.716667	1	-0.004500
5.733333	1	-0.005000
5.750000	1	-0.005750
5.766667	1	-0.006125
5.783333	1	-0.006625
5.800000	1	-0.007625
5.816667	1	-0.007500
5.833333	1	-0.007375
5.850000	1	-0.008125
5.866667	1	-0.008375
5.883333	1	-0.009000
5.900000	1	-0.009250
5.916667	1	-0.010125
5.933333	1	-0.010625
5.950000	1	-0.010750
5.966667	1	-0.011375
5.983333	1	-0.011500
6.000000	1	-0.012250
6.016667	1	-0.012500
6.033333	1	-0.013375
6.050000	1	-0.013875
6.066667	1	-0.014500
6.083333	1	-0.015125
6.100000	1	-0.015375
6.116667	1	-0.016000
6.133333	1	-0.016000
6.150000	1	-0.016500
6.166667	1	-0.016500
6.183333	1	-0.016750
6.200000	1	-0.017000
6.216667	1	-0.016625
6.233333	1	-0.016250
6.250000	1	-0.016500
6.266667	1	-0.016375
6.283333	1	-0.015875
6.300000	1	-0.015250
6.316667	1	-0.014875
6.333333	1	-0.014750
6.350000	1	-0.013875
6.366667	1	-0.013250
6.383333	1	-0.012500
6.400000	1	-0.011125
6.416667	1	-0.010250
6.433333	1	-0.010125
6.450000	1	-0.009625
6.466667	1	-0.008875
6.483333	1	-0.007000
6.500000	1	-0.006000
6.516667	1	-0.005125
6.533333	1	-0.004125
6.550000	1	-0.002625
6.566667	1	-0.001500
6.583333	1	-0.000500
6.600000	1	0.000500
6.616667	1	0.001250
6.633333	1	0.002000
6.650000	1	0.001875
6.666667	1	0.002375
6.683333	1	0.003000
6.700000	1	0.004000
6.716667	1	0.004625
6.733333	1	0.004875
6.750000	1	0.005875
6.766667	1	0.006125
6.783333	1	0.006750
6.800000	1	0.006375
6.816667	1	0.006500
6.833333	1	0.007125
6.850000	1	0.006625
6.866667	1	0.006500
6.883333	1	0.006500
6.900000	1	0.006750
6.916667	1	0.007000
6.933333	1	0.006875
6.950000	1	0.007000
6.966667	1	0.006500
6.983333	1	0.006375
7.000000	1	0.006250
7.016667	1	0.005375
7.033333	1	0.005625
7.050000	1	0.005375
7.066667	1	0.004875
7.083333	1	0.003625
7.100000	1	0.002625
7.116667	1	0.003125
7.133333	1	0.002875
7.150000	1	0.002875
7.166667	1	0.002500
7.183333	1	0.002500
7.200000	1	0.001875
7.216667	1	0.001500
7.233333	1	0.000750
7.250000	1	0.000125
7.266667	1	-0.000375
7.283333	1	-0.000375
7.300000	1	0.000000
7.316667	1	-0.000375
7.333333	1	0.000000
7.350000	1	0.000250
7.366667	1	0.000375
7.383333	1	0.000625
7.400000	1	0.000375
7.416667	1	0.000625
7.433333	1	0.000750
7.450000	1	0.001125
7.466667	1	0.001125
7.483333	1	0.001500
7.500000	1	0.001500
7.516667	1	0.001875
7.533333	1	0.002125
7.550000	1	0.002375
7.566667	1	0.003000
7.583333	1	0.003125
7.600000	1	0.003375
7.616667	1	0.003500
7.633333	1	0.003625
7.650000	1	0.003625
7.666667	1	0.003750
7.683333	1	0.004375
7.700000	1	0.004375
7.716667	1	0.004875
7.733333	1	0.005500
7.750000	1	0.005875
7.766667	1	0.005875
7.783333	1	0.006375
7.800000	1	0.006750
7.816667	1	0.007000
7.833333	1	0.006875
7.850000	1	0.007250
7.866667	1	0.007375
7.883333	1	0.008000
7.900000	1	0.008000
7.916667	1	0.008625
7.933333	1	0.009250
7.950000	1	0.010375
7.966667	1	0.010750
7.983333	1	0.011000
8.000000	1	0.011125
8.016667	1	0.011375
8.033333	1	0.011625
8.050000	1	0.012000
8.066667	1	0.012125
8.083333	1	0.013125
8.100000	1	0.013125
8.116667	1	0.013875
8.133333	1	0.014375
8.150000	1	0.015500
8.166667	1	0.015875
8.183333	1	0.016875
8.200000	1	0.017125
8.216667	1	0.016625
8.233333	1	0.017000
8.250000	1	0.017000
8.266667	1	0.016875
8.283333	1	0.017625
8.300000	1	0.018500
8.316667	1	0.019375
8.333333	1	0.019500
8.350000	1	0.019750
8.366667	1	0.020000
8.383333	1	0.020250
8.400000	1	0.020250
8.416667	1	0.020000
8.433333	1	0.020250
8.450000	1	0.020000
8.466667	1	0.020250
8.483333	1	0.020250
8.500000	1	0.019625
8.516667	1	0.019250
8.533333	1	0.019375
8.550000	1	0.019125
8.566667	1	0.018750
8.583333	1	0.018875
8.600000	1	0.018500
8.616667	1	0.017875
8.633333	1	0.017500
8.650000	1	0.017500
8.666667	1	0.017000
8.683333	1	0.016500
8.700000	1	0.016000
8.716667	1	0.016000
8.733333	1	0.015625
8.750000	1	0.016000
8.766667	1	0.015375
8.783333	1	0.014875
8.800000	1	0.014250
8.816667	1	0.014250
8.833333	1	0.013875
8.850000	1	0.014000
8.866667	1	0.013625
8.883333	1	0.013250
8.900000	1	0.012875
8.916667	1	0.012750
8.933333	1	0.012875
8.950000	1	0.012875
8.966667	1	0.012875
8.983333	1	0.013125
9.000000	1	0.013000
9.016667	1	0.012750
9.033333	1	0.013125
9.050000	1	0.013750
9.066667	1	0.014500
9.083333	1	0.013875
9.100000	1	0.014250
9.116667	1	0.015250
9.133333	1	0.015875
9.150000	1	0.017125
9.166667	1	0.017375
9.183333	1	0.018000
9.200000	1	0.018750
9.216667	1	0.018750
9.233333	1	0.020000
9.250000	1	0.020375
9.266667	1	0.021625
9.283333	1	0.022250
9.300000	1	0.022750
9.316667	1	0.023625
9.333333	1	0.024375
9.350000	1	0.025625
9.366667	1	0.026625
9.383333	1	0.027000
9.400000	1	0.028000
9.416667	1	0.028750
9.433333	1	0.029625
9.450000	1	0.030875
9.466667	1	0.031625
9.483333	1	0.032500
9.500000	1	0.033625
9.516667	1	0.034750
9.533333	1	0.035500
9.550000	1	0.036500
9.566667	1	0.037125
9.583333	1	0.037625
9.600000	1	0.037625
9.616667	1	0.037625
9.633333	1	0.037375
9.650000	1	0.036750
9.666667	1	0.036500
9.683333	1	0.036000
9.700000	1	0.035500
9.716667	1	0.035250
9.733333	1	0.034500
9.750000	1	0.034250
9.766667	1	0.033250
9.783333	1	0.031375
9.800000	1	0.029250
9.816667	1	0.026125
9.833333	1	0.021125
9.850000	1	0.014125
9.866667	1	0.003875
9.883333	1	-0.012375
9.900000	1	-0.036125
9.916667	1	-0.069875
9.933333	1	-0.119250
9.950000	1	-0.189625
9.966667	1	-0.289750
9.983333	1	-0.432500
10.000000	1	-0.631750
10.016667	1	-0.904125
10.033333	1	-1.264875
10.050000	1	-1.719750
10.066667	1	-2.265125
10.083333	1	-2.881500
10.100000	1	-3.534500
10.116667	1	-4.179625
10.133333	1	-4.770125
10.150000	1	-5.266750
10.166667	1	-5.639750
10.183333	1	-5.873375
10.200000	1	-5.966000
10.216667	1	-5.926500
10.233333	1	-5.772125
10.250000	1	-5.524500
10.266667	1	-5.206625
10.283333	1	-4.840625
10.300000	1	-4.447500
10.316667	1	-4.046875
10.333333	1	-3.652500
10.350000	1	-3.275500
10.366667	1	-2.923250
10.383333	1	-2.600250
10.400000	1	-2.306875
10.416667	1	-2.043375
10.433333	1	-1.807625
10.450000	1	-1.597750
10.466667	1	-1.410250
10.483333	1	-1.242500
10.500000	1	-1.092250
10.516667	1	-0.957625
10.533333	1	-0.835625
10.550000	1	-0.726250
10.566667	1	-0.628625
10.583333	1	-0.541875
10.600000	1	-0.464750
10.616667	1	-0.396250
10.633333	1	-0.336500
10.650000	1	-0.283375
10.666667	1	-0.238625
10.683333	1	-0.199750
10.700000	1	-0.165625
10.716667	1	-0.135000
10.733333	1	-0.107375
10.750000	1	-0.082250
10.766667	1	-0.058750
10.783333	1	-0.036375
10.800000	1	-0.015250
10.816667	1	0.005375
10.833333	1	0.025250
10.850000	1	0.044500
10.866667	1	0.061250
10.883333	1	0.076000
10.900000	1	0.089000
10.916667	1	0.099500
10.933333	1	0.108250
10.950000	1	0.114000
10.966667	1	0.116875
10.983333	1	0.117375
11.000000	1	0.116000
11.016667	1	0.113125
11.033333	1	0.109250
11.050000	1	0.105250
11.066667	1	0.100750
11.083333	1	0.096500
11.100000	1	0.091750
11.116667	1	0.087125
11.133333	1	0.083250
11.150000	1	0.080500
11.166667	1	0.078625
11.183333	1	0.077500
11.200000	1	0.076500
11.216667	1	0.077375
11.233333	1	0.079500
11.250000	1	0.083000
11.266667	1	0.087750
11.283333	1	0.094750
11.300000	1	0.104500
11.316667	1	0.116625
11.333333	1	0.131375
11.350000	1	0.149625
11.366667	1	0.170500
11.383333	1	0.194250
11.400000	1	0.220875
11.416667	1	0.249000
11.433333	1	0.276500
11.450000	1	0.303500
11.466667	1	0.328500
11.483333	1	0.349250
11.500000	1	0.365500
11.516667	1	0.376000
11.533333	1	0.380625
11.550000	1	0.379000
11.566667	1	0.372625
11.583333	1	0.361750
11.600000	1	0.346875
11.616667	1	0.328750
11.633333	1	0.308625
11.650000	1	0.288000
11.666667	1	0.266750
11.683333	1	0.246625
11.700000	1	0.226000
11.716667	1	0.207375
11.733333	1	0.190000
11.750000	1	0.174375
11.766667	1	0.159125
11.783333	1	0.146000
11.800000	1	0.134750
11.816667	1	0.124375
11.833333	1	0.115625
11.850000	1	0.108500
11.866667	1	0.102875
11.883333	1	0.098875
11.900000	1	0.096500
11.916667	1	0.096000
11.933333	1	0.097125
11.950000	1	0.101125
11.966667	1	0.107875
11.983333	1	0.117000
12.000000	1	0.131500
12.016667	1	0.150875
12.033333	1	0.175500
12.050000	1	0.208125
12.066667	1	0.248875
12.083333	1	0.300625
12.100000	1	0.365375
12.116667	1	0.445375
12.133333	1	0.543125
12.150000	1	0.662000
12.166667	1	0.805750
12.183333	1	0.977250
12.200000	1	1.181625
12.216667	1	1.424250
12.233333	1	1.710750
12.250000	1	2.047125
12.266667	1	2.443000
12.283333	1	2.911250
12.300000	1	3.467000
12.316667	1	4.134000
12.333333	1	4.943000
12.350000	1	5.935750
12.366667	1	7.166375
12.383333	1	8.700375
12.400000	1	10.615250
12.416667	1	12.992125
12.433333	1	15.912125
12.450000	1	19.446000
12.466667	1	23.639250
12.483333	1	28.498625
12.500000	1	33.981125
12.516667	1	39.981500
12.533333	1	46.332875
12.550000	1	52.816625
12.566667	1	59.174000
12.583333	1	65.129750
12.600000	1	70.414500
12.616667	1	74.791750
12.633333	1	78.082375
12.650000	1	80.175875
12.666667	1	81.031000
12.683333	1	80.677125
12.700000	1	79.204375
12.716667	1	76.754250
12.733333	1	73.500250
12.750000	1	69.630750
12.766667	1	65.326750
12.783333	1	60.755125
12.800000	1	56.068500
12.816667	1	51.391500
12.833333	1	46.822625
12.850000	1	42.434500
12.866667	1	38.280250
12.883333	1	34.392625
12.900000	1	30.790250
12.916667	1	27.482375
12.933333	1	24.465500
12.950000	1	21.732375
12.966667	1	19.269625
12.983333	1	17.060250
13.000000	1	15.088375
13.016667	1	13.334625
13.033333	1	11.780125
13.050000	1	10.405375
13.066667	1	9.193500
13.083333	1	8.126000
13.100000	1	7.190125
13.116667	1	6.370125
13.133333	1	5.652875
13.150000	1	5.027500
13.166667	1	4.481875
13.183333	1	4.005750
13.200000	1	3.590875
13.216667	1	3.228750
13.233333	1	2.911250
13.250000	1	2.633125
13.266667	1	2.388500
13.283333	1	2.172750
13.300000	1	1.981000
13.316667	1	1.810875
13.333333	1	1.659375
13.350000	1	1.523625
13.366667	1	1.401750
13.383333	1	1.291500
13.400000	1	1.192625
13.416667	1	1.103000
13.433333	1	1.022000
13.450000	1	0.947875
13.466667	1	0.880375
13.483333	1	0.819125
13.500000	1	0.762625
13.516667	1	0.710750
13.533333	1	0.663750
13.550000	1	0.620125
13.566667	1	0.580125
13.583333	1	0.543375
13.600000	1	0.510250
13.616667	1	0.479000
13.633333	1	0.450750
13.650000	1	0.424500
13.666667	1	0.401125
13.683333	1	0.379125
13.700000	1	0.359375
13.716667	1	0.340500
13.733333	1	0.323750
13.750000	1	0.308750
13.766667	1	0.294625
13.783333	1	0.281250
13.800000	1	0.269750
13.816667	1	0.258875
13.833333	1	0.248625
13.850000	1	0.238750
13.866667	1	0.230500
13.883333	1	0.222375
13.900000	1	0.215125
13.916667	1	0.207750
13.933333	1	0.201625
13.950000	1	0.196375
13.966667	1	0.191625
13.983333	1	0.187000
14.000000	1	0.183125
14.016667	1	0.179250
14.033333	1	0.175875
14.050000	1	0.173000
14.066667	1	0.171000
14.083333	1	0.169125
14.100000	1	0.167625
14.116667	1	0.166500
14.133333	1	0.165875
14.150000	1	0.165750
14.166667	1	0.166375
14.183333	1	0.168250
14.200000	1	0.170750
14.216667	1	0.175000
14.233333	1	0.180000
14.250000	1	0.186875
14.266667	1	0.195375
14.283333	1	0.206250
14.300000	1	0.220250
14.316667	1	0.237875
14.333333	1	0.258500
14.350000	1	0.284375
14.366667	1	0.315750
14.383333	1	0.353375
14.400000	1	0.399125
14.416667	1	0.453125
14.433333	1	0.517625
14.450000	1	0.593375
14.466667	1	0.682500
14.483333	1	0.786000
14.500000	1	0.906250
14.516667	1	1.046625
14.533333	1	1.209625
14.550000	1	1.398250
14.566667	1	1.617250
14.583333	1	1.873000
14.600000	1	2.171625
14.616667	1	2.524625
14.633333	1	2.944500
14.650000	1	3.448000
14.666667	1	4.056625
14.683333	1	4.794500
14.700000	1	5.687375
14.716667	1	6.763500
14.733333	1	8.049500
14.750000	1	9.571125
14.766667	1	11.341250
14.783333	1	13.361125
14.800000	1	15.620625
14.816667	1	18.091125
14.833333	1	20.724875
14.850000	1	23.456750
14.866667	1	26.205250
14.883333	1	28.875750
14.900000	1	31.371875
14.916667	1	33.596500
14.933333	1	35.466125
14.950000	1	36.912375
14.966667	1	37.888750
14.983333	1	38.374375
15.000000	1	38.371500
15.016667	1	37.905500
15.033333	1	37.018625
15.050000	1	35.764125
15.066667	1	34.205750
15.083333	1	32.412125
15.100000	1	30.454125
15.116667	1	28.395250
15.133333	1	26.292125
15.150000	1	24.192875
15.166667	1	22.140625
15.183333	1	20.167000
15.200000	1	18.291375
15.216667	1	16.530250
15.233333	1	14.889750
15.250000	1	13.374500
15.266667	1	11.983500
15.283333	1	10.715625
15.300000	1	9.564750
15.316667	1	8.524875
15.333333	1	7.590375
15.350000	1	6.753375
15.366667	1	6.006375
15.383333	1	5.341750
15.400000	1	4.752500
15.416667	1	4.230750
15.433333	1	3.770000
15.450000	1	3.364125
15.466667	1	3.007000
15.483333	1	2.693500
15.500000	1	2.418250
15.516667	1	2.177375
15.533333	1	1.965375
15.550000	1	1.780000
15.566667	1	1.617375
15.583333	1	1.474125
15.600000	1	1.347500
15.616667	1	1.236125
15.633333	1	1.137875
15.650000	1	1.050375
15.666667	1	0.972125
15.683333	1	0.901750
15.700000	1	0.838750
15.716667	1	0.782750
15.733333	1	0.732375
15.750000	1	0.686375
15.766667	1	0.645375
15.783333	1	0.607250
15.800000	1	0.573875
15.816667	1	0.543125
15.833333	1	0.515500
15.850000	1	0.490625
15.866667	1	0.467875
15.883333	1	0.447000
15.900000	1	0.427250
15.916667	1	0.410000
15.933333	1	0.394750
15.950000	1	0.380750
15.966667	1	0.367875
15.983333	1	0.356500
16.000000	1	0.345500
16.016667	1	0.337000
16.033333	1	0.329250
16.050000	1	0.322000
16.066667	1	0.315000
16.083333	1	0.308500
16.100000	1	0.303000
16.116667	1	0.298500
16.133333	1	0.294625
16.150000	1	0.291125
16.166667	1	0.288125
16.183333	1	0.285125
16.200000	1	0.282875
16.216667	1	0.280500
16.233333	1	0.278625
16.250000	1	0.277000
16.266667	1	0.275500
16.283333	1	0.274375
16.300000	1	0.273250
16.316667	1	0.271750
16.333333	1	0.270500
16.350000	1	0.269625
16.366667	1	0.269125
16.383333	1	0.268375
16.400000	1	0.267500
16.416667	1	0.266875
16.433333	1	0.266250
16.450000	1	0.265500
16.466667	1	0.264625
16.483333	1	0.264125
16.500000	1	0.263375
16.516667	1	0.263250
16.533333	1	0.263000
16.550000	1	0.262500
16.566667	1	0.262125
16.583333	1	0.261750
16.600000	1	0.261125
16.616667	1	0.261000
16.633333	1	0.260375
16.650000	1	0.259750
16.666667	1	0.259125
16.683333	1	0.258250
16.700000	1	0.257750
16.716667	1	0.256875
16.733333	1	0.256750
16.750000	1	0.256375
16.766667	1	0.255750
16.783333	1	0.255375
16.800000	1	0.255000
16.816667	1	0.254500
16.833333	1	0.254625
16.850000	1	0.254500
16.866667	1	0.254000
16.883333	1	0.253875
16.900000	1	0.253750
16.916667	1	0.253625
16.933333	1	0.253250
16.950000	1	0.252625
16.966667	1	0.252250
16.983333	1	0.252000
17.000000	1	0.252125
17.016667	1	0.251375
17.033333	1	0.251375
17.050000	1	0.251000
17.066667	1	0.250875
17.083333	1	0.250500
17.100000	1	0.250875
17.116667	1	0.250125
17.133333	1	0.249750
17.150000	1	0.249500
17.166667	1	0.248875
17.183333	1	0.248375
17.200000	1	0.248250
17.216667	1	0.248250
17.233333	1	0.247375
17.250000	1	0.246500
17.266667	1	0.246125
17.283333	1	0.245875
17.300000	1	0.245125
17.316667	1	0.244875
17.333333	1	0.244125
17.350000	1	0.243875
17.366667	1	0.242875
17.383333	1	0.242500
17.400000	1	0.242125
17.416667	1	0.242000
17.433333	1	0.241500
17.450000	1	0.241125
17.466667	1	0.240000
17.483333	1	0.239250
17.500000	1	0.238875
17.516667	1	0.238500
17.533333	1	0.237625
17.550000	1	0.237625
17.566667	1	0.236875
17.583333	1	0.237125
17.600000	1	0.237125
17.616667	1	0.237125
17.633333	1	0.236500
17.650000	1	0.236250
17.666667	1	0.236000
17.683333	1	0.235625
17.700000	1	0.235375
17.716667	1	0.234500
17.733333	1	0.234250
17.750000	1	0.233875
17.766667	1	0.234125
17.783333	1	0.234125
17.800000	1	0.234625
17.816667	1	0.235000
17.833333	1	0.235250
17.850000	1	0.235250
17.866667	1	0.235125
17.883333	1	0.235250
17.900000	1	0.234750
17.916667	1	0.234875
17.933333	1	0.235250
17.950000	1	0.235625
17.966667	1	0.235625
17.983333	1	0.235500
18.000000	1	0.236375
18.016667	1	0.236625
18.033333	1	0.236250
18.050000	1	0.236750
18.066667	1	0.237125
18.083333	1	0.237250
18.100000	1	0.237375
18.116667	1	0.237875
18.133333	1	0.238000
18.150000	1	0.239250
18.166667	1	0.240000
18.183333	1	0.240500
18.200000	1	0.240750
18.216667	1	0.241125
18.233333	1	0.241500
18.250000	1	0.242000
18.266667	1	0.242125
18.283333	1	0.242625
18.300000	1	0.242500
18.316667	1	0.243250
18.333333	1	0.243125
18.350000	1	0.244000
18.366667	1	0.244500
18.383333	1	0.244500
18.400000	1	0.245250
18.416667	1	0.245375
18.433333	1	0.245375
18.450000	1	0.245000
18.466667	1	0.245750
18.483333	1	0.245875
18.500000	1	0.246125
18.516667	1	0.245750
18.533333	1	0.246125
18.550000	1	0.245625
18.566667	1	0.245250
18.583333	1	0.244875
18.600000	1	0.244875
18.616667	1	0.244375
18.633333	1	0.244500
18.650000	1	0.244125
18.666667	1	0.243375
18.683333	1	0.242000
18.700000	1	0.240500
18.716667	1	0.239500
18.733333	1	0.239250
18.750000	1	0.239000
18.766667	1	0.237875
18.783333	1	0.237250
18.800000	1	0.236375
18.816667	1	0.236125
18.833333	1	0.235375
18.850000	1	0.234000
18.866667	1	0.232875
18.883333	1	0.232000
18.900000	1	0.230125
18.916667	1	0.228750
18.933333	1	0.228000
18.950000	1	0.227375
18.966667	1	0.225750
18.983333	1	0.226000
19.000000	1	0.226125
19.016667	1	0.226375
19.033333	1	0.226000
19.050000	1	0.226500
19.066667	1	0.226750
19.083333	1	0.228500
19.100000	1	0.230625
19.116667	1	0.232875
19.133333	1	0.235625
19.150000	1	0.238875
19.166667	1	0.243375
19.183333	1	0.249125
19.200000	1	0.256250
19.216667	1	0.263875
19.233333	1	0.273125
19.250000	1	0.283625
19.266667	1	0.295875
19.283333	1	0.310500
19.300000	1	0.327000
19.316667	1	0.346500
19.333333	1	0.368750
19.350000	1	0.393875
19.366667	1	0.422125
19.383333	1	0.454750
19.400000	1	0.491875
19.416667	1	0.532875
19.433333	1	0.579375
19.450000	1	0.631125
19.466667	1	0.689250
19.483333	1	0.754625
19.500000	1	0.827875
19.516667	1	0.908750
19.533333	1	0.999250
19.550000	1	1.100875
19.566667	1	1.215250
19.583333	1	1.344875
19.600000	1	1.491875
19.616667	1	1.659625
19.633333	1	1.851375
19.650000	1	2.072625
19.666667	1	2.327750
19.683333	1	2.622125
19.700000	1	2.962625
19.716667	1	3.354875
19.733333	1	3.803375
19.750000	1	4.313250
19.766667	1	4.887625
19.783333	1	5.528375
19.800000	1	6.234125
19.816667	1	7.001750
19.833333	1	7.821500
19.850000	1	8.682000
19.866667	1	9.569500
19.883333	1	10.464250
19.900000	1	11.348125
19.916667	1	12.199875
19.933333	1	12.999000
19.950000	1	13.727375
19.966667	1	14.366750
19.983333	1	14.902875
20.000000	1	15.324375
20.016667	1	15.625125
20.033333	1	15.801750
20.050000	1	15.856375
20.066667	1	15.795375
20.083333	1	15.625750
20.100000	1	15.361375
20.116667	1	15.017125
20.133333	1	14.609375
20.150000	1	14.154500
20.166667	1	13.671000
20.183333	1	13.175750
20.200000	1	12.686750
20.216667	1	12.219625
20.233333	1	11.788500
20.250000	1	11.406500
20.266667	1	11.083625
20.283333	1	10.828375
20.300000	1	10.647375
20.316667	1	10.543625
20.333333	1	10.517750
20.350000	1	10.566125
20.366667	1	10.684375
20.383333	1	10.862875
20.400000	1	11.091000
20.416667	1	11.356000
20.433333	1	11.643000
20.450000	1	11.937125
20.466667	1	12.221000
20.483333	1	12.478500
20.500000	1	12.694500
20.516667	1	12.856375
20.533333	1	12.952625
20.550000	1	12.975625
20.566667	1	12.920125
20.583333	1	12.784000
20.600000	1	12.568250
20.616667	1	12.276375
20.633333	1	11.914000
20.650000	1	11.489125
20.666667	1	11.011500
20.683333	1	10.491625
20.700000	1	9.940250
20.716667	1	9.368500
20.733333	1	8.786750
20.750000	1	8.201500
20.766667	1	7.622750
20.783333	1	7.056750
20.800000	1	6.510000
20.816667	1	5.986500
20.833333	1	5.489750
20.850000	1	5.022625
20.866667	1	4.585125
20.883333	1	4.179750
20.900000	1	3.805125
20.916667	1	3.460000
20.933333	1	3.143625
20.950000	1	2.854375
20.966667	1	2.590750
20.983333	1	2.350625
21.000000	1	2.132500
21.016667	1	1.936000
21.033333	1	1.758750
21.050000	1	1.598625
21.066667	1	1.454125
21.083333	1	1.324625
21.100000	1	1.208625
21.116667	1	1.104750
21.133333	1	1.012125
21.150000	1	0.928875
21.166667	1	0.855375
21.183333	1	0.788875
21.200000	1	0.729625
21.216667	1	0.676750
21.233333	1	0.630375
21.250000	1	0.588625
21.266667	1	0.551500
21.283333	1	0.519000
21.300000	1	0.489875
21.316667	1	0.464500
21.333333	1	0.442000
21.350000	1	0.422000
21.366667	1	0.405500
21.383333	1	0.390375
21.400000	1	0.377625
21.416667	1	0.367250
21.433333	1	0.358750
21.450000	1	0.352375
21.466667	1	0.347750
21.483333	1	0.345125
21.500000	1	0.343875
21.516667	1	0.345500
21.533333	1	0.348625
21.550000	1	0.355250
21.566667	1	0.363875
21.583333	1	0.375500
21.600000	1	0.390000
21.616667	1	0.408750
21.633333	1	0.431250
21.650000	1	0.458625
21.666667	1	0.489750
21.683333	1	0.528000
21.700000	1	0.572125
21.716667	1	0.622125
21.733333	1	0.680125
21.750000	1	0.746375
21.766667	1	0.821375
21.783333	1	0.904500
21.800000	1	0.996125
21.816667	1	1.096500
21.833333	1	1.204750
21.850000	1	1.321750
21.866667	1	1.445250
21.883333	1	1.574625
21.900000	1	1.708625
21.916667	1	1.845375
21.933333	1	1.983750
21.950000	1	2.120125
21.966667	1	2.252875
21.983333	1	2.379375
22.000000	1	2.498250
22.016667	1	2.605500
22.033333	1	2.700000
22.050000	1	2.779500
22.066667	1	2.842500
22.083333	1	2.887875
22.100000	1	2.915500
22.116667	1	2.923750
22.133333	1	2.912625
22.150000	1	2.883500
22.166667	1	2.836750
22.183333	1	2.774375
22.200000	1	2.698000
22.216667	1	2.609625
22.233333	1	2.509750
22.250000	1	2.402000
22.266667	1	2.288500
22.283333	1	2.171000
22.300000	1	2.051625
22.316667	1	1.931250
22.333333	1	1.811875
22.350000	1	1.694625
22.366667	1	1.581875
22.383333	1	1.472875
22.400000	1	1.368625
22.416667	1	1.270000
22.433333	1	1.177250
22.450000	1	1.091250
22.466667	1	1.010875
22.483333	1	0.936500
22.500000	1	0.867875
22.516667	1	0.805500
22.533333	1	0.747875
22.550000	1	0.695750
22.566667	1	0.647250
22.583333	1	0.603375
22.600000	1	0.563875
22.616667	1	0.527750
22.633333	1	0.494875
22.650000	1	0.465625
22.666667	1	0.439500
22.683333	1	0.416000
22.700000	1	0.395375
22.716667	1	0.376000
22.733333	1	0.359125
22.750000	1	0.344375
22.766667	1	0.331125
22.783333	1	0.319000
22.800000	1	0.307750
22.816667	1	0.298375
22.833333	1	0.290250
22.850000	1	0.282750
22.866667	1	0.276125
22.883333	1	0.270750
22.900000	1	0.265500
22.916667	1	0.261375
22.933333	1	0.257875
22.950000	1	0.255125
22.966667	1	0.252250
22.983333	1	0.250000
23.000000	1	0.248375
23.016667	1	0.247000
23.033333	1	0.246875
23.050000	1	0.247250
23.066667	1	0.247625
23.083333	1	0.248875
23.100000	1	0.250625
23.116667	1	0.252750
23.133333	1	0.255875
23.150000	1	0.259500
23.166667	1	0.264250
23.183333	1	0.268875
23.200000	1	0.275125
23.216667	1	0.282125
23.233333	1	0.289625
23.250000	1	0.298625
23.266667	1	0.308250
23.283333	1	0.319625
23.300000	1	0.332625
23.316667	1	0.347750
23.333333	1	0.364250
23.350000	1	0.382750
23.366667	1	0.403125
23.383333	1	0.425875
23.400000	1	0.450875
23.416667	1	0.479375
23.433333	1	0.511250
23.450000	1	0.547375
23.466667	1	0.588750
23.483333	1	0.634625
23.500000	1	0.686000
23.516667	1	0.743875
23.533333	1	0.809250
23.550000	1	0.882250
23.566667	1	0.964625
23.583333	1	1.056875
23.600000	1	1.160750
23.616667	1	1.275750
23.633333	1	1.402875
23.650000	1	1.542625
23.666667	1	1.695125
23.683333	1	1.860625
23.700000	1	2.037750
23.716667	1	2.226125
23.733333	1	2.423500
23.750000	1	2.627375
23.766667	1	2.836250
23.783333	1	3.046625
23.800000	1	3.256000
23.816667	1	3.459750
23.833333	1	3.653750
23.850000	1	3.835500
23.866667	1	4.001125
23.883333	1	4.147250
23.900000	1	4.271625
23.916667	1	4.370625
23.933333	1	4.442750
23.950000	1	4.486750
23.966667	1	4.503000
23.983333	1	4.491250
24.000000	1	4.451500
24.016667	1	4.386000
24.033333	1	4.297375
24.050000	1	4.186625
24.066667	1	4.057250
24.083333	1	3.911750
24.100000	1	3.753250
24.116667	1	3.584000
24.133333	1	3.408125
24.150000	1	3.227500
24.166667	1	3.045250
24.183333	1	2.863625
24.200000	1	2.684500
24.216667	1	2.510000
24.233333	1	2.341375
24.250000	1	2.179375
24.266667	1	2.024500
24.283333	1	1.877750
24.300000	1	1.740000
24.316667	1	1.610250
24.333333	1	1.489875
24.350000	1	1.377375
24.366667	1	1.273500
24.383333	1	1.177000
24.400000	1	1.088375
24.416667	1	1.007375
24.433333	1	0.933625
24.450000	1	0.865500
24.466667	1	0.803875
24.483333	1	0.747375
24.500000	1	0.695875
24.516667	1	0.648500
24.533333	1	0.605500
24.550000	1	0.566625
24.566667	1	0.531250
24.583333	1	0.498875
24.600000	1	0.470250
24.616667	1	0.444500
24.633333	1	0.420125
24.650000	1	0.398500
24.666667	1	0.379125
24.683333	1	0.361750
24.700000	1	0.346500
24.716667	1	0.331875
24.733333	1	0.319000
24.750000	1	0.307375
24.766667	1	0.297000
24.783333	1	0.286875
24.800000	1	0.278500
24.816667	1	0.270500
24.833333	1	0.263875
24.850000	1	0.257125
24.866667	1	0.252250
24.883333	1	0.246875
24.900000	1	0.241500
24.916667	1	0.237625
24.933333	1	0.233250
24.950000	1	0.228625
24.966667	1	0.224875
24.983333	1	0.221500
25.000000	1	0.218875
25.016667	1	0.215875
25.033333	1	0.212625
25.050000	1	0.209875
25.066667	1	0.207625
25.083333	1	0.205500
25.100000	1	0.203250
25.116667	1	0.201000
25.133333	1	0.198500
25.150000	1	0.197375
25.166667	1	0.195125
25.183333	1	0.192625
25.200000	1	0.190750
25.216667	1	0.189375
25.233333	1	0.187375
25.250000	1	0.185750
25.266667	1	0.184000
25.283333	1	0.181875
25.300000	1	0.180125
25.316667	1	0.179375
25.333333	1	0.178000
25.350000	1	0.175750
25.366667	1	0.175000
25.383333	1	0.173125
25.400000	1	0.172000
25.416667	1	0.170625
25.433333	1	0.169000
25.450000	1	0.167875
25.466667	1	0.166875
25.483333	1	0.166000
25.500000	1	0.165125
25.516667	1	0.164250
25.533333	1	0.162750
25.550000	1	0.161750
25.566667	1	0.160375
25.583333	1	0.159625
25.600000	1	0.158875
25.616667	1	0.157500
25.633333	1	0.156250
25.650000	1	0.153875
25.666667	1	0.152500
25.683333	1	0.151250
25.700000	1	0.149125
25.716667	1	0.147000
25.733333	1	0.145000
25.750000	1	0.142750
25.766667	1	0.140375
25.783333	1	0.138000
25.800000	1	0.135000
25.816667	1	0.131500
25.833333	1	0.127750
25.850000	1	0.124250
25.866667	1	0.120125
25.883333	1	0.115875
25.900000	1	0.110625
25.916667	1	0.105000
25.933333	1	0.100250
25.950000	1	0.094625
25.966667	1	0.088125
25.983333	1	0.081625
26.000000	1	0.074375
26.016667	1	0.067375
26.033333	1	0.060750
26.050000	1	0.052875
26.066667	1	0.044250
26.083333	1	0.037750
26.100000	1	0.031250
26.116667	1	0.024375
26.133333	1	0.017375
26.150000	1	0.010625
26.166667	1	0.005125
26.183333	1	-0.000125
26.200000	1	-0.005375
26.216667	1	-0.010000
26.233333	1	-0.013625
26.250000	1	-0.016250
26.266667	1	-0.018625
26.283333	1	-0.020625
26.300000	1	-0.021000
26.316667	1	-0.021000
26.333333	1	-0.020375
26.350000	1	-0.018625
26.366667	1	-0.016625
26.383333	1	-0.014000
26.400000	1	-0.010500
26.416667	1	-0.006500
26.433333	1	-0.002375
26.450000	1	0.001875
26.466667	1	0.007000
26.483333	1	0.012875
26.500000	1	0.019125
26.516667	1	0.025125
26.533333	1	0.030500
26.550000	1	0.036875
26.566667	1	0.042750
26.583333	1	0.048875
26.600000	1	0.055125
26.616667	1	0.060875
26.633333	1	0.066875
26.650000	1	0.072375
26.666667	1	0.078250
26.683333	1	0.083750
26.700000	1	0.088875
26.716667	1	0.093875
26.733333	1	0.098500
26.750000	1	0.102750
26.766667	1	0.107750
26.783333	1	0.112250
26.800000	1	0.116375
26.816667	1	0.120500
26.833333	1	0.125250
26.850000	1	0.129000
26.866667	1	0.133750
26.883333	1	0.137875
26.900000	1	0.142875
26.916667	1	0.147000
26.933333	1	0.151375
26.950000	1	0.154875
26.966667	1	0.159625
26.983333	1	0.164750
27.000000	1	0.169500
27.016667	1	0.174875
27.033333	1	0.180875
27.050000	1	0.187375
27.066667	1	0.194250
27.083333	1	0.201250
27.100000	1	0.208875
27.116667	1	0.217000
27.133333	1	0.225125
27.150000	1	0.235000
27.166667	1	0.245625
27.183333	1	0.257000
27.200000	1	0.269125
27.216667	1	0.282375
27.233333	1	0.296125
27.250000	1	0.311375
27.266667	1	0.327875
27.283333	1	0.346375
27.300000	1	0.365375
27.316667	1	0.386125
27.333333	1	0.409000
27.350000	1	0.433500
27.366667	1	0.459625
27.383333	1	0.488000
27.400000	1	0.519375
27.416667	1	0.552875
27.433333	1	0.589500
27.450000	1	0.629500
27.466667	1	0.673625
27.483333	1	0.721875
27.500000	1	0.774750
27.516667	1	0.833375
27.533333	1	0.898250
27.550000	1	0.970375
27.566667	1	1.050125
27.583333	1	1.137625
27.600000	1	1.234250
27.616667	1	1.341250
27.633333	1	1.459500
27.650000	1	1.588875
27.666667	1	1.730375
27.683333	1	1.885000
27.700000	1	2.051500
27.716667	1	2.231000
27.733333	1	2.422125
27.750000	1	2.623125
27.766667	1	2.833875
27.783333	1	3.052125
27.800000	1	3.276125
27.816667	1	3.504000
27.833333	1	3.732125
27.850000	1	3.958375
27.866667	1	4.178750
27.883333	1	4.390125
27.900000	1	4.589750
27.916667	1	4.774250
27.933333	1	4.942000
27.950000	1	5.088750
27.966667	1	5.212875
27.983333	1	5.311750
28.000000	1	5.385625
28.016667	1	5.432500
28.033333	1	5.452625
28.050000	1	5.446000
28.066667	1	5.412625
28.083333	1	5.352875
28.100000	1	5.269125
28.116667	1	5.162875
28.133333	1	5.037000
28.150000	1	4.893250
28.166667	1	4.734375
28.183333	1	4.563125
28.200000	1	4.381375
28.216667	1	4.191250
28.233333	1	3.996000
28.250000	1	3.796875
28.266667	1	3.597000
28.283333	1	3.397500
28.300000	1	3.200000
28.316667	1	3.006375
28.333333	1	2.818125
28.350000	1	2.635750
28.366667	1	2.460375
28.383333	1	2.292875
28.400000	1	2.133625
28.416667	1	1.983375
28.433333	1	1.841625
28.450000	1	1.708750
28.466667	1	1.583625
28.483333	1	1.466750
28.500000	1	1.358250
28.516667	1	1.257125
28.533333	1	1.163250
28.550000	1	1.076250
28.566667	1	0.995750
28.583333	1	0.922000
28.600000	1	0.854000
28.616667	1	0.790875
28.633333	1	0.732500
28.650000	1	0.679250
28.666667	1	0.629750
28.683333	1	0.583250
28.700000	1	0.540750
28.716667	1	0.501250
28.733333	1	0.465125
28.750000	1	0.430625
28.766667	1	0.400000
28.783333	1	0.370750
28.800000	1	0.344000
28.816667	1	0.320125
28.833333	1	0.297750
28.850000	1	0.277000
28.866667	1	0.257500
28.883333	1	0.239875
28.900000	1	0.222875
28.916667	1	0.207125
28.933333	1	0.193625
28.950000	1	0.180625
28.966667	1	0.169000
28.983333	1	0.158000
29.000000	1	0.147750
29.016667	1	0.139125
29.033333	1	0.131375
29.050000	1	0.123875
29.066667	1	0.117250
29.083333	1	0.110875
29.100000	1	0.104750
29.116667	1	0.098875
29.133333	1	0.093875
29.150000	1	0.089750
29.166667	1	0.085875
29.183333	1	0.081875
29.200000	1	0.079000
29.216667	1	0.076500
29.233333	1	0.073500
29.250000	1	0.071250
29.266667	1	0.069000
29.283333	1	0.066250
29.300000	1	0.064750
29.316667	1	0.063250
29.333333	1	0.061625
29.350000	1	0.060125
29.366667	1	0.059250
29.383333	1	0.058375
29.400000	1	0.057500
29.416667	1	0.056125
29.433333	1	0.055375
29.450000	1	0.054125
29.466667	1	0.053875
29.483333	1	0.053125
29.500000	1	0.052375
29.516667	1	0.052000
29.533333	1	0.051750
29.550000	1	0.051625
29.566667	1	0.051375
29.583333	1	0.051000
29.600000	1	0.050375
29.616667	1	0.050750
29.633333	1	0.051375
29.650000	1	0.051375
29.666667	1	0.051000
29.683333	1	0.051250
29.700000	1	0.051375
29.716667	1	0.051875
29.733333	1	0.052375
29.750000	1	0.052250
29.766667	1	0.052250
29.783333	1	0.053000
29.800000	1	0.053500
29.816667	1	0.053875
29.833333	1	0.054500
29.850000	1	0.055750
29.866667	1	0.056125
29.883333	1	0.057125
29.900000	1	0.057250
29.916667	1	0.057625
29.933333	1	0.058750
29.950000	1	0.059250
29.966667	1	0.060125
29.983333	1	0.061125
30.000000	1	0.061125
30.016667	1	0.062500
30.033333	1	0.063750
30.050000	1	0.064875
30.066667	1	0.066000
30.083333	1	0.066875
30.100000	1	0.068875
30.116667	1	0.070375
30.133333	1	0.071125
30.150000	1	0.073375
30.166667	1	0.075625
30.183333	1	0.078250
30.200000	1	0.081500
30.216667	1	0.084250
30.233333	1	0.087000
30.250000	1	0.090250
30.266667	1	0.093625
30.283333	1	0.097000
30.300000	1	0.101375
30.316667	1	0.105250
30.333333	1	0.110375
30.350000	1	0.115875
30.366667	1	0.123000
30.383333	1	0.130000
30.400000	1	0.136750
30.416667	1	0.144375
30.433333	1	0.152625
30.450000	1	0.161000
30.466667	1	0.170125
30.483333	1	0.179625
30.500000	1	0.189625
30.516667	1	0.200125
30.533333	1	0.210625
30.550000	1	0.221750
30.566667	1	0.233000
30.583333	1	0.244250
30.600000	1	0.256000
30.616667	1	0.267250
30.633333	1	0.277875
30.650000	1	0.288375
30.666667	1	0.298250
30.683333	1	0.307750
30.700000	1	0.315625
30.716667	1	0.322875
30.733333	1	0.329625
30.750000	1	0.335125
30.766667	1	0.340125
30.783333	1	0.343750
30.800000	1	0.345750
30.816667	1	0.346500
30.833333	1	0.346500
30.850000	1	0.344125
30.866667	1	0.341125
30.883333	1	0.336875
30.900000	1	0.332625
30.916667	1	0.326875
30.933333	1	0.319750
30.950000	1	0.312000
30.966667	1	0.304125
30.983333	1	0.294625
31.000000	1	0.285375
31.016667	1	0.275875
31.033333	1	0.265625
31.050000	1	0.255500
31.066667	1	0.245000
31.083333	1	0.235250
31.100000	1	0.225125
31.116667	1	0.215625
31.133333	1	0.205750
31.150000	1	0.195750
31.166667	1	0.186875
31.183333	1	0.178875
31.200000	1	0.170500
31.216667	1	0.163000
31.233333	1	0.155375
31.250000	1	0.149000
31.266667	1	0.142625
31.283333	1	0.136750
31.300000	1	0.131250
31.316667	1	0.125750
31.333333	1	0.121500
31.350000	1	0.117250
31.366667	1	0.112750
31.383333	1	0.109000
31.400000	1	0.105375
31.416667	1	0.102625
31.433333	1	0.099625
31.450000	1	0.096750
31.466667	1	0.093625
31.483333	1	0.091625
31.500000	1	0.088875
31.516667	1	0.086750
31.533333	1	0.084750
31.550000	1	0.083000
31.566667	1	0.081625
31.583333	1	0.080125
31.600000	1	0.079250
31.616667	1	0.077875
31.633333	1	0.076500
31.650000	1	0.074750
31.666667	1	0.073125
31.683333	1	0.071875
31.700000	1	0.071125
31.716667	1	0.070375
31.733333	1	0.069500
31.750000	1	0.068875
31.766667	1	0.067875
31.783333	1	0.066625
31.800000	1	0.065500
31.816667	1	0.064375
31.833333	1	0.063875
31.850000	1	0.062375
31.866667	1	0.061250
31.883333	1	0.060750
31.900000	1	0.059125
31.916667	1	0.058750
31.933333	1	0.057375
31.950000	1	0.056625
31.966667	1	0.055875
31.983333	1	0.054750
32.000000	1	0.053875
32.016667	1	0.052875
32.033333	1	0.052375
32.050000	1	0.051375
32.066667	1	0.050375
32.083333	1	0.049125
32.100000	1	0.048375
32.116667	1	0.047000
32.133333	1	0.046125
32.150000	1	0.045125
32.166667	1	0.044125
32.183333	1	0.043250
32.200000	1	0.042000
32.216667	1	0.041500
32.233333	1	0.040875
32.250000	1	0.040125
32.266667	1	0.039250
32.283333	1	0.038375
32.300000	1	0.038000
32.316667	1	0.036875
32.333333	1	0.036250
32.350000	1	0.035250
32.366667	1	0.034750
32.383333	1	0.033875
32.400000	1	0.033625
32.416667	1	0.032875
32.433333	1	0.032500
32.450000	1	0.032750
32.466667	1	0.032375
32.483333	1	0.032625
32.500000	1	0.032750
32.516667	1	0.032125
32.533333	1	0.031875
32.550000	1	0.032000
32.566667	1	0.032625
32.583333	1	0.033000
32.600000	1	0.033625
32.616667	1	0.034000
32.633333	1	0.035000
32.650000	1	0.035250
32.666667	1	0.035875
32.683333	1	0.037000
32.700000	1	0.037125
32.716667	1	0.038750
32.733333	1	0.039625
32.750000	1	0.040625
32.766667	1	0.041625
32.783333	1	0.043375
32.800000	1	0.045000
32.816667	1	0.046125
32.833333	1	0.048000
32.850000	1	0.049375
32.866667	1	0.051000
32.883333	1	0.052625
32.900000	1	0.054500
32.916667	1	0.056750
32.933333	1	0.059375
32.950000	1	0.062375
32.966667	1	0.065500
32.983333	1	0.069625
33.000000	1	0.073375
33.016667	1	0.076250
33.033333	1	0.080500
33.050000	1	0.084625
33.066667	1	0.089375
33.083333	1	0.094750
33.100000	1	0.100250
33.116667	1	0.106375
33.133333	1	0.112375
33.150000	1	0.119875
33.166667	1	0.127625
33.183333	1	0.135625
33.200000	1	0.143875
33.216667	1	0.153250
33.233333	1	0.163750
33.250000	1	0.174500
33.266667	1	0.186125
33.283333	1	0.198000
33.300000	1	0.211250
33.316667	1	0.225625
33.333333	1	0.241125
33.350000	1	0.257375
33.366667	1	0.274875
33.383333	1	0.293500
33.400000	1	0.313000
33.416667	1	0.334375
33.433333	1	0.356625
33.450000	1	0.380750
33.466667	1	0.406000
33.483333	1	0.432625
33.500000	1	0.460875
33.516667	1	0.491125
33.533333	1	0.523125
33.550000	1	0.557625
33.566667	1	0.593625
33.583333	1	0.632500
33.600000	1	0.672875
33.616667	1	0.716375
33.633333	1	0.763000
33.650000	1	0.812875
33.666667	1	0.865625
33.683333	1	0.922625
33.700000	1	0.984125
33.716667	1	1.049750
33.733333	1	1.120750
33.750000	1	1.196875
33.766667	1	1.279500
33.783333	1	1.368500
33.800000	1	1.464375
33.816667	1	1.567750
33.833333	1	1.679125
33.850000	1	1.798625
33.866667	1	1.927250
33.883333	1	2.065000
33.900000	1	2.211500
33.916667	1	2.367125
33.933333	1	2.532625
33.950000	1	2.706750
33.966667	1	2.889375
33.983333	1	3.079750
34.000000	1	3.277250
34.016667	1	3.480500
34.033333	1	3.687750
34.050000	1	3.899250
34.066667	1	4.112000
34.083333	1	4.323250
34.100000	1	4.532625
34.116667	1	4.737500
34.133333	1	4.935875
34.150000	1	5.125625
34.166667	1	5.305625
34.183333	1	5.473000
34.200000	1	5.627375
34.216667	1	5.765000
34.233333	1	5.885625
34.250000	1	5.988625
34.266667	1	6.072000
34.283333	1	6.135500
34.300000	1	6.179250
34.316667	1	6.202875
34.333333	1	6.205625
34.350000	1	6.188750
34.366667	1	6.152750
34.383333	1	6.097750
34.400000	1	6.025125
34.416667	1	5.936125
34.433333	1	5.830375
34.450000	1	5.710875
34.466667	1	5.578000
34.483333	1	5.434250
34.500000	1	5.280000
34.516667	1	5.117625
34.533333	1	4.947500
34.550000	1	4.772375
34.566667	1	4.592250
34.583333	1	4.407875
34.600000	1	4.223000
34.616667	1	4.037375
34.633333	1	3.851625
34.650000	1	3.667000
34.666667	1	3.485375
34.683333	1	3.307125
34.700000	1	3.133125
34.716667	1	2.964625
34.733333	1	2.800500
34.750000	1	2.642250
34.766667	1	2.489000
34.783333	1	2.342000
34.800000	1	2.201375
34.816667	1	2.068000
34.833333	1	1.940875
34.850000	1	1.820125
34.866667	1	1.706125
34.883333	1	1.598375
34.900000	1	1.497125
34.916667	1	1.402125
34.933333	1	1.312125
34.950000	1	1.227750
34.966667	1	1.148750
34.983333	1	1.075250
35.000000	1	1.005875
35.016667	1	0.941250
35.033333	1	0.881125
35.050000	1	0.825250
35.066667	1	0.773000
35.083333	1	0.724125
35.100000	1	0.678375
35.116667	1	0.636250
35.133333	1	0.596875
35.150000	1	0.560250
35.166667	1	0.525625
35.183333	1	0.493625
35.200000	1	0.463750
35.216667	1	0.434875
35.233333	1	0.408750
35.250000	1	0.384000
35.266667	1	0.361250
35.283333	1	0.339625
35.300000	1	0.319125
35.316667	1	0.300125
35.333333	1	0.282375
35.350000	1	0.265000
35.366667	1	0.249125
35.383333	1	0.234250
35.400000	1	0.220000
35.416667	1	0.207125
35.433333	1	0.194625
35.450000	1	0.183000
35.466667	1	0.172000
35.483333	1	0.161250
35.500000	1	0.151375
35.516667	1	0.142500
35.533333	1	0.134500
35.550000	1	0.127000
35.566667	1	0.119250
35.583333	1	0.112125
35.600000	1	0.105750
35.616667	1	0.099875
35.633333	1	0.094375
35.650000	1	0.089875
35.666667	1	0.084875
35.683333	1	0.080500
35.700000	1	0.076000
35.716667	1	0.071750
35.733333	1	0.068750
35.750000	1	0.064875
35.766667	1	0.061875
35.783333	1	0.059250
35.800000	1	0.056250
35.816667	1	0.053750
35.833333	1	0.051125
35.850000	1	0.049125
35.866667	1	0.047750
35.883333	1	0.046000
35.900000	1	0.044375
35.916667	1	0.042500
35.933333	1	0.041375
35.950000	1	0.040375
35.966667	1	0.038500
35.983333	1	0.037500
36.000000	1	0.036375
36.016667	1	0.035125
36.033333	1	0.034250
36.050000	1	0.034000
36.066667	1	0.033000
36.083333	1	0.032000
36.100000	1	0.030625
36.116667	1	0.029750
36.133333	1	0.029625
36.150000	1	0.029375
36.166667	1	0.028375
36.183333	1	0.027750
36.200000	1	0.027500
36.216667	1	0.027250
36.233333	1	0.026750
36.250000	1	0.026375
36.266667	1	0.026125
36.283333	1	0.026000
36.300000	1	0.025500
36.316667	1	0.025875
36.333333	1	0.025625
36.350000	1	0.025375
36.366667	1	0.025500
36.383333	1	0.025000
36.400000	1	0.025375
36.416667	1	0.025625
36.433333	1	0.026250
36.450000	1	0.025875
36.466667	1	0.026125
36.483333	1	0.026875
36.500000	1	0.027250
36.516667	1	0.027250
36.533333	1	0.027375
36.550000	1	0.028125
36.566667	1	0.028250
36.583333	1	0.028000
36.600000	1	0.027875
36.616667	1	0.028375
36.633333	1	0.029000
36.650000	1	0.029000
36.666667	1	0.029375
36.683333	1	0.029500
36.700000	1	0.029500
36.716667	1	0.029500
36.733333	1	0.029750
36.750000	1	0.029875
36.766667	1	0.029625
36.783333	1	0.029625
36.800000	1	0.029125
36.816667	1	0.029125
36.833333	1	0.028750
36.850000	1	0.028375
36.866667	1	0.028125
36.883333	1	0.028000
36.900000	1	0.027000
36.916667	1	0.027000
36.933333	1	0.026500
36.950000	1	0.026500
36.966667	1	0.026000
36.983333	1	0.024750
37.000000	1	0.025250
37.016667	1	0.024500
37.033333	1	0.023500
37.050000	1	0.023000
37.066667	1	0.022875
37.083333	1	0.021500
37.100000	1	0.021125
37.116667	1	0.020875
37.133333	1	0.020125
37.150000	1	0.019750
37.166667	1	0.018750
37.183333	1	0.018000
37.200000	1	0.017375
37.216667	1	0.016625
37.233333	1	0.015625
37.250000	1	0.015125
37.266667	1	0.014750
37.283333	1	0.014125
37.300000	1	0.013375
37.316667	1	0.012500
37.333333	1	0.012000
37.350000	1	0.011000
37.366667	1	0.010125
37.383333	1	0.010250
37.400000	1	0.009375
37.416667	1	0.008875
37.433333	1	0.008500
37.450000	1	0.007875
37.466667	1	0.007500
37.483333	1	0.006375
37.500000	1	0.005625
37.516667	1	0.005500
37.533333	1	0.004375
37.550000	1	0.003250
37.566667	1	0.003000
37.583333	1	0.002500
37.600000	1	0.002625
37.616667	1	0.002250
37.633333	1	0.001375
37.650000	1	0.001000
37.666667	1	0.000750
37.683333	1	0.000875
37.700000	1	0.000375
37.716667	1	0.000375
37.733333	1	0.000000
37.750000	1	-0.000750
37.766667	1	-0.000500
37.783333	1	-0.001000
37.800000	1	-0.000750
37.816667	1	-0.001125
37.833333	1	-0.001375
37.850000	1	-0.001750
37.866667	1	-0.001625
37.883333	1	-0.002250
37.900000	1	-0.002250
37.916667	1	-0.001750
37.933333	1	-0.001375
37.950000	1	-0.001750
37.966667	1	-0.002000
37.983333	1	-0.002000
38.000000	1	-0.001500
38.016667	1	-0.001250
38.033333	1	-0.000500
38.050000	1	-0.000750
38.066667	1	-0.000375
38.083333	1	-0.000375
38.100000	1	0.000500
38.116667	1	0.000625
38.133333	1	0.000750
38.150000	1	0.000875
38.166667	1	0.001250
38.183333	1	0.001875
38.200000	1	0.002125
38.216667	1	0.002500
38.233333	1	0.002750
38.250000	1	0.003000
38.266667	1	0.003375
38.283333	1	0.003875
38.300000	1	0.004625
38.316667	1	0.004750
38.333333	1	0.004500
38.350000	1	0.005500
38.366667	1	0.005375
38.383333	1	0.006000
38.400000	1	0.006750
38.416667	1	0.006250
38.433333	1	0.006375
38.450000	1	0.006625
38.466667	1	0.007125
38.483333	1	0.008000
38.500000	1	0.007875
38.516667	1	0.007875
38.533333	1	0.008250
38.550000	1	0.008125
38.566667	1	0.008375
38.583333	1	0.008875
38.600000	1	0.008875
38.616667	1	0.008875
38.633333	1	0.009875
38.650000	1	0.010125
38.666667	1	0.009875
38.683333	1	0.009750
38.700000	1	0.010625
38.716667	1	0.010500
38.733333	1	0.010375
38.750000	1	0.010750
38.766667	1	0.010875
38.783333	1	0.010875
38.800000	1	0.011000
38.816667	1	0.011125
38.833333	1	0.011875
38.850000	1	0.011875
38.866667	1	0.011625
38.883333	1	0.011500
38.900000	1	0.011875
38.916667	1	0.012125
38.933333	1	0.011375
38.950000	1	0.011000
38.966667	1	0.011125
38.983333	1	0.011125
39.000000	1	0.010500
39.016667	1	0.010375
39.033333	1	0.010375
39.050000	1	0.010500
39.066667	1	0.010000
39.083333	1	0.009875
39.100000	1	0.010000
39.116667	1	0.009750
39.133333	1	0.009500
39.150000	1	0.008750
39.166667	1	0.008125
39.183333	1	0.008125
39.200000	1	0.008250
39.216667	1	0.007625
39.233333	1	0.006625
39.250000	1	0.006250
39.266667	1	0.005625
39.283333	1	0.005375
39.300000	1	0.005375
39.316667	1	0.005000
39.333333	1	0.003500
39.350000	1	0.002625
39.366667	1	0.002375
39.383333	1	0.001625
39.400000	1	0.001000
39.416667	1	0.000750
39.433333	1	0.000375
39.450000	1	0.000000
39.466667	1	-0.000125
39.483333	1	-0.000625
39.500000	1	-0.001125
39.516667	1	-0.001750
39.533333	1	-0.002625
39.550000	1	-0.003500
39.566667	1	-0.004625
39.583333	1	-0.004625
39.600000	1	-0.004875
39.616667	1	-0.004750
39.633333	1	-0.004500
39.650000	1	-0.004625
39.666667	1	-0.005125
39.683333	1	-0.005375
39.700000	1	-0.005125
39.716667	1	-0.005500
39.733333	1	-0.005875
39.750000	1	-0.006375
39.766667	1	-0.006875
39.783333	1	-0.007000
39.800000	1	-0.006625
39.816667	1	-0.006250
39.833333	1	-0.006375
39.850000	1	-0.006750
39.866667	1	-0.006625
39.883333	1	-0.006750
39.900000	1	-0.006250
39.916667	1	-0.006125
39.933333	1	-0.006125
39.950000	1	-0.006500
39.966667	1	-0.006625
39.983333	1	-0.006625
40.000000	1	-0.006375
