File Path	chrom://990-75db15j/XVault/Ultimate_3000/1256/20230531_CMO_stabTest _FP08_FP09.seq/982.smp/RI_1.channel/RI_1.chm
Channel	RI_1

Injection Information:
Data Vault	XVault
Injection	FP09_1_s1
Injection Number	55
Position	BB7
Comment	
Processing Method	
Instrument Method	run_25B_method
Type	Unknown
Status	Finished
Injection Date	03.06.2023
Injection Time	02:37:02
Injection Volume (µl)	20.000
Dilution Factor	1.0000
Weight	1.0000

Chromatogram Data Information:
Time Min. (min)	0.000000
Time Max. (min)	40.000000
Data Points	2401
Detector	RI
Generating Data System	Chromeleon 7.2.5.9507
Exporting Data System	Chromeleon 7.2.5.0
Operator	Instrument Controller
Signal Quantity	Refractive 
Signal Unit	µRIU
Signal Min.	-0.688000
Signal Max.	64.859125
Channel	RI_1
Driver Name	RID520Driver.dll
Channel Type	Evaluation
Min. Step (s)	1
Max. Step (s)	1
Average Step (s)	1

Signal Parameter Information:
Signal Info	

Chromatogram Data:
Time (min)	Step (s)	Value (µRIU)
0.000000	n.a.	-0.028500
0.016667	1	-0.028625
0.033333	1	-0.029125
0.050000	1	-0.029375
0.066667	1	-0.029500
0.083333	1	-0.030125
0.100000	1	-0.029875
0.116667	1	-0.029875
0.133333	1	-0.029750
0.150000	1	-0.030250
0.166667	1	-0.030125
0.183333	1	-0.029625
0.200000	1	-0.029125
0.216667	1	-0.028500
0.233333	1	-0.028250
0.250000	1	-0.028000
0.266667	1	-0.027125
0.283333	1	-0.028000
0.300000	1	-0.030125
0.316667	1	-0.033875
0.333333	1	-0.034750
0.350000	1	-0.033750
0.366667	1	-0.030000
0.383333	1	-0.025375
0.400000	1	-0.021125
0.416667	1	-0.017250
0.433333	1	-0.013625
0.450000	1	-0.011500
0.466667	1	-0.009875
0.483333	1	-0.009500
0.500000	1	-0.010250
0.516667	1	-0.011750
0.533333	1	-0.013250
0.550000	1	-0.015375
0.566667	1	-0.016125
0.583333	1	-0.017375
0.600000	1	-0.018250
0.616667	1	-0.019250
0.633333	1	-0.019875
0.650000	1	-0.020875
0.666667	1	-0.021500
0.683333	1	-0.022625
0.700000	1	-0.023000
0.716667	1	-0.023375
0.733333	1	-0.024125
0.750000	1	-0.025125
0.766667	1	-0.026250
0.783333	1	-0.026500
0.800000	1	-0.026875
0.816667	1	-0.027875
0.833333	1	-0.028125
0.850000	1	-0.028750
0.866667	1	-0.029125
0.883333	1	-0.030250
0.900000	1	-0.030750
0.916667	1	-0.031500
0.933333	1	-0.032250
0.950000	1	-0.032750
0.966667	1	-0.033000
0.983333	1	-0.033250
1.000000	1	-0.034000
1.016667	1	-0.034375
1.033333	1	-0.035125
1.050000	1	-0.035875
1.066667	1	-0.035750
1.083333	1	-0.037000
1.100000	1	-0.037250
1.116667	1	-0.037250
1.133333	1	-0.037875
1.150000	1	-0.037750
1.166667	1	-0.037875
1.183333	1	-0.039000
1.200000	1	-0.039125
1.216667	1	-0.039750
1.233333	1	-0.040375
1.250000	1	-0.041125
1.266667	1	-0.041375
1.283333	1	-0.041000
1.300000	1	-0.041500
1.316667	1	-0.042125
1.333333	1	-0.042125
1.350000	1	-0.042125
1.366667	1	-0.042875
1.383333	1	-0.043625
1.400000	1	-0.044250
1.416667	1	-0.044125
1.433333	1	-0.043875
1.450000	1	-0.044625
1.466667	1	-0.045125
1.483333	1	-0.045250
1.500000	1	-0.045625
1.516667	1	-0.046000
1.533333	1	-0.046250
1.550000	1	-0.047000
1.566667	1	-0.047375
1.583333	1	-0.047500
1.600000	1	-0.048875
1.616667	1	-0.049125
1.633333	1	-0.049250
1.650000	1	-0.049250
1.666667	1	-0.048875
1.683333	1	-0.048750
1.700000	1	-0.049000
1.716667	1	-0.049750
1.733333	1	-0.050250
1.750000	1	-0.050750
1.766667	1	-0.051375
1.783333	1	-0.052375
1.800000	1	-0.052625
1.816667	1	-0.053000
1.833333	1	-0.053250
1.850000	1	-0.053875
1.866667	1	-0.054125
1.883333	1	-0.054500
1.900000	1	-0.054375
1.916667	1	-0.054875
1.933333	1	-0.055375
1.950000	1	-0.055625
1.966667	1	-0.055750
1.983333	1	-0.056500
2.000000	1	-0.057125
2.016667	1	-0.058000
2.033333	1	-0.058000
2.050000	1	-0.058250
2.066667	1	-0.059000
2.083333	1	-0.059125
2.100000	1	-0.059375
2.116667	1	-0.059500
2.133333	1	-0.059625
2.150000	1	-0.059750
2.166667	1	-0.060125
2.183333	1	-0.059250
2.200000	1	-0.059125
2.216667	1	-0.059375
2.233333	1	-0.059500
2.250000	1	-0.059500
2.266667	1	-0.059625
2.283333	1	-0.059625
2.300000	1	-0.059250
2.316667	1	-0.059000
2.333333	1	-0.058875
2.350000	1	-0.058625
2.366667	1	-0.058375
2.383333	1	-0.058250
2.400000	1	-0.058500
2.416667	1	-0.057625
2.433333	1	-0.057250
2.450000	1	-0.056625
2.466667	1	-0.056375
2.483333	1	-0.056250
2.500000	1	-0.055875
2.516667	1	-0.055875
2.533333	1	-0.055500
2.550000	1	-0.055250
2.566667	1	-0.054250
2.583333	1	-0.054000
2.600000	1	-0.053500
2.616667	1	-0.053125
2.633333	1	-0.052750
2.650000	1	-0.052625
2.666667	1	-0.052750
2.683333	1	-0.051875
2.700000	1	-0.051375
2.716667	1	-0.051000
2.733333	1	-0.051250
2.750000	1	-0.050750
2.766667	1	-0.050500
2.783333	1	-0.050125
2.800000	1	-0.049500
2.816667	1	-0.049500
2.833333	1	-0.049250
2.850000	1	-0.048625
2.866667	1	-0.048000
2.883333	1	-0.047125
2.900000	1	-0.046750
2.916667	1	-0.046125
2.933333	1	-0.046125
2.950000	1	-0.045625
2.966667	1	-0.045000
2.983333	1	-0.044375
3.000000	1	-0.044000
3.016667	1	-0.043250
3.033333	1	-0.042125
3.050000	1	-0.041750
3.066667	1	-0.041875
3.083333	1	-0.041500
3.100000	1	-0.041250
3.116667	1	-0.040875
3.133333	1	-0.040750
3.150000	1	-0.040000
3.166667	1	-0.040250
3.183333	1	-0.039875
3.200000	1	-0.039375
3.216667	1	-0.039250
3.233333	1	-0.038375
3.250000	1	-0.038250
3.266667	1	-0.037500
3.283333	1	-0.037875
3.300000	1	-0.037000
3.316667	1	-0.037375
3.333333	1	-0.036750
3.350000	1	-0.036250
3.366667	1	-0.035250
3.383333	1	-0.034250
3.400000	1	-0.032875
3.416667	1	-0.032125
3.433333	1	-0.031125
3.450000	1	-0.031000
3.466667	1	-0.029500
3.483333	1	-0.029250
3.500000	1	-0.027875
3.516667	1	-0.027000
3.533333	1	-0.025875
3.550000	1	-0.024750
3.566667	1	-0.024000
3.583333	1	-0.022500
3.600000	1	-0.021875
3.616667	1	-0.021125
3.633333	1	-0.020250
3.650000	1	-0.019375
3.666667	1	-0.018125
3.683333	1	-0.017500
3.700000	1	-0.016750
3.716667	1	-0.016500
3.733333	1	-0.016125
3.750000	1	-0.015875
3.766667	1	-0.015625
3.783333	1	-0.015875
3.800000	1	-0.015750
3.816667	1	-0.015250
3.833333	1	-0.015000
3.850000	1	-0.015125
3.866667	1	-0.014750
3.883333	1	-0.014250
3.900000	1	-0.013500
3.916667	1	-0.013750
3.933333	1	-0.013375
3.950000	1	-0.013750
3.966667	1	-0.013875
3.983333	1	-0.014000
4.000000	1	-0.013875
4.016667	1	-0.013500
4.033333	1	-0.012750
4.050000	1	-0.012000
4.066667	1	-0.012000
4.083333	1	-0.012375
4.100000	1	-0.012875
4.116667	1	-0.012500
4.133333	1	-0.012250
4.150000	1	-0.011875
4.166667	1	-0.011875
4.183333	1	-0.011625
4.200000	1	-0.011500
4.216667	1	-0.011750
4.233333	1	-0.012125
4.250000	1	-0.012375
4.266667	1	-0.013125
4.283333	1	-0.013375
4.300000	1	-0.014125
4.316667	1	-0.014000
4.333333	1	-0.014375
4.350000	1	-0.014625
4.366667	1	-0.014125
4.383333	1	-0.014000
4.400000	1	-0.014000
4.416667	1	-0.013625
4.433333	1	-0.013375
4.450000	1	-0.013250
4.466667	1	-0.013375
4.483333	1	-0.013375
4.500000	1	-0.013125
4.516667	1	-0.012750
4.533333	1	-0.012000
4.550000	1	-0.011375
4.566667	1	-0.010625
4.583333	1	-0.010125
4.600000	1	-0.009375
4.616667	1	-0.008250
4.633333	1	-0.007625
4.650000	1	-0.007125
4.666667	1	-0.006000
4.683333	1	-0.004500
4.700000	1	-0.003250
4.716667	1	-0.001875
4.733333	1	-0.000625
4.750000	1	0.000750
4.766667	1	0.002375
4.783333	1	0.003250
4.800000	1	0.005125
4.816667	1	0.006500
4.833333	1	0.008500
4.850000	1	0.009750
4.866667	1	0.011125
4.883333	1	0.012500
4.900000	1	0.013875
4.916667	1	0.015250
4.933333	1	0.017250
4.950000	1	0.019875
4.966667	1	0.021125
4.983333	1	0.023125
5.000000	1	0.024625
5.016667	1	0.026250
5.033333	1	0.027750
5.050000	1	0.029250
5.066667	1	0.031000
5.083333	1	0.032500
5.100000	1	0.033625
5.116667	1	0.035250
5.133333	1	0.036625
5.150000	1	0.037750
5.166667	1	0.038625
5.183333	1	0.039500
5.200000	1	0.039875
5.216667	1	0.040875
5.233333	1	0.041125
5.250000	1	0.041375
5.266667	1	0.041125
5.283333	1	0.041000
5.300000	1	0.040875
5.316667	1	0.041125
5.333333	1	0.040625
5.350000	1	0.040625
5.366667	1	0.039875
5.383333	1	0.039000
5.400000	1	0.038375
5.416667	1	0.037375
5.433333	1	0.036125
5.450000	1	0.035125
5.466667	1	0.033625
5.483333	1	0.032500
5.500000	1	0.031000
5.516667	1	0.030125
5.533333	1	0.029000
5.550000	1	0.027375
5.566667	1	0.026625
5.583333	1	0.025125
5.600000	1	0.023875
5.616667	1	0.022500
5.633333	1	0.021125
5.650000	1	0.019750
5.666667	1	0.018500
5.683333	1	0.017375
5.700000	1	0.016250
5.716667	1	0.015375
5.733333	1	0.014250
5.750000	1	0.013000
5.766667	1	0.012125
5.783333	1	0.011250
5.800000	1	0.010000
5.816667	1	0.009125
5.833333	1	0.008625
5.850000	1	0.007375
5.866667	1	0.007250
5.883333	1	0.006625
5.900000	1	0.005375
5.916667	1	0.004625
5.933333	1	0.004500
5.950000	1	0.003625
5.966667	1	0.003625
5.983333	1	0.003500
6.000000	1	0.003375
6.016667	1	0.002625
6.033333	1	0.002500
6.050000	1	0.002500
6.066667	1	0.003500
6.083333	1	0.004000
6.100000	1	0.004750
6.116667	1	0.005250
6.133333	1	0.006500
6.150000	1	0.007250
6.166667	1	0.008000
6.183333	1	0.009125
6.200000	1	0.010625
6.216667	1	0.012500
6.233333	1	0.013875
6.250000	1	0.016000
6.266667	1	0.017625
6.283333	1	0.019625
6.300000	1	0.021625
6.316667	1	0.024000
6.333333	1	0.026125
6.350000	1	0.028375
6.366667	1	0.030500
6.383333	1	0.033250
6.400000	1	0.035875
6.416667	1	0.038250
6.433333	1	0.040250
6.450000	1	0.042875
6.466667	1	0.044875
6.483333	1	0.047250
6.500000	1	0.049500
6.516667	1	0.051875
6.533333	1	0.054750
6.550000	1	0.057375
6.566667	1	0.059375
6.583333	1	0.061250
6.600000	1	0.064125
6.616667	1	0.066500
6.633333	1	0.067875
6.650000	1	0.069125
6.666667	1	0.070375
6.683333	1	0.071625
6.700000	1	0.072875
6.716667	1	0.074000
6.733333	1	0.075250
6.750000	1	0.076125
6.766667	1	0.077000
6.783333	1	0.077000
6.800000	1	0.077500
6.816667	1	0.077250
6.833333	1	0.077125
6.850000	1	0.076375
6.866667	1	0.074875
6.883333	1	0.074000
6.900000	1	0.073125
6.916667	1	0.072375
6.933333	1	0.070375
6.950000	1	0.068750
6.966667	1	0.067250
6.983333	1	0.064750
7.000000	1	0.062000
7.016667	1	0.059000
7.033333	1	0.055875
7.050000	1	0.052500
7.066667	1	0.049250
7.083333	1	0.046250
7.100000	1	0.043250
7.116667	1	0.040000
7.133333	1	0.036750
7.150000	1	0.033625
7.166667	1	0.030500
7.183333	1	0.027125
7.200000	1	0.024250
7.216667	1	0.021000
7.233333	1	0.017875
7.250000	1	0.014500
7.266667	1	0.010875
7.283333	1	0.008000
7.300000	1	0.005500
7.316667	1	0.003375
7.333333	1	0.001250
7.350000	1	-0.000875
7.366667	1	-0.003125
7.383333	1	-0.005875
7.400000	1	-0.007750
7.416667	1	-0.009750
7.433333	1	-0.010625
7.450000	1	-0.013125
7.466667	1	-0.014625
7.483333	1	-0.016250
7.500000	1	-0.017000
7.516667	1	-0.018375
7.533333	1	-0.019125
7.550000	1	-0.020750
7.566667	1	-0.021625
7.583333	1	-0.022750
7.600000	1	-0.023375
7.616667	1	-0.023750
7.633333	1	-0.024125
7.650000	1	-0.025000
7.666667	1	-0.025875
7.683333	1	-0.025875
7.700000	1	-0.025375
7.716667	1	-0.025625
7.733333	1	-0.025000
7.750000	1	-0.024250
7.766667	1	-0.024000
7.783333	1	-0.023625
7.800000	1	-0.022750
7.816667	1	-0.021500
7.833333	1	-0.021250
7.850000	1	-0.020125
7.866667	1	-0.018625
7.883333	1	-0.018000
7.900000	1	-0.018000
7.916667	1	-0.016500
7.933333	1	-0.015250
7.950000	1	-0.014000
7.966667	1	-0.013500
7.983333	1	-0.012500
8.000000	1	-0.011625
8.016667	1	-0.009875
8.033333	1	-0.009250
8.050000	1	-0.008625
8.066667	1	-0.007500
8.083333	1	-0.006125
8.100000	1	-0.005000
8.116667	1	-0.004000
8.133333	1	-0.002625
8.150000	1	-0.001625
8.166667	1	-0.000625
8.183333	1	-0.000125
8.200000	1	0.001500
8.216667	1	0.002250
8.233333	1	0.002500
8.250000	1	0.004000
8.266667	1	0.003875
8.283333	1	0.005000
8.300000	1	0.006375
8.316667	1	0.007500
8.333333	1	0.008875
8.350000	1	0.010125
8.366667	1	0.011500
8.383333	1	0.013250
8.400000	1	0.014875
8.416667	1	0.015875
8.433333	1	0.017625
8.450000	1	0.019125
8.466667	1	0.020125
8.483333	1	0.021500
8.500000	1	0.023250
8.516667	1	0.024750
8.533333	1	0.026000
8.550000	1	0.027625
8.566667	1	0.029875
8.583333	1	0.032125
8.600000	1	0.033125
8.616667	1	0.034750
8.633333	1	0.035625
8.650000	1	0.036875
8.666667	1	0.038500
8.683333	1	0.040125
8.700000	1	0.041500
8.716667	1	0.043000
8.733333	1	0.043625
8.750000	1	0.045125
8.766667	1	0.046000
8.783333	1	0.046750
8.800000	1	0.048000
8.816667	1	0.049250
8.833333	1	0.050000
8.850000	1	0.050625
8.866667	1	0.051625
8.883333	1	0.051875
8.900000	1	0.052875
8.916667	1	0.053500
8.933333	1	0.053875
8.950000	1	0.054375
8.966667	1	0.054875
8.983333	1	0.055000
9.000000	1	0.055750
9.016667	1	0.055625
9.033333	1	0.055750
9.050000	1	0.056000
9.066667	1	0.055875
9.083333	1	0.055375
9.100000	1	0.054750
9.116667	1	0.055250
9.133333	1	0.055250
9.150000	1	0.055250
9.166667	1	0.055250
9.183333	1	0.055000
9.200000	1	0.055000
9.216667	1	0.054375
9.233333	1	0.053500
9.250000	1	0.053000
9.266667	1	0.052125
9.283333	1	0.052250
9.300000	1	0.052375
9.316667	1	0.052500
9.333333	1	0.052000
9.350000	1	0.052375
9.366667	1	0.052125
9.383333	1	0.052375
9.400000	1	0.053000
9.416667	1	0.054125
9.433333	1	0.055375
9.450000	1	0.057000
9.466667	1	0.060000
9.483333	1	0.063625
9.500000	1	0.068000
9.516667	1	0.072750
9.533333	1	0.078500
9.550000	1	0.085875
9.566667	1	0.094125
9.583333	1	0.103125
9.600000	1	0.114000
9.616667	1	0.126250
9.633333	1	0.140750
9.650000	1	0.156750
9.666667	1	0.174375
9.683333	1	0.194750
9.700000	1	0.216500
9.716667	1	0.240125
9.733333	1	0.264250
9.750000	1	0.287750
9.766667	1	0.309750
9.783333	1	0.328625
9.800000	1	0.343250
9.816667	1	0.354000
9.833333	1	0.359125
9.850000	1	0.356875
9.866667	1	0.346125
9.883333	1	0.324875
9.900000	1	0.296500
9.916667	1	0.274125
9.933333	1	0.284750
9.950000	1	0.373250
9.966667	1	0.596125
9.983333	1	1.018500
10.000000	1	1.701250
10.016667	1	2.700250
10.033333	1	4.056000
10.050000	1	5.793625
10.066667	1	7.925500
10.083333	1	10.451250
10.100000	1	13.356375
10.116667	1	16.611500
10.133333	1	20.169875
10.150000	1	23.963750
10.166667	1	27.903625
10.183333	1	31.866875
10.200000	1	35.704625
10.216667	1	39.236000
10.233333	1	42.259625
10.250000	1	44.571250
10.266667	1	45.998125
10.283333	1	46.426375
10.300000	1	45.828500
10.316667	1	44.272125
10.333333	1	41.906875
10.350000	1	38.943625
10.366667	1	35.612875
10.383333	1	32.137625
10.400000	1	28.704625
10.416667	1	25.450625
10.433333	1	22.464125
10.450000	1	19.788500
10.466667	1	17.430000
10.483333	1	15.373000
10.500000	1	13.589500
10.516667	1	12.047125
10.533333	1	10.712375
10.550000	1	9.552875
10.566667	1	8.542500
10.583333	1	7.659750
10.600000	1	6.887000
10.616667	1	6.211250
10.633333	1	5.620500
10.650000	1	5.106375
10.666667	1	4.658750
10.683333	1	4.269500
10.700000	1	3.931250
10.716667	1	3.635875
10.733333	1	3.378250
10.750000	1	3.151625
10.766667	1	2.951875
10.783333	1	2.774625
10.800000	1	2.616125
10.816667	1	2.474875
10.833333	1	2.347375
10.850000	1	2.231875
10.866667	1	2.126875
10.883333	1	2.030875
10.900000	1	1.943875
10.916667	1	1.863625
10.933333	1	1.790500
10.950000	1	1.723500
10.966667	1	1.661375
10.983333	1	1.603750
11.000000	1	1.550625
11.016667	1	1.501500
11.033333	1	1.456875
11.050000	1	1.415375
11.066667	1	1.377000
11.083333	1	1.341375
11.100000	1	1.307750
11.116667	1	1.276375
11.133333	1	1.247625
11.150000	1	1.220375
11.166667	1	1.194750
11.183333	1	1.170750
11.200000	1	1.148625
11.216667	1	1.127500
11.233333	1	1.107750
11.250000	1	1.089500
11.266667	1	1.072375
11.283333	1	1.055750
11.300000	1	1.040000
11.316667	1	1.024125
11.333333	1	1.010000
11.350000	1	0.996375
11.366667	1	0.982750
11.383333	1	0.970875
11.400000	1	0.960125
11.416667	1	0.950000
11.433333	1	0.941500
11.450000	1	0.932625
11.466667	1	0.926125
11.483333	1	0.920625
11.500000	1	0.915750
11.516667	1	0.912750
11.533333	1	0.910750
11.550000	1	0.909000
11.566667	1	0.907625
11.583333	1	0.908250
11.600000	1	0.908750
11.616667	1	0.909250
11.633333	1	0.910375
11.650000	1	0.911750
11.666667	1	0.913750
11.683333	1	0.916250
11.700000	1	0.917875
11.716667	1	0.919250
11.733333	1	0.920625
11.750000	1	0.921250
11.766667	1	0.921500
11.783333	1	0.922625
11.800000	1	0.924625
11.816667	1	0.926750
11.833333	1	0.928750
11.850000	1	0.932375
11.866667	1	0.937750
11.883333	1	0.944250
11.900000	1	0.953125
11.916667	1	0.963500
11.933333	1	0.976375
11.950000	1	0.991375
11.966667	1	1.008500
11.983333	1	1.028625
12.000000	1	1.051375
12.016667	1	1.078125
12.033333	1	1.107375
12.050000	1	1.141125
12.066667	1	1.179875
12.083333	1	1.224500
12.100000	1	1.276375
12.116667	1	1.337625
12.133333	1	1.410250
12.150000	1	1.497625
12.166667	1	1.601500
12.183333	1	1.724375
12.200000	1	1.868375
12.216667	1	2.034875
12.233333	1	2.226625
12.250000	1	2.443250
12.266667	1	2.687375
12.283333	1	2.959750
12.300000	1	3.263375
12.316667	1	3.599500
12.333333	1	3.971250
12.350000	1	4.381125
12.366667	1	4.832750
12.383333	1	5.326875
12.400000	1	5.864750
12.416667	1	6.443750
12.433333	1	7.060375
12.450000	1	7.706250
12.466667	1	8.369625
12.483333	1	9.034875
12.500000	1	9.680625
12.516667	1	10.284375
12.533333	1	10.820625
12.550000	1	11.267750
12.566667	1	11.611625
12.583333	1	11.845500
12.600000	1	11.974125
12.616667	1	12.007125
12.633333	1	11.958500
12.650000	1	11.842875
12.666667	1	11.675375
12.683333	1	11.468625
12.700000	1	11.232625
12.716667	1	10.977250
12.733333	1	10.710000
12.750000	1	10.436375
12.766667	1	10.161625
12.783333	1	9.888875
12.800000	1	9.620625
12.816667	1	9.358625
12.833333	1	9.104125
12.850000	1	8.857875
12.866667	1	8.619750
12.883333	1	8.388125
12.900000	1	8.162375
12.916667	1	7.941375
12.933333	1	7.724750
12.950000	1	7.509625
12.966667	1	7.295625
12.983333	1	7.080125
13.000000	1	6.862625
13.016667	1	6.641375
13.033333	1	6.414750
13.050000	1	6.180375
13.066667	1	5.936250
13.083333	1	5.679875
13.100000	1	5.408625
13.116667	1	5.118250
13.133333	1	4.807375
13.150000	1	4.473875
13.166667	1	4.117250
13.183333	1	3.739000
13.200000	1	3.349125
13.216667	1	2.962625
13.233333	1	2.600375
13.250000	1	2.280125
13.266667	1	2.011125
13.283333	1	1.793375
13.300000	1	1.620625
13.316667	1	1.483625
13.333333	1	1.373750
13.350000	1	1.284375
13.366667	1	1.210500
13.383333	1	1.149500
13.400000	1	1.096875
13.416667	1	1.052375
13.433333	1	1.014250
13.450000	1	0.980625
13.466667	1	0.951500
13.483333	1	0.925750
13.500000	1	0.903000
13.516667	1	0.884375
13.533333	1	0.868125
13.550000	1	0.855125
13.566667	1	0.845375
13.583333	1	0.837375
13.600000	1	0.831875
13.616667	1	0.828000
13.633333	1	0.825375
13.650000	1	0.823875
13.666667	1	0.822375
13.683333	1	0.820500
13.700000	1	0.819000
13.716667	1	0.816000
13.733333	1	0.812125
13.750000	1	0.807000
13.766667	1	0.800750
13.783333	1	0.792375
13.800000	1	0.783625
13.816667	1	0.773625
13.833333	1	0.762625
13.850000	1	0.750625
13.866667	1	0.738000
13.883333	1	0.724500
13.900000	1	0.710875
13.916667	1	0.696875
13.933333	1	0.683625
13.950000	1	0.671500
13.966667	1	0.658750
13.983333	1	0.647375
14.000000	1	0.635750
14.016667	1	0.626125
14.033333	1	0.617000
14.050000	1	0.609500
14.066667	1	0.602375
14.083333	1	0.597250
14.100000	1	0.593125
14.116667	1	0.590500
14.133333	1	0.589125
14.150000	1	0.589625
14.166667	1	0.591875
14.183333	1	0.596500
14.200000	1	0.603625
14.216667	1	0.613000
14.233333	1	0.627250
14.250000	1	0.645875
14.266667	1	0.669500
14.283333	1	0.698625
14.300000	1	0.734750
14.316667	1	0.779250
14.333333	1	0.833750
14.350000	1	0.899375
14.366667	1	0.977125
14.383333	1	1.069500
14.400000	1	1.177750
14.416667	1	1.304375
14.433333	1	1.450875
14.450000	1	1.620375
14.466667	1	1.815750
14.483333	1	2.039250
14.500000	1	2.295250
14.516667	1	2.588500
14.533333	1	2.923500
14.550000	1	3.307125
14.566667	1	3.748750
14.583333	1	4.259375
14.600000	1	4.854375
14.616667	1	5.555000
14.633333	1	6.388750
14.650000	1	7.387625
14.666667	1	8.589875
14.683333	1	10.038375
14.700000	1	11.776125
14.716667	1	13.846875
14.733333	1	16.288000
14.750000	1	19.125250
14.766667	1	22.366500
14.783333	1	25.994000
14.800000	1	29.968125
14.816667	1	34.222625
14.833333	1	38.662750
14.850000	1	43.166500
14.866667	1	47.592000
14.883333	1	51.786750
14.900000	1	55.598000
14.916667	1	58.882375
14.933333	1	61.521625
14.950000	1	63.426125
14.966667	1	64.542500
14.983333	1	64.859125
15.000000	1	64.397625
15.016667	1	63.213000
15.033333	1	61.380875
15.050000	1	58.995625
15.066667	1	56.161000
15.083333	1	52.987500
15.100000	1	49.585500
15.116667	1	46.054000
15.133333	1	42.481250
15.150000	1	38.942500
15.166667	1	35.500500
15.183333	1	32.204250
15.200000	1	29.085250
15.216667	1	26.166750
15.233333	1	23.459500
15.250000	1	20.970875
15.266667	1	18.699375
15.283333	1	16.640000
15.300000	1	14.785375
15.316667	1	13.123750
15.333333	1	11.642500
15.350000	1	10.329000
15.366667	1	9.168875
15.383333	1	8.148125
15.400000	1	7.253875
15.416667	1	6.471000
15.433333	1	5.789375
15.450000	1	5.197250
15.466667	1	4.684250
15.483333	1	4.242000
15.500000	1	3.862625
15.516667	1	3.538000
15.533333	1	3.261500
15.550000	1	3.026500
15.566667	1	2.827625
15.583333	1	2.659000
15.600000	1	2.514250
15.616667	1	2.390000
15.633333	1	2.282000
15.650000	1	2.186375
15.666667	1	2.099500
15.683333	1	2.020125
15.700000	1	1.945375
15.716667	1	1.874500
15.733333	1	1.806875
15.750000	1	1.741750
15.766667	1	1.678125
15.783333	1	1.616375
15.800000	1	1.557500
15.816667	1	1.501000
15.833333	1	1.446250
15.850000	1	1.395125
15.866667	1	1.346375
15.883333	1	1.300250
15.900000	1	1.257375
15.916667	1	1.216625
15.933333	1	1.179125
15.950000	1	1.144625
15.966667	1	1.113000
15.983333	1	1.083750
16.000000	1	1.056500
16.016667	1	1.031625
16.033333	1	1.009000
16.050000	1	0.989500
16.066667	1	0.971875
16.083333	1	0.956625
16.100000	1	0.942625
16.116667	1	0.931125
16.133333	1	0.921125
16.150000	1	0.913625
16.166667	1	0.907000
16.183333	1	0.901875
16.200000	1	0.897375
16.216667	1	0.893250
16.233333	1	0.889625
16.250000	1	0.886750
16.266667	1	0.883500
16.283333	1	0.880000
16.300000	1	0.876875
16.316667	1	0.872500
16.333333	1	0.869125
16.350000	1	0.865125
16.366667	1	0.861250
16.383333	1	0.857750
16.400000	1	0.854125
16.416667	1	0.851000
16.433333	1	0.847875
16.450000	1	0.845625
16.466667	1	0.843500
16.483333	1	0.842625
16.500000	1	0.840875
16.516667	1	0.841250
16.533333	1	0.842375
16.550000	1	0.843750
16.566667	1	0.845875
16.583333	1	0.848500
16.600000	1	0.852000
16.616667	1	0.856125
16.633333	1	0.860375
16.650000	1	0.865375
16.666667	1	0.870750
16.683333	1	0.876500
16.700000	1	0.882000
16.716667	1	0.887625
16.733333	1	0.894375
16.750000	1	0.901000
16.766667	1	0.906625
16.783333	1	0.911875
16.800000	1	0.916500
16.816667	1	0.919875
16.833333	1	0.923000
16.850000	1	0.925625
16.866667	1	0.926500
16.883333	1	0.926250
16.900000	1	0.925750
16.916667	1	0.924875
16.933333	1	0.924000
16.950000	1	0.923125
16.966667	1	0.922000
16.983333	1	0.922000
17.000000	1	0.922375
17.016667	1	0.923000
17.033333	1	0.923875
17.050000	1	0.925250
17.066667	1	0.926375
17.083333	1	0.926875
17.100000	1	0.928250
17.116667	1	0.928125
17.133333	1	0.927250
17.150000	1	0.925375
17.166667	1	0.923375
17.183333	1	0.919875
17.200000	1	0.914750
17.216667	1	0.908250
17.233333	1	0.900625
17.250000	1	0.892250
17.266667	1	0.883625
17.283333	1	0.874375
17.300000	1	0.864375
17.316667	1	0.854250
17.333333	1	0.844375
17.350000	1	0.834625
17.366667	1	0.824750
17.383333	1	0.815625
17.400000	1	0.806750
17.416667	1	0.799250
17.433333	1	0.792750
17.450000	1	0.787375
17.466667	1	0.782375
17.483333	1	0.779000
17.500000	1	0.776875
17.516667	1	0.776750
17.533333	1	0.778875
17.550000	1	0.782125
17.566667	1	0.786500
17.583333	1	0.793500
17.600000	1	0.801125
17.616667	1	0.810375
17.633333	1	0.820000
17.650000	1	0.830875
17.666667	1	0.843625
17.683333	1	0.856750
17.700000	1	0.870875
17.716667	1	0.885125
17.733333	1	0.900125
17.750000	1	0.914375
17.766667	1	0.929375
17.783333	1	0.943875
17.800000	1	0.957625
17.816667	1	0.970125
17.833333	1	0.981375
17.850000	1	0.990875
17.866667	1	0.999125
17.883333	1	1.005375
17.900000	1	1.009375
17.916667	1	1.011500
17.933333	1	1.011250
17.950000	1	1.009000
17.966667	1	1.005125
17.983333	1	0.999750
18.000000	1	0.992250
18.016667	1	0.982875
18.033333	1	0.972500
18.050000	1	0.961125
18.066667	1	0.948125
18.083333	1	0.934500
18.100000	1	0.920750
18.116667	1	0.906625
18.133333	1	0.892375
18.150000	1	0.878000
18.166667	1	0.863500
18.183333	1	0.849750
18.200000	1	0.835875
18.216667	1	0.823000
18.233333	1	0.809875
18.250000	1	0.797875
18.266667	1	0.786875
18.283333	1	0.776875
18.300000	1	0.767375
18.316667	1	0.759250
18.333333	1	0.752250
18.350000	1	0.746125
18.366667	1	0.741250
18.383333	1	0.737000
18.400000	1	0.733750
18.416667	1	0.730750
18.433333	1	0.729000
18.450000	1	0.727875
18.466667	1	0.727375
18.483333	1	0.726500
18.500000	1	0.726500
18.516667	1	0.726875
18.533333	1	0.728500
18.550000	1	0.730125
18.566667	1	0.731625
18.583333	1	0.734125
18.600000	1	0.737125
18.616667	1	0.739125
18.633333	1	0.742625
18.650000	1	0.746500
18.666667	1	0.751500
18.683333	1	0.758000
18.700000	1	0.764250
18.716667	1	0.770750
18.733333	1	0.777250
18.750000	1	0.784875
18.766667	1	0.793750
18.783333	1	0.802625
18.800000	1	0.812500
18.816667	1	0.822750
18.833333	1	0.833000
18.850000	1	0.844875
18.866667	1	0.856875
18.883333	1	0.871000
18.900000	1	0.885375
18.916667	1	0.902125
18.933333	1	0.920250
18.950000	1	0.940500
18.966667	1	0.963750
18.983333	1	0.989000
19.000000	1	1.017125
19.016667	1	1.048125
19.033333	1	1.081625
19.050000	1	1.117375
19.066667	1	1.155625
19.083333	1	1.195625
19.100000	1	1.238000
19.116667	1	1.281125
19.133333	1	1.323125
19.150000	1	1.364750
19.166667	1	1.404250
19.183333	1	1.441375
19.200000	1	1.475375
19.216667	1	1.504750
19.233333	1	1.528875
19.250000	1	1.547250
19.266667	1	1.559125
19.283333	1	1.564500
19.300000	1	1.563500
19.316667	1	1.556000
19.333333	1	1.542250
19.350000	1	1.522375
19.366667	1	1.496500
19.383333	1	1.465750
19.400000	1	1.430750
19.416667	1	1.392000
19.433333	1	1.349750
19.450000	1	1.306125
19.466667	1	1.260875
19.483333	1	1.215500
19.500000	1	1.169125
19.516667	1	1.123875
19.533333	1	1.079625
19.550000	1	1.036875
19.566667	1	0.996125
19.583333	1	0.958000
19.600000	1	0.921125
19.616667	1	0.887125
19.633333	1	0.857250
19.650000	1	0.830500
19.666667	1	0.806625
19.683333	1	0.787125
19.700000	1	0.770375
19.716667	1	0.757250
19.733333	1	0.748250
19.750000	1	0.742500
19.766667	1	0.741000
19.783333	1	0.742750
19.800000	1	0.748250
19.816667	1	0.756250
19.833333	1	0.767500
19.850000	1	0.781500
19.866667	1	0.797500
19.883333	1	0.815250
19.900000	1	0.834250
19.916667	1	0.853875
19.933333	1	0.874125
19.950000	1	0.894125
19.966667	1	0.913375
19.983333	1	0.931875
20.000000	1	0.948500
20.016667	1	0.963250
20.033333	1	0.976375
20.050000	1	0.987500
20.066667	1	0.997125
20.083333	1	1.005000
20.100000	1	1.011375
20.116667	1	1.016250
20.133333	1	1.020500
20.150000	1	1.024125
20.166667	1	1.028000
20.183333	1	1.032125
20.200000	1	1.036375
20.216667	1	1.041875
20.233333	1	1.048500
20.250000	1	1.057750
20.266667	1	1.069625
20.283333	1	1.083375
20.300000	1	1.098000
20.316667	1	1.116500
20.333333	1	1.137000
20.350000	1	1.159750
20.366667	1	1.183125
20.383333	1	1.207750
20.400000	1	1.232125
20.416667	1	1.256625
20.433333	1	1.279625
20.450000	1	1.300125
20.466667	1	1.318750
20.483333	1	1.333500
20.500000	1	1.345250
20.516667	1	1.353625
20.533333	1	1.357875
20.550000	1	1.359000
20.566667	1	1.357125
20.583333	1	1.353000
20.600000	1	1.347125
20.616667	1	1.339500
20.633333	1	1.332500
20.650000	1	1.326250
20.666667	1	1.322250
20.683333	1	1.321125
20.700000	1	1.324625
20.716667	1	1.333250
20.733333	1	1.347500
20.750000	1	1.367875
20.766667	1	1.394625
20.783333	1	1.427750
20.800000	1	1.466000
20.816667	1	1.509125
20.833333	1	1.555375
20.850000	1	1.603125
20.866667	1	1.651500
20.883333	1	1.697875
20.900000	1	1.740375
20.916667	1	1.777000
20.933333	1	1.806000
20.950000	1	1.827000
20.966667	1	1.838250
20.983333	1	1.839500
21.000000	1	1.829750
21.016667	1	1.809000
21.033333	1	1.778125
21.050000	1	1.737750
21.066667	1	1.689125
21.083333	1	1.633500
21.100000	1	1.572375
21.116667	1	1.506625
21.133333	1	1.438000
21.150000	1	1.367625
21.166667	1	1.296750
21.183333	1	1.227500
21.200000	1	1.159375
21.216667	1	1.092875
21.233333	1	1.029125
21.250000	1	0.969000
21.266667	1	0.912500
21.283333	1	0.860000
21.300000	1	0.811125
21.316667	1	0.766750
21.333333	1	0.726125
21.350000	1	0.689125
21.366667	1	0.656500
21.383333	1	0.626750
21.400000	1	0.599875
21.416667	1	0.575625
21.433333	1	0.555125
21.450000	1	0.535625
21.466667	1	0.519250
21.483333	1	0.504875
21.500000	1	0.492750
21.516667	1	0.481625
21.533333	1	0.472000
21.550000	1	0.464000
21.566667	1	0.456750
21.583333	1	0.450250
21.600000	1	0.444000
21.616667	1	0.438875
21.633333	1	0.434750
21.650000	1	0.430625
21.666667	1	0.426875
21.683333	1	0.424125
21.700000	1	0.421375
21.716667	1	0.419250
21.733333	1	0.417250
21.750000	1	0.414875
21.766667	1	0.414500
21.783333	1	0.413625
21.800000	1	0.413500
21.816667	1	0.413500
21.833333	1	0.413625
21.850000	1	0.414750
21.866667	1	0.416500
21.883333	1	0.418250
21.900000	1	0.420625
21.916667	1	0.422750
21.933333	1	0.425750
21.950000	1	0.428500
21.966667	1	0.431500
21.983333	1	0.434000
22.000000	1	0.436875
22.016667	1	0.440000
22.033333	1	0.442500
22.050000	1	0.444000
22.066667	1	0.445125
22.083333	1	0.446500
22.100000	1	0.447875
22.116667	1	0.448125
22.133333	1	0.448500
22.150000	1	0.448250
22.166667	1	0.448500
22.183333	1	0.447750
22.200000	1	0.447125
22.216667	1	0.447500
22.233333	1	0.448375
22.250000	1	0.448250
22.266667	1	0.449125
22.283333	1	0.450250
22.300000	1	0.452125
22.316667	1	0.454125
22.333333	1	0.457000
22.350000	1	0.460250
22.366667	1	0.464125
22.383333	1	0.468000
22.400000	1	0.472375
22.416667	1	0.477375
22.433333	1	0.482500
22.450000	1	0.488125
22.466667	1	0.493875
22.483333	1	0.499250
22.500000	1	0.504875
22.516667	1	0.510625
22.533333	1	0.517000
22.550000	1	0.522375
22.566667	1	0.527625
22.583333	1	0.533125
22.600000	1	0.538125
22.616667	1	0.542500
22.633333	1	0.546625
22.650000	1	0.550375
22.666667	1	0.553500
22.683333	1	0.556000
22.700000	1	0.558375
22.716667	1	0.560250
22.733333	1	0.561250
22.750000	1	0.562000
22.766667	1	0.561750
22.783333	1	0.560250
22.800000	1	0.557875
22.816667	1	0.555375
22.833333	1	0.551625
22.850000	1	0.548250
22.866667	1	0.544250
22.883333	1	0.538750
22.900000	1	0.533500
22.916667	1	0.528500
22.933333	1	0.522625
22.950000	1	0.516625
22.966667	1	0.511125
22.983333	1	0.505875
23.000000	1	0.500375
23.016667	1	0.495250
23.033333	1	0.490625
23.050000	1	0.487375
23.066667	1	0.483875
23.083333	1	0.481000
23.100000	1	0.478750
23.116667	1	0.477875
23.133333	1	0.478000
23.150000	1	0.479500
23.166667	1	0.482125
23.183333	1	0.484875
23.200000	1	0.489625
23.216667	1	0.495750
23.233333	1	0.503250
23.250000	1	0.511500
23.266667	1	0.521875
23.283333	1	0.534125
23.300000	1	0.547875
23.316667	1	0.563250
23.333333	1	0.580625
23.350000	1	0.599875
23.366667	1	0.622000
23.383333	1	0.646000
23.400000	1	0.672500
23.416667	1	0.702125
23.433333	1	0.735250
23.450000	1	0.772250
23.466667	1	0.813750
23.483333	1	0.860000
23.500000	1	0.911750
23.516667	1	0.970375
23.533333	1	1.037000
23.550000	1	1.111125
23.566667	1	1.194375
23.583333	1	1.287000
23.600000	1	1.391000
23.616667	1	1.506625
23.633333	1	1.634625
23.650000	1	1.775250
23.666667	1	1.928125
23.683333	1	2.092625
23.700000	1	2.268500
23.716667	1	2.454750
23.733333	1	2.649500
23.750000	1	2.849875
23.766667	1	3.053375
23.783333	1	3.257125
23.800000	1	3.457125
23.816667	1	3.650875
23.833333	1	3.834750
23.850000	1	4.003500
23.866667	1	4.154500
23.883333	1	4.284875
23.900000	1	4.391750
23.916667	1	4.473375
23.933333	1	4.528125
23.950000	1	4.554250
23.966667	1	4.551750
23.983333	1	4.521125
24.000000	1	4.464625
24.016667	1	4.382875
24.033333	1	4.279000
24.050000	1	4.154875
24.066667	1	4.013500
24.083333	1	3.858375
24.100000	1	3.693000
24.116667	1	3.518625
24.133333	1	3.339250
24.150000	1	3.157375
24.166667	1	2.975750
24.183333	1	2.796625
24.200000	1	2.622500
24.216667	1	2.454750
24.233333	1	2.293875
24.250000	1	2.143000
24.266667	1	2.001250
24.283333	1	1.868250
24.300000	1	1.745750
24.316667	1	1.633375
24.333333	1	1.530125
24.350000	1	1.436125
24.366667	1	1.350875
24.383333	1	1.274125
24.400000	1	1.204875
24.416667	1	1.143125
24.433333	1	1.087125
24.450000	1	1.037625
24.466667	1	0.993250
24.483333	1	0.952750
24.500000	1	0.916500
24.516667	1	0.883000
24.533333	1	0.851500
24.550000	1	0.822500
24.566667	1	0.796125
24.583333	1	0.770625
24.600000	1	0.747500
24.616667	1	0.724125
24.633333	1	0.702000
24.650000	1	0.681375
24.666667	1	0.660250
24.683333	1	0.639000
24.700000	1	0.618625
24.716667	1	0.599000
24.733333	1	0.579375
24.750000	1	0.559250
24.766667	1	0.539875
24.783333	1	0.521750
24.800000	1	0.503750
24.816667	1	0.486375
24.833333	1	0.470125
24.850000	1	0.454625
24.866667	1	0.439625
24.883333	1	0.425500
24.900000	1	0.411375
24.916667	1	0.399125
24.933333	1	0.387500
24.950000	1	0.376750
24.966667	1	0.367250
24.983333	1	0.357875
25.000000	1	0.349250
25.016667	1	0.341500
25.033333	1	0.335375
25.050000	1	0.329375
25.066667	1	0.325250
25.083333	1	0.321375
25.100000	1	0.318125
25.116667	1	0.315250
25.133333	1	0.313125
25.150000	1	0.311250
25.166667	1	0.310000
25.183333	1	0.309750
25.200000	1	0.310625
25.216667	1	0.311500
25.233333	1	0.311750
25.250000	1	0.313000
25.266667	1	0.314500
25.283333	1	0.316375
25.300000	1	0.318750
25.316667	1	0.321500
25.333333	1	0.324000
25.350000	1	0.326500
25.366667	1	0.328750
25.383333	1	0.331125
25.400000	1	0.333500
25.416667	1	0.335500
25.433333	1	0.337500
25.450000	1	0.339625
25.466667	1	0.341625
25.483333	1	0.343375
25.500000	1	0.344500
25.516667	1	0.345000
25.533333	1	0.345500
25.550000	1	0.346375
25.566667	1	0.346250
25.583333	1	0.346000
25.600000	1	0.345750
25.616667	1	0.345125
25.633333	1	0.343875
25.650000	1	0.343000
25.666667	1	0.341500
25.683333	1	0.340500
25.700000	1	0.338500
25.716667	1	0.336750
25.733333	1	0.334250
25.750000	1	0.331625
25.766667	1	0.328625
25.783333	1	0.325625
25.800000	1	0.321875
25.816667	1	0.318000
25.833333	1	0.314375
25.850000	1	0.309750
25.866667	1	0.305500
25.883333	1	0.300875
25.900000	1	0.295875
25.916667	1	0.290625
25.933333	1	0.285500
25.950000	1	0.279625
25.966667	1	0.273625
25.983333	1	0.267875
26.000000	1	0.261250
26.016667	1	0.254750
26.033333	1	0.248000
26.050000	1	0.240875
26.066667	1	0.234500
26.083333	1	0.227750
26.100000	1	0.222125
26.116667	1	0.215875
26.133333	1	0.211000
26.150000	1	0.205250
26.166667	1	0.201000
26.183333	1	0.196750
26.200000	1	0.193250
26.216667	1	0.190875
26.233333	1	0.189000
26.250000	1	0.188125
26.266667	1	0.187000
26.283333	1	0.186500
26.300000	1	0.187000
26.316667	1	0.188375
26.333333	1	0.189750
26.350000	1	0.191500
26.366667	1	0.193000
26.383333	1	0.195500
26.400000	1	0.197750
26.416667	1	0.200500
26.433333	1	0.202625
26.450000	1	0.205375
26.466667	1	0.207250
26.483333	1	0.209500
26.500000	1	0.212125
26.516667	1	0.213750
26.533333	1	0.215250
26.550000	1	0.216625
26.566667	1	0.217500
26.583333	1	0.218000
26.600000	1	0.218750
26.616667	1	0.219250
26.633333	1	0.219375
26.650000	1	0.219750
26.666667	1	0.219625
26.683333	1	0.219875
26.700000	1	0.219375
26.716667	1	0.219250
26.733333	1	0.219500
26.750000	1	0.219750
26.766667	1	0.220250
26.783333	1	0.219500
26.800000	1	0.219750
26.816667	1	0.220875
26.833333	1	0.222375
26.850000	1	0.223500
26.866667	1	0.226125
26.883333	1	0.227875
26.900000	1	0.229375
26.916667	1	0.232125
26.933333	1	0.235000
26.950000	1	0.238375
26.966667	1	0.242375
26.983333	1	0.247000
27.000000	1	0.251750
27.016667	1	0.257250
27.033333	1	0.263375
27.050000	1	0.269750
27.066667	1	0.276625
27.083333	1	0.284000
27.100000	1	0.291000
27.116667	1	0.299500
27.133333	1	0.308375
27.150000	1	0.318000
27.166667	1	0.328500
27.183333	1	0.339250
27.200000	1	0.350625
27.216667	1	0.363000
27.233333	1	0.377000
27.250000	1	0.391000
27.266667	1	0.406125
27.283333	1	0.421875
27.300000	1	0.438375
27.316667	1	0.456375
27.333333	1	0.475750
27.350000	1	0.495750
27.366667	1	0.517375
27.383333	1	0.540375
27.400000	1	0.566125
27.416667	1	0.593000
27.433333	1	0.622875
27.450000	1	0.654875
27.466667	1	0.689750
27.483333	1	0.728125
27.500000	1	0.770250
27.516667	1	0.816250
27.533333	1	0.866375
27.550000	1	0.921375
27.566667	1	0.982500
27.583333	1	1.049125
27.600000	1	1.122250
27.616667	1	1.202250
27.633333	1	1.289375
27.650000	1	1.384000
27.666667	1	1.485875
27.683333	1	1.595500
27.700000	1	1.712125
27.716667	1	1.835750
27.733333	1	1.966125
27.750000	1	2.102250
27.766667	1	2.243625
27.783333	1	2.388875
27.800000	1	2.536500
27.816667	1	2.685000
27.833333	1	2.833250
27.850000	1	2.979250
27.866667	1	3.120750
27.883333	1	3.256375
27.900000	1	3.384250
27.916667	1	3.502000
27.933333	1	3.607875
27.950000	1	3.700875
27.966667	1	3.778000
27.983333	1	3.838375
28.000000	1	3.881500
28.016667	1	3.906000
28.033333	1	3.912125
28.050000	1	3.898500
28.066667	1	3.866125
28.083333	1	3.815000
28.100000	1	3.745125
28.116667	1	3.658500
28.133333	1	3.556750
28.150000	1	3.442250
28.166667	1	3.315250
28.183333	1	3.178375
28.200000	1	3.033375
28.216667	1	2.881625
28.233333	1	2.725250
28.250000	1	2.565625
28.266667	1	2.405500
28.283333	1	2.245750
28.300000	1	2.087250
28.316667	1	1.932000
28.333333	1	1.781625
28.350000	1	1.636875
28.366667	1	1.497250
28.383333	1	1.364000
28.400000	1	1.237500
28.416667	1	1.116875
28.433333	1	1.001875
28.450000	1	0.894250
28.466667	1	0.792250
28.483333	1	0.696000
28.500000	1	0.604375
28.516667	1	0.518375
28.533333	1	0.436000
28.550000	1	0.358250
28.566667	1	0.284000
28.583333	1	0.212875
28.600000	1	0.144000
28.616667	1	0.079000
28.633333	1	0.016125
28.650000	1	-0.044375
28.666667	1	-0.103125
28.683333	1	-0.159500
28.700000	1	-0.214625
28.716667	1	-0.267500
28.733333	1	-0.317875
28.750000	1	-0.365500
28.766667	1	-0.410875
28.783333	1	-0.453375
28.800000	1	-0.493125
28.816667	1	-0.529500
28.833333	1	-0.563000
28.850000	1	-0.592750
28.866667	1	-0.618375
28.883333	1	-0.640500
28.900000	1	-0.658625
28.916667	1	-0.672500
28.933333	1	-0.682000
28.950000	1	-0.687500
28.966667	1	-0.688000
28.983333	1	-0.684875
29.000000	1	-0.677000
29.016667	1	-0.664500
29.033333	1	-0.648875
29.050000	1	-0.629375
29.066667	1	-0.606750
29.083333	1	-0.580625
29.100000	1	-0.551500
29.116667	1	-0.519875
29.133333	1	-0.486500
29.150000	1	-0.450000
29.166667	1	-0.412625
29.183333	1	-0.374250
29.200000	1	-0.334500
29.216667	1	-0.293625
29.233333	1	-0.252875
29.250000	1	-0.211000
29.266667	1	-0.170500
29.283333	1	-0.130125
29.300000	1	-0.091125
29.316667	1	-0.051625
29.333333	1	-0.013500
29.350000	1	0.023500
29.366667	1	0.059875
29.383333	1	0.094625
29.400000	1	0.128000
29.416667	1	0.160250
29.433333	1	0.190000
29.450000	1	0.218500
29.466667	1	0.245000
29.483333	1	0.270625
29.500000	1	0.294500
29.516667	1	0.315875
29.533333	1	0.336250
29.550000	1	0.354500
29.566667	1	0.371250
29.583333	1	0.386000
29.600000	1	0.399875
29.616667	1	0.411500
29.633333	1	0.422125
29.650000	1	0.431500
29.666667	1	0.438750
29.683333	1	0.444500
29.700000	1	0.449625
29.716667	1	0.453250
29.733333	1	0.456500
29.750000	1	0.457750
29.766667	1	0.458375
29.783333	1	0.458125
29.800000	1	0.457500
29.816667	1	0.456000
29.833333	1	0.453750
29.850000	1	0.450875
29.866667	1	0.447625
29.883333	1	0.443875
29.900000	1	0.439875
29.916667	1	0.435500
29.933333	1	0.431250
29.950000	1	0.427500
29.966667	1	0.423250
29.983333	1	0.419250
30.000000	1	0.415250
30.016667	1	0.411250
30.033333	1	0.407125
30.050000	1	0.403000
30.066667	1	0.399625
30.083333	1	0.396375
30.100000	1	0.392500
30.116667	1	0.389750
30.133333	1	0.388000
30.150000	1	0.385625
30.166667	1	0.383875
30.183333	1	0.382000
30.200000	1	0.380750
30.216667	1	0.380000
30.233333	1	0.379500
30.250000	1	0.378250
30.266667	1	0.377750
30.283333	1	0.377625
30.300000	1	0.378000
30.316667	1	0.378250
30.333333	1	0.379750
30.350000	1	0.381250
30.366667	1	0.383000
30.383333	1	0.385250
30.400000	1	0.388000
30.416667	1	0.391500
30.433333	1	0.395375
30.450000	1	0.399750
30.466667	1	0.405375
30.483333	1	0.410750
30.500000	1	0.417125
30.516667	1	0.424125
30.533333	1	0.431375
30.550000	1	0.439375
30.566667	1	0.447625
30.583333	1	0.456750
30.600000	1	0.466250
30.616667	1	0.475750
30.633333	1	0.484875
30.650000	1	0.493625
30.666667	1	0.501750
30.683333	1	0.510625
30.700000	1	0.518750
30.716667	1	0.526750
30.733333	1	0.533375
30.750000	1	0.539250
30.766667	1	0.544375
30.783333	1	0.548250
30.800000	1	0.550875
30.816667	1	0.552625
30.833333	1	0.553250
30.850000	1	0.551625
30.866667	1	0.549750
30.883333	1	0.545875
30.900000	1	0.540750
30.916667	1	0.534375
30.933333	1	0.528000
30.950000	1	0.519375
30.966667	1	0.509750
30.983333	1	0.500000
31.000000	1	0.488875
31.016667	1	0.477375
31.033333	1	0.465875
31.050000	1	0.453250
31.066667	1	0.439875
31.083333	1	0.426750
31.100000	1	0.413625
31.116667	1	0.400375
31.133333	1	0.387500
31.150000	1	0.374750
31.166667	1	0.362250
31.183333	1	0.350000
31.200000	1	0.338625
31.216667	1	0.327875
31.233333	1	0.317500
31.250000	1	0.307625
31.266667	1	0.298500
31.283333	1	0.289750
31.300000	1	0.280875
31.316667	1	0.273250
31.333333	1	0.266500
31.350000	1	0.260125
31.366667	1	0.254125
31.383333	1	0.249250
31.400000	1	0.244125
31.416667	1	0.239875
31.433333	1	0.236375
31.450000	1	0.233000
31.466667	1	0.230625
31.483333	1	0.228125
31.500000	1	0.226375
31.516667	1	0.224750
31.533333	1	0.223750
31.550000	1	0.223250
31.566667	1	0.222875
31.583333	1	0.223000
31.600000	1	0.222875
31.616667	1	0.224625
31.633333	1	0.225875
31.650000	1	0.227500
31.666667	1	0.229750
31.683333	1	0.231500
31.700000	1	0.233500
31.716667	1	0.236500
31.733333	1	0.239625
31.750000	1	0.242500
31.766667	1	0.246250
31.783333	1	0.250000
31.800000	1	0.253625
31.816667	1	0.258000
31.833333	1	0.262125
31.850000	1	0.266750
31.866667	1	0.270500
31.883333	1	0.275000
31.900000	1	0.278875
31.916667	1	0.282375
31.933333	1	0.285750
31.950000	1	0.289750
31.966667	1	0.293750
31.983333	1	0.297125
32.000000	1	0.300125
32.016667	1	0.302625
32.033333	1	0.303875
32.050000	1	0.305750
32.066667	1	0.306250
32.083333	1	0.306125
32.100000	1	0.305750
32.116667	1	0.304625
32.133333	1	0.302250
32.150000	1	0.300250
32.166667	1	0.297875
32.183333	1	0.294625
32.200000	1	0.290875
32.216667	1	0.286000
32.233333	1	0.280875
32.250000	1	0.276125
32.266667	1	0.270625
32.283333	1	0.264750
32.300000	1	0.258625
32.316667	1	0.251875
32.333333	1	0.246375
32.350000	1	0.240375
32.366667	1	0.234250
32.383333	1	0.227875
32.400000	1	0.222125
32.416667	1	0.216000
32.433333	1	0.209125
32.450000	1	0.202625
32.466667	1	0.196500
32.483333	1	0.190500
32.500000	1	0.185000
32.516667	1	0.179375
32.533333	1	0.174875
32.550000	1	0.169875
32.566667	1	0.164375
32.583333	1	0.159875
32.600000	1	0.155375
32.616667	1	0.150375
32.633333	1	0.145250
32.650000	1	0.140375
32.666667	1	0.135750
32.683333	1	0.131500
32.700000	1	0.127125
32.716667	1	0.122500
32.733333	1	0.117750
32.750000	1	0.113250
32.766667	1	0.108125
32.783333	1	0.103500
32.800000	1	0.098750
32.816667	1	0.094500
32.833333	1	0.089875
32.850000	1	0.085625
32.866667	1	0.081375
32.883333	1	0.076875
32.900000	1	0.072625
32.916667	1	0.068500
32.933333	1	0.064625
32.950000	1	0.061375
32.966667	1	0.057875
32.983333	1	0.054125
33.000000	1	0.050125
33.016667	1	0.047250
33.033333	1	0.044500
33.050000	1	0.041000
33.066667	1	0.038000
33.083333	1	0.035000
33.100000	1	0.033500
33.116667	1	0.031375
33.133333	1	0.029750
33.150000	1	0.028000
33.166667	1	0.026125
33.183333	1	0.024500
33.200000	1	0.023375
33.216667	1	0.022750
33.233333	1	0.022125
33.250000	1	0.021375
33.266667	1	0.020750
33.283333	1	0.020500
33.300000	1	0.020500
33.316667	1	0.021125
33.333333	1	0.021500
33.350000	1	0.021875
33.366667	1	0.022250
33.383333	1	0.023250
33.400000	1	0.024000
33.416667	1	0.025000
33.433333	1	0.025625
33.450000	1	0.027000
33.466667	1	0.027750
33.483333	1	0.029375
33.500000	1	0.030250
33.516667	1	0.032250
33.533333	1	0.034250
33.550000	1	0.036125
33.566667	1	0.038375
33.583333	1	0.040375
33.600000	1	0.043125
33.616667	1	0.045500
33.633333	1	0.047250
33.650000	1	0.049500
33.666667	1	0.052125
33.683333	1	0.054375
33.700000	1	0.057750
33.716667	1	0.060250
33.733333	1	0.063750
33.750000	1	0.067125
33.766667	1	0.071250
33.783333	1	0.075125
33.800000	1	0.079500
33.816667	1	0.084000
33.833333	1	0.088625
33.850000	1	0.093375
33.866667	1	0.099000
33.883333	1	0.104500
33.900000	1	0.110875
33.916667	1	0.117750
33.933333	1	0.125375
33.950000	1	0.133625
33.966667	1	0.142375
33.983333	1	0.150875
34.000000	1	0.160125
34.016667	1	0.169125
34.033333	1	0.179250
34.050000	1	0.190000
34.066667	1	0.200125
34.083333	1	0.211000
34.100000	1	0.222000
34.116667	1	0.232875
34.133333	1	0.244250
34.150000	1	0.255500
34.166667	1	0.267000
34.183333	1	0.277750
34.200000	1	0.287375
34.216667	1	0.297375
34.233333	1	0.307125
34.250000	1	0.315375
34.266667	1	0.323750
34.283333	1	0.331375
34.300000	1	0.337250
34.316667	1	0.342125
34.333333	1	0.347000
34.350000	1	0.350625
34.366667	1	0.352750
34.383333	1	0.354375
34.400000	1	0.354750
34.416667	1	0.353875
34.433333	1	0.351500
34.450000	1	0.349250
34.466667	1	0.344500
34.483333	1	0.339875
34.500000	1	0.334500
34.516667	1	0.328125
34.533333	1	0.321875
34.550000	1	0.315000
34.566667	1	0.307125
34.583333	1	0.298750
34.600000	1	0.289375
34.616667	1	0.279750
34.633333	1	0.270750
34.650000	1	0.261500
34.666667	1	0.252125
34.683333	1	0.243125
34.700000	1	0.233750
34.716667	1	0.225125
34.733333	1	0.217250
34.750000	1	0.209625
34.766667	1	0.201750
34.783333	1	0.194125
34.800000	1	0.186875
34.816667	1	0.181250
34.833333	1	0.175375
34.850000	1	0.170375
34.866667	1	0.165750
34.883333	1	0.161625
34.900000	1	0.158250
34.916667	1	0.155750
34.933333	1	0.153125
34.950000	1	0.150875
34.966667	1	0.149250
34.983333	1	0.147875
35.000000	1	0.147125
35.016667	1	0.146250
35.033333	1	0.145625
35.050000	1	0.146375
35.066667	1	0.146750
35.083333	1	0.147625
35.100000	1	0.148750
35.116667	1	0.150000
35.133333	1	0.151000
35.150000	1	0.152750
35.166667	1	0.154125
35.183333	1	0.156125
35.200000	1	0.158500
35.216667	1	0.160375
35.233333	1	0.162000
35.250000	1	0.164000
35.266667	1	0.166500
35.283333	1	0.169750
35.300000	1	0.171750
35.316667	1	0.174125
35.333333	1	0.176500
35.350000	1	0.178625
35.366667	1	0.181125
35.383333	1	0.182750
35.400000	1	0.185125
35.416667	1	0.187125
35.433333	1	0.188375
35.450000	1	0.190750
35.466667	1	0.192125
35.483333	1	0.193500
35.500000	1	0.195125
35.516667	1	0.195875
35.533333	1	0.196625
35.550000	1	0.197875
35.566667	1	0.198250
35.583333	1	0.198875
35.600000	1	0.198250
35.616667	1	0.198375
35.633333	1	0.198250
35.650000	1	0.198125
35.666667	1	0.197500
35.683333	1	0.196625
35.700000	1	0.196500
35.716667	1	0.196125
35.733333	1	0.194500
35.750000	1	0.193500
35.766667	1	0.193375
35.783333	1	0.192000
35.800000	1	0.190750
35.816667	1	0.189500
35.833333	1	0.188500
35.850000	1	0.186750
35.866667	1	0.185625
35.883333	1	0.184250
35.900000	1	0.182625
35.916667	1	0.181000
35.933333	1	0.179500
35.950000	1	0.177500
35.966667	1	0.175500
35.983333	1	0.173375
36.000000	1	0.171875
36.016667	1	0.170250
36.033333	1	0.169125
36.050000	1	0.167000
36.066667	1	0.165000
36.083333	1	0.163000
36.100000	1	0.161500
36.116667	1	0.159875
36.133333	1	0.157875
36.150000	1	0.155500
36.166667	1	0.153375
36.183333	1	0.151125
36.200000	1	0.148750
36.216667	1	0.146375
36.233333	1	0.143875
36.250000	1	0.141250
36.266667	1	0.138875
36.283333	1	0.136125
36.300000	1	0.134125
36.316667	1	0.132125
36.333333	1	0.129875
36.350000	1	0.127375
36.366667	1	0.124875
36.383333	1	0.122625
36.400000	1	0.120625
36.416667	1	0.117625
36.433333	1	0.115500
36.450000	1	0.113750
36.466667	1	0.112500
36.483333	1	0.110000
36.500000	1	0.108375
36.516667	1	0.106250
36.533333	1	0.104375
36.550000	1	0.102625
36.566667	1	0.100875
36.583333	1	0.099125
36.600000	1	0.097000
36.616667	1	0.095000
36.633333	1	0.093625
36.650000	1	0.091000
36.666667	1	0.089125
36.683333	1	0.087250
36.700000	1	0.085750
36.716667	1	0.084000
36.733333	1	0.082125
36.750000	1	0.080125
36.766667	1	0.078250
36.783333	1	0.076125
36.800000	1	0.074250
36.816667	1	0.072625
36.833333	1	0.070750
36.850000	1	0.069000
36.866667	1	0.067625
36.883333	1	0.065875
36.900000	1	0.064625
36.916667	1	0.062625
36.933333	1	0.061125
36.950000	1	0.060000
36.966667	1	0.058750
36.983333	1	0.057000
37.000000	1	0.055625
37.016667	1	0.054500
37.033333	1	0.053500
37.050000	1	0.053375
37.066667	1	0.053000
37.083333	1	0.052000
37.100000	1	0.051125
37.116667	1	0.050750
37.133333	1	0.049750
37.150000	1	0.049625
37.166667	1	0.049250
37.183333	1	0.048625
37.200000	1	0.048125
37.216667	1	0.047625
37.233333	1	0.047250
37.250000	1	0.046875
37.266667	1	0.046625
37.283333	1	0.046500
37.300000	1	0.046000
37.316667	1	0.045625
37.333333	1	0.045125
37.350000	1	0.043875
37.366667	1	0.043000
37.383333	1	0.042125
37.400000	1	0.041500
37.416667	1	0.040625
37.433333	1	0.039625
37.450000	1	0.038875
37.466667	1	0.038250
37.483333	1	0.036875
37.500000	1	0.036125
37.516667	1	0.035875
37.533333	1	0.035375
37.550000	1	0.034750
37.566667	1	0.034375
37.583333	1	0.033125
37.600000	1	0.032375
37.616667	1	0.031875
37.633333	1	0.031375
37.650000	1	0.031250
37.666667	1	0.031250
37.683333	1	0.031250
37.700000	1	0.031125
37.716667	1	0.031000
37.733333	1	0.031125
37.750000	1	0.030875
37.766667	1	0.031125
37.783333	1	0.031750
37.800000	1	0.032000
37.816667	1	0.032875
37.833333	1	0.034000
37.850000	1	0.034875
37.866667	1	0.034500
37.883333	1	0.034750
37.900000	1	0.035750
37.916667	1	0.035875
37.933333	1	0.036000
37.950000	1	0.036625
37.966667	1	0.037250
37.983333	1	0.037625
38.000000	1	0.038250
38.016667	1	0.038625
38.033333	1	0.039750
38.050000	1	0.040375
38.066667	1	0.041125
38.083333	1	0.042500
38.100000	1	0.043125
38.116667	1	0.043375
38.133333	1	0.044375
38.150000	1	0.044875
38.166667	1	0.045250
38.183333	1	0.045750
38.200000	1	0.045875
38.216667	1	0.046875
38.233333	1	0.047375
38.250000	1	0.047750
38.266667	1	0.048000
38.283333	1	0.048500
38.300000	1	0.048625
38.316667	1	0.048625
38.333333	1	0.048375
38.350000	1	0.048000
38.366667	1	0.048125
38.383333	1	0.047625
38.400000	1	0.047375
38.416667	1	0.047375
38.433333	1	0.046875
38.450000	1	0.046250
38.466667	1	0.046000
38.483333	1	0.046125
38.500000	1	0.045875
38.516667	1	0.045750
38.533333	1	0.045625
38.550000	1	0.045000
38.566667	1	0.044875
38.583333	1	0.044125
38.600000	1	0.043875
38.616667	1	0.043625
38.633333	1	0.043250
38.650000	1	0.042375
38.666667	1	0.042875
38.683333	1	0.042250
38.700000	1	0.041500
38.716667	1	0.041000
38.733333	1	0.040750
38.750000	1	0.040500
38.766667	1	0.040375
38.783333	1	0.040000
38.800000	1	0.040375
38.816667	1	0.039375
38.833333	1	0.040250
38.850000	1	0.039250
38.866667	1	0.038625
38.883333	1	0.038250
38.900000	1	0.037750
38.916667	1	0.037000
38.933333	1	0.036625
38.950000	1	0.036750
38.966667	1	0.036000
38.983333	1	0.035250
39.000000	1	0.034750
39.016667	1	0.034125
39.033333	1	0.033875
39.050000	1	0.033875
39.066667	1	0.033750
39.083333	1	0.033250
39.100000	1	0.032250
39.116667	1	0.031375
39.133333	1	0.030375
39.150000	1	0.029625
39.166667	1	0.028875
39.183333	1	0.028375
39.200000	1	0.027625
39.216667	1	0.027750
39.233333	1	0.027125
39.250000	1	0.026625
39.266667	1	0.026500
39.283333	1	0.025500
39.300000	1	0.024250
39.316667	1	0.024375
39.333333	1	0.024125
39.350000	1	0.023750
39.366667	1	0.023500
39.383333	1	0.023250
39.400000	1	0.023500
39.416667	1	0.023375
39.433333	1	0.024125
39.450000	1	0.024250
39.466667	1	0.024750
39.483333	1	0.025125
39.500000	1	0.025875
39.516667	1	0.025875
39.533333	1	0.025875
39.550000	1	0.025500
39.566667	1	0.025875
39.583333	1	0.026375
39.600000	1	0.026500
39.616667	1	0.026625
39.633333	1	0.027500
39.650000	1	0.027500
39.666667	1	0.027875
39.683333	1	0.028500
39.700000	1	0.029000
39.716667	1	0.029250
39.733333	1	0.029125
39.750000	1	0.029250
39.766667	1	0.029500
39.783333	1	0.030250
39.800000	1	0.030250
39.816667	1	0.030250
39.833333	1	0.030000
39.850000	1	0.030625
39.866667	1	0.031125
39.883333	1	0.031250
39.900000	1	0.032250
39.916667	1	0.032000
39.933333	1	0.032250
39.950000	1	0.033125
39.966667	1	0.033875
39.983333	1	0.034250
40.000000	1	0.035000
