File Path	chrom://990-75db15j/XVault/Ultimate_3000/1256/20230531_CMO_stabTest _FP08_FP09.seq/486.smp/RI_1.channel/RI_1.chm
Channel	RI_1

Injection Information:
Data Vault	XVault
Injection	FP08_7_s5
Injection Number	41
Position	BE7
Comment	
Processing Method	
Instrument Method	run_25B_method
Type	Unknown
Status	Finished
Injection Date	02.06.2023
Injection Time	16:15:04
Injection Volume (µl)	20.000
Dilution Factor	1.0000
Weight	1.0000

Chromatogram Data Information:
Time Min. (min)	0.000000
Time Max. (min)	40.000000
Data Points	2401
Detector	RI
Generating Data System	Chromeleon 7.2.5.9507
Exporting Data System	Chromeleon 7.2.5.0
Operator	Instrument Controller
Signal Quantity	Refractive 
Signal Unit	µRIU
Signal Min.	-0.254250
Signal Max.	50.576125
Channel	RI_1
Driver Name	RID520Driver.dll
Channel Type	Evaluation
Min. Step (s)	1
Max. Step (s)	1
Average Step (s)	1

Signal Parameter Information:
Signal Info	

Chromatogram Data:
Time (min)	Step (s)	Value (µRIU)
0.000000	n.a.	-0.037500
0.016667	1	-0.038000
0.033333	1	-0.039250
0.050000	1	-0.039750
0.066667	1	-0.040750
0.083333	1	-0.042250
0.100000	1	-0.043125
0.116667	1	-0.043125
0.133333	1	-0.043625
0.150000	1	-0.044250
0.166667	1	-0.045000
0.183333	1	-0.046250
0.200000	1	-0.046250
0.216667	1	-0.046375
0.233333	1	-0.046375
0.250000	1	-0.046500
0.266667	1	-0.047000
0.283333	1	-0.047500
0.300000	1	-0.049625
0.316667	1	-0.053125
0.333333	1	-0.055125
0.350000	1	-0.055000
0.366667	1	-0.052000
0.383333	1	-0.047750
0.400000	1	-0.043750
0.416667	1	-0.040375
0.433333	1	-0.037500
0.450000	1	-0.034625
0.466667	1	-0.032750
0.483333	1	-0.031875
0.500000	1	-0.032875
0.516667	1	-0.034250
0.533333	1	-0.035875
0.550000	1	-0.036875
0.566667	1	-0.037875
0.583333	1	-0.038250
0.600000	1	-0.038875
0.616667	1	-0.039625
0.633333	1	-0.039375
0.650000	1	-0.039625
0.666667	1	-0.039375
0.683333	1	-0.039625
0.700000	1	-0.039250
0.716667	1	-0.039250
0.733333	1	-0.039750
0.750000	1	-0.039625
0.766667	1	-0.039500
0.783333	1	-0.039125
0.800000	1	-0.038875
0.816667	1	-0.039250
0.833333	1	-0.039625
0.850000	1	-0.039125
0.866667	1	-0.039000
0.883333	1	-0.038625
0.900000	1	-0.038375
0.916667	1	-0.038750
0.933333	1	-0.038500
0.950000	1	-0.039125
0.966667	1	-0.039125
0.983333	1	-0.039625
1.000000	1	-0.039750
1.016667	1	-0.039375
1.033333	1	-0.039125
1.050000	1	-0.039500
1.066667	1	-0.039750
1.083333	1	-0.039625
1.100000	1	-0.039500
1.116667	1	-0.039750
1.133333	1	-0.039625
1.150000	1	-0.040250
1.166667	1	-0.041125
1.183333	1	-0.041500
1.200000	1	-0.041625
1.216667	1	-0.041250
1.233333	1	-0.041875
1.250000	1	-0.042250
1.266667	1	-0.042875
1.283333	1	-0.044000
1.300000	1	-0.044375
1.316667	1	-0.045125
1.333333	1	-0.045125
1.350000	1	-0.045875
1.366667	1	-0.046375
1.383333	1	-0.047000
1.400000	1	-0.047500
1.416667	1	-0.048250
1.433333	1	-0.049375
1.450000	1	-0.049750
1.466667	1	-0.050875
1.483333	1	-0.051125
1.500000	1	-0.052125
1.516667	1	-0.053125
1.533333	1	-0.054250
1.550000	1	-0.054875
1.566667	1	-0.056125
1.583333	1	-0.057125
1.600000	1	-0.058375
1.616667	1	-0.058500
1.633333	1	-0.059125
1.650000	1	-0.060375
1.666667	1	-0.060750
1.683333	1	-0.061750
1.700000	1	-0.062625
1.716667	1	-0.063375
1.733333	1	-0.064125
1.750000	1	-0.064875
1.766667	1	-0.064500
1.783333	1	-0.064625
1.800000	1	-0.064875
1.816667	1	-0.064875
1.833333	1	-0.064875
1.850000	1	-0.065000
1.866667	1	-0.064625
1.883333	1	-0.064125
1.900000	1	-0.064000
1.916667	1	-0.063625
1.933333	1	-0.063250
1.950000	1	-0.062625
1.966667	1	-0.062375
1.983333	1	-0.061500
2.000000	1	-0.060625
2.016667	1	-0.059375
2.033333	1	-0.058625
2.050000	1	-0.058000
2.066667	1	-0.056750
2.083333	1	-0.055750
2.100000	1	-0.054625
2.116667	1	-0.053750
2.133333	1	-0.052875
2.150000	1	-0.052125
2.166667	1	-0.051750
2.183333	1	-0.050625
2.200000	1	-0.049500
2.216667	1	-0.048625
2.233333	1	-0.047000
2.250000	1	-0.045875
2.266667	1	-0.045250
2.283333	1	-0.044000
2.300000	1	-0.043750
2.316667	1	-0.043000
2.333333	1	-0.042375
2.350000	1	-0.041625
2.366667	1	-0.041000
2.383333	1	-0.040375
2.400000	1	-0.039625
2.416667	1	-0.039125
2.433333	1	-0.038500
2.450000	1	-0.038250
2.466667	1	-0.039000
2.483333	1	-0.038750
2.500000	1	-0.038375
2.516667	1	-0.037500
2.533333	1	-0.036625
2.550000	1	-0.036875
2.566667	1	-0.035875
2.583333	1	-0.035250
2.600000	1	-0.034375
2.616667	1	-0.033875
2.633333	1	-0.032625
2.650000	1	-0.031875
2.666667	1	-0.031250
2.683333	1	-0.030125
2.700000	1	-0.029625
2.716667	1	-0.028250
2.733333	1	-0.027375
2.750000	1	-0.026750
2.766667	1	-0.026000
2.783333	1	-0.025375
2.800000	1	-0.024000
2.816667	1	-0.023125
2.833333	1	-0.022250
2.850000	1	-0.021250
2.866667	1	-0.020875
2.883333	1	-0.020375
2.900000	1	-0.019125
2.916667	1	-0.018875
2.933333	1	-0.018875
2.950000	1	-0.018625
2.966667	1	-0.017625
2.983333	1	-0.017125
3.000000	1	-0.016875
3.016667	1	-0.017000
3.033333	1	-0.017375
3.050000	1	-0.017000
3.066667	1	-0.016375
3.083333	1	-0.016875
3.100000	1	-0.017250
3.116667	1	-0.017875
3.133333	1	-0.018750
3.150000	1	-0.019625
3.166667	1	-0.020125
3.183333	1	-0.021375
3.200000	1	-0.022000
3.216667	1	-0.022500
3.233333	1	-0.023375
3.250000	1	-0.024125
3.266667	1	-0.024750
3.283333	1	-0.026250
3.300000	1	-0.028000
3.316667	1	-0.029500
3.333333	1	-0.030750
3.350000	1	-0.032375
3.366667	1	-0.033875
3.383333	1	-0.034500
3.400000	1	-0.035625
3.416667	1	-0.036750
3.433333	1	-0.037625
3.450000	1	-0.038750
3.466667	1	-0.039750
3.483333	1	-0.040750
3.500000	1	-0.041625
3.516667	1	-0.042125
3.533333	1	-0.042625
3.550000	1	-0.043250
3.566667	1	-0.044125
3.583333	1	-0.044250
3.600000	1	-0.044375
3.616667	1	-0.044875
3.633333	1	-0.044875
3.650000	1	-0.045250
3.666667	1	-0.045625
3.683333	1	-0.045625
3.700000	1	-0.045750
3.716667	1	-0.045500
3.733333	1	-0.045625
3.750000	1	-0.045750
3.766667	1	-0.045500
3.783333	1	-0.045125
3.800000	1	-0.044500
3.816667	1	-0.043875
3.833333	1	-0.043625
3.850000	1	-0.043125
3.866667	1	-0.043000
3.883333	1	-0.042875
3.900000	1	-0.042625
3.916667	1	-0.042375
3.933333	1	-0.042750
3.950000	1	-0.043000
3.966667	1	-0.043125
3.983333	1	-0.042750
4.000000	1	-0.043375
4.016667	1	-0.043625
4.033333	1	-0.044125
4.050000	1	-0.044125
4.066667	1	-0.044500
4.083333	1	-0.044750
4.100000	1	-0.044875
4.116667	1	-0.045625
4.133333	1	-0.045875
4.150000	1	-0.046250
4.166667	1	-0.047500
4.183333	1	-0.048250
4.200000	1	-0.048750
4.216667	1	-0.049250
4.233333	1	-0.049375
4.250000	1	-0.050250
4.266667	1	-0.050625
4.283333	1	-0.051375
4.300000	1	-0.052125
4.316667	1	-0.053000
4.333333	1	-0.053000
4.350000	1	-0.053625
4.366667	1	-0.054000
4.383333	1	-0.054000
4.400000	1	-0.054000
4.416667	1	-0.053375
4.433333	1	-0.053500
4.450000	1	-0.054125
4.466667	1	-0.054000
4.483333	1	-0.054125
4.500000	1	-0.053875
4.516667	1	-0.053375
4.533333	1	-0.052625
4.550000	1	-0.051875
4.566667	1	-0.050625
4.583333	1	-0.050625
4.600000	1	-0.050250
4.616667	1	-0.049125
4.633333	1	-0.048000
4.650000	1	-0.047375
4.666667	1	-0.045375
4.683333	1	-0.045000
4.700000	1	-0.044375
4.716667	1	-0.044250
4.733333	1	-0.042875
4.750000	1	-0.041375
4.766667	1	-0.040750
4.783333	1	-0.039625
4.800000	1	-0.038625
4.816667	1	-0.037750
4.833333	1	-0.036375
4.850000	1	-0.035250
4.866667	1	-0.034625
4.883333	1	-0.033125
4.900000	1	-0.031750
4.916667	1	-0.029500
4.933333	1	-0.027500
4.950000	1	-0.025750
4.966667	1	-0.023750
4.983333	1	-0.022125
5.000000	1	-0.020000
5.016667	1	-0.017875
5.033333	1	-0.015750
5.050000	1	-0.014000
5.066667	1	-0.012125
5.083333	1	-0.010500
5.100000	1	-0.008500
5.116667	1	-0.005875
5.133333	1	-0.003125
5.150000	1	-0.000750
5.166667	1	0.001000
5.183333	1	0.003375
5.200000	1	0.006125
5.216667	1	0.008500
5.233333	1	0.010375
5.250000	1	0.012125
5.266667	1	0.014125
5.283333	1	0.016125
5.300000	1	0.017875
5.316667	1	0.019250
5.333333	1	0.020875
5.350000	1	0.022000
5.366667	1	0.023500
5.383333	1	0.025375
5.400000	1	0.026000
5.416667	1	0.026750
5.433333	1	0.027250
5.450000	1	0.027750
5.466667	1	0.027875
5.483333	1	0.028125
5.500000	1	0.028000
5.516667	1	0.027625
5.533333	1	0.027625
5.550000	1	0.027500
5.566667	1	0.027000
5.583333	1	0.026500
5.600000	1	0.026250
5.616667	1	0.026250
5.633333	1	0.025875
5.650000	1	0.024375
5.666667	1	0.022875
5.683333	1	0.023000
5.700000	1	0.022375
5.716667	1	0.022000
5.733333	1	0.021875
5.750000	1	0.021875
5.766667	1	0.022125
5.783333	1	0.021250
5.800000	1	0.020875
5.816667	1	0.021250
5.833333	1	0.020875
5.850000	1	0.020375
5.866667	1	0.020250
5.883333	1	0.020500
5.900000	1	0.020875
5.916667	1	0.021750
5.933333	1	0.022375
5.950000	1	0.022875
5.966667	1	0.023250
5.983333	1	0.023000
6.000000	1	0.023875
6.016667	1	0.024625
6.033333	1	0.025625
6.050000	1	0.026750
6.066667	1	0.027750
6.083333	1	0.028500
6.100000	1	0.029875
6.116667	1	0.031375
6.133333	1	0.033000
6.150000	1	0.034500
6.166667	1	0.036750
6.183333	1	0.038750
6.200000	1	0.040000
6.216667	1	0.042250
6.233333	1	0.043875
6.250000	1	0.045125
6.266667	1	0.047500
6.283333	1	0.049500
6.300000	1	0.051625
6.316667	1	0.053750
6.333333	1	0.055875
6.350000	1	0.058375
6.366667	1	0.060375
6.383333	1	0.062250
6.400000	1	0.064625
6.416667	1	0.067000
6.433333	1	0.068625
6.450000	1	0.071125
6.466667	1	0.073125
6.483333	1	0.075125
6.500000	1	0.077125
6.516667	1	0.079250
6.533333	1	0.081750
6.550000	1	0.083625
6.566667	1	0.085625
6.583333	1	0.087875
6.600000	1	0.090000
6.616667	1	0.091875
6.633333	1	0.093250
6.650000	1	0.095000
6.666667	1	0.096375
6.683333	1	0.097000
6.700000	1	0.097875
6.716667	1	0.099500
6.733333	1	0.100250
6.750000	1	0.100875
6.766667	1	0.101000
6.783333	1	0.101750
6.800000	1	0.101625
6.816667	1	0.101000
6.833333	1	0.100625
6.850000	1	0.100250
6.866667	1	0.099875
6.883333	1	0.099875
6.900000	1	0.098625
6.916667	1	0.097500
6.933333	1	0.096250
6.950000	1	0.094625
6.966667	1	0.092625
6.983333	1	0.090125
7.000000	1	0.088125
7.016667	1	0.085500
7.033333	1	0.083250
7.050000	1	0.080500
7.066667	1	0.077875
7.083333	1	0.075125
7.100000	1	0.072125
7.116667	1	0.069125
7.133333	1	0.066000
7.150000	1	0.062375
7.166667	1	0.058875
7.183333	1	0.056000
7.200000	1	0.053625
7.216667	1	0.050500
7.233333	1	0.047250
7.250000	1	0.044250
7.266667	1	0.041625
7.283333	1	0.039250
7.300000	1	0.036000
7.316667	1	0.033500
7.333333	1	0.030500
7.350000	1	0.028500
7.366667	1	0.026000
7.383333	1	0.023625
7.400000	1	0.021500
7.416667	1	0.019125
7.433333	1	0.016250
7.450000	1	0.014500
7.466667	1	0.013250
7.483333	1	0.011500
7.500000	1	0.010125
7.516667	1	0.009375
7.533333	1	0.008000
7.550000	1	0.006625
7.566667	1	0.006250
7.583333	1	0.005125
7.600000	1	0.003750
7.616667	1	0.002750
7.633333	1	0.001250
7.650000	1	0.000125
7.666667	1	-0.000750
7.683333	1	-0.001625
7.700000	1	-0.003000
7.716667	1	-0.003875
7.733333	1	-0.004000
7.750000	1	-0.004875
7.766667	1	-0.005625
7.783333	1	-0.006000
7.800000	1	-0.007250
7.816667	1	-0.008250
7.833333	1	-0.009125
7.850000	1	-0.010250
7.866667	1	-0.011250
7.883333	1	-0.011625
7.900000	1	-0.012250
7.916667	1	-0.013250
7.933333	1	-0.013375
7.950000	1	-0.014250
7.966667	1	-0.014750
7.983333	1	-0.015500
8.000000	1	-0.015875
8.016667	1	-0.016125
8.033333	1	-0.015875
8.050000	1	-0.016500
8.066667	1	-0.016375
8.083333	1	-0.016375
8.100000	1	-0.016250
8.116667	1	-0.016250
8.133333	1	-0.015625
8.150000	1	-0.014875
8.166667	1	-0.013875
8.183333	1	-0.012625
8.200000	1	-0.011375
8.216667	1	-0.009875
8.233333	1	-0.008250
8.250000	1	-0.007250
8.266667	1	-0.005750
8.283333	1	-0.003750
8.300000	1	-0.002375
8.316667	1	-0.000625
8.333333	1	0.001125
8.350000	1	0.003625
8.366667	1	0.006250
8.383333	1	0.008750
8.400000	1	0.011000
8.416667	1	0.014250
8.433333	1	0.017125
8.450000	1	0.020000
8.466667	1	0.023625
8.483333	1	0.027125
8.500000	1	0.031000
8.516667	1	0.035125
8.533333	1	0.039250
8.550000	1	0.043125
8.566667	1	0.046875
8.583333	1	0.050125
8.600000	1	0.053125
8.616667	1	0.056625
8.633333	1	0.059250
8.650000	1	0.061000
8.666667	1	0.063625
8.683333	1	0.065375
8.700000	1	0.067625
8.716667	1	0.069125
8.733333	1	0.070750
8.750000	1	0.072375
8.766667	1	0.073875
8.783333	1	0.075625
8.800000	1	0.077375
8.816667	1	0.078000
8.833333	1	0.079250
8.850000	1	0.080250
8.866667	1	0.081750
8.883333	1	0.083750
8.900000	1	0.085125
8.916667	1	0.086625
8.933333	1	0.089875
8.950000	1	0.090125
8.966667	1	0.091125
8.983333	1	0.092000
9.000000	1	0.092125
9.016667	1	0.093000
9.033333	1	0.093125
9.050000	1	0.094375
9.066667	1	0.095625
9.083333	1	0.097375
9.100000	1	0.098375
9.116667	1	0.099000
9.133333	1	0.100375
9.150000	1	0.102000
9.166667	1	0.103000
9.183333	1	0.104000
9.200000	1	0.104250
9.216667	1	0.104250
9.233333	1	0.104250
9.250000	1	0.105000
9.266667	1	0.105250
9.283333	1	0.106000
9.300000	1	0.106625
9.316667	1	0.107375
9.333333	1	0.108125
9.350000	1	0.108500
9.366667	1	0.109250
9.383333	1	0.110875
9.400000	1	0.112125
9.416667	1	0.113750
9.433333	1	0.115125
9.450000	1	0.117500
9.466667	1	0.120000
9.483333	1	0.123000
9.500000	1	0.126875
9.516667	1	0.130625
9.533333	1	0.135750
9.550000	1	0.141750
9.566667	1	0.148375
9.583333	1	0.156250
9.600000	1	0.165125
9.616667	1	0.175375
9.633333	1	0.187750
9.650000	1	0.201250
9.666667	1	0.217000
9.683333	1	0.234625
9.700000	1	0.254125
9.716667	1	0.275125
9.733333	1	0.296250
9.750000	1	0.317250
9.766667	1	0.337000
9.783333	1	0.353875
9.800000	1	0.366750
9.816667	1	0.374875
9.833333	1	0.378000
9.850000	1	0.374000
9.866667	1	0.362000
9.883333	1	0.339750
9.900000	1	0.310500
9.916667	1	0.284000
9.933333	1	0.283125
9.950000	1	0.346625
9.966667	1	0.529125
9.983333	1	0.892375
10.000000	1	1.499125
10.016667	1	2.405750
10.033333	1	3.657500
10.050000	1	5.282875
10.066667	1	7.297500
10.083333	1	9.707375
10.100000	1	12.501500
10.116667	1	15.659250
10.133333	1	19.139500
10.150000	1	22.885125
10.166667	1	26.816875
10.183333	1	30.828250
10.200000	1	34.781875
10.216667	1	38.510000
10.233333	1	41.818375
10.250000	1	44.495750
10.266667	1	46.346250
10.283333	1	47.218000
10.300000	1	47.034375
10.316667	1	45.817500
10.333333	1	43.683875
10.350000	1	40.828000
10.366667	1	37.488625
10.383333	1	33.908625
10.400000	1	30.305625
10.416667	1	26.845875
10.433333	1	23.643500
10.450000	1	20.761375
10.466667	1	18.217750
10.483333	1	16.003125
10.500000	1	14.088625
10.516667	1	12.439500
10.533333	1	11.018875
10.550000	1	9.790750
10.566667	1	8.726125
10.583333	1	7.799250
10.600000	1	6.991500
10.616667	1	6.288125
10.633333	1	5.675750
10.650000	1	5.145000
10.666667	1	4.685000
10.683333	1	4.286125
10.700000	1	3.941750
10.716667	1	3.643000
10.733333	1	3.383500
10.750000	1	3.156250
10.766667	1	2.956625
10.783333	1	2.780625
10.800000	1	2.624500
10.816667	1	2.484875
10.833333	1	2.358000
10.850000	1	2.243500
10.866667	1	2.139250
10.883333	1	2.043875
10.900000	1	1.957125
10.916667	1	1.877625
10.933333	1	1.804625
10.950000	1	1.737375
10.966667	1	1.674875
10.983333	1	1.616625
11.000000	1	1.562125
11.016667	1	1.511500
11.033333	1	1.464125
11.050000	1	1.420750
11.066667	1	1.379750
11.083333	1	1.343000
11.100000	1	1.308500
11.116667	1	1.276500
11.133333	1	1.245500
11.150000	1	1.217250
11.166667	1	1.191250
11.183333	1	1.167250
11.200000	1	1.143750
11.216667	1	1.122250
11.233333	1	1.102000
11.250000	1	1.083125
11.266667	1	1.064750
11.283333	1	1.048000
11.300000	1	1.033000
11.316667	1	1.018750
11.333333	1	1.005125
11.350000	1	0.993000
11.366667	1	0.981000
11.383333	1	0.970375
11.400000	1	0.960625
11.416667	1	0.952125
11.433333	1	0.944875
11.450000	1	0.937750
11.466667	1	0.932375
11.483333	1	0.927625
11.500000	1	0.924250
11.516667	1	0.921250
11.533333	1	0.919125
11.550000	1	0.917375
11.566667	1	0.915500
11.583333	1	0.913875
11.600000	1	0.912625
11.616667	1	0.911000
11.633333	1	0.910125
11.650000	1	0.909625
11.666667	1	0.908750
11.683333	1	0.908125
11.700000	1	0.907375
11.716667	1	0.907125
11.733333	1	0.905750
11.750000	1	0.904625
11.766667	1	0.904000
11.783333	1	0.903625
11.800000	1	0.903125
11.816667	1	0.903250
11.833333	1	0.904000
11.850000	1	0.906000
11.866667	1	0.908375
11.883333	1	0.913500
11.900000	1	0.920000
11.916667	1	0.928125
11.933333	1	0.938250
11.950000	1	0.950875
11.966667	1	0.966000
11.983333	1	0.982875
12.000000	1	1.002875
12.016667	1	1.026500
12.033333	1	1.053125
12.050000	1	1.083500
12.066667	1	1.118625
12.083333	1	1.159125
12.100000	1	1.207625
12.116667	1	1.266375
12.133333	1	1.337375
12.150000	1	1.420125
12.166667	1	1.519625
12.183333	1	1.637500
12.200000	1	1.776625
12.216667	1	1.936875
12.233333	1	2.122250
12.250000	1	2.331375
12.266667	1	2.567875
12.283333	1	2.831375
12.300000	1	3.126125
12.316667	1	3.452625
12.333333	1	3.812375
12.350000	1	4.208250
12.366667	1	4.644500
12.383333	1	5.122625
12.400000	1	5.645000
12.416667	1	6.210250
12.433333	1	6.814625
12.450000	1	7.450875
12.466667	1	8.108750
12.483333	1	8.771625
12.500000	1	9.419750
12.516667	1	10.028375
12.533333	1	10.574500
12.550000	1	11.035875
12.566667	1	11.396875
12.583333	1	11.650750
12.600000	1	11.800125
12.616667	1	11.852250
12.633333	1	11.820375
12.650000	1	11.718375
12.666667	1	11.560500
12.683333	1	11.358875
12.700000	1	11.126375
12.716667	1	10.872250
12.733333	1	10.604750
12.750000	1	10.329500
12.766667	1	10.051750
12.783333	1	9.775750
12.800000	1	9.504250
12.816667	1	9.237875
12.833333	1	8.979250
12.850000	1	8.729500
12.866667	1	8.487000
12.883333	1	8.252125
12.900000	1	8.022750
12.916667	1	7.797250
12.933333	1	7.575250
12.950000	1	7.355750
12.966667	1	7.137625
12.983333	1	6.917750
13.000000	1	6.696250
13.016667	1	6.469375
13.033333	1	6.237750
13.050000	1	5.997750
13.066667	1	5.746125
13.083333	1	5.480875
13.100000	1	5.198375
13.116667	1	4.895875
13.133333	1	4.571375
13.150000	1	4.223250
13.166667	1	3.852750
13.183333	1	3.465125
13.200000	1	3.074875
13.216667	1	2.702875
13.233333	1	2.368125
13.250000	1	2.082500
13.266667	1	1.849125
13.283333	1	1.662625
13.300000	1	1.514625
13.316667	1	1.396500
13.333333	1	1.301000
13.350000	1	1.222000
13.366667	1	1.156125
13.383333	1	1.100500
13.400000	1	1.053125
13.416667	1	1.012000
13.433333	1	0.975125
13.450000	1	0.941625
13.466667	1	0.914000
13.483333	1	0.891750
13.500000	1	0.871625
13.516667	1	0.854250
13.533333	1	0.840000
13.550000	1	0.828625
13.566667	1	0.819500
13.583333	1	0.812875
13.600000	1	0.807875
13.616667	1	0.804375
13.633333	1	0.803250
13.650000	1	0.802875
13.666667	1	0.799000
13.683333	1	0.795625
13.700000	1	0.792875
13.716667	1	0.789625
13.733333	1	0.785250
13.750000	1	0.780625
13.766667	1	0.774250
13.783333	1	0.767125
13.800000	1	0.758250
13.816667	1	0.748125
13.833333	1	0.737500
13.850000	1	0.725875
13.866667	1	0.713875
13.883333	1	0.702000
13.900000	1	0.689375
13.916667	1	0.676375
13.933333	1	0.664000
13.950000	1	0.652375
13.966667	1	0.640875
13.983333	1	0.630000
14.000000	1	0.619750
14.016667	1	0.610375
14.033333	1	0.602750
14.050000	1	0.596000
14.066667	1	0.589250
14.083333	1	0.583625
14.100000	1	0.580125
14.116667	1	0.577375
14.133333	1	0.575875
14.150000	1	0.575750
14.166667	1	0.577500
14.183333	1	0.581125
14.200000	1	0.587500
14.216667	1	0.595625
14.233333	1	0.606375
14.250000	1	0.620875
14.266667	1	0.639375
14.283333	1	0.662250
14.300000	1	0.690750
14.316667	1	0.725500
14.333333	1	0.768250
14.350000	1	0.820500
14.366667	1	0.881375
14.383333	1	0.955000
14.400000	1	1.039750
14.416667	1	1.139750
14.433333	1	1.255375
14.450000	1	1.388750
14.466667	1	1.542125
14.483333	1	1.718750
14.500000	1	1.919375
14.516667	1	2.147875
14.533333	1	2.407125
14.550000	1	2.702750
14.566667	1	3.040000
14.583333	1	3.429500
14.600000	1	3.880375
14.616667	1	4.408250
14.633333	1	5.032000
14.650000	1	5.774750
14.666667	1	6.665750
14.683333	1	7.736500
14.700000	1	9.026000
14.716667	1	10.564000
14.733333	1	12.383500
14.750000	1	14.509625
14.766667	1	16.954125
14.783333	1	19.709125
14.800000	1	22.748250
14.816667	1	26.026375
14.833333	1	29.471875
14.850000	1	32.991875
14.866667	1	36.476250
14.883333	1	39.806000
14.900000	1	42.857500
14.916667	1	45.513625
14.933333	1	47.674750
14.950000	1	49.265625
14.966667	1	50.238375
14.983333	1	50.576125
15.000000	1	50.291875
15.016667	1	49.422875
15.033333	1	48.027750
15.050000	1	46.182375
15.066667	1	43.973750
15.083333	1	41.488750
15.100000	1	38.817750
15.116667	1	36.042000
15.133333	1	33.233500
15.150000	1	30.452750
15.166667	1	27.749500
15.183333	1	25.165625
15.200000	1	22.725750
15.216667	1	20.447875
15.233333	1	18.340875
15.250000	1	16.406750
15.266667	1	14.644000
15.283333	1	13.049500
15.300000	1	11.615125
15.316667	1	10.333500
15.333333	1	9.193750
15.350000	1	8.184625
15.366667	1	7.295875
15.383333	1	6.513375
15.400000	1	5.828125
15.416667	1	5.230125
15.433333	1	4.710000
15.450000	1	4.259125
15.466667	1	3.870125
15.483333	1	3.534875
15.500000	1	3.247875
15.516667	1	3.002750
15.533333	1	2.794875
15.550000	1	2.619500
15.566667	1	2.472125
15.583333	1	2.347625
15.600000	1	2.242375
15.616667	1	2.152750
15.633333	1	2.074750
15.650000	1	2.005625
15.666667	1	1.942750
15.683333	1	1.884125
15.700000	1	1.827875
15.716667	1	1.773875
15.733333	1	1.719625
15.750000	1	1.665750
15.766667	1	1.612500
15.783333	1	1.561000
15.800000	1	1.509625
15.816667	1	1.459875
15.833333	1	1.411500
15.850000	1	1.364500
15.866667	1	1.319125
15.883333	1	1.276625
15.900000	1	1.236000
15.916667	1	1.198125
15.933333	1	1.163250
15.950000	1	1.131750
15.966667	1	1.102375
15.983333	1	1.076500
16.000000	1	1.054125
16.016667	1	1.033500
16.033333	1	1.017000
16.050000	1	1.004375
16.066667	1	0.994000
16.083333	1	0.986625
16.100000	1	0.981375
16.116667	1	0.979500
16.133333	1	0.980000
16.150000	1	0.981250
16.166667	1	0.984250
16.183333	1	0.988125
16.200000	1	0.991750
16.216667	1	0.995500
16.233333	1	0.998375
16.250000	1	1.000000
16.266667	1	0.999750
16.283333	1	0.997500
16.300000	1	0.993875
16.316667	1	0.988375
16.333333	1	0.981375
16.350000	1	0.972625
16.366667	1	0.963000
16.383333	1	0.953375
16.400000	1	0.943250
16.416667	1	0.933500
16.433333	1	0.923250
16.450000	1	0.913250
16.466667	1	0.904375
16.483333	1	0.896000
16.500000	1	0.889500
16.516667	1	0.883000
16.533333	1	0.878000
16.550000	1	0.874250
16.566667	1	0.871625
16.583333	1	0.870000
16.600000	1	0.869375
16.616667	1	0.869750
16.633333	1	0.870375
16.650000	1	0.872375
16.666667	1	0.874625
16.683333	1	0.876875
16.700000	1	0.879500
16.716667	1	0.883375
16.733333	1	0.887375
16.750000	1	0.890750
16.766667	1	0.894250
16.783333	1	0.897500
16.800000	1	0.899625
16.816667	1	0.901375
16.833333	1	0.902375
16.850000	1	0.902250
16.866667	1	0.901000
16.883333	1	0.899500
16.900000	1	0.898000
16.916667	1	0.895125
16.933333	1	0.893375
16.950000	1	0.891125
16.966667	1	0.889125
16.983333	1	0.888250
17.000000	1	0.887875
17.016667	1	0.887500
17.033333	1	0.888375
17.050000	1	0.890500
17.066667	1	0.892250
17.083333	1	0.893875
17.100000	1	0.895250
17.116667	1	0.896375
17.133333	1	0.896375
17.150000	1	0.895500
17.166667	1	0.894125
17.183333	1	0.891125
17.200000	1	0.886875
17.216667	1	0.881750
17.233333	1	0.875250
17.250000	1	0.867750
17.266667	1	0.859500
17.283333	1	0.851000
17.300000	1	0.842250
17.316667	1	0.832750
17.333333	1	0.823125
17.350000	1	0.813375
17.366667	1	0.804000
17.383333	1	0.795125
17.400000	1	0.786625
17.416667	1	0.779375
17.433333	1	0.772625
17.450000	1	0.766750
17.466667	1	0.762500
17.483333	1	0.758750
17.500000	1	0.756750
17.516667	1	0.756250
17.533333	1	0.757000
17.550000	1	0.759500
17.566667	1	0.763875
17.583333	1	0.769125
17.600000	1	0.776500
17.616667	1	0.786125
17.633333	1	0.797125
17.650000	1	0.809125
17.666667	1	0.821250
17.683333	1	0.835000
17.700000	1	0.849875
17.716667	1	0.865250
17.733333	1	0.880875
17.750000	1	0.897500
17.766667	1	0.914250
17.783333	1	0.931125
17.800000	1	0.947250
17.816667	1	0.963125
17.833333	1	0.977250
17.850000	1	0.990500
17.866667	1	1.001875
17.883333	1	1.011375
17.900000	1	1.019500
17.916667	1	1.026125
17.933333	1	1.029000
17.950000	1	1.030250
17.966667	1	1.029625
17.983333	1	1.026500
18.000000	1	1.021125
18.016667	1	1.013375
18.033333	1	1.003750
18.050000	1	0.991750
18.066667	1	0.978625
18.083333	1	0.963750
18.100000	1	0.948125
18.116667	1	0.931875
18.133333	1	0.914500
18.150000	1	0.897500
18.166667	1	0.881500
18.183333	1	0.864000
18.200000	1	0.846875
18.216667	1	0.830000
18.233333	1	0.813750
18.250000	1	0.798125
18.266667	1	0.783750
18.283333	1	0.770250
18.300000	1	0.757875
18.316667	1	0.746750
18.333333	1	0.737250
18.350000	1	0.728625
18.366667	1	0.721375
18.383333	1	0.715750
18.400000	1	0.711000
18.416667	1	0.706875
18.433333	1	0.703750
18.450000	1	0.701625
18.466667	1	0.700125
18.483333	1	0.699375
18.500000	1	0.698625
18.516667	1	0.698875
18.533333	1	0.699500
18.550000	1	0.700375
18.566667	1	0.702000
18.583333	1	0.704125
18.600000	1	0.707500
18.616667	1	0.711500
18.633333	1	0.715000
18.650000	1	0.718750
18.666667	1	0.723375
18.683333	1	0.729000
18.700000	1	0.735000
18.716667	1	0.740750
18.733333	1	0.747500
18.750000	1	0.754625
18.766667	1	0.762375
18.783333	1	0.770875
18.800000	1	0.779375
18.816667	1	0.789250
18.833333	1	0.798875
18.850000	1	0.809750
18.866667	1	0.821000
18.883333	1	0.832000
18.900000	1	0.845250
18.916667	1	0.859625
18.933333	1	0.875875
18.950000	1	0.893750
18.966667	1	0.914250
18.983333	1	0.936750
19.000000	1	0.962250
19.016667	1	0.990000
19.033333	1	1.020750
19.050000	1	1.053875
19.066667	1	1.088875
19.083333	1	1.126875
19.100000	1	1.166625
19.116667	1	1.207125
19.133333	1	1.248000
19.150000	1	1.288625
19.166667	1	1.328625
19.183333	1	1.365875
19.200000	1	1.400125
19.216667	1	1.430125
19.233333	1	1.455625
19.250000	1	1.476125
19.266667	1	1.490625
19.283333	1	1.499125
19.300000	1	1.501875
19.316667	1	1.498125
19.333333	1	1.486875
19.350000	1	1.470000
19.366667	1	1.447000
19.383333	1	1.419625
19.400000	1	1.387625
19.416667	1	1.351625
19.433333	1	1.311500
19.450000	1	1.269875
19.466667	1	1.226875
19.483333	1	1.182750
19.500000	1	1.139000
19.516667	1	1.095875
19.533333	1	1.052625
19.550000	1	1.011250
19.566667	1	0.971625
19.583333	1	0.934500
19.600000	1	0.900000
19.616667	1	0.868000
19.633333	1	0.839000
19.650000	1	0.813250
19.666667	1	0.791875
19.683333	1	0.773875
19.700000	1	0.759125
19.716667	1	0.749000
19.733333	1	0.742750
19.750000	1	0.741375
19.766667	1	0.744375
19.783333	1	0.750875
19.800000	1	0.761625
19.816667	1	0.775875
19.833333	1	0.793625
19.850000	1	0.815125
19.866667	1	0.839125
19.883333	1	0.866125
19.900000	1	0.895250
19.916667	1	0.924875
19.933333	1	0.956375
19.950000	1	0.988625
19.966667	1	1.020250
19.983333	1	1.051875
20.000000	1	1.083500
20.016667	1	1.114750
20.033333	1	1.145375
20.050000	1	1.175875
20.066667	1	1.206500
20.083333	1	1.237875
20.100000	1	1.269875
20.116667	1	1.304750
20.133333	1	1.342500
20.150000	1	1.385125
20.166667	1	1.433125
20.183333	1	1.487750
20.200000	1	1.551250
20.216667	1	1.624375
20.233333	1	1.708250
20.250000	1	1.804875
20.266667	1	1.916625
20.283333	1	2.042625
20.300000	1	2.182875
20.316667	1	2.337125
20.333333	1	2.504750
20.350000	1	2.683250
20.366667	1	2.870125
20.383333	1	3.063500
20.400000	1	3.257875
20.416667	1	3.449875
20.433333	1	3.633875
20.450000	1	3.805375
20.466667	1	3.960375
20.483333	1	4.092750
20.500000	1	4.200250
20.516667	1	4.280500
20.533333	1	4.330500
20.550000	1	4.350750
20.566667	1	4.341250
20.583333	1	4.300875
20.600000	1	4.234500
20.616667	1	4.143375
20.633333	1	4.030875
20.650000	1	3.901875
20.666667	1	3.760000
20.683333	1	3.609750
20.700000	1	3.455250
20.716667	1	3.300375
20.733333	1	3.149000
20.750000	1	3.004250
20.766667	1	2.868250
20.783333	1	2.743250
20.800000	1	2.629500
20.816667	1	2.528750
20.833333	1	2.440625
20.850000	1	2.364375
20.866667	1	2.298500
20.883333	1	2.241625
20.900000	1	2.191500
20.916667	1	2.147250
20.933333	1	2.106250
20.950000	1	2.066875
20.966667	1	2.027250
20.983333	1	1.984875
21.000000	1	1.940625
21.016667	1	1.891625
21.033333	1	1.838625
21.050000	1	1.781000
21.066667	1	1.719875
21.083333	1	1.654750
21.100000	1	1.586125
21.116667	1	1.515875
21.133333	1	1.444500
21.150000	1	1.372000
21.166667	1	1.299750
21.183333	1	1.228125
21.200000	1	1.158750
21.216667	1	1.092250
21.233333	1	1.028250
21.250000	1	0.968625
21.266667	1	0.911750
21.283333	1	0.858875
21.300000	1	0.810375
21.316667	1	0.765500
21.333333	1	0.724500
21.350000	1	0.687750
21.366667	1	0.653750
21.383333	1	0.623500
21.400000	1	0.596125
21.416667	1	0.571875
21.433333	1	0.550500
21.450000	1	0.531375
21.466667	1	0.514375
21.483333	1	0.499250
21.500000	1	0.485875
21.516667	1	0.474625
21.533333	1	0.465375
21.550000	1	0.457125
21.566667	1	0.450000
21.583333	1	0.444375
21.600000	1	0.439375
21.616667	1	0.435375
21.633333	1	0.431875
21.650000	1	0.429375
21.666667	1	0.426875
21.683333	1	0.425000
21.700000	1	0.425250
21.716667	1	0.426000
21.733333	1	0.427000
21.750000	1	0.428875
21.766667	1	0.431875
21.783333	1	0.435125
21.800000	1	0.439750
21.816667	1	0.445250
21.833333	1	0.451125
21.850000	1	0.458500
21.866667	1	0.466500
21.883333	1	0.475375
21.900000	1	0.484875
21.916667	1	0.494875
21.933333	1	0.504750
21.950000	1	0.514625
21.966667	1	0.524000
21.983333	1	0.532250
22.000000	1	0.539625
22.016667	1	0.546125
22.033333	1	0.551750
22.050000	1	0.556625
22.066667	1	0.559750
22.083333	1	0.561500
22.100000	1	0.561750
22.116667	1	0.560000
22.133333	1	0.557625
22.150000	1	0.554500
22.166667	1	0.549750
22.183333	1	0.544375
22.200000	1	0.538125
22.216667	1	0.532250
22.233333	1	0.525625
22.250000	1	0.519125
22.266667	1	0.512750
22.283333	1	0.506250
22.300000	1	0.500875
22.316667	1	0.495750
22.333333	1	0.491750
22.350000	1	0.489000
22.366667	1	0.486125
22.383333	1	0.484125
22.400000	1	0.482875
22.416667	1	0.482000
22.433333	1	0.482125
22.450000	1	0.482750
22.466667	1	0.484250
22.483333	1	0.485875
22.500000	1	0.488125
22.516667	1	0.491250
22.533333	1	0.493625
22.550000	1	0.496750
22.566667	1	0.500250
22.583333	1	0.503000
22.600000	1	0.506625
22.616667	1	0.509625
22.633333	1	0.512875
22.650000	1	0.515500
22.666667	1	0.517625
22.683333	1	0.519125
22.700000	1	0.520250
22.716667	1	0.521000
22.733333	1	0.521750
22.750000	1	0.521375
22.766667	1	0.520125
22.783333	1	0.517875
22.800000	1	0.515125
22.816667	1	0.511750
22.833333	1	0.508250
22.850000	1	0.504000
22.866667	1	0.498625
22.883333	1	0.493000
22.900000	1	0.487125
22.916667	1	0.481375
22.933333	1	0.475375
22.950000	1	0.469375
22.966667	1	0.463875
22.983333	1	0.457875
23.000000	1	0.452000
23.016667	1	0.447250
23.033333	1	0.443250
23.050000	1	0.440500
23.066667	1	0.438125
23.083333	1	0.437125
23.100000	1	0.436750
23.116667	1	0.437875
23.133333	1	0.440625
23.150000	1	0.445125
23.166667	1	0.450750
23.183333	1	0.458625
23.200000	1	0.467250
23.216667	1	0.478875
23.233333	1	0.492875
23.250000	1	0.508375
23.266667	1	0.526500
23.283333	1	0.547000
23.300000	1	0.570250
23.316667	1	0.597500
23.333333	1	0.627375
23.350000	1	0.660375
23.366667	1	0.696375
23.383333	1	0.736625
23.400000	1	0.780875
23.416667	1	0.830875
23.433333	1	0.885375
23.450000	1	0.946500
23.466667	1	1.014625
23.483333	1	1.089625
23.500000	1	1.173250
23.516667	1	1.267750
23.533333	1	1.374000
23.550000	1	1.492375
23.566667	1	1.624750
23.583333	1	1.773625
23.600000	1	1.938250
23.616667	1	2.123000
23.633333	1	2.327375
23.650000	1	2.551625
23.666667	1	2.797250
23.683333	1	3.063250
23.700000	1	3.348875
23.716667	1	3.652750
23.733333	1	3.972125
23.750000	1	4.304375
23.766667	1	4.644250
23.783333	1	4.988000
23.800000	1	5.329250
23.816667	1	5.662750
23.833333	1	5.981625
23.850000	1	6.280625
23.866667	1	6.552750
23.883333	1	6.793500
23.900000	1	6.997875
23.916667	1	7.161125
23.933333	1	7.279625
23.950000	1	7.352875
23.966667	1	7.378000
23.983333	1	7.356625
24.000000	1	7.289000
24.016667	1	7.178000
24.033333	1	7.026375
24.050000	1	6.839375
24.066667	1	6.620250
24.083333	1	6.374375
24.100000	1	6.106625
24.116667	1	5.822375
24.133333	1	5.525875
24.150000	1	5.221500
24.166667	1	4.915875
24.183333	1	4.611500
24.200000	1	4.312375
24.216667	1	4.021625
24.233333	1	3.741750
24.250000	1	3.474500
24.266667	1	3.221625
24.283333	1	2.983500
24.300000	1	2.761875
24.316667	1	2.555250
24.333333	1	2.365125
24.350000	1	2.190750
24.366667	1	2.031125
24.383333	1	1.886125
24.400000	1	1.755125
24.416667	1	1.636625
24.433333	1	1.529625
24.450000	1	1.433375
24.466667	1	1.346625
24.483333	1	1.268375
24.500000	1	1.197500
24.516667	1	1.134250
24.533333	1	1.075625
24.550000	1	1.021750
24.566667	1	0.973375
24.583333	1	0.928625
24.600000	1	0.886625
24.616667	1	0.847750
24.633333	1	0.811000
24.650000	1	0.777250
24.666667	1	0.744875
24.683333	1	0.713625
24.700000	1	0.683750
24.716667	1	0.654500
24.733333	1	0.627125
24.750000	1	0.601000
24.766667	1	0.575875
24.783333	1	0.551625
24.800000	1	0.527875
24.816667	1	0.505250
24.833333	1	0.484125
24.850000	1	0.463750
24.866667	1	0.444750
24.883333	1	0.426375
24.900000	1	0.408750
24.916667	1	0.392125
24.933333	1	0.377250
24.950000	1	0.363125
24.966667	1	0.349875
24.983333	1	0.337750
25.000000	1	0.327000
25.016667	1	0.317000
25.033333	1	0.307625
25.050000	1	0.299375
25.066667	1	0.292750
25.083333	1	0.286750
25.100000	1	0.281125
25.116667	1	0.275500
25.133333	1	0.271250
25.150000	1	0.267250
25.166667	1	0.264375
25.183333	1	0.262750
25.200000	1	0.260750
25.216667	1	0.259750
25.233333	1	0.259250
25.250000	1	0.259625
25.266667	1	0.259750
25.283333	1	0.260250
25.300000	1	0.261125
25.316667	1	0.262500
25.333333	1	0.263125
25.350000	1	0.265125
25.366667	1	0.266875
25.383333	1	0.268625
25.400000	1	0.270625
25.416667	1	0.272750
25.433333	1	0.274625
25.450000	1	0.276500
25.466667	1	0.278250
25.483333	1	0.280250
25.500000	1	0.282625
25.516667	1	0.283500
25.533333	1	0.284500
25.550000	1	0.284625
25.566667	1	0.284875
25.583333	1	0.285750
25.600000	1	0.286500
25.616667	1	0.287000
25.633333	1	0.285750
25.650000	1	0.284750
25.666667	1	0.284125
25.683333	1	0.283250
25.700000	1	0.282125
25.716667	1	0.280625
25.733333	1	0.278750
25.750000	1	0.277000
25.766667	1	0.275250
25.783333	1	0.273000
25.800000	1	0.271000
25.816667	1	0.268750
25.833333	1	0.266500
25.850000	1	0.263375
25.866667	1	0.260500
25.883333	1	0.257250
25.900000	1	0.253750
25.916667	1	0.249875
25.933333	1	0.245250
25.950000	1	0.244125
25.966667	1	0.244000
25.983333	1	0.242500
26.000000	1	0.239250
26.016667	1	0.235375
26.033333	1	0.231125
26.050000	1	0.226375
26.066667	1	0.220750
26.083333	1	0.216375
26.100000	1	0.210750
26.116667	1	0.205875
26.133333	1	0.200375
26.150000	1	0.195000
26.166667	1	0.190750
26.183333	1	0.185875
26.200000	1	0.181500
26.216667	1	0.178375
26.233333	1	0.176125
26.250000	1	0.173375
26.266667	1	0.171625
26.283333	1	0.170750
26.300000	1	0.170625
26.316667	1	0.170625
26.333333	1	0.171500
26.350000	1	0.172500
26.366667	1	0.174250
26.383333	1	0.176125
26.400000	1	0.178750
26.416667	1	0.180500
26.433333	1	0.183750
26.450000	1	0.186250
26.466667	1	0.189000
26.483333	1	0.191500
26.500000	1	0.193625
26.516667	1	0.196000
26.533333	1	0.197625
26.550000	1	0.199750
26.566667	1	0.201000
26.583333	1	0.202500
26.600000	1	0.204000
26.616667	1	0.205000
26.633333	1	0.205625
26.650000	1	0.205750
26.666667	1	0.206000
26.683333	1	0.205875
26.700000	1	0.205500
26.716667	1	0.205000
26.733333	1	0.204250
26.750000	1	0.203500
26.766667	1	0.203250
26.783333	1	0.202125
26.800000	1	0.201625
26.816667	1	0.202000
26.833333	1	0.201875
26.850000	1	0.201875
26.866667	1	0.202375
26.883333	1	0.203375
26.900000	1	0.205000
26.916667	1	0.206375
26.933333	1	0.207125
26.950000	1	0.209375
26.966667	1	0.212250
26.983333	1	0.215125
27.000000	1	0.218500
27.016667	1	0.222250
27.033333	1	0.226625
27.050000	1	0.231500
27.066667	1	0.236875
27.083333	1	0.243125
27.100000	1	0.249750
27.116667	1	0.257000
27.133333	1	0.265375
27.150000	1	0.273000
27.166667	1	0.282375
27.183333	1	0.292125
27.200000	1	0.303125
27.216667	1	0.314500
27.233333	1	0.326625
27.250000	1	0.339625
27.266667	1	0.353750
27.283333	1	0.368125
27.300000	1	0.383875
27.316667	1	0.400125
27.333333	1	0.417500
27.350000	1	0.435500
27.366667	1	0.455500
27.383333	1	0.476500
27.400000	1	0.499000
27.416667	1	0.522875
27.433333	1	0.548125
27.450000	1	0.576000
27.466667	1	0.606000
27.483333	1	0.638250
27.500000	1	0.673500
27.516667	1	0.711375
27.533333	1	0.753000
27.550000	1	0.799125
27.566667	1	0.849875
27.583333	1	0.905625
27.600000	1	0.966500
27.616667	1	1.033375
27.633333	1	1.106250
27.650000	1	1.185875
27.666667	1	1.272500
27.683333	1	1.366500
27.700000	1	1.466875
27.716667	1	1.573375
27.733333	1	1.686250
27.750000	1	1.806000
27.766667	1	1.931250
27.783333	1	2.060500
27.800000	1	2.192875
27.816667	1	2.328125
27.833333	1	2.463625
27.850000	1	2.598250
27.866667	1	2.731250
27.883333	1	2.859875
27.900000	1	2.981875
27.916667	1	3.096500
27.933333	1	3.201375
27.950000	1	3.294625
27.966667	1	3.375000
27.983333	1	3.440375
28.000000	1	3.490375
28.016667	1	3.523750
28.033333	1	3.540125
28.050000	1	3.539375
28.066667	1	3.521000
28.083333	1	3.484500
28.100000	1	3.431500
28.116667	1	3.362375
28.133333	1	3.278250
28.150000	1	3.181125
28.166667	1	3.071500
28.183333	1	2.951625
28.200000	1	2.823125
28.216667	1	2.688250
28.233333	1	2.548500
28.250000	1	2.405000
28.266667	1	2.259500
28.283333	1	2.114625
28.300000	1	1.971000
28.316667	1	1.830500
28.333333	1	1.694000
28.350000	1	1.562625
28.366667	1	1.436125
28.383333	1	1.316625
28.400000	1	1.203250
28.416667	1	1.096375
28.433333	1	0.996250
28.450000	1	0.902625
28.466667	1	0.815250
28.483333	1	0.733750
28.500000	1	0.658125
28.516667	1	0.587500
28.533333	1	0.522625
28.550000	1	0.462250
28.566667	1	0.405500
28.583333	1	0.352875
28.600000	1	0.303500
28.616667	1	0.257500
28.633333	1	0.214500
28.650000	1	0.173625
28.666667	1	0.134125
28.683333	1	0.096875
28.700000	1	0.062000
28.716667	1	0.028000
28.733333	1	-0.003625
28.750000	1	-0.033750
28.766667	1	-0.062125
28.783333	1	-0.088125
28.800000	1	-0.113375
28.816667	1	-0.136000
28.833333	1	-0.157625
28.850000	1	-0.176000
28.866667	1	-0.193875
28.883333	1	-0.208750
28.900000	1	-0.222125
28.916667	1	-0.233375
28.933333	1	-0.242500
28.950000	1	-0.248625
28.966667	1	-0.252875
28.983333	1	-0.254250
29.000000	1	-0.253500
29.016667	1	-0.250625
29.033333	1	-0.245500
29.050000	1	-0.237375
29.066667	1	-0.227375
29.083333	1	-0.215500
29.100000	1	-0.201500
29.116667	1	-0.186500
29.133333	1	-0.168750
29.150000	1	-0.149625
29.166667	1	-0.128750
29.183333	1	-0.107375
29.200000	1	-0.084125
29.216667	1	-0.060000
29.233333	1	-0.035375
29.250000	1	-0.011375
29.266667	1	0.014125
29.283333	1	0.040250
29.300000	1	0.066500
29.316667	1	0.092875
29.333333	1	0.119000
29.350000	1	0.144750
29.366667	1	0.169750
29.383333	1	0.194875
29.400000	1	0.219750
29.416667	1	0.243750
29.433333	1	0.266875
29.450000	1	0.288875
29.466667	1	0.310375
29.483333	1	0.330625
29.500000	1	0.349125
29.516667	1	0.367750
29.533333	1	0.384250
29.550000	1	0.399625
29.566667	1	0.414625
29.583333	1	0.427500
29.600000	1	0.439000
29.616667	1	0.449500
29.633333	1	0.459500
29.650000	1	0.467625
29.666667	1	0.474125
29.683333	1	0.479750
29.700000	1	0.483625
29.716667	1	0.486875
29.733333	1	0.489125
29.750000	1	0.490250
29.766667	1	0.490875
29.783333	1	0.490375
29.800000	1	0.488875
29.816667	1	0.486250
29.833333	1	0.483625
29.850000	1	0.479875
29.866667	1	0.475875
29.883333	1	0.471750
29.900000	1	0.467125
29.916667	1	0.461750
29.933333	1	0.456750
29.950000	1	0.451750
29.966667	1	0.446375
29.983333	1	0.440875
30.000000	1	0.435000
30.016667	1	0.429750
30.033333	1	0.424500
30.050000	1	0.419500
30.066667	1	0.414250
30.083333	1	0.409625
30.100000	1	0.405750
30.116667	1	0.401375
30.133333	1	0.398000
30.150000	1	0.395000
30.166667	1	0.391125
30.183333	1	0.387875
30.200000	1	0.385375
30.216667	1	0.382625
30.233333	1	0.380000
30.250000	1	0.378000
30.266667	1	0.376125
30.283333	1	0.374750
30.300000	1	0.373375
30.316667	1	0.372250
30.333333	1	0.370500
30.350000	1	0.370000
30.366667	1	0.369500
30.383333	1	0.370000
30.400000	1	0.369750
30.416667	1	0.371125
30.433333	1	0.372125
30.450000	1	0.373000
30.466667	1	0.375375
30.483333	1	0.378500
30.500000	1	0.381750
30.516667	1	0.385375
30.533333	1	0.389750
30.550000	1	0.395000
30.566667	1	0.401500
30.583333	1	0.407625
30.600000	1	0.413500
30.616667	1	0.420125
30.633333	1	0.427375
30.650000	1	0.434250
30.666667	1	0.441875
30.683333	1	0.449000
30.700000	1	0.456125
30.716667	1	0.463375
30.733333	1	0.469750
30.750000	1	0.476000
30.766667	1	0.481750
30.783333	1	0.486500
30.800000	1	0.490250
30.816667	1	0.493875
30.833333	1	0.496625
30.850000	1	0.498375
30.866667	1	0.499375
30.883333	1	0.497625
30.900000	1	0.495875
30.916667	1	0.492375
30.933333	1	0.488250
30.950000	1	0.483125
30.966667	1	0.477000
30.983333	1	0.470000
31.000000	1	0.461500
31.016667	1	0.452000
31.033333	1	0.441750
31.050000	1	0.431750
31.066667	1	0.420875
31.083333	1	0.409375
31.100000	1	0.397500
31.116667	1	0.385500
31.133333	1	0.374000
31.150000	1	0.362250
31.166667	1	0.350750
31.183333	1	0.340250
31.200000	1	0.329625
31.216667	1	0.319250
31.233333	1	0.309500
31.250000	1	0.300375
31.266667	1	0.291500
31.283333	1	0.283250
31.300000	1	0.276750
31.316667	1	0.269500
31.333333	1	0.263375
31.350000	1	0.257000
31.366667	1	0.252000
31.383333	1	0.247500
31.400000	1	0.243125
31.416667	1	0.240625
31.433333	1	0.240500
31.450000	1	0.239750
31.466667	1	0.238375
31.483333	1	0.237000
31.500000	1	0.233375
31.516667	1	0.230000
31.533333	1	0.227000
31.550000	1	0.225750
31.566667	1	0.224875
31.583333	1	0.224625
31.600000	1	0.224250
31.616667	1	0.225375
31.633333	1	0.226250
31.650000	1	0.227500
31.666667	1	0.229625
31.683333	1	0.231750
31.700000	1	0.233625
31.716667	1	0.236250
31.733333	1	0.239000
31.750000	1	0.242250
31.766667	1	0.246125
31.783333	1	0.250000
31.800000	1	0.253500
31.816667	1	0.257500
31.833333	1	0.261750
31.850000	1	0.266000
31.866667	1	0.270750
31.883333	1	0.275250
31.900000	1	0.279250
31.916667	1	0.283500
31.933333	1	0.287625
31.950000	1	0.292125
31.966667	1	0.295875
31.983333	1	0.299000
32.000000	1	0.301625
32.016667	1	0.304250
32.033333	1	0.306125
32.050000	1	0.308000
32.066667	1	0.309375
32.083333	1	0.310250
32.100000	1	0.310500
32.116667	1	0.309375
32.133333	1	0.308250
32.150000	1	0.306250
32.166667	1	0.303875
32.183333	1	0.299875
32.200000	1	0.295375
32.216667	1	0.290500
32.233333	1	0.285000
32.250000	1	0.280250
32.266667	1	0.274750
32.283333	1	0.267625
32.300000	1	0.260500
32.316667	1	0.253500
32.333333	1	0.245750
32.350000	1	0.238125
32.366667	1	0.230375
32.383333	1	0.222625
32.400000	1	0.214000
32.416667	1	0.205375
32.433333	1	0.196875
32.450000	1	0.188750
32.466667	1	0.181500
32.483333	1	0.174250
32.500000	1	0.167000
32.516667	1	0.160125
32.533333	1	0.153500
32.550000	1	0.147125
32.566667	1	0.140875
32.583333	1	0.134500
32.600000	1	0.129125
32.616667	1	0.123625
32.633333	1	0.118750
32.650000	1	0.113250
32.666667	1	0.108375
32.683333	1	0.104750
32.700000	1	0.101125
32.716667	1	0.097375
32.733333	1	0.094375
32.750000	1	0.091500
32.766667	1	0.088750
32.783333	1	0.085875
32.800000	1	0.083375
32.816667	1	0.081375
32.833333	1	0.079375
32.850000	1	0.077375
32.866667	1	0.075875
32.883333	1	0.074875
32.900000	1	0.074000
32.916667	1	0.072750
32.933333	1	0.071500
32.950000	1	0.069500
32.966667	1	0.069250
32.983333	1	0.068125
33.000000	1	0.067625
33.016667	1	0.066750
33.033333	1	0.066625
33.050000	1	0.066125
33.066667	1	0.065500
33.083333	1	0.065125
33.100000	1	0.064750
33.116667	1	0.064875
33.133333	1	0.064500
33.150000	1	0.064125
33.166667	1	0.064125
33.183333	1	0.064500
33.200000	1	0.065125
33.216667	1	0.064750
33.233333	1	0.064750
33.250000	1	0.064375
33.266667	1	0.064125
33.283333	1	0.063875
33.300000	1	0.063125
33.316667	1	0.063125
33.333333	1	0.063250
33.350000	1	0.063125
33.366667	1	0.063125
33.383333	1	0.062750
33.400000	1	0.062625
33.416667	1	0.061875
33.433333	1	0.061000
33.450000	1	0.059625
33.466667	1	0.059750
33.483333	1	0.058625
33.500000	1	0.057250
33.516667	1	0.056125
33.533333	1	0.055250
33.550000	1	0.055125
33.566667	1	0.054500
33.583333	1	0.053750
33.600000	1	0.053375
33.616667	1	0.052250
33.633333	1	0.051375
33.650000	1	0.050375
33.666667	1	0.050125
33.683333	1	0.049750
33.700000	1	0.049000
33.716667	1	0.048875
33.733333	1	0.048875
33.750000	1	0.049000
33.766667	1	0.049750
33.783333	1	0.050375
33.800000	1	0.050500
33.816667	1	0.050375
33.833333	1	0.050625
33.850000	1	0.051000
33.866667	1	0.051250
33.883333	1	0.051625
33.900000	1	0.051875
33.916667	1	0.052000
33.933333	1	0.053500
33.950000	1	0.054625
33.966667	1	0.055000
33.983333	1	0.055875
34.000000	1	0.056875
34.016667	1	0.058000
34.033333	1	0.059250
34.050000	1	0.060750
34.066667	1	0.061875
34.083333	1	0.063375
34.100000	1	0.064875
34.116667	1	0.066250
34.133333	1	0.068250
34.150000	1	0.070000
34.166667	1	0.072875
34.183333	1	0.075000
34.200000	1	0.077125
34.216667	1	0.079500
34.233333	1	0.081500
34.250000	1	0.083375
34.266667	1	0.085250
34.283333	1	0.086500
34.300000	1	0.088750
34.316667	1	0.091000
34.333333	1	0.093375
34.350000	1	0.095500
34.366667	1	0.097625
34.383333	1	0.099000
34.400000	1	0.100625
34.416667	1	0.101750
34.433333	1	0.101875
34.450000	1	0.103000
34.466667	1	0.105000
34.483333	1	0.106625
34.500000	1	0.106750
34.516667	1	0.107750
34.533333	1	0.108000
34.550000	1	0.108625
34.566667	1	0.108000
34.583333	1	0.107625
34.600000	1	0.106625
34.616667	1	0.105625
34.633333	1	0.104500
34.650000	1	0.103875
34.666667	1	0.103875
34.683333	1	0.103125
34.700000	1	0.102125
34.716667	1	0.101625
34.733333	1	0.100750
34.750000	1	0.099875
34.766667	1	0.099500
34.783333	1	0.099750
34.800000	1	0.098875
34.816667	1	0.098125
34.833333	1	0.097875
34.850000	1	0.098125
34.866667	1	0.097500
34.883333	1	0.096250
34.900000	1	0.096875
34.916667	1	0.096750
34.933333	1	0.097625
34.950000	1	0.098375
34.966667	1	0.100000
34.983333	1	0.101000
35.000000	1	0.102125
35.016667	1	0.103250
35.033333	1	0.105125
35.050000	1	0.106250
35.066667	1	0.111250
35.083333	1	0.116375
35.100000	1	0.120375
35.116667	1	0.124625
35.133333	1	0.128000
35.150000	1	0.130875
35.166667	1	0.132375
35.183333	1	0.132375
35.200000	1	0.133500
35.216667	1	0.135500
35.233333	1	0.137625
35.250000	1	0.141000
35.266667	1	0.144250
35.283333	1	0.147625
35.300000	1	0.151000
35.316667	1	0.154750
35.333333	1	0.158250
35.350000	1	0.161000
35.366667	1	0.164375
35.383333	1	0.167500
35.400000	1	0.170000
35.416667	1	0.172125
35.433333	1	0.175125
35.450000	1	0.178250
35.466667	1	0.181375
35.483333	1	0.183750
35.500000	1	0.186500
35.516667	1	0.188375
35.533333	1	0.190375
35.550000	1	0.192000
35.566667	1	0.193500
35.583333	1	0.193750
35.600000	1	0.193750
35.616667	1	0.193750
35.633333	1	0.194500
35.650000	1	0.195750
35.666667	1	0.196125
35.683333	1	0.197000
35.700000	1	0.197000
35.716667	1	0.197000
35.733333	1	0.196000
35.750000	1	0.196375
35.766667	1	0.196125
35.783333	1	0.195625
35.800000	1	0.195125
35.816667	1	0.194125
35.833333	1	0.194625
35.850000	1	0.194750
35.866667	1	0.194750
35.883333	1	0.194750
35.900000	1	0.194625
35.916667	1	0.194375
35.933333	1	0.193625
35.950000	1	0.192875
35.966667	1	0.192125
35.983333	1	0.191750
36.000000	1	0.191375
36.016667	1	0.191000
36.033333	1	0.190000
36.050000	1	0.190125
36.066667	1	0.188875
36.083333	1	0.188250
36.100000	1	0.187125
36.116667	1	0.187000
36.133333	1	0.186750
36.150000	1	0.185875
36.166667	1	0.183125
36.183333	1	0.180750
36.200000	1	0.179500
36.216667	1	0.177375
36.233333	1	0.175500
36.250000	1	0.174625
36.266667	1	0.173625
36.283333	1	0.174375
36.300000	1	0.172250
36.316667	1	0.169500
36.333333	1	0.166875
36.350000	1	0.163750
36.366667	1	0.161375
36.383333	1	0.159375
36.400000	1	0.157875
36.416667	1	0.156500
36.433333	1	0.154625
36.450000	1	0.153375
36.466667	1	0.151500
36.483333	1	0.150250
36.500000	1	0.148000
36.516667	1	0.146500
36.533333	1	0.144750
36.550000	1	0.143125
36.566667	1	0.141375
36.583333	1	0.139625
36.600000	1	0.137750
36.616667	1	0.135500
36.633333	1	0.133250
36.650000	1	0.131000
36.666667	1	0.128750
36.683333	1	0.126375
36.700000	1	0.124250
36.716667	1	0.122125
36.733333	1	0.119500
36.750000	1	0.117125
36.766667	1	0.115125
36.783333	1	0.112875
36.800000	1	0.109500
36.816667	1	0.105875
36.833333	1	0.102625
36.850000	1	0.099250
36.866667	1	0.096000
36.883333	1	0.092500
36.900000	1	0.089375
36.916667	1	0.086250
36.933333	1	0.083375
36.950000	1	0.080250
36.966667	1	0.076375
36.983333	1	0.072625
37.000000	1	0.069125
37.016667	1	0.066000
37.033333	1	0.062875
37.050000	1	0.059375
37.066667	1	0.056375
37.083333	1	0.053625
37.100000	1	0.051000
37.116667	1	0.048125
37.133333	1	0.045500
37.150000	1	0.042625
37.166667	1	0.040750
37.183333	1	0.039000
37.200000	1	0.037125
37.216667	1	0.034875
37.233333	1	0.033250
37.250000	1	0.031625
37.266667	1	0.030625
37.283333	1	0.029500
37.300000	1	0.028625
37.316667	1	0.027625
37.333333	1	0.026125
37.350000	1	0.025125
37.366667	1	0.023875
37.383333	1	0.023625
37.400000	1	0.022500
37.416667	1	0.022125
37.433333	1	0.021250
37.450000	1	0.021375
37.466667	1	0.021250
37.483333	1	0.021875
37.500000	1	0.022125
37.516667	1	0.022250
37.533333	1	0.022250
37.550000	1	0.021875
37.566667	1	0.022125
37.583333	1	0.022500
37.600000	1	0.022875
37.616667	1	0.022625
37.633333	1	0.023875
37.650000	1	0.024625
37.666667	1	0.025375
37.683333	1	0.025750
37.700000	1	0.026125
37.716667	1	0.026625
37.733333	1	0.027000
37.750000	1	0.027125
37.766667	1	0.027375
37.783333	1	0.027250
37.800000	1	0.027875
37.816667	1	0.028250
37.833333	1	0.027875
37.850000	1	0.028375
37.866667	1	0.027625
37.883333	1	0.028125
37.900000	1	0.028375
37.916667	1	0.028750
37.933333	1	0.029375
37.950000	1	0.029250
37.966667	1	0.028875
37.983333	1	0.029000
38.000000	1	0.028750
38.016667	1	0.029250
38.033333	1	0.029125
38.050000	1	0.029625
38.066667	1	0.029125
38.083333	1	0.029625
38.100000	1	0.029750
38.116667	1	0.029875
38.133333	1	0.030750
38.150000	1	0.031125
38.166667	1	0.031750
38.183333	1	0.031875
38.200000	1	0.032625
38.216667	1	0.032875
38.233333	1	0.033125
38.250000	1	0.033250
38.266667	1	0.033125
38.283333	1	0.033375
38.300000	1	0.033375
38.316667	1	0.033625
38.333333	1	0.033250
38.350000	1	0.032875
38.366667	1	0.033000
38.383333	1	0.033125
38.400000	1	0.032250
38.416667	1	0.031375
38.433333	1	0.030625
38.450000	1	0.030000
38.466667	1	0.029250
38.483333	1	0.028250
38.500000	1	0.027375
38.516667	1	0.027000
38.533333	1	0.025875
38.550000	1	0.024500
38.566667	1	0.022750
38.583333	1	0.021625
38.600000	1	0.020375
38.616667	1	0.019250
38.633333	1	0.018625
38.650000	1	0.016875
38.666667	1	0.015625
38.683333	1	0.014500
38.700000	1	0.014125
38.716667	1	0.012375
38.733333	1	0.011625
38.750000	1	0.010750
38.766667	1	0.009250
38.783333	1	0.008625
38.800000	1	0.007625
38.816667	1	0.006500
38.833333	1	0.006125
38.850000	1	0.005750
38.866667	1	0.005125
38.883333	1	0.005125
38.900000	1	0.004125
38.916667	1	0.004000
38.933333	1	0.003750
38.950000	1	0.003625
38.966667	1	0.003750
38.983333	1	0.004625
39.000000	1	0.004250
39.016667	1	0.003500
39.033333	1	0.003000
39.050000	1	0.002500
39.066667	1	0.002875
39.083333	1	0.003250
39.100000	1	0.004000
39.116667	1	0.003875
39.133333	1	0.004250
39.150000	1	0.003625
39.166667	1	0.004125
39.183333	1	0.004125
39.200000	1	0.004875
39.216667	1	0.005125
39.233333	1	0.005250
39.250000	1	0.005125
39.266667	1	0.006000
39.283333	1	0.006625
39.300000	1	0.007375
39.316667	1	0.007250
39.333333	1	0.007625
39.350000	1	0.008000
39.366667	1	0.008250
39.383333	1	0.009500
39.400000	1	0.009500
39.416667	1	0.010375
39.433333	1	0.010375
39.450000	1	0.011000
39.466667	1	0.011750
39.483333	1	0.012000
39.500000	1	0.012625
39.516667	1	0.013875
39.533333	1	0.014375
39.550000	1	0.016375
39.566667	1	0.017000
39.583333	1	0.018250
39.600000	1	0.018750
39.616667	1	0.019875
39.633333	1	0.020625
39.650000	1	0.021875
39.666667	1	0.022750
39.683333	1	0.024250
39.700000	1	0.026375
39.716667	1	0.027500
39.733333	1	0.029000
39.750000	1	0.030125
39.766667	1	0.031875
39.783333	1	0.033500
39.800000	1	0.035375
39.816667	1	0.036625
39.833333	1	0.038750
39.850000	1	0.041000
39.866667	1	0.042125
39.883333	1	0.043375
39.900000	1	0.044750
39.916667	1	0.045375
39.933333	1	0.046625
39.950000	1	0.047625
39.966667	1	0.048375
39.983333	1	0.048500
40.000000	1	0.049875
